0.000000000000000e+00 0.000000000000000e+00 1.000000000000000e+00
3.125000000000000e-03 3.369263549427258e-03 1.034386757416222e+00
6.250000000000000e-03 6.739349689698711e-03 1.011822125824526e+00
9.375000000000001e-03 1.011108121249049e-02 1.007286597452927e+00
1.250000000000000e-02 1.348528131119160e-02 1.005279292428620e+00
1.562500000000000e-02 1.686277378188298e-02 1.004141438337030e+00
1.875000000000000e-02 2.024438322446370e-02 1.003407592074681e+00
2.187500000000000e-02 2.363093524397333e-02 1.002894723344927e+00
2.500000000000000e-02 2.702325665215984e-02 1.002515999763181e+00
2.812500000000000e-02 3.042217566934200e-02 1.002224869113002e+00
3.125000000000000e-02 3.382852212661575e-02 1.001994118352280e+00
3.437500000000000e-02 3.724312766845378e-02 1.001806766418528e+00
3.750000000000001e-02 4.066682595574785e-02 1.001651668483053e+00
4.062500000000000e-02 4.410045286934348e-02 1.001521204953619e+00
4.375000000000000e-02 4.754484671411652e-02 1.001409992304902e+00
4.687500000000000e-02 5.100084842364160e-02 1.001314116939501e+00
5.000000000000000e-02 5.446930176550237e-02 1.001230667908747e+00
5.312500000000001e-02 5.795105354729364e-02 1.001157435473360e+00
5.625000000000000e-02 6.144695382336569e-02 1.001092711093669e+00
5.937500000000000e-02 6.495785610236132e-02 1.001035153872249e+00
6.250000000000000e-02 6.848461755559625e-02 1.000983700405106e+00
6.562500000000000e-02 7.202809922633362e-02 1.000937491683980e+00
6.875000000000001e-02 7.558916624000402e-02 1.000895831371366e+00
7.187500000000001e-02 7.916868801542200e-02 1.000858149238205e+00
7.500000000000001e-02 8.276753847705080e-02 1.000823973197673e+00
7.812500000000000e-02 8.638659626836727e-02 1.000792907722230e+00
8.125000000000000e-02 9.002674496637868e-02 1.000764624245785e+00
8.437500000000001e-02 9.368887329734420e-02 1.000738845565123e+00
8.750000000000001e-02 9.737387535375355e-02 1.000715337215293e+00
9.062500000000001e-02 1.010826508126157e-01 1.000693900931047e+00
9.375000000000000e-02 1.048161051551108e-01 1.000674368751673e+00
9.687500000000000e-02 1.085751498876601e-01 1.000656598209111e+00
1.000000000000000e-01 1.123607027644654e-01 1.000640464714592e+00
1.031250000000000e-01 1.161736880115753e-01 1.000625863597112e+00
1.062500000000000e-01 1.200150365525305e-01 1.000612712622824e+00
1.093750000000000e-01 1.238856862356450e-01 1.000600940099746e+00
1.125000000000000e-01 1.277865820629775e-01 1.000590485156345e+00
1.156250000000000e-01 1.317186764210495e-01 1.000581296618927e+00
1.187500000000000e-01 1.356829293133661e-01 1.000573338335884e+00
1.218750000000000e-01 1.396803085947971e-01 1.000566582810120e+00
1.250000000000000e-01 1.437117902078738e-01 1.000561010197365e+00
1.281250000000000e-01 1.477783584210617e-01 1.000556608105484e+00
1.312500000000000e-01 1.518810060690650e-01 1.000553372474995e+00
1.343750000000000e-01 1.560207347952229e-01 1.000551308900158e+00
1.375000000000000e-01 1.601985552960564e-01 1.000550426262557e+00
1.406250000000000e-01 1.644154875680252e-01 1.000550742897295e+00
1.437500000000000e-01 1.686725611565558e-01 1.000552285231826e+00
1.468750000000000e-01 1.729708154074000e-01 1.000555084462960e+00
1.500000000000000e-01 1.773112997203869e-01 1.000559183724482e+00
1.531250000000000e-01 1.816950738056289e-01 1.000564629278987e+00
1.562500000000000e-01 1.861232079422458e-01 1.000571477045183e+00
1.593750000000000e-01 1.905967832396682e-01 1.000579790436711e+00
1.625000000000000e-01 1.951168919015860e-01 1.000589641844843e+00
1.656250000000000e-01 1.996846374926046e-01 1.000601112920235e+00
1.687500000000000e-01 2.043011352076760e-01 1.000614294334424e+00
1.718750000000000e-01 2.089675121443681e-01 1.000629288704988e+00
1.750000000000000e-01 2.136849075780412e-01 1.000646206233390e+00
1.781250000000000e-01 2.184544732399964e-01 1.000665171194799e+00
1.812500000000000e-01 2.232773735986666e-01 1.000686322222065e+00
1.843750000000000e-01 2.281547861439151e-01 1.000709807824846e+00
1.875000000000000e-01 2.330879016745160e-01 1.000735793722655e+00
1.906250000000000e-01 2.380779245888810e-01 1.000764459446775e+00
1.937500000000000e-01 2.431260731791094e-01 1.000796001070081e+00
1.968750000000000e-01 2.482335799284277e-01 1.000830632095983e+00
2.000000000000000e-01 2.534016918120952e-01 1.000868592038775e+00
2.031250000000000e-01 2.586316706018478e-01 1.000910137944354e+00
2.062500000000000e-01 2.639247931739538e-01 1.000955546845833e+00
2.093750000000000e-01 2.692823518209576e-01 1.001005126553608e+00
2.125000000000000e-01 2.747056545671873e-01 1.001059206901526e+00
2.156250000000000e-01 2.801960254881028e-01 1.001118148860817e+00
2.187500000000000e-01 2.857548050335636e-01 1.001182346849091e+00
2.218750000000000e-01 2.913833503550930e-01 1.001252227237539e+00
2.250000000000000e-01 2.970830356372213e-01 1.001328259163527e+00
2.281250000000000e-01 3.028552524329863e-01 1.001410943472667e+00
2.312500000000000e-01 3.087014100036755e-01 1.001500826349206e+00
2.343750000000000e-01 3.146229356628902e-01 1.001598502258336e+00
2.375000000000000e-01 3.206212751250189e-01 1.001704616577773e+00
2.406250000000000e-01 3.266978928582008e-01 1.001819868881994e+00
2.437500000000000e-01 3.328542724418705e-01 1.001945008461231e+00
2.468750000000000e-01 3.390919169289667e-01 1.002080853027804e+00
2.500000000000000e-01 3.454123492128958e-01 1.002228285433468e+00
2.531250000000000e-01 3.518171123993401e-01 1.002388253530477e+00
2.562500000000000e-01 3.583077701830001e-01 1.002561785698867e+00
2.593750000000000e-01 3.648859072293631e-01 1.002749980570394e+00
2.625000000000000e-01 3.715531295615936e-01 1.002954025825755e+00
2.656250000000000e-01 3.783110649526354e-01 1.003175193760429e+00
2.687500000000000e-01 3.851613633226258e-01 1.003414842902987e+00
2.718750000000000e-01 3.921056971417164e-01 1.003674433932559e+00
2.750000000000000e-01 3.991457618383991e-01 1.003955516176289e+00
2.781250000000000e-01 4.062832762134377e-01 1.004259742627710e+00
2.812500000000000e-01 4.135199828595055e-01 1.004588870453835e+00
2.843750000000000e-01 4.208576485866312e-01 1.004944749139621e+00
2.875000000000000e-01 4.282980648535585e-01 1.005329341864839e+00
2.906250000000000e-01 4.358430482051222e-01 1.005744702047149e+00
2.937500000000000e-01 4.434944407157500e-01 1.006192979543735e+00
2.968750000000000e-01 4.512541104391968e-01 1.006676421553712e+00
3.000000000000000e-01 4.591239518646220e-01 1.007197343142468e+00
3.031250000000000e-01 4.671058863791195e-01 1.007758139060973e+00
3.062500000000000e-01 4.752018627368176e-01 1.008361257681260e+00
3.093750000000000e-01 4.834138575346580e-01 1.009009173031379e+00
3.125000000000000e-01 4.917438756949728e-01 1.009704389286195e+00
3.156250000000000e-01 5.001939509549778e-01 1.010449382467837e+00
3.187500000000000e-01 5.087661463633005e-01 1.011246584230644e+00
3.218750000000000e-01 5.174625547836644e-01 1.012098352548648e+00
3.250000000000000e-01 5.262852994058529e-01 1.013006898959124e+00
3.281250000000000e-01 5.352365342640750e-01 1.013974268848426e+00
3.312500000000000e-01 5.443184447628656e-01 1.015002276439929e+00
3.343750000000000e-01 5.535332482106405e-01 1.016092421839541e+00
3.375000000000000e-01 5.628831943610435e-01 1.017245864032572e+00
3.406250000000000e-01 5.723705659622137e-01 1.018463314668380e+00
3.437500000000000e-01 5.819976793141081e-01 1.019744964602606e+00
3.468750000000000e-01 5.917668848340161e-01 1.021090433554330e+00
3.500000000000000e-01 6.016805676304035e-01 1.022498649884658e+00
3.531250000000000e-01 6.117411480852264e-01 1.023967786777637e+00
3.562500000000000e-01 6.219510824448572e-01 1.025495209631962e+00
3.593750000000000e-01 6.323128634197650e-01 1.027077355036385e+00
3.625000000000000e-01 6.428290207931012e-01 1.028709709670023e+00
3.656250000000000e-01 6.535021220383342e-01 1.030386763277898e+00
3.687500000000000e-01 6.643347729460869e-01 1.032101939856163e+00
3.718750000000000e-01 6.753296182603294e-01 1.033847626600350e+00
3.750000000000000e-01 6.864893423240808e-01 1.035615190799176e+00
3.781250000000000e-01 6.978166697347804e-01 1.037394976423436e+00
3.812500000000000e-01 7.093143660094854e-01 1.039176436531803e+00
3.843750000000000e-01 7.209852382600603e-01 1.040948220270319e+00
3.875000000000000e-01 7.328321358785219e-01 1.042698286680502e+00
3.906250000000000e-01 7.448579512327029e-01 1.044414122351873e+00
3.937500000000000e-01 7.570656203724140e-01 1.046082942600051e+00
3.968750000000000e-01 7.694581237462648e-01 1.047691878182535e+00
4.000000000000000e-01 7.820384869293291e-01 1.049228288461244e+00
4.031250000000000e-01 7.948097813618253e-01 1.050680005883751e+00
4.062500000000000e-01 8.077751250989945e-01 1.052035576218718e+00
4.093750000000000e-01 8.209376835723596e-01 1.053284556415269e+00
4.125000000000000e-01 8.343006703625532e-01 1.054417767654239e+00
4.156250000000000e-01 8.478673479838968e-01 1.055427461206995e+00
4.187500000000000e-01 8.616410286809313e-01 1.056307544902509e+00
4.218750000000000e-01 8.756250752370857e-01 1.057053720823046e+00
4.250000000000000e-01 8.898229017956865e-01 1.057663539725948e+00
4.281250000000000e-01 9.042379746935050e-01 1.058136450710315e+00
4.312500000000000e-01 9.188738133070491e-01 1.058473815322840e+00
4.343750000000000e-01 9.337339909118028e-01 1.058678799787167e+00
4.375000000000000e-01 9.488221355546261e-01 1.058756271747701e+00
4.406250000000000e-01 9.641419309395265e-01 1.058712675007980e+00
4.437500000000000e-01 9.796971173270190e-01 1.058555831380193e+00
4.468750000000000e-01 9.954914924472941e-01 1.058294721499345e+00
4.500000000000000e-01 1.011528912427417e+00 1.057939291477398e+00
4.531250000000000e-01 1.027813292732786e+00 1.057500224801682e+00
4.562500000000000e-01 1.044348609123070e+00 1.056988699484017e+00
4.593750000000000e-01 1.061138898622882e+00 1.056416184515573e+00
4.625000000000000e-01 1.078188260507393e+00 1.055794245676168e+00
4.656250000000000e-01 1.095500857303154e+00 1.055134350566890e+00
4.687500000000000e-01 1.113080915804360e+00 1.054447699501959e+00
4.718750000000000e-01 1.130932728104805e+00 1.053745095864730e+00
4.750000000000000e-01 1.149060652645771e+00 1.053036822442944e+00
4.781250000000000e-01 1.167469115280130e+00 1.052332545474973e+00
4.812500000000000e-01 1.186162610352890e+00 1.051641240019344e+00
4.843750000000000e-01 1.205145701798475e+00 1.050971141063247e+00
4.875000000000000e-01 1.224423024254985e+00 1.050329703563029e+00
4.906250000000000e-01 1.243999284195726e+00 1.049723594222834e+00
4.937500000000000e-01 1.263879261078271e+00 1.049158684615537e+00
4.968750000000000e-01 1.284067808511348e+00 1.048640058636928e+00
5.000000000000000e-01 1.304569855439823e+00 1.048172030687494e+00
5.031250000000000e-01 1.325390407348082e+00 1.047758187042807e+00
5.062500000000000e-01 1.346534547482100e+00 1.047401413627396e+00
5.093750000000000e-01 1.368007438090487e+00 1.047103929070613e+00
5.125000000000001e-01 1.389814321684837e+00 1.046867326347540e+00
5.156250000000000e-01 1.411960522319654e+00 1.046692633075341e+00
5.187500000000000e-01 1.434451446892208e+00 1.046580351556909e+00
5.218750000000000e-01 1.457292586462593e+00 1.046530494922448e+00
5.250000000000000e-01 1.480489517594354e+00 1.046542626234541e+00
5.281250000000001e-01 1.504047903715979e+00 1.046615916727127e+00
5.312500000000000e-01 1.527973496503592e+00 1.046749189236591e+00
5.343750000000000e-01 1.552272137285215e+00 1.046940950742540e+00
5.375000000000000e-01 1.576949758466886e+00 1.047189415030329e+00
5.406250000000000e-01 1.602012384981041e+00 1.047492542170203e+00
5.437500000000001e-01 1.627466135757470e+00 1.047848078669559e+00
5.468750000000000e-01 1.653317225217225e+00 1.048253591188413e+00
5.500000000000000e-01 1.679571964789851e+00 1.048706478329845e+00
5.531250000000000e-01 1.706236764454286e+00 1.049203985589850e+00
5.562500000000000e-01 1.733318134303830e+00 1.049743225017186e+00
5.593750000000001e-01 1.760822686135563e+00 1.050321202697956e+00
5.625000000000000e-01 1.788757135064574e+00 1.050934834654651e+00
5.656250000000000e-01 1.817128301163438e+00 1.051580956654230e+00
5.687500000000000e-01 1.845943111127301e+00 1.052256323244257e+00
5.718750000000000e-01 1.875208599965003e+00 1.052957611825033e+00
5.750000000000001e-01 1.904931912716643e+00 1.053681427742294e+00
5.781250000000000e-01 1.935120306198011e+00 1.054424311597239e+00
5.812500000000000e-01 1.965781150772311e+00 1.055182739125066e+00
5.843750000000000e-01 1.996921932149593e+00 1.055953119529240e+00
5.875000000000000e-01 2.028550253214365e+00 1.056731787449422e+00
5.906250000000001e-01 2.060673835881802e+00 1.057514997550686e+00
5.937500000000000e-01 2.093300522983012e+00 1.058298917350160e+00
5.968750000000000e-01 2.126438280179837e+00 1.059079621374306e+00
6.000000000000001e-01 2.160095197909630e+00 1.059853082167809e+00
6.031250000000000e-01 2.194279493360494e+00 1.060615160314103e+00
6.062500000000001e-01 2.228999512477486e+00 1.061361591352730e+00
6.093750000000000e-01 2.264263732000228e+00 1.062087973462795e+00
6.125000000000000e-01 2.300080761532477e+00 1.062789755128576e+00
6.156250000000001e-01 2.336459345644116e+00 1.063462225747378e+00
6.187500000000000e-01 2.373408366006099e+00 1.064100509304464e+00
6.218750000000001e-01 2.410936843558884e+00 1.064699562689901e+00
6.250000000000000e-01 2.449053940714840e+00 1.065254179513756e+00
6.281250000000000e-01 2.487768963595221e+00 1.065759001427525e+00
6.312500000000001e-01 2.527091364302215e+00 1.066208539002790e+00
6.343750000000000e-01 2.567030743226622e+00 1.066597204468402e+00
6.375000000000001e-01 2.607596851391758e+00 1.066919360046056e+00
6.406250000000000e-01 2.648799592834118e+00 1.067169385048738e+00
6.437500000000000e-01 2.690649027021411e+00 1.067341765724655e+00
6.468750000000001e-01 2.733155371308524e+00 1.067431212034369e+00
6.500000000000000e-01 2.776329003432049e+00 1.067432804965871e+00
6.531250000000001e-01 2.820180464043967e+00 1.067342177474526e+00
6.562500000000000e-01 2.864720459285089e+00 1.067155730660404e+00
6.593750000000000e-01 2.909959863398929e+00 1.066870883945605e+00
6.625000000000001e-01 2.955909721386590e+00 1.066486355129685e+00
6.656250000000000e-01 3.002581251703353e+00 1.066002460191404e+00
6.687500000000001e-01 3.049985848997626e+00 1.065421417109794e+00
6.718750000000000e-01 3.098135086892879e+00 1.064747630577487e+00
6.750000000000000e-01 3.147040720813310e+00 1.063987926983271e+00
6.781250000000001e-01 3.196714690853871e+00 1.063151703308513e+00
6.812500000000000e-01 3.247169124695383e+00 1.062250950538134e+00
6.843750000000001e-01 3.298416340565477e+00 1.061300114020872e+00
6.875000000000000e-01 3.350468850246008e+00 1.060315762298588e+00
6.906250000000000e-01 3.403339362127777e+00 1.059316050750067e+00
6.937500000000001e-01 3.457040784313211e+00 1.058319989222610e+00
6.968750000000000e-01 3.511586227767823e+00 1.057346547596329e+00
7.000000000000001e-01 3.566989009521205e+00 1.056413658520175e+00
7.031250000000000e-01 3.623262655918307e+00 1.055537196748034e+00
7.062500000000000e-01 3.680420905921852e+00 1.054730025443338e+00
7.093750000000001e-01 3.738477714466631e+00 1.054001199190513e+00
7.125000000000000e-01 3.797447255866536e+00 1.053355401939074e+00
7.156250000000001e-01 3.857343927275175e+00 1.052792675786026e+00
7.187500000000000e-01 3.918182352200844e+00 1.052308469604951e+00
7.218750000000000e-01 3.979977384076828e+00 1.051894006722739e+00
7.250000000000001e-01 4.042744109887770e+00 1.051536943041518e+00
7.281250000000000e-01 4.106497853853101e+00 1.051222263738408e+00
7.312500000000001e-01 4.171254181168399e+00 1.050933348478469e+00
7.343750000000000e-01 4.237028901805528e+00 1.050653121847722e+00
7.375000000000000e-01 4.303838074372613e+00 1.050365199260863e+00
7.406250000000001e-01 4.371698010034643e+00 1.050054936791791e+00
7.437500000000000e-01 4.440625276495786e+00 1.049710299533611e+00
7.468750000000001e-01 4.510636702044332e+00 1.049322476763940e+00
7.500000000000000e-01 4.581749379661216e+00 1.048886195326508e+00
7.531250000000000e-01 4.653980671193226e+00 1.048399713670521e+00
7.562500000000001e-01 4.727348211591802e+00 1.047864515347824e+00
7.593750000000000e-01 4.801869913218528e+00 1.047284755850176e+00
7.625000000000001e-01 4.877563970218381e+00 1.046666545061915e+00
7.656250000000000e-01 4.954448862961714e+00 1.046017163585028e+00
7.687500000000000e-01 5.032543362556198e+00 1.045344309002915e+00
7.718750000000001e-01 5.111866535429675e+00 1.044655452980583e+00
7.750000000000000e-01 5.192437747985146e+00 1.043957361507535e+00
7.781250000000001e-01 5.274276671329015e+00 1.043255798324021e+00
7.812500000000000e-01 5.357403286073669e+00 1.042555401674266e+00
7.843750000000000e-01 5.441837887215693e+00 1.041859702057907e+00
7.875000000000001e-01 5.527601089090773e+00 1.041171238113821e+00
7.906250000000000e-01 5.614713830406605e+00 1.040491725297989e+00
7.937500000000001e-01 5.703197379355005e+00 1.039822240096097e+00
7.968750000000000e-01 5.793073338804412e+00 1.039163392358737e+00
8.000000000000000e-01 5.884363651574169e+00 1.038515470360033e+00
8.031250000000001e-01 5.977090605791737e+00 1.037878553154149e+00
8.062500000000000e-01 6.071276840334257e+00 1.037252591264791e+00
8.093750000000001e-01 6.166945350355728e+00 1.036637461171041e+00
8.125000000000000e-01 6.264119492901173e+00 1.036032999724556e+00
8.156250000000000e-01 6.362822992609162e+00 1.035439024722429e+00
8.187500000000001e-01 6.463079947504072e+00 1.034855346377004e+00
8.218750000000000e-01 6.564914834879517e+00 1.034281773529951e+00
8.250000000000001e-01 6.668352517274371e+00 1.033718116577188e+00
8.281250000000000e-01 6.773418248542846e+00 1.033164188895995e+00
8.312500000000000e-01 6.880137680020114e+00 1.032619807565548e+00
8.343750000000001e-01 6.988536866784961e+00 1.032084793301080e+00
8.375000000000000e-01 7.098642274021019e+00 1.031558970719158e+00
8.406250000000001e-01 7.210480783478133e+00 1.031042168107698e+00
8.437500000000000e-01 7.324079700035414e+00 1.030534217444776e+00
8.468750000000000e-01 7.439466758367605e+00 1.030034954253126e+00
8.500000000000001e-01 7.556670129716381e+00 1.029544217579281e+00
8.531250000000000e-01 7.675718428768239e+00 1.029061849808626e+00
8.562500000000001e-01 7.796640720640633e+00 1.028587696687352e+00
8.593750000000000e-01 7.919466527978115e+00 1.028121607180310e+00
8.625000000000000e-01 8.044225838160141e+00 1.027663433370898e+00
8.656250000000001e-01 8.170949110622363e+00 1.027213030402822e+00
8.687500000000000e-01 8.299667284293170e+00 1.026770256463574e+00
8.718750000000001e-01 8.430411785147284e+00 1.026334972645195e+00
8.750000000000000e-01 8.563214533878281e+00 1.025907042846900e+00
8.781250000000000e-01 8.698107953691880e+00 1.025486333801475e+00
8.812500000000001e-01 8.835124978221932e+00 1.025072714937930e+00
8.843750000000000e-01 8.974299059571019e+00 1.024666058326899e+00
8.875000000000001e-01 9.115664176477637e+00 1.024266238626532e+00
8.906250000000000e-01 9.259254842611947e+00 1.023873133028889e+00
8.937500000000000e-01 9.405106115002161e+00 1.023486621206801e+00
8.968750000000001e-01 9.553253602593529e+00 1.023106585179299e+00
9.000000000000000e-01 9.703733474942130e+00 1.022732909341382e+00
9.031250000000001e-01 9.856582471045494e+00 1.022365480412196e+00
9.062500000000000e-01 1.001183790831228e+01 1.022004187342734e+00
9.093750000000000e-01 1.016953769167313e+01 1.021648921264892e+00
9.125000000000001e-01 1.032972032283505e+01 1.021299575440926e+00
9.156250000000000e-01 1.049242490968134e+01 1.020956045254112e+00
9.187500000000001e-01 1.065769117581972e+01 1.020618228118016e+00
9.218750000000000e-01 1.082555947028058e+01 1.020286023427005e+00
9.250000000000000e-01 1.099607077736805e+01 1.019959332547922e+00
9.281250000000001e-01 1.116926672666618e+01 1.019638058771186e+00
9.312500000000000e-01 1.134518960320255e+01 1.019322107180638e+00
9.343750000000001e-01 1.152388235777201e+01 1.019011384768504e+00
9.375000000000000e-01 1.170538861742293e+01 1.018705800305750e+00
9.406250000000000e-01 1.188975269610854e+01 1.018405264253633e+00
9.437500000000001e-01 1.207701960550600e+01 1.018109688797818e+00
9.468750000000000e-01 1.226723506600578e+01 1.017818987841885e+00
9.500000000000001e-01 1.246044551787411e+01 1.017533076838147e+00
9.531250000000000e-01 1.265669813259115e+01 1.017251872944596e+00
9.562500000000000e-01 1.285604082436773e+01 1.016975294774767e+00
9.593750000000001e-01 1.305852226184337e+01 1.016703262555040e+00
9.625000000000000e-01 1.326419187996850e+01 1.016435697956434e+00
9.656250000000001e-01 1.347309989207381e+01 1.016172524130137e+00
9.687500000000000e-01 1.368529730212962e+01 1.015913665661811e+00
9.718750000000000e-01 1.390083591719824e+01 1.015659048526107e+00
9.750000000000001e-01 1.411976836008246e+01 1.015408600122642e+00
9.781250000000000e-01 1.434214808217320e+01 1.015162249108933e+00
9.812500000000001e-01 1.456802937649935e+01 1.014919925558609e+00
9.843750000000000e-01 1.479746739098328e+01 1.014681560794674e+00
9.875000000000000e-01 1.503051814190487e+01 1.014447087344909e+00
9.906250000000001e-01 1.526723852757770e+01 1.014216439059788e+00
9.937500000000000e-01 1.550768634224049e+01 1.013989550986867e+00
9.968750000000001e-01 1.575192029016732e+01 1.013766359286028e+00
1.000000000000000e+00 1.600000000000000e+01 1.013546801347719e+00
