0.000000000000000e+00 0.000000000000000e+00 1.000000000000000e+00
3.125000000000000e-03 3.369263549427258e-03 1.034386689734049e+00
6.250000000000000e-03 6.739349689698711e-03 1.011821912139834e+00
9.375000000000001e-03 1.011108121249049e-02 1.007286163173200e+00
1.250000000000000e-02 1.348528131119160e-02 1.005278556513543e+00
1.562500000000000e-02 1.686277378188298e-02 1.004140323876015e+00
1.875000000000000e-02 2.024438322446370e-02 1.003406015449343e+00
2.187500000000000e-02 2.363093524397333e-02 1.002892599945912e+00
2.500000000000000e-02 2.702325665215984e-02 1.002513243949439e+00
2.812500000000000e-02 3.042217566934200e-02 1.002221394835071e+00
3.125000000000000e-02 3.382852212661575e-02 1.001989834137971e+00
3.437500000000000e-02 3.724312766845378e-02 1.001801578197183e+00
3.750000000000001e-02 4.066682595574785e-02 1.001645478463674e+00
4.062500000000000e-02 4.410045286934348e-02 1.001513912567795e+00
4.375000000000000e-02 4.754484671411652e-02 1.001401491967108e+00
4.687500000000000e-02 5.100084842364160e-02 1.001304299191232e+00
5.000000000000000e-02 5.446930176550237e-02 1.001219417686893e+00
5.312500000000001e-02 5.795105354729364e-02 1.001144631380287e+00
5.625000000000000e-02 6.144695382336569e-02 1.001078226201880e+00
5.937500000000000e-02 6.495785610236132e-02 1.001018855560489e+00
6.250000000000000e-02 6.848461755559625e-02 1.000965446845453e+00
6.562500000000000e-02 7.202809922633362e-02 1.000917135162856e+00
6.875000000000001e-02 7.558916624000402e-02 1.000873215243176e+00
7.187500000000001e-02 7.916868801542200e-02 1.000833106348699e+00
7.500000000000001e-02 8.276753847705080e-02 1.000796325957951e+00
7.812500000000000e-02 8.638659626836727e-02 1.000762469781833e+00
8.125000000000000e-02 9.002674496637868e-02 1.000731196555244e+00
8.437500000000001e-02 9.368887329734420e-02 1.000702216215812e+00
8.750000000000001e-02 9.737387535375355e-02 1.000675280691889e+00
9.062500000000001e-02 1.010826508126157e-01 1.000650176467248e+00
9.375000000000000e-02 1.048161051551108e-01 1.000626718866052e+00
9.687500000000000e-02 1.085751498876601e-01 1.000604747337092e+00
1.000000000000000e-01 1.123607027644654e-01 1.000584121570582e+00
1.031250000000000e-01 1.161736880115753e-01 1.000564718447114e+00
1.062500000000000e-01 1.200150365525305e-01 1.000546429541499e+00
1.093750000000000e-01 1.238856862356450e-01 1.000529158904269e+00
1.125000000000000e-01 1.277865820629775e-01 1.000512821342306e+00
1.156250000000000e-01 1.317186764210495e-01 1.000497340976854e+00
1.187500000000000e-01 1.356829293133661e-01 1.000482650023456e+00
1.218750000000000e-01 1.396803085947971e-01 1.000468687682934e+00
1.250000000000000e-01 1.437117902078738e-01 1.000455399309554e+00
1.281250000000000e-01 1.477783584210617e-01 1.000442735634752e+00
1.312500000000000e-01 1.518810060690650e-01 1.000430652101786e+00
1.343750000000000e-01 1.560207347952229e-01 1.000419108366669e+00
1.375000000000000e-01 1.601985552960564e-01 1.000408067799194e+00
1.406250000000000e-01 1.644154875680252e-01 1.000397496984044e+00
1.437500000000000e-01 1.686725611565558e-01 1.000387365498902e+00
1.468750000000000e-01 1.729708154074000e-01 1.000377645526449e+00
1.500000000000000e-01 1.773112997203869e-01 1.000368311577187e+00
1.531250000000000e-01 1.816950738056289e-01 1.000359340267679e+00
1.562500000000000e-01 1.861232079422458e-01 1.000350710043441e+00
1.593750000000000e-01 1.905967832396682e-01 1.000342401178784e+00
1.625000000000000e-01 1.951168919015860e-01 1.000334395333596e+00
1.656250000000000e-01 1.996846374926046e-01 1.000326675719379e+00
1.687500000000000e-01 2.043011352076760e-01 1.000319226656071e+00
1.718750000000000e-01 2.089675121443681e-01 1.000312033682726e+00
1.750000000000000e-01 2.136849075780412e-01 1.000305083391287e+00
1.781250000000000e-01 2.184544732399964e-01 1.000298363260360e+00
1.812500000000000e-01 2.232773735986666e-01 1.000291861710542e+00
1.843750000000000e-01 2.281547861439151e-01 1.000285567882838e+00
1.875000000000000e-01 2.330879016745160e-01 1.000279471693991e+00
1.906250000000000e-01 2.380779245888810e-01 1.000273563725680e+00
1.937500000000000e-01 2.431260731791094e-01 1.000267835169100e+00
1.968750000000000e-01 2.482335799284277e-01 1.000262277769547e+00
2.000000000000000e-01 2.534016918120952e-01 1.000256883826389e+00
2.031250000000000e-01 2.586316706018478e-01 1.000251646026898e+00
2.062500000000000e-01 2.639247931739538e-01 1.000246557612365e+00
2.093750000000000e-01 2.692823518209576e-01 1.000241612101184e+00
2.125000000000000e-01 2.747056545671873e-01 1.000236803510347e+00
2.156250000000000e-01 2.801960254881028e-01 1.000232126189289e+00
2.187500000000000e-01 2.857548050335636e-01 1.000227574764492e+00
2.218750000000000e-01 2.913833503550930e-01 1.000223144139478e+00
2.250000000000000e-01 2.970830356372213e-01 1.000218829605544e+00
2.281250000000000e-01 3.028552524329863e-01 1.000214626675621e+00
2.312500000000000e-01 3.087014100036755e-01 1.000210531028886e+00
2.343750000000000e-01 3.146229356628902e-01 1.000206538621504e+00
2.375000000000000e-01 3.206212751250189e-01 1.000202645686624e+00
2.406250000000000e-01 3.266978928582008e-01 1.000198848568234e+00
2.437500000000000e-01 3.328542724418705e-01 1.000195143831915e+00
2.468750000000000e-01 3.390919169289667e-01 1.000191528209448e+00
2.500000000000000e-01 3.454123492128958e-01 1.000187998598819e+00
2.531250000000000e-01 3.518171123993401e-01 1.000184552064204e+00
2.562500000000000e-01 3.583077701830001e-01 1.000181185835968e+00
2.593750000000000e-01 3.648859072293631e-01 1.000177897199909e+00
2.625000000000000e-01 3.715531295615936e-01 1.000174683552629e+00
2.656250000000000e-01 3.783110649526354e-01 1.000171542567656e+00
2.687500000000000e-01 3.851613633226258e-01 1.000168471863187e+00
2.718750000000000e-01 3.921056971417164e-01 1.000165469278965e+00
2.750000000000000e-01 3.991457618383991e-01 1.000162532654771e+00
2.781250000000000e-01 4.062832762134377e-01 1.000159660051922e+00
2.812500000000000e-01 4.135199828595055e-01 1.000156849421022e+00
2.843750000000000e-01 4.208576485866312e-01 1.000154098989580e+00
2.875000000000000e-01 4.282980648535585e-01 1.000151406985136e+00
2.906250000000000e-01 4.358430482051222e-01 1.000148771746007e+00
2.937500000000000e-01 4.434944407157500e-01 1.000146191610535e+00
2.968750000000000e-01 4.512541104391968e-01 1.000143665027838e+00
3.000000000000000e-01 4.591239518646220e-01 1.000141190502432e+00
3.031250000000000e-01 4.671058863791195e-01 1.000138766649599e+00
3.062500000000000e-01 4.752018627368176e-01 1.000136392084647e+00
3.093750000000000e-01 4.834138575346580e-01 1.000134065422900e+00
3.125000000000000e-01 4.917438756949728e-01 1.000131785445824e+00
3.156250000000000e-01 5.001939509549778e-01 1.000129550990273e+00
3.187500000000000e-01 5.087661463633005e-01 1.000127360837746e+00
3.218750000000000e-01 5.174625547836644e-01 1.000125213880504e+00
3.250000000000000e-01 5.262852994058529e-01 1.000123109010823e+00
3.281250000000000e-01 5.352365342640750e-01 1.000121045176364e+00
3.312500000000000e-01 5.443184447628656e-01 1.000119021380178e+00
3.343750000000000e-01 5.535332482106405e-01 1.000117036680696e+00
3.375000000000000e-01 5.628831943610435e-01 1.000115090136365e+00
3.406250000000000e-01 5.723705659622137e-01 1.000113180861015e+00
3.437500000000000e-01 5.819976793141081e-01 1.000111307968484e+00
3.468750000000000e-01 5.917668848340161e-01 1.000109470627995e+00
3.500000000000000e-01 6.016805676304035e-01 1.000107668064153e+00
3.531250000000000e-01 6.117411480852264e-01 1.000105899446198e+00
3.562500000000000e-01 6.219510824448572e-01 1.000104164054125e+00
3.593750000000000e-01 6.323128634197650e-01 1.000102461223306e+00
3.625000000000000e-01 6.428290207931012e-01 1.000100790178380e+00
3.656250000000000e-01 6.535021220383342e-01 1.000099150310108e+00
3.687500000000000e-01 6.643347729460869e-01 1.000097540953884e+00
3.718750000000000e-01 6.753296182603294e-01 1.000095961445113e+00
3.750000000000000e-01 6.864893423240808e-01 1.000094411229945e+00
3.781250000000000e-01 6.978166697347804e-01 1.000092889754538e+00
3.812500000000000e-01 7.093143660094854e-01 1.000091396409684e+00
3.843750000000000e-01 7.209852382600603e-01 1.000089930641554e+00
3.875000000000000e-01 7.328321358785219e-01 1.000088492007063e+00
3.906250000000000e-01 7.448579512327029e-01 1.000087079952390e+00
3.937500000000000e-01 7.570656203724140e-01 1.000085694089831e+00
3.968750000000000e-01 7.694581237462648e-01 1.000084333920946e+00
4.000000000000000e-01 7.820384869293291e-01 1.000082998947300e+00
4.031250000000000e-01 7.948097813618253e-01 1.000081688836571e+00
4.062500000000000e-01 8.077751250989945e-01 1.000080403145702e+00
4.093750000000000e-01 8.209376835723596e-01 1.000079141487010e+00
4.125000000000000e-01 8.343006703625532e-01 1.000077903583556e+00
4.156250000000000e-01 8.478673479838968e-01 1.000076689047661e+00
4.187500000000000e-01 8.616410286809313e-01 1.000075497602394e+00
4.218750000000000e-01 8.756250752370857e-01 1.000074328860084e+00
4.250000000000000e-01 8.898229017956865e-01 1.000073182599174e+00
4.281250000000000e-01 9.042379746935050e-01 1.000072058598107e+00
4.312500000000000e-01 9.188738133070491e-01 1.000070956579963e+00
4.343750000000000e-01 9.337339909118028e-01 1.000069876378561e+00
4.375000000000000e-01 9.488221355546261e-01 1.000068817827722e+00
4.406250000000000e-01 9.641419309395265e-01 1.000067780705899e+00
4.437500000000000e-01 9.796971173270190e-01 1.000066764957658e+00
4.468750000000000e-01 9.954914924472941e-01 1.000065770416825e+00
4.500000000000000e-01 1.011528912427417e+00 1.000064797083339e+00
4.531250000000000e-01 1.027813292732786e+00 1.000063844846397e+00
4.562500000000000e-01 1.044348609123070e+00 1.000062913761310e+00
4.593750000000000e-01 1.061138898622882e+00 1.000062003883387e+00
4.625000000000000e-01 1.078188260507393e+00 1.000061115267939e+00
4.656250000000000e-01 1.095500857303154e+00 1.000060248025647e+00
4.687500000000000e-01 1.113080915804360e+00 1.000059402377931e+00
4.718750000000000e-01 1.130932728104805e+00 1.000058578490841e+00
4.750000000000000e-01 1.149060652645771e+00 1.000057776696538e+00
4.781250000000000e-01 1.167469115280130e+00 1.000056997327178e+00
4.812500000000000e-01 1.186162610352890e+00 1.000056240881027e+00
4.843750000000000e-01 1.205145701798475e+00 1.000055507800981e+00
4.875000000000000e-01 1.224423024254985e+00 1.000054798640675e+00
4.906250000000000e-01 1.243999284195726e+00 1.000054114175217e+00
4.937500000000000e-01 1.263879261078271e+00 1.000053455179713e+00
4.968750000000000e-01 1.284067808511348e+00 1.000052822540009e+00
5.000000000000000e-01 1.304569855439823e+00 1.000052217308053e+00
5.031250000000000e-01 1.325390407348082e+00 1.000051640646531e+00
5.062500000000000e-01 1.346534547482100e+00 1.000051093939602e+00
5.093750000000000e-01 1.368007438090487e+00 1.000050578682160e+00
5.125000000000001e-01 1.389814321684837e+00 1.000050096535204e+00
5.156250000000000e-01 1.411960522319654e+00 1.000049649436576e+00
5.187500000000000e-01 1.434451446892208e+00 1.000049239490219e+00
5.218750000000000e-01 1.457292586462593e+00 1.000048869021554e+00
5.250000000000000e-01 1.480489517594354e+00 1.000048540632839e+00
5.281250000000001e-01 1.504047903715979e+00 1.000048257037075e+00
5.312500000000000e-01 1.527973496503592e+00 1.000048021334838e+00
5.343750000000000e-01 1.552272137285215e+00 1.000047836792815e+00
5.375000000000000e-01 1.576949758466886e+00 1.000047706566962e+00
5.406250000000000e-01 1.602012384981041e+00 1.000047634200817e+00
5.437500000000001e-01 1.627466135757470e+00 1.000047623182560e+00
5.468750000000000e-01 1.653317225217225e+00 1.000047676335963e+00
5.500000000000000e-01 1.679571964789851e+00 1.000047796318707e+00
5.531250000000000e-01 1.706236764454286e+00 1.000047984847229e+00
5.562500000000000e-01 1.733318134303830e+00 1.000048241921567e+00
5.593750000000001e-01 1.760822686135563e+00 1.000048565493151e+00
5.625000000000000e-01 1.788757135064574e+00 1.000048950246700e+00
5.656250000000000e-01 1.817128301163438e+00 1.000049386603580e+00
5.687500000000000e-01 1.845943111127301e+00 1.000049859282223e+00
5.718750000000000e-01 1.875208599965003e+00 1.000050345028002e+00
5.750000000000001e-01 1.904931912716643e+00 1.000050811229006e+00
5.781250000000000e-01 1.935120306198011e+00 1.000051215306964e+00
5.812500000000000e-01 1.965781150772311e+00 1.000051504052823e+00
5.843750000000000e-01 1.996921932149593e+00 1.000051616062984e+00
5.875000000000000e-01 2.028550253214365e+00 1.000051492037893e+00
5.906250000000001e-01 2.060673835881802e+00 1.000051096541913e+00
5.937500000000000e-01 2.093300522983012e+00 1.000050460360130e+00
5.968750000000000e-01 2.126438280179837e+00 1.000049761668002e+00
6.000000000000001e-01 2.160095197909630e+00 1.000049474306851e+00
6.031250000000000e-01 2.194279493360494e+00 1.000050627018678e+00
6.062500000000001e-01 2.228999512477486e+00 1.000055236716533e+00
6.093750000000000e-01 2.264263732000228e+00 1.000067009966338e+00
6.125000000000000e-01 2.300080761532477e+00 1.000092466778363e+00
6.156250000000001e-01 2.336459345644116e+00 1.000142690123458e+00
6.187500000000000e-01 2.373408366006099e+00 1.000235860468600e+00
6.218750000000001e-01 2.410936843558884e+00 1.000400422500556e+00
6.250000000000000e-01 2.449053940714840e+00 1.000677996212197e+00
6.281250000000000e-01 2.487768963595221e+00 1.001124110273498e+00
6.312500000000001e-01 2.527091364302215e+00 1.001804213132113e+00
6.343750000000000e-01 2.567030743226622e+00 1.002783215538547e+00
6.375000000000001e-01 2.607596851391758e+00 1.004109431164434e+00
6.406250000000000e-01 2.648799592834118e+00 1.005797204643320e+00
6.437500000000000e-01 2.690649027021411e+00 1.007814569914058e+00
6.468750000000001e-01 2.733155371308524e+00 1.010081256462515e+00
6.500000000000000e-01 2.776329003432049e+00 1.012478540279625e+00
6.531250000000001e-01 2.820180464043967e+00 1.014868001424284e+00
6.562500000000000e-01 2.864720459285089e+00 1.017113511773081e+00
6.593750000000000e-01 2.909959863398929e+00 1.019100601431549e+00
6.625000000000001e-01 2.955909721386590e+00 1.020749282928904e+00
6.656250000000000e-01 3.002581251703353e+00 1.022019029172222e+00
6.687500000000001e-01 3.049985848997626e+00 1.022906872781945e+00
6.718750000000000e-01 3.098135086892879e+00 1.023440768585235e+00
6.750000000000000e-01 3.147040720813310e+00 1.023670648110080e+00
6.781250000000001e-01 3.196714690853871e+00 1.023659183804211e+00
6.812500000000000e-01 3.247169124695383e+00 1.023473644593062e+00
6.843750000000001e-01 3.298416340565477e+00 1.023179547738603e+00
6.875000000000000e-01 3.350468850246008e+00 1.022836288339404e+00
6.906250000000000e-01 3.403339362127777e+00 1.022494591864409e+00
6.937500000000001e-01 3.457040784313211e+00 1.022195443442721e+00
6.968750000000000e-01 3.511586227767823e+00 1.021970098371622e+00
7.000000000000001e-01 3.566989009521205e+00 1.021840790713926e+00
7.031250000000000e-01 3.623262655918307e+00 1.021821837454630e+00
7.062500000000000e-01 3.680420905921852e+00 1.021920898050804e+00
7.093750000000001e-01 3.738477714466631e+00 1.022140233465161e+00
7.125000000000000e-01 3.797447255866536e+00 1.022477853682616e+00
7.156250000000001e-01 3.857343927275175e+00 1.022928506816306e+00
7.187500000000000e-01 3.918182352200844e+00 1.023484488824484e+00
7.218750000000000e-01 3.979977384076828e+00 1.024136288657146e+00
7.250000000000001e-01 4.042744109887770e+00 1.024873078741966e+00
7.281250000000000e-01 4.106497853853101e+00 1.025683074026834e+00
7.312500000000001e-01 4.171254181168399e+00 1.026553770561673e+00
7.343750000000000e-01 4.237028901805528e+00 1.027472086227448e+00
7.375000000000000e-01 4.303838074372613e+00 1.028424419210961e+00
7.406250000000001e-01 4.371698010034643e+00 1.029396648785956e+00
7.437500000000000e-01 4.440625276495786e+00 1.030374095390835e+00
7.468750000000001e-01 4.510636702044332e+00 1.031341461720621e+00
7.500000000000000e-01 4.581749379661216e+00 1.032282775257011e+00
7.531250000000000e-01 4.653980671193226e+00 1.033181360530725e+00
7.562500000000001e-01 4.727348211591802e+00 1.034019873833019e+00
7.593750000000000e-01 4.801869913218528e+00 1.034780441481650e+00
7.625000000000001e-01 4.877563970218381e+00 1.035444950232866e+00
7.656250000000000e-01 4.954448862961714e+00 1.035995559293582e+00
7.687500000000000e-01 5.032543362556198e+00 1.036415528371290e+00
7.718750000000001e-01 5.111866535429675e+00 1.036690467423835e+00
7.750000000000000e-01 5.192437747985146e+00 1.036810067141148e+00
7.781250000000001e-01 5.274276671329015e+00 1.036770232634584e+00
7.812500000000000e-01 5.357403286073669e+00 1.036575315598119e+00
7.843750000000000e-01 5.441837887215693e+00 1.036239898299449e+00
7.875000000000001e-01 5.527601089090773e+00 1.035789443569867e+00
7.906250000000000e-01 5.614713830406605e+00 1.035259215212258e+00
7.937500000000001e-01 5.703197379355005e+00 1.034691227518360e+00
7.968750000000000e-01 5.793073338804412e+00 1.034129514776086e+00
8.000000000000000e-01 5.884363651574169e+00 1.033614525212654e+00
8.031250000000001e-01 5.977090605791737e+00 1.033177743273933e+00
8.062500000000000e-01 6.071276840334257e+00 1.032837623794632e+00
8.093750000000001e-01 6.166945350355728e+00 1.032597617454040e+00
8.125000000000000e-01 6.264119492901173e+00 1.032446608647169e+00
8.156250000000000e-01 6.362822992609162e+00 1.032361610153220e+00
8.187500000000001e-01 6.463079947504072e+00 1.032312155893500e+00
8.218750000000000e-01 6.564914834879517e+00 1.032265548505531e+00
8.250000000000001e-01 6.668352517274371e+00 1.032191980816408e+00
8.281250000000000e-01 6.773418248542846e+00 1.032068597487082e+00
8.312500000000000e-01 6.880137680020114e+00 1.031881818515049e+00
8.343750000000001e-01 6.988536866784961e+00 1.031627672389819e+00
8.375000000000000e-01 7.098642274021019e+00 1.031310374213150e+00
8.406250000000001e-01 7.210480783478133e+00 1.030939772810254e+00
8.437500000000000e-01 7.324079700035414e+00 1.030528456903884e+00
8.468750000000000e-01 7.439466758367605e+00 1.030089219893100e+00
8.500000000000001e-01 7.556670129716381e+00 1.029633309305303e+00
8.531250000000000e-01 7.675718428768239e+00 1.029169563885620e+00
8.562500000000001e-01 7.796640720640633e+00 1.028704288279436e+00
8.593750000000000e-01 7.919466527978115e+00 1.028241592633059e+00
8.625000000000000e-01 8.044225838160141e+00 1.027783927910217e+00
8.656250000000001e-01 8.170949110622363e+00 1.027332619905019e+00
8.687500000000000e-01 8.299667284293170e+00 1.026888301110774e+00
8.718750000000001e-01 8.430411785147284e+00 1.026451212567338e+00
8.750000000000000e-01 8.563214533878281e+00 1.026021392126353e+00
8.781250000000000e-01 8.698107953691880e+00 1.025598780672724e+00
8.812500000000001e-01 8.835124978221932e+00 1.025183277040567e+00
8.843750000000000e-01 8.974299059571019e+00 1.024774763852306e+00
8.875000000000001e-01 9.115664176477637e+00 1.024373119057507e+00
8.906250000000000e-01 9.259254842611947e+00 1.023978220527001e+00
8.937500000000000e-01 9.405106115002161e+00 1.023589947689286e+00
8.968750000000001e-01 9.553253602593529e+00 1.023208182030360e+00
9.000000000000000e-01 9.703733474942130e+00 1.022832807366168e+00
9.031250000000001e-01 9.856582471045494e+00 1.022463709831712e+00
9.062500000000000e-01 1.001183790831228e+01 1.022100777757288e+00
9.093750000000000e-01 1.016953769167313e+01 1.021743901714994e+00
9.125000000000001e-01 1.032972032283505e+01 1.021392974395768e+00
9.156250000000000e-01 1.049242490968134e+01 1.021047890600006e+00
9.187500000000001e-01 1.065769117581972e+01 1.020708547171948e+00
9.218750000000000e-01 1.082555947028058e+01 1.020374843047431e+00
9.250000000000000e-01 1.099607077736805e+01 1.020046679019408e+00
9.281250000000001e-01 1.116926672666618e+01 1.019723957899361e+00
9.312500000000000e-01 1.134518960320255e+01 1.019406584283542e+00
9.343750000000001e-01 1.152388235777201e+01 1.019094464658405e+00
9.375000000000000e-01 1.170538861742293e+01 1.018787507336833e+00
9.406250000000000e-01 1.188975269610854e+01 1.018485622281899e+00
9.437500000000001e-01 1.207701960550600e+01 1.018188721269367e+00
9.468750000000000e-01 1.226723506600578e+01 1.017896717711961e+00
9.500000000000001e-01 1.246044551787411e+01 1.017609526709462e+00
9.531250000000000e-01 1.265669813259115e+01 1.017327064929933e+00
9.562500000000000e-01 1.285604082436773e+01 1.017049250603917e+00
9.593750000000001e-01 1.305852226184337e+01 1.016776003462507e+00
9.625000000000000e-01 1.326419187996850e+01 1.016507244844513e+00
9.656250000000001e-01 1.347309989207381e+01 1.016242897522276e+00
9.687500000000000e-01 1.368529730212962e+01 1.015982885696653e+00
9.718750000000000e-01 1.390083591719824e+01 1.015727134992148e+00
9.750000000000001e-01 1.411976836008246e+01 1.015475572395953e+00
9.781250000000000e-01 1.434214808217320e+01 1.015228126253424e+00
9.812500000000001e-01 1.456802937649935e+01 1.014984726263681e+00
9.843750000000000e-01 1.479746739098328e+01 1.014745303362968e+00
9.875000000000000e-01 1.503051814190487e+01 1.014509789776805e+00
9.906250000000001e-01 1.526723852757770e+01 1.014278119016017e+00
9.937500000000000e-01 1.550768634224049e+01 1.014050225816729e+00
9.968750000000001e-01 1.575192029016732e+01 1.013826046024420e+00
1.000000000000000e+00 1.600000000000000e+01 1.013605516758824e+00
