0.000000000000000e+00 0.000000000000000e+00 1.000000000000000e+00
3.125000000000000e-03 3.369263549427258e-03 1.000000000063324e+00
6.250000000000000e-03 6.739349689698711e-03 1.000000000255227e+00
9.375000000000001e-03 1.011108121249049e-02 1.000000000159275e+00
1.250000000000000e-02 1.348528131119160e-02 1.000000000111299e+00
1.562500000000000e-02 1.686277378188298e-02 1.000000000063324e+00
1.875000000000000e-02 2.024438322446370e-02 1.000000000063324e+00
2.187500000000000e-02 2.363093524397333e-02 1.000000000063324e+00
2.500000000000000e-02 2.702325665215984e-02 1.000000000063324e+00
2.812500000000000e-02 3.042217566934200e-02 1.000000000063324e+00
3.125000000000000e-02 3.382852212661575e-02 1.000000000063324e+00
3.437500000000000e-02 3.724312766845378e-02 1.000000000063324e+00
3.750000000000001e-02 4.066682595574785e-02 1.000000000063324e+00
4.062500000000000e-02 4.410045286934348e-02 1.000000000063324e+00
4.375000000000000e-02 4.754484671411652e-02 1.000000000063324e+00
4.687500000000000e-02 5.100084842364160e-02 1.000000000063324e+00
5.000000000000000e-02 5.446930176550237e-02 1.000000000063324e+00
5.312500000000001e-02 5.795105354729364e-02 1.000000000063324e+00
5.625000000000000e-02 6.144695382336569e-02 1.000000000063324e+00
5.937500000000000e-02 6.495785610236132e-02 1.000000000063324e+00
6.250000000000000e-02 6.848461755559625e-02 1.000000000063324e+00
6.562500000000000e-02 7.202809922633362e-02 1.000000000063324e+00
6.875000000000001e-02 7.558916624000402e-02 1.000000000063324e+00
7.187500000000001e-02 7.916868801542200e-02 1.000000000063324e+00
7.500000000000001e-02 8.276753847705080e-02 1.000000000063324e+00
7.812500000000000e-02 8.638659626836727e-02 1.000000000063324e+00
8.125000000000000e-02 9.002674496637868e-02 1.000000000063324e+00
8.437500000000001e-02 9.368887329734420e-02 1.000000000063324e+00
8.750000000000001e-02 9.737387535375355e-02 1.000000000063324e+00
9.062500000000001e-02 1.010826508126157e-01 1.000000000063324e+00
9.375000000000000e-02 1.048161051551108e-01 1.000000000063324e+00
9.687500000000000e-02 1.085751498876601e-01 1.000000000063324e+00
1.000000000000000e-01 1.123607027644654e-01 1.000000000063324e+00
1.031250000000000e-01 1.161736880115753e-01 1.000000000063324e+00
1.062500000000000e-01 1.200150365525305e-01 1.000000000063324e+00
1.093750000000000e-01 1.238856862356450e-01 1.000000000063324e+00
1.125000000000000e-01 1.277865820629775e-01 1.000000000111299e+00
1.156250000000000e-01 1.317186764210495e-01 1.000000000111299e+00
1.187500000000000e-01 1.356829293133661e-01 1.000000000159275e+00
1.218750000000000e-01 1.396803085947971e-01 1.000000000207251e+00
1.250000000000000e-01 1.437117902078738e-01 1.000000000255227e+00
1.281250000000000e-01 1.477783584210617e-01 1.000000000255227e+00
1.312500000000000e-01 1.518810060690650e-01 1.000000000255227e+00
1.343750000000000e-01 1.560207347952229e-01 1.000000000303203e+00
1.375000000000000e-01 1.601985552960564e-01 1.000000000351179e+00
1.406250000000000e-01 1.644154875680252e-01 1.000000000399154e+00
1.437500000000000e-01 1.686725611565558e-01 1.000000000447130e+00
1.468750000000000e-01 1.729708154074000e-01 1.000000000495106e+00
1.500000000000000e-01 1.773112997203869e-01 1.000000000543082e+00
1.531250000000000e-01 1.816950738056289e-01 1.000000000543082e+00
1.562500000000000e-01 1.861232079422458e-01 1.000000000591058e+00
1.593750000000000e-01 1.905967832396682e-01 1.000000000639034e+00
1.625000000000000e-01 1.951168919015860e-01 1.000000000687010e+00
1.656250000000000e-01 1.996846374926046e-01 1.000000000734985e+00
1.687500000000000e-01 2.043011352076760e-01 1.000000000782961e+00
1.718750000000000e-01 2.089675121443681e-01 1.000000000830937e+00
1.750000000000000e-01 2.136849075780412e-01 1.000000000878913e+00
1.781250000000000e-01 2.184544732399964e-01 1.000000000926889e+00
1.812500000000000e-01 2.232773735986666e-01 1.000000000974865e+00
1.843750000000000e-01 2.281547861439151e-01 1.000000001022840e+00
1.875000000000000e-01 2.330879016745160e-01 1.000000001070816e+00
1.906250000000000e-01 2.380779245888810e-01 1.000000001118792e+00
1.937500000000000e-01 2.431260731791094e-01 1.000000001166768e+00
1.968750000000000e-01 2.482335799284277e-01 1.000000001214744e+00
2.000000000000000e-01 2.534016918120952e-01 1.000000001262720e+00
2.031250000000000e-01 2.586316706018478e-01 1.000000001310696e+00
2.062500000000000e-01 2.639247931739538e-01 1.000000001358671e+00
2.093750000000000e-01 2.692823518209576e-01 1.000000001406647e+00
2.125000000000000e-01 2.747056545671873e-01 1.000000001454623e+00
2.156250000000000e-01 2.801960254881028e-01 1.000000001502599e+00
2.187500000000000e-01 2.857548050335636e-01 1.000000001550575e+00
2.218750000000000e-01 2.913833503550930e-01 1.000000001598551e+00
2.250000000000000e-01 2.970830356372213e-01 1.000000001646526e+00
2.281250000000000e-01 3.028552524329863e-01 1.000000001694502e+00
2.312500000000000e-01 3.087014100036755e-01 1.000000001742478e+00
2.343750000000000e-01 3.146229356628902e-01 1.000000001790454e+00
2.375000000000000e-01 3.206212751250189e-01 1.000000001838430e+00
2.406250000000000e-01 3.266978928582008e-01 1.000000001886406e+00
2.437500000000000e-01 3.328542724418705e-01 1.000000001982357e+00
2.468750000000000e-01 3.390919169289667e-01 1.000000002078309e+00
2.500000000000000e-01 3.454123492128958e-01 1.000000002174261e+00
2.531250000000000e-01 3.518171123993401e-01 1.000000002270212e+00
2.562500000000000e-01 3.583077701830001e-01 1.000000002366164e+00
2.593750000000000e-01 3.648859072293631e-01 1.000000002462116e+00
2.625000000000000e-01 3.715531295615936e-01 1.000000002558068e+00
2.656250000000000e-01 3.783110649526354e-01 1.000000002654019e+00
2.687500000000000e-01 3.851613633226258e-01 1.000000002749971e+00
2.718750000000000e-01 3.921056971417164e-01 1.000000002845923e+00
2.750000000000000e-01 3.991457618383991e-01 1.000000002941874e+00
2.781250000000000e-01 4.062832762134377e-01 1.000000003037826e+00
2.812500000000000e-01 4.135199828595055e-01 1.000000003133778e+00
2.843750000000000e-01 4.208576485866312e-01 1.000000003277705e+00
2.875000000000000e-01 4.282980648535585e-01 1.000000003421633e+00
2.906250000000000e-01 4.358430482051222e-01 1.000000003565560e+00
2.937500000000000e-01 4.434944407157500e-01 1.000000003709488e+00
2.968750000000000e-01 4.512541104391968e-01 1.000000003853415e+00
3.000000000000000e-01 4.591239518646220e-01 1.000000003997343e+00
3.031250000000000e-01 4.671058863791195e-01 1.000000004141270e+00
3.062500000000000e-01 4.752018627368176e-01 1.000000004285198e+00
3.093750000000000e-01 4.834138575346580e-01 1.000000004429126e+00
3.125000000000000e-01 4.917438756949728e-01 1.000000004573053e+00
3.156250000000000e-01 5.001939509549778e-01 1.000000004764956e+00
3.187500000000000e-01 5.087661463633005e-01 1.000000004956860e+00
3.218750000000000e-01 5.174625547836644e-01 1.000000005148763e+00
3.250000000000000e-01 5.262852994058529e-01 1.000000005340667e+00
3.281250000000000e-01 5.352365342640750e-01 1.000000005532570e+00
3.312500000000000e-01 5.443184447628656e-01 1.000000005724473e+00
3.343750000000000e-01 5.535332482106405e-01 1.000000005916377e+00
3.375000000000000e-01 5.628831943610435e-01 1.000000006108280e+00
3.406250000000000e-01 5.723705659622137e-01 1.000000006348159e+00
3.437500000000000e-01 5.819976793141081e-01 1.000000006588039e+00
3.468750000000000e-01 5.917668848340161e-01 1.000000006827918e+00
3.500000000000000e-01 6.016805676304035e-01 1.000000007067797e+00
3.531250000000000e-01 6.117411480852264e-01 1.000000007307676e+00
3.562500000000000e-01 6.219510824448572e-01 1.000000007595531e+00
3.593750000000000e-01 6.323128634197650e-01 1.000000007883386e+00
3.625000000000000e-01 6.428290207931012e-01 1.000000008171241e+00
3.656250000000000e-01 6.535021220383342e-01 1.000000008459097e+00
3.687500000000000e-01 6.643347729460869e-01 1.000000008794927e+00
3.718750000000000e-01 6.753296182603294e-01 1.000000009130758e+00
3.750000000000000e-01 6.864893423240808e-01 1.000000009466589e+00
3.781250000000000e-01 6.978166697347804e-01 1.000000009850396e+00
3.812500000000000e-01 7.093143660094854e-01 1.000000010234203e+00
3.843750000000000e-01 7.209852382600603e-01 1.000000010618010e+00
3.875000000000000e-01 7.328321358785219e-01 1.000000011049792e+00
3.906250000000000e-01 7.448579512327029e-01 1.000000011481575e+00
3.937500000000000e-01 7.570656203724140e-01 1.000000011913357e+00
3.968750000000000e-01 7.694581237462648e-01 1.000000012393116e+00
4.000000000000000e-01 7.820384869293291e-01 1.000000012872874e+00
4.031250000000000e-01 7.948097813618253e-01 1.000000013400609e+00
4.062500000000000e-01 8.077751250989945e-01 1.000000013928343e+00
4.093750000000000e-01 8.209376835723596e-01 1.000000014504053e+00
4.125000000000000e-01 8.343006703625532e-01 1.000000015079763e+00
4.156250000000000e-01 8.478673479838968e-01 1.000000015703449e+00
4.187500000000000e-01 8.616410286809313e-01 1.000000016327135e+00
4.218750000000000e-01 8.756250752370857e-01 1.000000016998797e+00
4.250000000000000e-01 8.898229017956865e-01 1.000000017718435e+00
4.281250000000000e-01 9.042379746935050e-01 1.000000018438073e+00
4.312500000000000e-01 9.188738133070491e-01 1.000000019205686e+00
4.343750000000000e-01 9.337339909118028e-01 1.000000020021276e+00
4.375000000000000e-01 9.488221355546261e-01 1.000000020884841e+00
4.406250000000000e-01 9.641419309395265e-01 1.000000021796382e+00
4.437500000000000e-01 9.796971173270190e-01 1.000000022755899e+00
4.468750000000000e-01 9.954914924472941e-01 1.000000023763391e+00
4.500000000000000e-01 1.011528912427417e+00 1.000000024818860e+00
4.531250000000000e-01 1.027813292732786e+00 1.000000025922305e+00
4.562500000000000e-01 1.044348609123070e+00 1.000000027073725e+00
4.593750000000000e-01 1.061138898622882e+00 1.000000028273121e+00
4.625000000000000e-01 1.078188260507393e+00 1.000000029568469e+00
4.656250000000000e-01 1.095500857303154e+00 1.000000030959769e+00
4.687500000000000e-01 1.113080915804360e+00 1.000000032399044e+00
4.718750000000000e-01 1.130932728104805e+00 1.000000033934271e+00
4.750000000000000e-01 1.149060652645771e+00 1.000000035517474e+00
4.781250000000000e-01 1.167469115280130e+00 1.000000037244605e+00
4.812500000000000e-01 1.186162610352890e+00 1.000000039067687e+00
4.843750000000000e-01 1.205145701798475e+00 1.000000040986721e+00
4.875000000000000e-01 1.224423024254985e+00 1.000000043001706e+00
4.906250000000000e-01 1.243999284195726e+00 1.000000045160619e+00
4.937500000000000e-01 1.263879261078271e+00 1.000000047463460e+00
4.968750000000000e-01 1.284067808511348e+00 1.000000049910228e+00
5.000000000000000e-01 1.304569855439823e+00 1.000000052500924e+00
5.031250000000000e-01 1.325390407348082e+00 1.000000055235547e+00
5.062500000000000e-01 1.346534547482100e+00 1.000000058162074e+00
5.093750000000000e-01 1.368007438090487e+00 1.000000061280504e+00
5.125000000000001e-01 1.389814321684837e+00 1.000000064638814e+00
5.156250000000000e-01 1.411960522319654e+00 1.000000068189026e+00
5.187500000000000e-01 1.434451446892208e+00 1.000000071979119e+00
5.218750000000000e-01 1.457292586462593e+00 1.000000076057066e+00
5.250000000000000e-01 1.480489517594354e+00 1.000000080422868e+00
5.281250000000001e-01 1.504047903715979e+00 1.000000085124501e+00
5.312500000000000e-01 1.527973496503592e+00 1.000000090161965e+00
5.343750000000000e-01 1.552272137285215e+00 1.000000095583237e+00
5.375000000000000e-01 1.576949758466886e+00 1.000000101388314e+00
5.406250000000000e-01 1.602012384981041e+00 1.000000107673151e+00
5.437500000000001e-01 1.627466135757470e+00 1.000000114437746e+00
5.468750000000000e-01 1.653317225217225e+00 1.000000121730075e+00
5.500000000000000e-01 1.679571964789851e+00 1.000000129646091e+00
5.531250000000000e-01 1.706236764454286e+00 1.000000138185792e+00
5.562500000000000e-01 1.733318134303830e+00 1.000000147445132e+00
5.593750000000001e-01 1.760822686135563e+00 1.000000157520061e+00
5.625000000000000e-01 1.788757135064574e+00 1.000000168458556e+00
5.656250000000000e-01 1.817128301163438e+00 1.000000180356567e+00
5.687500000000000e-01 1.845943111127301e+00 1.000000193358024e+00
5.718750000000000e-01 1.875208599965003e+00 1.000000207510901e+00
5.750000000000001e-01 1.904931912716643e+00 1.000000223055078e+00
5.781250000000000e-01 1.935120306198011e+00 1.000000240086508e+00
5.812500000000000e-01 1.965781150772311e+00 1.000000258701140e+00
5.843750000000000e-01 1.996921932149593e+00 1.000000279234808e+00
5.875000000000000e-01 2.028550253214365e+00 1.000000301879413e+00
5.906250000000001e-01 2.060673835881802e+00 1.000000326778885e+00
5.937500000000000e-01 2.093300522983012e+00 1.000000354365006e+00
5.968750000000000e-01 2.126438280179837e+00 1.000000384925630e+00
6.000000000000001e-01 2.160095197909630e+00 1.000000418844567e+00
6.031250000000000e-01 2.194279493360494e+00 1.000000456601574e+00
6.062500000000001e-01 2.228999512477486e+00 1.000000498724386e+00
6.093750000000000e-01 2.264263732000228e+00 1.000000545884667e+00
6.125000000000000e-01 2.300080761532477e+00 1.000000598706103e+00
6.156250000000001e-01 2.336459345644116e+00 1.000000657908334e+00
6.187500000000000e-01 2.373408366006099e+00 1.000000724738733e+00
6.218750000000001e-01 2.410936843558884e+00 1.000000800444675e+00
6.250000000000000e-01 2.449053940714840e+00 1.000000885793776e+00
6.281250000000000e-01 2.487768963595221e+00 1.000000982657098e+00
6.312500000000001e-01 2.527091364302215e+00 1.000001093817248e+00
6.343750000000000e-01 2.567030743226622e+00 1.000001220905410e+00
6.375000000000001e-01 2.607596851391758e+00 1.000001365408843e+00
6.406250000000000e-01 2.648799592834118e+00 1.000001531789317e+00
6.437500000000000e-01 2.690649027021411e+00 1.000001726043832e+00
6.468750000000001e-01 2.733155371308524e+00 1.000001951098937e+00
6.500000000000000e-01 2.776329003432049e+00 1.000002208681787e+00
6.531250000000001e-01 2.820180464043967e+00 1.000002508435577e+00
6.562500000000000e-01 2.864720459285089e+00 1.000002866528250e+00
6.593750000000000e-01 2.909959863398929e+00 1.000003289532582e+00
6.625000000000001e-01 2.955909721386590e+00 1.000003772986884e+00
6.656250000000000e-01 3.002581251703353e+00 1.000004330756324e+00
6.687500000000001e-01 3.049985848997626e+00 1.000005007794618e+00
6.718750000000000e-01 3.098135086892879e+00 1.000005835046607e+00
6.750000000000000e-01 3.147040720813310e+00 1.000006779936844e+00
6.781250000000001e-01 3.196714690853871e+00 1.000007797703849e+00
6.812500000000000e-01 3.247169124695383e+00 1.000008938291145e+00
6.843750000000001e-01 3.298416340565477e+00 1.000010332194791e+00
6.875000000000000e-01 3.350468850246008e+00 1.000011989059108e+00
6.906250000000000e-01 3.403339362127777e+00 1.000013591952608e+00
6.937500000000001e-01 3.457040784313211e+00 1.000014704048441e+00
6.968750000000000e-01 3.511586227767823e+00 1.000015230687179e+00
7.000000000000001e-01 3.566989009521205e+00 1.000015387186783e+00
7.031250000000000e-01 3.623262655918307e+00 1.000015302700023e+00
7.062500000000000e-01 3.680420905921852e+00 1.000015173691008e+00
7.093750000000001e-01 3.738477714466631e+00 1.000018883054644e+00
7.125000000000000e-01 3.797447255866536e+00 1.000048180822916e+00
7.156250000000001e-01 3.857343927275175e+00 1.000168577787998e+00
7.187500000000000e-01 3.918182352200844e+00 1.000506477443249e+00
7.218750000000000e-01 3.979977384076828e+00 1.001226338946058e+00
7.250000000000001e-01 4.042744109887770e+00 1.002462632007068e+00
7.281250000000000e-01 4.106497853853101e+00 1.004243333127553e+00
7.312500000000001e-01 4.171254181168399e+00 1.006454687617138e+00
7.343750000000000e-01 4.237028901805528e+00 1.008868592113306e+00
7.375000000000000e-01 4.303838074372613e+00 1.011213813284580e+00
7.406250000000001e-01 4.371698010034643e+00 1.013252738478898e+00
7.437500000000000e-01 4.440625276495786e+00 1.014832773707633e+00
7.468750000000001e-01 4.510636702044332e+00 1.015901728276769e+00
7.500000000000000e-01 4.581749379661216e+00 1.016493856608637e+00
7.531250000000000e-01 4.653980671193226e+00 1.016700768943217e+00
7.562500000000001e-01 4.727348211591802e+00 1.016640384712629e+00
7.593750000000000e-01 4.801869913218528e+00 1.016431993213385e+00
7.625000000000001e-01 4.877563970218381e+00 1.016180252081279e+00
7.656250000000000e-01 4.954448862961714e+00 1.015967482528744e+00
7.687500000000000e-01 5.032543362556198e+00 1.015852078112719e+00
7.718750000000001e-01 5.111866535429675e+00 1.015870620615846e+00
7.750000000000000e-01 5.192437747985146e+00 1.016041724563756e+00
7.781250000000001e-01 5.274276671329015e+00 1.016370252950579e+00
7.812500000000000e-01 5.357403286073669e+00 1.016851126382470e+00
7.843750000000000e-01 5.441837887215693e+00 1.017472400341686e+00
7.875000000000001e-01 5.527601089090773e+00 1.018217566411599e+00
7.906250000000000e-01 5.614713830406605e+00 1.019067157742177e+00
7.937500000000001e-01 5.703197379355005e+00 1.019999758520677e+00
7.968750000000000e-01 5.793073338804412e+00 1.020992525957824e+00
8.000000000000000e-01 5.884363651574169e+00 1.022021374495494e+00
8.031250000000001e-01 5.977090605791737e+00 1.023061004780468e+00
8.062500000000000e-01 6.071276840334257e+00 1.024084906404476e+00
8.093750000000001e-01 6.166945350355728e+00 1.025065342981064e+00
8.125000000000000e-01 6.264119492901173e+00 1.025973278025281e+00
8.156250000000000e-01 6.362822992609162e+00 1.026778372832703e+00
8.187500000000001e-01 6.463079947504072e+00 1.027449563063949e+00
8.218750000000000e-01 6.564914834879517e+00 1.027957030197899e+00
8.250000000000001e-01 6.668352517274371e+00 1.028276231858483e+00
8.281250000000000e-01 6.773418248542846e+00 1.028393814662546e+00
8.312500000000000e-01 6.880137680020114e+00 1.028313932090208e+00
8.343750000000001e-01 6.988536866784961e+00 1.028062448356082e+00
8.375000000000000e-01 7.098642274021019e+00 1.027686533938716e+00
8.406250000000001e-01 7.210480783478133e+00 1.027248521997495e+00
8.437500000000000e-01 7.324079700035414e+00 1.026815020486671e+00
8.468750000000000e-01 7.439466758367605e+00 1.026444109818643e+00
8.500000000000001e-01 7.556670129716381e+00 1.026174191216344e+00
8.531250000000000e-01 7.675718428768239e+00 1.026017527924402e+00
8.562500000000001e-01 7.796640720640633e+00 1.025960101742314e+00
8.593750000000000e-01 7.919466527978115e+00 1.025967594531798e+00
8.625000000000000e-01 8.044225838160141e+00 1.025995577674832e+00
8.656250000000001e-01 8.170949110622363e+00 1.026000837018763e+00
8.687500000000000e-01 8.299667284293170e+00 1.025950596709675e+00
8.718750000000001e-01 8.430411785147284e+00 1.025827377503487e+00
8.750000000000000e-01 8.563214533878281e+00 1.025628952281717e+00
8.781250000000000e-01 8.698107953691880e+00 1.025364571414809e+00
8.812500000000001e-01 8.835124978221932e+00 1.025049578186837e+00
8.843750000000000e-01 8.974299059571019e+00 1.024700451520810e+00
8.875000000000001e-01 9.115664176477637e+00 1.024331492918751e+00
8.906250000000000e-01 9.259254842611947e+00 1.023953390598710e+00
8.937500000000000e-01 9.405106115002161e+00 1.023573210621110e+00
8.968750000000001e-01 9.553253602593529e+00 1.023195136914190e+00
9.000000000000000e-01 9.703733474942130e+00 1.022821394418399e+00
9.031250000000001e-01 9.856582471045494e+00 1.022453034355328e+00
9.062500000000000e-01 1.001183790831228e+01 1.022090477862588e+00
9.093750000000000e-01 1.016953769167313e+01 1.021733840082633e+00
9.125000000000001e-01 1.032972032283505e+01 1.021383101286330e+00
9.156250000000000e-01 1.049242490968134e+01 1.021038187932884e+00
9.187500000000001e-01 1.065769117581972e+01 1.020699007477395e+00
9.218750000000000e-01 1.082555947028058e+01 1.020365462202941e+00
9.250000000000000e-01 1.099607077736805e+01 1.020037453922215e+00
9.281250000000001e-01 1.116926672666618e+01 1.019714885685682e+00
9.312500000000000e-01 1.134518960320255e+01 1.019397662312823e+00
9.343750000000001e-01 1.152388235777201e+01 1.019085690286978e+00
9.375000000000000e-01 1.170538861742293e+01 1.018778877943837e+00
9.406250000000000e-01 1.188975269610854e+01 1.018477135366612e+00
9.437500000000001e-01 1.207701960550600e+01 1.018180374379283e+00
9.468750000000000e-01 1.226723506600578e+01 1.017888508442374e+00
9.500000000000001e-01 1.246044551787411e+01 1.017601452646723e+00
9.531250000000000e-01 1.265669813259115e+01 1.017319123707436e+00
9.562500000000000e-01 1.285604082436773e+01 1.017041439909214e+00
9.593750000000001e-01 1.305852226184337e+01 1.016768321100720e+00
9.625000000000000e-01 1.326419187996850e+01 1.016499688591568e+00
9.656250000000001e-01 1.347309989207381e+01 1.016235465244640e+00
9.687500000000000e-01 1.368529730212962e+01 1.015975575227207e+00
9.718750000000000e-01 1.390083591719824e+01 1.015719944249873e+00
9.750000000000001e-01 1.411976836008246e+01 1.015468499318102e+00
9.781250000000000e-01 1.434214808217320e+01 1.015221168825193e+00
9.812500000000001e-01 1.456802937649935e+01 1.014977882499151e+00
9.843750000000000e-01 1.479746739098328e+01 1.014738571349759e+00
9.875000000000000e-01 1.503051814190487e+01 1.014503167664506e+00
9.906250000000001e-01 1.526723852757770e+01 1.014271604907316e+00
9.937500000000000e-01 1.550768634224049e+01 1.014043817860763e+00
9.968750000000001e-01 1.575192029016732e+01 1.013819742476366e+00
1.000000000000000e+00 1.600000000000000e+01 1.013599315773812e+00
