0.000000000000000e+00 0.000000000000000e+00 1.000000000000000e+00
3.125000000000000e-03 3.369263549427258e-03 1.034386690840805e+00
6.250000000000000e-03 6.739349689698711e-03 1.011821918149677e+00
9.375000000000001e-03 1.011108121249049e-02 1.007286166946304e+00
1.250000000000000e-02 1.348528131119160e-02 1.005278558743681e+00
1.562500000000000e-02 1.686277378188298e-02 1.004140325529644e+00
1.875000000000000e-02 2.024438322446370e-02 1.003406016795588e+00
2.187500000000000e-02 2.363093524397333e-02 1.002892601030031e+00
2.500000000000000e-02 2.702325665215984e-02 1.002513244777278e+00
2.812500000000000e-02 3.042217566934200e-02 1.002221395402432e+00
3.125000000000000e-02 3.382852212661575e-02 1.001989834498677e+00
3.437500000000000e-02 3.724312766845378e-02 1.001801578353272e+00
3.750000000000001e-02 4.066682595574785e-02 1.001645478388574e+00
4.062500000000000e-02 4.410045286934348e-02 1.001513912322373e+00
4.375000000000000e-02 4.754484671411652e-02 1.001401491565743e+00
4.687500000000000e-02 5.100084842364160e-02 1.001304298558594e+00
5.000000000000000e-02 5.446930176550237e-02 1.001219416827112e+00
5.312500000000001e-02 5.795105354729364e-02 1.001144630287929e+00
5.625000000000000e-02 6.144695382336569e-02 1.001078224875488e+00
5.937500000000000e-02 6.495785610236132e-02 1.001018854036501e+00
6.250000000000000e-02 6.848461755559625e-02 1.000965445090652e+00
6.562500000000000e-02 7.202809922633362e-02 1.000917133108756e+00
6.875000000000001e-02 7.558916624000402e-02 1.000873212905725e+00
7.187500000000001e-02 7.916868801542200e-02 1.000833103723132e+00
7.500000000000001e-02 8.276753847705080e-02 1.000796323025396e+00
7.812500000000000e-02 8.638659626836727e-02 1.000762466518637e+00
8.125000000000000e-02 9.002674496637868e-02 1.000731192985768e+00
8.437500000000001e-02 9.368887329734420e-02 1.000702212332671e+00
8.750000000000001e-02 9.737387535375355e-02 1.000675276442875e+00
9.062500000000001e-02 1.010826508126157e-01 1.000650171838038e+00
9.375000000000000e-02 1.048161051551108e-01 1.000626713862915e+00
9.687500000000000e-02 1.085751498876601e-01 1.000604741913510e+00
1.000000000000000e-01 1.123607027644654e-01 1.000584115747951e+00
1.031250000000000e-01 1.161736880115753e-01 1.000564712238981e+00
1.062500000000000e-01 1.200150365525305e-01 1.000546422928192e+00
1.093750000000000e-01 1.238856862356450e-01 1.000529151821187e+00
1.125000000000000e-01 1.277865820629775e-01 1.000512813783884e+00
1.156250000000000e-01 1.317186764210495e-01 1.000497332939235e+00
1.187500000000000e-01 1.356829293133661e-01 1.000482641464677e+00
1.218750000000000e-01 1.396803085947971e-01 1.000468678590037e+00
1.250000000000000e-01 1.437117902078738e-01 1.000455389675723e+00
1.281250000000000e-01 1.477783584210617e-01 1.000442725411202e+00
1.312500000000000e-01 1.518810060690650e-01 1.000430641293872e+00
1.343750000000000e-01 1.560207347952229e-01 1.000419096907863e+00
1.375000000000000e-01 1.601985552960564e-01 1.000408055683364e+00
1.406250000000000e-01 1.644154875680252e-01 1.000397484215634e+00
1.437500000000000e-01 1.686725611565558e-01 1.000387352064499e+00
1.468750000000000e-01 1.729708154074000e-01 1.000377631353729e+00
1.500000000000000e-01 1.773112997203869e-01 1.000368296650691e+00
1.531250000000000e-01 1.816950738056289e-01 1.000359324565809e+00
1.562500000000000e-01 1.861232079422458e-01 1.000350693592248e+00
1.593750000000000e-01 1.905967832396682e-01 1.000342383905604e+00
1.625000000000000e-01 1.951168919015860e-01 1.000334377243668e+00
1.656250000000000e-01 1.996846374926046e-01 1.000326656746182e+00
1.687500000000000e-01 2.043011352076760e-01 1.000319206754580e+00
1.718750000000000e-01 2.089675121443681e-01 1.000312012851927e+00
1.750000000000000e-01 2.136849075780412e-01 1.000305061542597e+00
1.781250000000000e-01 2.184544732399964e-01 1.000298340412325e+00
1.812500000000000e-01 2.232773735986666e-01 1.000291837807903e+00
1.843750000000000e-01 2.281547861439151e-01 1.000285542917187e+00
1.875000000000000e-01 2.330879016745160e-01 1.000279445648961e+00
1.906250000000000e-01 2.380779245888810e-01 1.000273536552836e+00
1.937500000000000e-01 2.431260731791094e-01 1.000267806819210e+00
1.968750000000000e-01 2.482335799284277e-01 1.000262248199181e+00
2.000000000000000e-01 2.534016918120952e-01 1.000256852924453e+00
2.031250000000000e-01 2.586316706018478e-01 1.000251613787375e+00
2.062500000000000e-01 2.639247931739538e-01 1.000246523940768e+00
2.093750000000000e-01 2.692823518209576e-01 1.000241576977963e+00
2.125000000000000e-01 2.747056545671873e-01 1.000236766892755e+00
2.156250000000000e-01 2.801960254881028e-01 1.000232087999327e+00
2.187500000000000e-01 2.857548050335636e-01 1.000227534932238e+00
2.218750000000000e-01 2.913833503550930e-01 1.000223102646406e+00
2.250000000000000e-01 2.970830356372213e-01 1.000218786377070e+00
2.281250000000000e-01 3.028552524329863e-01 1.000214581599749e+00
2.312500000000000e-01 3.087014100036755e-01 1.000210484070261e+00
2.343750000000000e-01 3.146229356628902e-01 1.000206489744660e+00
2.375000000000000e-01 3.206212751250189e-01 1.000202594819251e+00
2.406250000000000e-01 3.266978928582008e-01 1.000198795610507e+00
2.437500000000000e-01 3.328542724418705e-01 1.000195088715163e+00
2.468750000000000e-01 3.390919169289667e-01 1.000191470890133e+00
2.500000000000000e-01 3.454123492128958e-01 1.000187938972453e+00
2.531250000000000e-01 3.518171123993401e-01 1.000184490039377e+00
2.562500000000000e-01 3.583077701830001e-01 1.000181121288296e+00
2.593750000000000e-01 3.648859072293631e-01 1.000177830036732e+00
2.625000000000000e-01 3.715531295615936e-01 1.000174613722336e+00
2.656250000000000e-01 3.783110649526354e-01 1.000171469902883e+00
2.687500000000000e-01 3.851613633226258e-01 1.000168396296292e+00
2.718750000000000e-01 3.921056971417164e-01 1.000165390660551e+00
2.750000000000000e-01 3.991457618383991e-01 1.000162450913785e+00
2.781250000000000e-01 4.062832762134377e-01 1.000159575014181e+00
2.812500000000000e-01 4.135199828595055e-01 1.000156761040035e+00
2.843750000000000e-01 4.208576485866312e-01 1.000154007109699e+00
2.875000000000000e-01 4.282980648535585e-01 1.000151311461629e+00
2.906250000000000e-01 4.358430482051222e-01 1.000148672374334e+00
2.937500000000000e-01 4.434944407157500e-01 1.000146088286446e+00
2.968750000000000e-01 4.512541104391968e-01 1.000143557596597e+00
3.000000000000000e-01 4.591239518646220e-01 1.000141078823517e+00
3.031250000000000e-01 4.671058863791195e-01 1.000138650525979e+00
3.062500000000000e-01 4.752018627368176e-01 1.000136271302804e+00
3.093750000000000e-01 4.834138575346580e-01 1.000133939832878e+00
3.125000000000000e-01 4.917438756949728e-01 1.000131654875154e+00
3.156250000000000e-01 5.001939509549778e-01 1.000129415188600e+00
3.187500000000000e-01 5.087661463633005e-01 1.000127219572227e+00
3.218750000000000e-01 5.174625547836644e-01 1.000125066905107e+00
3.250000000000000e-01 5.262852994058529e-01 1.000122956066329e+00
3.281250000000000e-01 5.352365342640750e-01 1.000120886055061e+00
3.312500000000000e-01 5.443184447628656e-01 1.000118855830465e+00
3.343750000000000e-01 5.535332482106405e-01 1.000116864391737e+00
3.375000000000000e-01 5.628831943610435e-01 1.000114910818131e+00
3.406250000000000e-01 5.723705659622137e-01 1.000112994188913e+00
3.437500000000000e-01 5.819976793141081e-01 1.000111113623382e+00
3.468750000000000e-01 5.917668848340161e-01 1.000109268240847e+00
3.500000000000000e-01 6.016805676304035e-01 1.000107457280694e+00
3.531250000000000e-01 6.117411480852264e-01 1.000105679902275e+00
3.562500000000000e-01 6.219510824448572e-01 1.000103935344993e+00
3.593750000000000e-01 6.323128634197650e-01 1.000102222848261e+00
3.625000000000000e-01 6.428290207931012e-01 1.000100541731546e+00
3.656250000000000e-01 6.535021220383342e-01 1.000098891274296e+00
3.687500000000000e-01 6.643347729460869e-01 1.000097270836014e+00
3.718750000000000e-01 6.753296182603294e-01 1.000095679736187e+00
3.750000000000000e-01 6.864893423240808e-01 1.000094117334330e+00
3.781250000000000e-01 6.978166697347804e-01 1.000092583029987e+00
3.812500000000000e-01 7.093143660094854e-01 1.000091076222707e+00
3.843750000000000e-01 7.209852382600603e-01 1.000089596352068e+00
3.875000000000000e-01 7.328321358785219e-01 1.000088142857650e+00
3.906250000000000e-01 7.448579512327029e-01 1.000086715219064e+00
3.937500000000000e-01 7.570656203724140e-01 1.000085312875902e+00
3.968750000000000e-01 7.694581237462648e-01 1.000083935347803e+00
4.000000000000000e-01 7.820384869293291e-01 1.000082582114393e+00
4.031250000000000e-01 7.948097813618253e-01 1.000081252735340e+00
4.062500000000000e-01 8.077751250989945e-01 1.000079946730299e+00
4.093750000000000e-01 8.209376835723596e-01 1.000078663658946e+00
4.125000000000000e-01 8.343006703625532e-01 1.000077403080966e+00
4.156250000000000e-01 8.478673479838968e-01 1.000076164556043e+00
4.187500000000000e-01 8.616410286809313e-01 1.000074947723909e+00
4.218750000000000e-01 8.756250752370857e-01 1.000073752184277e+00
4.250000000000000e-01 8.898229017956865e-01 1.000072577496844e+00
4.281250000000000e-01 9.042379746935050e-01 1.000071423341371e+00
4.312500000000000e-01 9.188738133070491e-01 1.000070289357603e+00
4.343750000000000e-01 9.337339909118028e-01 1.000069175185284e+00
4.375000000000000e-01 9.488221355546261e-01 1.000068080504186e+00
4.406250000000000e-01 9.641419309395265e-01 1.000067004954061e+00
4.437500000000000e-01 9.796971173270190e-01 1.000065948294724e+00
4.468750000000000e-01 9.954914924472941e-01 1.000064910165931e+00
4.500000000000000e-01 1.011528912427417e+00 1.000063890327504e+00
4.531250000000000e-01 1.027813292732786e+00 1.000062888459224e+00
4.562500000000000e-01 1.044348609123070e+00 1.000061904320916e+00
4.593750000000000e-01 1.061138898622882e+00 1.000060937672406e+00
4.625000000000000e-01 1.078188260507393e+00 1.000059988273523e+00
4.656250000000000e-01 1.095500857303154e+00 1.000059055924116e+00
4.687500000000000e-01 1.113080915804360e+00 1.000058140384017e+00
4.718750000000000e-01 1.130932728104805e+00 1.000057241453080e+00
4.750000000000000e-01 1.149060652645771e+00 1.000056358971180e+00
4.781250000000000e-01 1.167469115280130e+00 1.000055492778194e+00
4.812500000000000e-01 1.186162610352890e+00 1.000054642713999e+00
4.843750000000000e-01 1.205145701798475e+00 1.000053808658495e+00
4.875000000000000e-01 1.224423024254985e+00 1.000052990491582e+00
4.906250000000000e-01 1.243999284195726e+00 1.000052188133180e+00
4.937500000000000e-01 1.263879261078271e+00 1.000051401503213e+00
4.968750000000000e-01 1.284067808511348e+00 1.000050630601643e+00
5.000000000000000e-01 1.304569855439823e+00 1.000049875348395e+00
5.031250000000000e-01 1.325390407348082e+00 1.000049135783452e+00
5.062500000000000e-01 1.346534547482100e+00 1.000048411946800e+00
5.093750000000000e-01 1.368007438090487e+00 1.000047703878424e+00
5.125000000000001e-01 1.389814321684837e+00 1.000047011738370e+00
5.156250000000000e-01 1.411960522319654e+00 1.000046335646662e+00
5.187500000000000e-01 1.434451446892208e+00 1.000045675803366e+00
5.218750000000000e-01 1.457292586462593e+00 1.000045032488588e+00
5.250000000000000e-01 1.480489517594354e+00 1.000044406022451e+00
5.281250000000001e-01 1.504047903715979e+00 1.000043796765101e+00
5.312500000000000e-01 1.527973496503592e+00 1.000043205196738e+00
5.343750000000000e-01 1.552272137285215e+00 1.000042631837585e+00
5.375000000000000e-01 1.576949758466886e+00 1.000042077367942e+00
5.406250000000000e-01 1.602012384981041e+00 1.000041542508126e+00
5.437500000000001e-01 1.627466135757470e+00 1.000041028178553e+00
5.468750000000000e-01 1.653317225217225e+00 1.000040535379675e+00
5.500000000000000e-01 1.679571964789851e+00 1.000040065272022e+00
5.531250000000000e-01 1.706236764454286e+00 1.000039619296260e+00
5.562500000000000e-01 1.733318134303830e+00 1.000039199093149e+00
5.593750000000001e-01 1.760822686135563e+00 1.000038806383486e+00
5.625000000000000e-01 1.788757135064574e+00 1.000038443328283e+00
5.656250000000000e-01 1.817128301163438e+00 1.000038112528760e+00
5.687500000000000e-01 1.845943111127301e+00 1.000037816626158e+00
5.718750000000000e-01 1.875208599965003e+00 1.000037558781969e+00
5.750000000000001e-01 1.904931912716643e+00 1.000037342878031e+00
5.781250000000000e-01 1.935120306198011e+00 1.000037172996282e+00
5.812500000000000e-01 1.965781150772311e+00 1.000037053618853e+00
5.843750000000000e-01 1.996921932149593e+00 1.000036990068286e+00
5.875000000000000e-01 2.028550253214365e+00 1.000036988227401e+00
5.906250000000001e-01 2.060673835881802e+00 1.000037054139103e+00
5.937500000000000e-01 2.093300522983012e+00 1.000037194046410e+00
5.968750000000000e-01 2.126438280179837e+00 1.000037414352435e+00
6.000000000000001e-01 2.160095197909630e+00 1.000037721500334e+00
6.031250000000000e-01 2.194279493360494e+00 1.000038120332522e+00
6.062500000000001e-01 2.228999512477486e+00 1.000038612329823e+00
6.093750000000000e-01 2.264263732000228e+00 1.000039195411370e+00
6.125000000000000e-01 2.300080761532477e+00 1.000039862213759e+00
6.156250000000001e-01 2.336459345644116e+00 1.000040595608857e+00
6.187500000000000e-01 2.373408366006099e+00 1.000041362460730e+00
6.218750000000001e-01 2.410936843558884e+00 1.000042109463542e+00
6.250000000000000e-01 2.449053940714840e+00 1.000042762981406e+00
6.281250000000000e-01 2.487768963595221e+00 1.000043232169878e+00
6.312500000000001e-01 2.527091364302215e+00 1.000043414018489e+00
6.343750000000000e-01 2.567030743226622e+00 1.000043220724302e+00
6.375000000000001e-01 2.607596851391758e+00 1.000042677779941e+00
6.406250000000000e-01 2.648799592834118e+00 1.000042146441516e+00
6.437500000000000e-01 2.690649027021411e+00 1.000042713837489e+00
6.468750000000001e-01 2.733155371308524e+00 1.000046896881986e+00
6.500000000000000e-01 2.776329003432049e+00 1.000060129744825e+00
6.531250000000001e-01 2.820180464043967e+00 1.000093908341906e+00
6.562500000000000e-01 2.864720459285089e+00 1.000171428757565e+00
6.593750000000000e-01 2.909959863398929e+00 1.000335206809490e+00
6.625000000000001e-01 2.955909721386590e+00 1.000653037695769e+00
6.656250000000000e-01 3.002581251703353e+00 1.001215484541858e+00
6.687500000000001e-01 3.049985848997626e+00 1.002118988192742e+00
6.718750000000000e-01 3.098135086892879e+00 1.003435968161968e+00
6.750000000000000e-01 3.147040720813310e+00 1.005182917994063e+00
6.781250000000001e-01 3.196714690853871e+00 1.007301615459238e+00
6.812500000000000e-01 3.247169124695383e+00 1.009663168452069e+00
6.843750000000001e-01 3.298416340565477e+00 1.012093558506540e+00
6.875000000000000e-01 3.350468850246008e+00 1.014410187469516e+00
6.906250000000000e-01 3.403339362127777e+00 1.016456399708508e+00
6.937500000000001e-01 3.457040784313211e+00 1.018124613483668e+00
6.968750000000000e-01 3.511586227767823e+00 1.019364834681149e+00
7.000000000000001e-01 3.566989009521205e+00 1.020180582796551e+00
7.031250000000000e-01 3.623262655918307e+00 1.020616864535412e+00
7.062500000000000e-01 3.680420905921852e+00 1.020745103201405e+00
7.093750000000001e-01 3.738477714466631e+00 1.020648749093850e+00
7.125000000000000e-01 3.797447255866536e+00 1.020411732015378e+00
7.156250000000001e-01 3.857343927275175e+00 1.020110514860510e+00
7.187500000000000e-01 3.918182352200844e+00 1.019809559577359e+00
7.218750000000000e-01 3.979977384076828e+00 1.019559535883246e+00
7.250000000000001e-01 4.042744109887770e+00 1.019397454395586e+00
7.281250000000000e-01 4.106497853853101e+00 1.019347979234288e+00
7.312500000000001e-01 4.171254181168399e+00 1.019425309129924e+00
7.343750000000000e-01 4.237028901805528e+00 1.019635203577699e+00
7.375000000000000e-01 4.303838074372613e+00 1.019976881543034e+00
7.406250000000001e-01 4.371698010034643e+00 1.020444665569100e+00
7.437500000000000e-01 4.440625276495786e+00 1.021029319304855e+00
7.468750000000001e-01 4.510636702044332e+00 1.021719087464610e+00
7.500000000000000e-01 4.581749379661216e+00 1.022500456826388e+00
7.531250000000000e-01 4.653980671193226e+00 1.023358679102358e+00
7.562500000000001e-01 4.727348211591802e+00 1.024278092502156e+00
7.593750000000000e-01 4.801869913218528e+00 1.025242288736497e+00
7.625000000000001e-01 4.877563970218381e+00 1.026234160080593e+00
7.656250000000000e-01 4.954448862961714e+00 1.027235865341187e+00
7.687500000000000e-01 5.032543362556198e+00 1.028228752434135e+00
7.718750000000001e-01 5.111866535429675e+00 1.029193286955345e+00
7.750000000000000e-01 5.192437747985146e+00 1.030109035100798e+00
7.781250000000001e-01 5.274276671329015e+00 1.030954746315613e+00
7.812500000000000e-01 5.357403286073669e+00 1.031708587560649e+00
7.843750000000000e-01 5.441837887215693e+00 1.032348628795931e+00
7.875000000000001e-01 5.527601089090773e+00 1.032853758645624e+00
7.906250000000000e-01 5.614713830406605e+00 1.033205262789455e+00
7.937500000000001e-01 5.703197379355005e+00 1.033389222765465e+00
7.968750000000000e-01 5.793073338804412e+00 1.033399619030097e+00
8.000000000000000e-01 5.884363651574169e+00 1.033241578986055e+00
8.031250000000001e-01 5.977090605791737e+00 1.032933783244685e+00
8.062500000000000e-01 6.071276840334257e+00 1.032508891635996e+00
8.093750000000001e-01 6.166945350355728e+00 1.032011175632962e+00
8.125000000000000e-01 6.264119492901173e+00 1.031491310504383e+00
8.156250000000000e-01 6.362822992609162e+00 1.030999202439009e+00
8.187500000000001e-01 6.463079947504072e+00 1.030576406742709e+00
8.218750000000000e-01 6.564914834879517e+00 1.030249866414760e+00
8.250000000000001e-01 6.668352517274371e+00 1.030028349761893e+00
8.281250000000000e-01 6.773418248542846e+00 1.029902284621914e+00
8.312500000000000e-01 6.880137680020114e+00 1.029846910827736e+00
8.343750000000001e-01 6.988536866784961e+00 1.029827973925652e+00
8.375000000000000e-01 7.098642274021019e+00 1.029808669113408e+00
8.406250000000001e-01 7.210480783478133e+00 1.029756305275486e+00
8.437500000000000e-01 7.324079700035414e+00 1.029647281595188e+00
8.468750000000000e-01 7.439466758367605e+00 1.029469471472448e+00
8.500000000000001e-01 7.556670129716381e+00 1.029221864681874e+00
8.531250000000000e-01 7.675718428768239e+00 1.028912070478707e+00
8.562500000000001e-01 7.796640720640633e+00 1.028552757509440e+00
8.593750000000000e-01 7.919466527978115e+00 1.028158152800580e+00
8.625000000000000e-01 8.044225838160141e+00 1.027741401370390e+00
8.656250000000001e-01 8.170949110622363e+00 1.027313100212865e+00
8.687500000000000e-01 8.299667284293170e+00 1.026880891653886e+00
8.718750000000001e-01 8.430411785147284e+00 1.026449765117723e+00
8.750000000000000e-01 8.563214533878281e+00 1.026022681436960e+00
8.781250000000000e-01 8.698107953691880e+00 1.025601230862767e+00
8.812500000000001e-01 8.835124978221932e+00 1.025186169880737e+00
8.843750000000000e-01 8.974299059571019e+00 1.024777793931155e+00
8.875000000000001e-01 9.115664176477637e+00 1.024376165338401e+00
8.906250000000000e-01 9.259254842611947e+00 1.023981238432556e+00
8.937500000000000e-01 9.405106115002161e+00 1.023592922225420e+00
8.968750000000001e-01 9.553253602593529e+00 1.023211108950563e+00
9.000000000000000e-01 9.703733474942130e+00 1.022835685959160e+00
9.031250000000001e-01 9.856582471045494e+00 1.022466540510018e+00
9.062500000000000e-01 1.001183790831228e+01 1.022103561235969e+00
9.093750000000000e-01 1.016953769167313e+01 1.021746638789515e+00
9.125000000000001e-01 1.032972032283505e+01 1.021395665874237e+00
9.156250000000000e-01 1.049242490968134e+01 1.021050537276389e+00
9.187500000000001e-01 1.065769117581972e+01 1.020711149896690e+00
9.218750000000000e-01 1.082555947028058e+01 1.020377402537293e+00
9.250000000000000e-01 1.099607077736805e+01 1.020049196056806e+00
9.281250000000001e-01 1.116926672666618e+01 1.019726433198768e+00
9.312500000000000e-01 1.134518960320255e+01 1.019409018624662e+00
9.343750000000001e-01 1.152388235777201e+01 1.019096858743164e+00
9.375000000000000e-01 1.170538861742293e+01 1.018789861825300e+00
9.406250000000000e-01 1.188975269610854e+01 1.018487937915804e+00
9.437500000000001e-01 1.207701960550600e+01 1.018190998704082e+00
9.468750000000000e-01 1.226723506600578e+01 1.017898957639989e+00
9.500000000000001e-01 1.246044551787411e+01 1.017611729764526e+00
9.531250000000000e-01 1.265669813259115e+01 1.017329231703844e+00
9.562500000000000e-01 1.285604082436773e+01 1.017051381744814e+00
9.593750000000001e-01 1.305852226184337e+01 1.016778099625816e+00
9.625000000000000e-01 1.326419187996850e+01 1.016509306612766e+00
9.656250000000001e-01 1.347309989207381e+01 1.016244925493829e+00
9.687500000000000e-01 1.368529730212962e+01 1.015984880452319e+00
9.718750000000000e-01 1.390083591719824e+01 1.015729097061864e+00
9.750000000000001e-01 1.411976836008246e+01 1.015477502362992e+00
9.781250000000000e-01 1.434214808217320e+01 1.015230024655336e+00
9.812500000000001e-01 1.456802937649935e+01 1.014986593615207e+00
9.843750000000000e-01 1.479746739098328e+01 1.014747140210077e+00
9.875000000000000e-01 1.503051814190487e+01 1.014511596653893e+00
9.906250000000001e-01 1.526723852757770e+01 1.014279896443749e+00
9.937500000000000e-01 1.550768634224049e+01 1.014051974274867e+00
9.968750000000001e-01 1.575192029016732e+01 1.013827766036939e+00
1.000000000000000e+00 1.600000000000000e+01 1.013607208770015e+00
