0.000000000000000e+00 0.000000000000000e+00 1.000000000000000e+00
3.125000000000000e-03 3.369263549427258e-03 1.034386687376305e+00
6.250000000000000e-03 6.739349689698711e-03 1.011821905045365e+00
9.375000000000001e-03 1.011108121249049e-02 1.007286158778165e+00
1.250000000000000e-02 1.348528131119160e-02 1.005278552925104e+00
1.562500000000000e-02 1.686277378188298e-02 1.004140320963343e+00
1.875000000000000e-02 2.024438322446370e-02 1.003406012915245e+00
2.187500000000000e-02 2.363093524397333e-02 1.002892597673409e+00
2.500000000000000e-02 2.702325665215984e-02 1.002513241823110e+00
2.812500000000000e-02 3.042217566934200e-02 1.002221392729870e+00
3.125000000000000e-02 3.382852212661575e-02 1.001989832027219e+00
3.437500000000000e-02 3.724312766845378e-02 1.001801576042638e+00
3.750000000000001e-02 4.066682595574785e-02 1.001645476238635e+00
4.062500000000000e-02 4.410045286934348e-02 1.001513910252872e+00
4.375000000000000e-02 4.754484671411652e-02 1.001401489536549e+00
4.687500000000000e-02 5.100084842364160e-02 1.001304296569666e+00
5.000000000000000e-02 5.446930176550237e-02 1.001219414878420e+00
5.312500000000001e-02 5.795105354729364e-02 1.001144628379446e+00
5.625000000000000e-02 6.144695382336569e-02 1.001078223007193e+00
5.937500000000000e-02 6.495785610236132e-02 1.001018852128258e+00
6.250000000000000e-02 6.848461755559625e-02 1.000965443182511e+00
6.562500000000000e-02 7.202809922633362e-02 1.000917131200707e+00
6.875000000000001e-02 7.558916624000402e-02 1.000873210957706e+00
7.187500000000001e-02 7.916868801542200e-02 1.000833101735141e+00
7.500000000000001e-02 8.276753847705080e-02 1.000796320997428e+00
7.812500000000000e-02 8.638659626836727e-02 1.000762464450690e+00
8.125000000000000e-02 9.002674496637868e-02 1.000731190837791e+00
8.437500000000001e-02 9.368887329734420e-02 1.000702210104665e+00
8.750000000000001e-02 9.737387535375355e-02 1.000675274134839e+00
9.062500000000001e-02 1.010826508126157e-01 1.000650169449972e+00
9.375000000000000e-02 1.048161051551108e-01 1.000626711354776e+00
9.687500000000000e-02 1.085751498876601e-01 1.000604739325343e+00
1.000000000000000e-01 1.123607027644654e-01 1.000584113039714e+00
1.031250000000000e-01 1.161736880115753e-01 1.000564709370634e+00
1.062500000000000e-01 1.200150365525305e-01 1.000546419899739e+00
1.093750000000000e-01 1.238856862356450e-01 1.000529148672670e+00
1.125000000000000e-01 1.277865820629775e-01 1.000512810475266e+00
1.156250000000000e-01 1.317186764210495e-01 1.000497329470517e+00
1.187500000000000e-01 1.356829293133661e-01 1.000482637835862e+00
1.218750000000000e-01 1.396803085947971e-01 1.000468674801126e+00
1.250000000000000e-01 1.437117902078738e-01 1.000455385686682e+00
1.281250000000000e-01 1.477783584210617e-01 1.000442721222035e+00
1.312500000000000e-01 1.518810060690650e-01 1.000430636904580e+00
1.343750000000000e-01 1.560207347952229e-01 1.000419092318449e+00
1.375000000000000e-01 1.601985552960564e-01 1.000408050855047e+00
1.406250000000000e-01 1.644154875680252e-01 1.000397479126694e+00
1.437500000000000e-01 1.686725611565558e-01 1.000387346698562e+00
1.468750000000000e-01 1.729708154074000e-01 1.000377625742871e+00
1.500000000000000e-01 1.773112997203869e-01 1.000368290797871e+00
1.531250000000000e-01 1.816950738056289e-01 1.000359318423717e+00
1.562500000000000e-01 1.861232079422458e-01 1.000350687159296e+00
1.593750000000000e-01 1.905967832396682e-01 1.000342377178156e+00
1.625000000000000e-01 1.951168919015860e-01 1.000334370202394e+00
1.656250000000000e-01 1.996846374926046e-01 1.000326649373571e+00
1.687500000000000e-01 2.043011352076760e-01 1.000319199080657e+00
1.718750000000000e-01 2.089675121443681e-01 1.000312004830978e+00
1.750000000000000e-01 2.136849075780412e-01 1.000305053207151e+00
1.781250000000000e-01 2.184544732399964e-01 1.000298331695060e+00
1.812500000000000e-01 2.232773735986666e-01 1.000291828726791e+00
1.843750000000000e-01 2.281547861439151e-01 1.000285533422649e+00
1.875000000000000e-01 2.330879016745160e-01 1.000279435720076e+00
1.906250000000000e-01 2.380779245888810e-01 1.000273526201661e+00
1.937500000000000e-01 2.431260731791094e-01 1.000267796052117e+00
1.968750000000000e-01 2.482335799284277e-01 1.000262236972277e+00
2.000000000000000e-01 2.534016918120952e-01 1.000256841265034e+00
2.031250000000000e-01 2.586316706018478e-01 1.000251601663376e+00
2.062500000000000e-01 2.639247931739538e-01 1.000246511330358e+00
2.093750000000000e-01 2.692823518209576e-01 1.000241563859085e+00
2.125000000000000e-01 2.747056545671873e-01 1.000236753229706e+00
2.156250000000000e-01 2.801960254881028e-01 1.000232073766412e+00
2.187500000000000e-01 2.857548050335636e-01 1.000227520137420e+00
2.218750000000000e-01 2.913833503550930e-01 1.000223087268992e+00
2.250000000000000e-01 2.970830356372213e-01 1.000218770388407e+00
2.281250000000000e-01 3.028552524329863e-01 1.000214564980966e+00
2.312500000000000e-01 3.087014100036755e-01 1.000210466789977e+00
2.343750000000000e-01 3.146229356628902e-01 1.000206471773769e+00
2.375000000000000e-01 3.206212751250189e-01 1.000202576105677e+00
2.406250000000000e-01 3.266978928582008e-01 1.000198776174039e+00
2.437500000000000e-01 3.328542724418705e-01 1.000195068539203e+00
2.468750000000000e-01 3.390919169289667e-01 1.000191449890541e+00
2.500000000000000e-01 3.454123492128958e-01 1.000187917175386e+00
2.531250000000000e-01 3.518171123993401e-01 1.000184467427101e+00
2.562500000000000e-01 3.583077701830001e-01 1.000181097808053e+00
2.593750000000000e-01 3.648859072293631e-01 1.000177805652595e+00
2.625000000000000e-01 3.715531295615936e-01 1.000174588381095e+00
2.656250000000000e-01 3.783110649526354e-01 1.000171443628875e+00
2.687500000000000e-01 3.851613633226258e-01 1.000168369031303e+00
2.718750000000000e-01 3.921056971417164e-01 1.000165362352736e+00
2.750000000000000e-01 3.991457618383991e-01 1.000162421529492e+00
2.781250000000000e-01 4.062832762134377e-01 1.000159544497926e+00
2.812500000000000e-01 4.135199828595055e-01 1.000156729323372e+00
2.843750000000000e-01 4.208576485866312e-01 1.000153974157157e+00
2.875000000000000e-01 4.282980648535585e-01 1.000151277236600e+00
2.906250000000000e-01 4.358430482051222e-01 1.000148636842030e+00
2.937500000000000e-01 4.434944407157500e-01 1.000146051382742e+00
2.968750000000000e-01 4.512541104391968e-01 1.000143519268059e+00
3.000000000000000e-01 4.591239518646220e-01 1.000141039036266e+00
3.031250000000000e-01 4.671058863791195e-01 1.000138609182691e+00
3.062500000000000e-01 4.752018627368176e-01 1.000136228374604e+00
3.093750000000000e-01 4.834138575346580e-01 1.000133895279294e+00
3.125000000000000e-01 4.917438756949728e-01 1.000131608607048e+00
3.156250000000000e-01 5.001939509549778e-01 1.000129367111151e+00
3.187500000000000e-01 5.087661463633005e-01 1.000127169630864e+00
3.218750000000000e-01 5.174625547836644e-01 1.000125015048445e+00
3.250000000000000e-01 5.262852994058529e-01 1.000122902203183e+00
3.281250000000000e-01 5.352365342640750e-01 1.000120830106304e+00
3.312500000000000e-01 5.443184447628656e-01 1.000118797683084e+00
3.343750000000000e-01 5.535332482106405e-01 1.000116803987752e+00
3.375000000000000e-01 5.628831943610435e-01 1.000114848031569e+00
3.406250000000000e-01 5.723705659622137e-01 1.000112928954745e+00
3.437500000000000e-01 5.819976793141081e-01 1.000111045811543e+00
3.468750000000000e-01 5.917668848340161e-01 1.000109197785170e+00
3.500000000000000e-01 6.016805676304035e-01 1.000107384015869e+00
3.531250000000000e-01 6.117411480852264e-01 1.000105603729845e+00
3.562500000000000e-01 6.219510824448572e-01 1.000103856153315e+00
3.593750000000000e-01 6.323128634197650e-01 1.000102140512502e+00
3.625000000000000e-01 6.428290207931012e-01 1.000100456119596e+00
3.656250000000000e-01 6.535021220383342e-01 1.000098802243814e+00
3.687500000000000e-01 6.643347729460869e-01 1.000097178197360e+00
3.718750000000000e-01 6.753296182603294e-01 1.000095583335423e+00
3.750000000000000e-01 6.864893423240808e-01 1.000094017013199e+00
3.781250000000000e-01 6.978166697347804e-01 1.000092478628867e+00
3.812500000000000e-01 7.093143660094854e-01 1.000090967537635e+00
3.843750000000000e-01 7.209852382600603e-01 1.000089483180672e+00
3.875000000000000e-01 7.328321358785219e-01 1.000088024999153e+00
3.906250000000000e-01 7.448579512327029e-01 1.000086592434257e+00
3.937500000000000e-01 7.570656203724140e-01 1.000085184927171e+00
3.968750000000000e-01 7.694581237462648e-01 1.000083802005039e+00
4.000000000000000e-01 7.820384869293291e-01 1.000082443109055e+00
4.031250000000000e-01 7.948097813618253e-01 1.000081107766374e+00
4.062500000000000e-01 8.077751250989945e-01 1.000079795504154e+00
4.093750000000000e-01 8.209376835723596e-01 1.000078505849556e+00
4.125000000000000e-01 8.343006703625532e-01 1.000077238372724e+00
4.156250000000000e-01 8.478673479838968e-01 1.000075992600828e+00
4.187500000000000e-01 8.616410286809313e-01 1.000074768146995e+00
4.218750000000000e-01 8.756250752370857e-01 1.000073564538402e+00
4.250000000000000e-01 8.898229017956865e-01 1.000072381388184e+00
4.281250000000000e-01 9.042379746935050e-01 1.000071218309477e+00
4.312500000000000e-01 9.188738133070491e-01 1.000070074915421e+00
4.343750000000000e-01 9.337339909118028e-01 1.000068950819161e+00
4.375000000000000e-01 9.488221355546261e-01 1.000067845633842e+00
4.406250000000000e-01 9.641419309395265e-01 1.000066759015589e+00
4.437500000000000e-01 9.796971173270190e-01 1.000065690620531e+00
4.468750000000000e-01 9.954914924472941e-01 1.000064640104797e+00
4.500000000000000e-01 1.011528912427417e+00 1.000063607124520e+00
4.531250000000000e-01 1.027813292732786e+00 1.000062591335836e+00
4.562500000000000e-01 1.044348609123070e+00 1.000061592437859e+00
4.593750000000000e-01 1.061138898622882e+00 1.000060610129703e+00
4.625000000000000e-01 1.078188260507393e+00 1.000059644110488e+00
4.656250000000000e-01 1.095500857303154e+00 1.000058694036356e+00
4.687500000000000e-01 1.113080915804360e+00 1.000057759649405e+00
4.718750000000000e-01 1.130932728104805e+00 1.000056840691736e+00
4.750000000000000e-01 1.149060652645771e+00 1.000055936819496e+00
4.781250000000000e-01 1.167469115280130e+00 1.000055047817767e+00
4.812500000000000e-01 1.186162610352890e+00 1.000054173385675e+00
4.843750000000000e-01 1.205145701798475e+00 1.000053313308304e+00
4.875000000000000e-01 1.224423024254985e+00 1.000052467284785e+00
4.906250000000000e-01 1.243999284195726e+00 1.000051635100203e+00
4.937500000000000e-01 1.263879261078271e+00 1.000050816496669e+00
4.968750000000000e-01 1.284067808511348e+00 1.000050011216295e+00
5.000000000000000e-01 1.304569855439823e+00 1.000049219044170e+00
5.031250000000000e-01 1.325390407348082e+00 1.000048439722408e+00
5.062500000000000e-01 1.346534547482100e+00 1.000047673079077e+00
5.093750000000000e-01 1.368007438090487e+00 1.000046918856295e+00
5.125000000000001e-01 1.389814321684837e+00 1.000046176839154e+00
5.156250000000000e-01 1.411960522319654e+00 1.000045446855725e+00
5.187500000000000e-01 1.434451446892208e+00 1.000044728648129e+00
5.218750000000000e-01 1.457292586462593e+00 1.000044022044438e+00
5.250000000000000e-01 1.480489517594354e+00 1.000043326829750e+00
5.281250000000001e-01 1.504047903715979e+00 1.000042642832139e+00
5.312500000000000e-01 1.527973496503592e+00 1.000041969836707e+00
5.343750000000000e-01 1.552272137285215e+00 1.000041307671527e+00
5.375000000000000e-01 1.576949758466886e+00 1.000040656164678e+00
5.406250000000000e-01 1.602012384981041e+00 1.000040015101263e+00
5.437500000000001e-01 1.627466135757470e+00 1.000039384309359e+00
5.468750000000000e-01 1.653317225217225e+00 1.000038763660021e+00
5.500000000000000e-01 1.679571964789851e+00 1.000038152938355e+00
5.531250000000000e-01 1.706236764454286e+00 1.000037552015416e+00
5.562500000000000e-01 1.733318134303830e+00 1.000036960676310e+00
5.593750000000001e-01 1.760822686135563e+00 1.000036378792095e+00
5.625000000000000e-01 1.788757135064574e+00 1.000035806190855e+00
5.656250000000000e-01 1.817128301163438e+00 1.000035242743646e+00
5.687500000000000e-01 1.845943111127301e+00 1.000034688321529e+00
5.718750000000000e-01 1.875208599965003e+00 1.000034142709614e+00
5.750000000000001e-01 1.904931912716643e+00 1.000033605778960e+00
5.781250000000000e-01 1.935120306198011e+00 1.000033077400628e+00
5.812500000000000e-01 1.965781150772311e+00 1.000032557445681e+00
5.843750000000000e-01 1.996921932149593e+00 1.000032045785179e+00
5.875000000000000e-01 2.028550253214365e+00 1.000031542290184e+00
5.906250000000001e-01 2.060673835881802e+00 1.000031046745811e+00
5.937500000000000e-01 2.093300522983012e+00 1.000030559023122e+00
5.968750000000000e-01 2.126438280179837e+00 1.000030079079131e+00
6.000000000000001e-01 2.160095197909630e+00 1.000029606827876e+00
6.031250000000000e-01 2.194279493360494e+00 1.000029142054474e+00
6.062500000000001e-01 2.228999512477486e+00 1.000028684587013e+00
6.093750000000000e-01 2.264263732000228e+00 1.000028234339534e+00
6.125000000000000e-01 2.300080761532477e+00 1.000027791312027e+00
6.156250000000001e-01 2.336459345644116e+00 1.000027355375559e+00
6.187500000000000e-01 2.373408366006099e+00 1.000026926272271e+00
6.218750000000001e-01 2.410936843558884e+00 1.000026503830255e+00
6.250000000000000e-01 2.449053940714840e+00 1.000026088135453e+00
6.281250000000000e-01 2.487768963595221e+00 1.000025679187856e+00
6.312500000000001e-01 2.527091364302215e+00 1.000025276686632e+00
6.343750000000000e-01 2.567030743226622e+00 1.000024880373927e+00
6.375000000000001e-01 2.607596851391758e+00 1.000024490335682e+00
6.406250000000000e-01 2.648799592834118e+00 1.000024106743788e+00
6.437500000000000e-01 2.690649027021411e+00 1.000023729211465e+00
6.468750000000001e-01 2.733155371308524e+00 1.000023357351937e+00
6.500000000000000e-01 2.776329003432049e+00 1.000022991380068e+00
6.531250000000001e-01 2.820180464043967e+00 1.000022631553701e+00
6.562500000000000e-01 2.864720459285089e+00 1.000022277443082e+00
6.593750000000000e-01 2.909959863398929e+00 1.000021928403588e+00
6.625000000000001e-01 2.955909721386590e+00 1.000021585122806e+00
6.656250000000000e-01 3.002581251703353e+00 1.000021247944526e+00
6.687500000000001e-01 3.049985848997626e+00 1.000020915536532e+00
6.718750000000000e-01 3.098135086892879e+00 1.000020587941793e+00
6.750000000000000e-01 3.147040720813310e+00 1.000020266535489e+00
6.781250000000001e-01 3.196714690853871e+00 1.000019950243251e+00
6.812500000000000e-01 3.247169124695383e+00 1.000019637947739e+00
6.843750000000001e-01 3.298416340565477e+00 1.000019331281979e+00
6.875000000000000e-01 3.350468850246008e+00 1.000019030417862e+00
6.906250000000000e-01 3.403339362127777e+00 1.000018733163687e+00
6.937500000000001e-01 3.457040784313211e+00 1.000018440550838e+00
6.968750000000000e-01 3.511586227767823e+00 1.000018154470184e+00
7.000000000000001e-01 3.566989009521205e+00 1.000017871784590e+00
7.031250000000000e-01 3.623262655918307e+00 1.000017592665948e+00
7.062500000000000e-01 3.680420905921852e+00 1.000017321024925e+00
7.093750000000001e-01 3.738477714466631e+00 1.000017052263257e+00
7.125000000000000e-01 3.797447255866536e+00 1.000016786466891e+00
7.156250000000001e-01 3.857343927275175e+00 1.000016529351412e+00
7.187500000000000e-01 3.918182352200844e+00 1.000016273267383e+00
7.218750000000000e-01 3.979977384076828e+00 1.000016021480850e+00
7.250000000000001e-01 4.042744109887770e+00 1.000015779062779e+00
7.281250000000000e-01 4.106497853853101e+00 1.000015533636566e+00
7.312500000000001e-01 4.171254181168399e+00 1.000015299254804e+00
7.343750000000000e-01 4.237028901805528e+00 1.000015069772164e+00
7.375000000000000e-01 4.303838074372613e+00 1.000014834015334e+00
7.406250000000001e-01 4.371698010034643e+00 1.000014623097678e+00
7.437500000000000e-01 4.440625276495786e+00 1.000014399545638e+00
7.468750000000001e-01 4.510636702044332e+00 1.000014182396810e+00
7.500000000000000e-01 4.581749379661216e+00 1.000013991548254e+00
7.531250000000000e-01 4.653980671193226e+00 1.000013773711927e+00
7.562500000000001e-01 4.727348211591802e+00 1.000013593564027e+00
7.593750000000000e-01 4.801869913218528e+00 1.000013391800137e+00
7.625000000000001e-01 4.877563970218381e+00 1.000013228197370e+00
7.656250000000000e-01 4.954448862961714e+00 1.000013051401555e+00
7.687500000000000e-01 5.032543362556198e+00 1.000012864463866e+00
7.718750000000001e-01 5.111866535429675e+00 1.000012759606878e+00
7.750000000000000e-01 5.192437747985146e+00 1.000012573528727e+00
7.781250000000001e-01 5.274276671329015e+00 1.000012491319152e+00
7.812500000000000e-01 5.357403286073669e+00 1.000012296044582e+00
7.843750000000000e-01 5.441837887215693e+00 1.000012335838648e+00
7.875000000000001e-01 5.527601089090773e+00 1.000012143013634e+00
7.906250000000000e-01 5.614713830406605e+00 1.000012196774293e+00
7.937500000000001e-01 5.703197379355005e+00 1.000012016110988e+00
7.968750000000000e-01 5.793073338804412e+00 1.000012333732915e+00
8.000000000000000e-01 5.884363651574169e+00 1.000012143658247e+00
8.031250000000001e-01 5.977090605791737e+00 1.000012499699114e+00
8.062500000000000e-01 6.071276840334257e+00 1.000012309581440e+00
8.093750000000001e-01 6.166945350355728e+00 1.000013214316706e+00
8.125000000000000e-01 6.264119492901173e+00 1.000013358667029e+00
8.156250000000000e-01 6.362822992609162e+00 1.000013958887843e+00
8.187500000000001e-01 6.463079947504072e+00 1.000014638740306e+00
8.218750000000000e-01 6.564914834879517e+00 1.000015161694137e+00
8.250000000000001e-01 6.668352517274371e+00 1.000018742360215e+00
8.281250000000000e-01 6.773418248542846e+00 1.000018645839650e+00
8.312500000000000e-01 6.880137680020114e+00 1.000021933689460e+00
8.343750000000001e-01 6.988536866784961e+00 1.000024705681812e+00
8.375000000000000e-01 7.098642274021019e+00 1.000025963723572e+00
8.406250000000001e-01 7.210480783478133e+00 1.000041320907950e+00
8.437500000000000e-01 7.324079700035414e+00 1.000049113968491e+00
8.468750000000000e-01 7.439466758367605e+00 1.000050688213889e+00
8.500000000000001e-01 7.556670129716381e+00 1.000077135442949e+00
8.531250000000000e-01 7.675718428768239e+00 1.000092452670398e+00
8.562500000000001e-01 7.796640720640633e+00 1.000096349112949e+00
8.593750000000000e-01 7.919466527978115e+00 1.000196149881132e+00
8.625000000000000e-01 8.044225838160141e+00 1.000383879410296e+00
8.656250000000001e-01 8.170949110622363e+00 1.000478988182215e+00
8.687500000000000e-01 8.299667284293170e+00 1.000472622522947e+00
8.718750000000001e-01 8.430411785147284e+00 1.000725790671232e+00
8.750000000000000e-01 8.563214533878281e+00 1.001658100786818e+00
8.781250000000000e-01 8.698107953691880e+00 1.003311978296524e+00
8.812500000000001e-01 8.835124978221932e+00 1.005285635012158e+00
8.843750000000000e-01 8.974299059571019e+00 1.007034078472603e+00
8.875000000000001e-01 9.115664176477637e+00 1.008199669404926e+00
8.906250000000000e-01 9.259254842611947e+00 1.008730960946089e+00
8.937500000000000e-01 9.405106115002161e+00 1.008803864731128e+00
8.968750000000001e-01 9.553253602593529e+00 1.008678598527646e+00
9.000000000000000e-01 9.703733474942130e+00 1.008588131042928e+00
9.031250000000001e-01 9.856582471045494e+00 1.008683636972779e+00
9.062500000000000e-01 1.001183790831228e+01 1.009028638894305e+00
9.093750000000000e-01 1.016953769167313e+01 1.009623840273118e+00
9.125000000000001e-01 1.032972032283505e+01 1.010439749964781e+00
9.156250000000000e-01 1.049242490968134e+01 1.011436640637072e+00
9.187500000000001e-01 1.065769117581972e+01 1.012563863750702e+00
9.218750000000000e-01 1.082555947028058e+01 1.013745467245434e+00
9.250000000000000e-01 1.099607077736805e+01 1.014869126920022e+00
9.281250000000001e-01 1.116926672666618e+01 1.015797074732986e+00
9.312500000000000e-01 1.134518960320255e+01 1.016406922871826e+00
9.343750000000001e-01 1.152388235777201e+01 1.016647480880196e+00
9.375000000000000e-01 1.170538861742293e+01 1.016574064077218e+00
9.406250000000000e-01 1.188975269610854e+01 1.016331531707163e+00
9.437500000000001e-01 1.207701960550600e+01 1.016087243661972e+00
9.468750000000000e-01 1.226723506600578e+01 1.015954602650435e+00
9.500000000000001e-01 1.246044551787411e+01 1.015954988161701e+00
9.531250000000000e-01 1.265669813259115e+01 1.016034793365671e+00
9.562500000000000e-01 1.285604082436773e+01 1.016114856093422e+00
9.593750000000001e-01 1.305852226184337e+01 1.016135160876000e+00
9.625000000000000e-01 1.326419187996850e+01 1.016072874282905e+00
9.656250000000001e-01 1.347309989207381e+01 1.015935770013805e+00
9.687500000000000e-01 1.368529730212962e+01 1.015745758694954e+00
9.718750000000000e-01 1.390083591719824e+01 1.015525197323449e+00
9.750000000000001e-01 1.411976836008246e+01 1.015290478763992e+00
9.781250000000000e-01 1.434214808217320e+01 1.015051345313527e+00
9.812500000000001e-01 1.456802937649935e+01 1.014812705640279e+00
9.843750000000000e-01 1.479746739098328e+01 1.014576694993662e+00
9.875000000000000e-01 1.503051814190487e+01 1.014344110221820e+00
9.906250000000001e-01 1.526723852757770e+01 1.014115188815503e+00
9.937500000000000e-01 1.550768634224049e+01 1.013889962172596e+00
9.968750000000001e-01 1.575192029016732e+01 1.013668394617084e+00
1.000000000000000e+00 1.600000000000000e+01 1.013450431161386e+00
