0.000000000000000e+00 0.000000000000000e+00 1.000000000000000e+00
3.125000000000000e-03 3.369263549427258e-03 1.034386690095715e+00
6.250000000000000e-03 6.739349689698711e-03 1.011821913695683e+00
9.375000000000001e-03 1.011108121249049e-02 1.007286164044031e+00
1.250000000000000e-02 1.348528131119160e-02 1.005278556893147e+00
1.562500000000000e-02 1.686277378188298e-02 1.004140324123223e+00
1.875000000000000e-02 2.024438322446370e-02 1.003406015590966e+00
2.187500000000000e-02 2.363093524397333e-02 1.002892599986559e+00
2.500000000000000e-02 2.702325665215984e-02 1.002513243854557e+00
2.812500000000000e-02 3.042217566934200e-02 1.002221394560192e+00
3.125000000000000e-02 3.382852212661575e-02 1.001989833696729e+00
3.437500000000000e-02 3.724312766845378e-02 1.001801577591564e+00
3.750000000000001e-02 4.066682595574785e-02 1.001645477707153e+00
4.062500000000000e-02 4.410045286934348e-02 1.001513911641041e+00
4.375000000000000e-02 4.754484671411652e-02 1.001401490884488e+00
4.687500000000000e-02 5.100084842364160e-02 1.001304297877404e+00
5.000000000000000e-02 5.446930176550237e-02 1.001219416145981e+00
5.312500000000001e-02 5.795105354729364e-02 1.001144629606848e+00
5.625000000000000e-02 6.144695382336569e-02 1.001078224194453e+00
5.937500000000000e-02 6.495785610236132e-02 1.001018853315447e+00
6.250000000000000e-02 6.848461755559625e-02 1.000965444369637e+00
6.562500000000000e-02 7.202809922633362e-02 1.000917132387775e+00
6.875000000000001e-02 7.558916624000402e-02 1.000873212144723e+00
7.187500000000001e-02 7.916868801542200e-02 1.000833102922110e+00
7.500000000000001e-02 8.276753847705080e-02 1.000796322184354e+00
7.812500000000000e-02 8.638659626836727e-02 1.000762465637575e+00
8.125000000000000e-02 9.002674496637868e-02 1.000731192024639e+00
8.437500000000001e-02 9.368887329734420e-02 1.000702211291479e+00
8.750000000000001e-02 9.737387535375355e-02 1.000675275361665e+00
9.062500000000001e-02 1.010826508126157e-01 1.000650170716812e+00
9.375000000000000e-02 1.048161051551108e-01 1.000626712701672e+00
9.687500000000000e-02 1.085751498876601e-01 1.000604740712251e+00
1.000000000000000e-01 1.123607027644654e-01 1.000584114466635e+00
1.031250000000000e-01 1.161736880115753e-01 1.000564710877608e+00
1.062500000000000e-01 1.200150365525305e-01 1.000546421446725e+00
1.093750000000000e-01 1.238856862356450e-01 1.000529150259668e+00
1.125000000000000e-01 1.277865820629775e-01 1.000512812142314e+00
1.156250000000000e-01 1.317186764210495e-01 1.000497331217615e+00
1.187500000000000e-01 1.356829293133661e-01 1.000482639663008e+00
1.218750000000000e-01 1.396803085947971e-01 1.000468676708320e+00
1.250000000000000e-01 1.437117902078738e-01 1.000455387673924e+00
1.281250000000000e-01 1.477783584210617e-01 1.000442723329357e+00
1.312500000000000e-01 1.518810060690650e-01 1.000430639091947e+00
1.343750000000000e-01 1.560207347952229e-01 1.000419094625894e+00
1.375000000000000e-01 1.601985552960564e-01 1.000408053281318e+00
1.406250000000000e-01 1.644154875680252e-01 1.000397481653478e+00
1.437500000000000e-01 1.686725611565558e-01 1.000387349342236e+00
1.468750000000000e-01 1.729708154074000e-01 1.000377628511395e+00
1.500000000000000e-01 1.773112997203869e-01 1.000368293688286e+00
1.531250000000000e-01 1.816950738056289e-01 1.000359321443301e+00
1.562500000000000e-01 1.861232079422458e-01 1.000350690309640e+00
1.593750000000000e-01 1.905967832396682e-01 1.000342380462897e+00
1.625000000000000e-01 1.951168919015860e-01 1.000334373640865e+00
1.656250000000000e-01 1.996846374926046e-01 1.000326652983283e+00
1.687500000000000e-01 2.043011352076760e-01 1.000319202831587e+00
1.718750000000000e-01 2.089675121443681e-01 1.000312008768841e+00
1.750000000000000e-01 2.136849075780412e-01 1.000305057299419e+00
1.781250000000000e-01 2.184544732399964e-01 1.000298335969027e+00
1.812500000000000e-01 2.232773735986666e-01 1.000291833164487e+00
1.843750000000000e-01 2.281547861439151e-01 1.000285538073654e+00
1.875000000000000e-01 2.330879016745160e-01 1.000279440565285e+00
1.906250000000000e-01 2.380779245888810e-01 1.000273531269046e+00
1.937500000000000e-01 2.431260731791094e-01 1.000267801295280e+00
1.968750000000000e-01 2.482335799284277e-01 1.000262242435111e+00
2.000000000000000e-01 2.534016918120952e-01 1.000256846960274e+00
2.031250000000000e-01 2.586316706018478e-01 1.000251607583060e+00
2.062500000000000e-01 2.639247931739538e-01 1.000246517496319e+00
2.093750000000000e-01 2.692823518209576e-01 1.000241570293381e+00
2.125000000000000e-01 2.747056545671873e-01 1.000236759928015e+00
2.156250000000000e-01 2.801960254881028e-01 1.000232080754430e+00
2.187500000000000e-01 2.857548050335636e-01 1.000227527407186e+00
2.218750000000000e-01 2.913833503550930e-01 1.000223094801174e+00
2.250000000000000e-01 2.970830356372213e-01 1.000218778211659e+00
2.281250000000000e-01 3.028552524329863e-01 1.000214573114162e+00
2.312500000000000e-01 3.087014100036755e-01 1.000210475264499e+00
2.343750000000000e-01 3.146229356628902e-01 1.000206480578699e+00
2.375000000000000e-01 3.206212751250189e-01 1.000202585293093e+00
2.406250000000000e-01 3.266978928582008e-01 1.000198785724153e+00
2.437500000000000e-01 3.328542724418705e-01 1.000195078468616e+00
2.468750000000000e-01 3.390919169289667e-01 1.000191460243369e+00
2.500000000000000e-01 3.454123492128958e-01 1.000187927925473e+00
2.531250000000000e-01 3.518171123993401e-01 1.000184478552159e+00
2.562500000000000e-01 3.583077701830001e-01 1.000181109360841e+00
2.593750000000000e-01 3.648859072293631e-01 1.000177817629018e+00
2.625000000000000e-01 3.715531295615936e-01 1.000174600834365e+00
2.656250000000000e-01 3.783110649526354e-01 1.000171456534657e+00
2.687500000000000e-01 3.851613633226258e-01 1.000168382407789e+00
2.718750000000000e-01 3.921056971417164e-01 1.000165376251772e+00
2.750000000000000e-01 3.991457618383991e-01 1.000162435944709e+00
2.781250000000000e-01 4.062832762134377e-01 1.000159559444786e+00
2.812500000000000e-01 4.135199828595055e-01 1.000156744830299e+00
2.843750000000000e-01 4.208576485866312e-01 1.000153990259625e+00
2.875000000000000e-01 4.282980648535585e-01 1.000151293971219e+00
2.906250000000000e-01 4.358430482051222e-01 1.000148654243591e+00
2.937500000000000e-01 4.434944407157500e-01 1.000146069435324e+00
2.968750000000000e-01 4.512541104391968e-01 1.000143538025100e+00
3.000000000000000e-01 4.591239518646220e-01 1.000141058491623e+00
3.031250000000000e-01 4.671058863791195e-01 1.000138629393669e+00
3.062500000000000e-01 4.752018627368176e-01 1.000136249330057e+00
3.093750000000000e-01 4.834138575346580e-01 1.000133917019696e+00
3.125000000000000e-01 4.917438756949728e-01 1.000131631181517e+00
3.156250000000000e-01 5.001939509549778e-01 1.000129390574488e+00
3.187500000000000e-01 5.087661463633005e-01 1.000127193997621e+00
3.218750000000000e-01 5.174625547836644e-01 1.000125040329987e+00
3.250000000000000e-01 5.262852994058529e-01 1.000122928450675e+00
3.281250000000000e-01 5.352365342640750e-01 1.000120857358854e+00
3.312500000000000e-01 5.443184447628656e-01 1.000118826013685e+00
3.343750000000000e-01 5.535332482106405e-01 1.000116833414366e+00
3.375000000000000e-01 5.628831943610435e-01 1.000114878600127e+00
3.406250000000000e-01 5.723705659622137e-01 1.000112960690258e+00
3.437500000000000e-01 5.819976793141081e-01 1.000111078804057e+00
3.468750000000000e-01 5.917668848340161e-01 1.000109232060834e+00
3.500000000000000e-01 6.016805676304035e-01 1.000107419619930e+00
3.531250000000000e-01 6.117411480852264e-01 1.000105640720741e+00
3.562500000000000e-01 6.219510824448572e-01 1.000103894602673e+00
3.593750000000000e-01 6.323128634197650e-01 1.000102180465115e+00
3.625000000000000e-01 6.428290207931012e-01 1.000100497627534e+00
3.656250000000000e-01 6.535021220383342e-01 1.000098845369379e+00
3.687500000000000e-01 6.643347729460869e-01 1.000097223050154e+00
3.718750000000000e-01 6.753296182603294e-01 1.000095629989345e+00
3.750000000000000e-01 6.864893423240808e-01 1.000094065546468e+00
3.781250000000000e-01 6.978166697347804e-01 1.000092529081045e+00
3.812500000000000e-01 7.093143660094854e-01 1.000091020032647e+00
3.843750000000000e-01 7.209852382600603e-01 1.000089537800831e+00
3.875000000000000e-01 7.328321358785219e-01 1.000088081865200e+00
3.906250000000000e-01 7.448579512327029e-01 1.000086651625320e+00
3.937500000000000e-01 7.570656203724140e-01 1.000085246560807e+00
3.968750000000000e-01 7.694581237462648e-01 1.000083866151279e+00
4.000000000000000e-01 7.820384869293291e-01 1.000082509916382e+00
4.031250000000000e-01 7.948097813618253e-01 1.000081177375765e+00
4.062500000000000e-01 8.077751250989945e-01 1.000079868049082e+00
4.093750000000000e-01 8.209376835723596e-01 1.000078581496011e+00
4.125000000000000e-01 8.343006703625532e-01 1.000077317236215e+00
4.156250000000000e-01 8.478673479838968e-01 1.000076074869401e+00
4.187500000000000e-01 8.616410286809313e-01 1.000074853955258e+00
4.218750000000000e-01 8.756250752370857e-01 1.000073654093501e+00
4.250000000000000e-01 8.898229017956865e-01 1.000072474883848e+00
4.281250000000000e-01 9.042379746935050e-01 1.000071315926019e+00
4.312500000000000e-01 9.188738133070491e-01 1.000070176859759e+00
4.343750000000000e-01 9.337339909118028e-01 1.000069057324815e+00
4.375000000000000e-01 9.488221355546261e-01 1.000067956960937e+00
4.406250000000000e-01 9.641419309395265e-01 1.000066875407878e+00
4.437500000000000e-01 9.796971173270190e-01 1.000065812385434e+00
4.468750000000000e-01 9.954914924472941e-01 1.000064767533362e+00
4.500000000000000e-01 1.011528912427417e+00 1.000063740531444e+00
4.531250000000000e-01 1.027813292732786e+00 1.000062731059462e+00
4.562500000000000e-01 1.044348609123070e+00 1.000061738877241e+00
4.593750000000000e-01 1.061138898622882e+00 1.000060763664568e+00
4.625000000000000e-01 1.078188260507393e+00 1.000059805141253e+00
4.656250000000000e-01 1.095500857303154e+00 1.000058863027107e+00
4.687500000000000e-01 1.113080915804360e+00 1.000057937121982e+00
4.718750000000000e-01 1.130932728104805e+00 1.000057027105675e+00
4.750000000000000e-01 1.149060652645771e+00 1.000056132778040e+00
4.781250000000000e-01 1.167469115280130e+00 1.000055253938937e+00
4.812500000000000e-01 1.186162610352890e+00 1.000054390308184e+00
4.843750000000000e-01 1.205145701798475e+00 1.000053541725663e+00
4.875000000000000e-01 1.224423024254985e+00 1.000052707951216e+00
4.906250000000000e-01 1.243999284195726e+00 1.000051888824727e+00
4.937500000000000e-01 1.263879261078271e+00 1.000051084186080e+00
4.968750000000000e-01 1.284067808511348e+00 1.000050293875162e+00
5.000000000000000e-01 1.304569855439823e+00 1.000049517691839e+00
5.031250000000000e-01 1.325390407348082e+00 1.000048755556040e+00
5.062500000000000e-01 1.346534547482100e+00 1.000048007307653e+00
5.093750000000000e-01 1.368007438090487e+00 1.000047272866608e+00
5.125000000000001e-01 1.389814321684837e+00 1.000046552112816e+00
5.156250000000000e-01 1.411960522319654e+00 1.000045845006227e+00
5.187500000000000e-01 1.434451446892208e+00 1.000045151466774e+00
5.218750000000000e-01 1.457292586462593e+00 1.000044471454408e+00
5.250000000000000e-01 1.480489517594354e+00 1.000043805009122e+00
5.281250000000001e-01 1.504047903715979e+00 1.000043152090868e+00
5.312500000000000e-01 1.527973496503592e+00 1.000042512819680e+00
5.343750000000000e-01 1.552272137285215e+00 1.000041887235549e+00
5.375000000000000e-01 1.576949758466886e+00 1.000041275418490e+00
5.406250000000000e-01 1.602012384981041e+00 1.000040677608593e+00
5.437500000000001e-01 1.627466135757470e+00 1.000040093965911e+00
5.468750000000000e-01 1.653317225217225e+00 1.000039524690516e+00
5.500000000000000e-01 1.679571964789851e+00 1.000038970222595e+00
5.531250000000000e-01 1.706236764454286e+00 1.000038430882279e+00
5.562500000000000e-01 1.733318134303830e+00 1.000037907069736e+00
5.593750000000001e-01 1.760822686135563e+00 1.000037399465268e+00
5.625000000000000e-01 1.788757135064574e+00 1.000036908669141e+00
5.656250000000000e-01 1.817128301163438e+00 1.000036435401675e+00
5.687500000000000e-01 1.845943111127301e+00 1.000035980663325e+00
5.718750000000000e-01 1.875208599965003e+00 1.000035545534585e+00
5.750000000000001e-01 1.904931912716643e+00 1.000035131216004e+00
5.781250000000000e-01 1.935120306198011e+00 1.000034739188264e+00
5.812500000000000e-01 1.965781150772311e+00 1.000034371292221e+00
5.843750000000000e-01 1.996921932149593e+00 1.000034029488785e+00
5.875000000000000e-01 2.028550253214365e+00 1.000033716059018e+00
5.906250000000001e-01 2.060673835881802e+00 1.000033433844251e+00
5.937500000000000e-01 2.093300522983012e+00 1.000033186206061e+00
5.968750000000000e-01 2.126438280179837e+00 1.000032976746140e+00
6.000000000000001e-01 2.160095197909630e+00 1.000032809586430e+00
6.031250000000000e-01 2.194279493360494e+00 1.000032690049445e+00
6.062500000000001e-01 2.228999512477486e+00 1.000032624098012e+00
6.093750000000000e-01 2.264263732000228e+00 1.000032617895056e+00
6.125000000000000e-01 2.300080761532477e+00 1.000032678443914e+00
6.156250000000001e-01 2.336459345644116e+00 1.000032814188624e+00
6.187500000000000e-01 2.373408366006099e+00 1.000033034493684e+00
6.218750000000001e-01 2.410936843558884e+00 1.000033348003275e+00
6.250000000000000e-01 2.449053940714840e+00 1.000033761320640e+00
6.281250000000000e-01 2.487768963595221e+00 1.000034280288695e+00
6.312500000000001e-01 2.527091364302215e+00 1.000034911030540e+00
6.343750000000000e-01 2.567030743226622e+00 1.000035653026133e+00
6.375000000000001e-01 2.607596851391758e+00 1.000036486826380e+00
6.406250000000000e-01 2.648799592834118e+00 1.000037371691900e+00
6.437500000000000e-01 2.690649027021411e+00 1.000038255277585e+00
6.468750000000001e-01 2.733155371308524e+00 1.000039071671593e+00
6.500000000000000e-01 2.776329003432049e+00 1.000039710980601e+00
6.531250000000001e-01 2.820180464043967e+00 1.000040005042872e+00
6.562500000000000e-01 2.864720459285089e+00 1.000039817312036e+00
6.593750000000000e-01 2.909959863398929e+00 1.000039261683392e+00
6.625000000000001e-01 2.955909721386590e+00 1.000038990712490e+00
6.656250000000000e-01 3.002581251703353e+00 1.000040731874894e+00
6.687500000000001e-01 3.049985848997626e+00 1.000048918556364e+00
6.718750000000000e-01 3.098135086892879e+00 1.000075018720750e+00
6.750000000000000e-01 3.147040720813310e+00 1.000146120305337e+00
6.781250000000001e-01 3.196714690853871e+00 1.000316534959732e+00
6.812500000000000e-01 3.247169124695383e+00 1.000674958006756e+00
6.843750000000001e-01 3.298416340565477e+00 1.001335399823439e+00
6.875000000000000e-01 3.350468850246008e+00 1.002405902388270e+00
6.906250000000000e-01 3.403339362127777e+00 1.003944415669587e+00
6.937500000000001e-01 3.457040784313211e+00 1.005923529304805e+00
6.968750000000000e-01 3.511586227767823e+00 1.008223375606446e+00
7.000000000000001e-01 3.566989009521205e+00 1.010656681243324e+00
7.031250000000000e-01 3.623262655918307e+00 1.013013814281577e+00
7.062500000000000e-01 3.680420905921852e+00 1.015108985817526e+00
7.093750000000001e-01 3.738477714466631e+00 1.016812662993793e+00
7.125000000000000e-01 3.797447255866536e+00 1.018064347787218e+00
7.156250000000001e-01 3.857343927275175e+00 1.018867990972434e+00
7.187500000000000e-01 3.918182352200844e+00 1.019276590134373e+00
7.218750000000000e-01 3.979977384076828e+00 1.019372933574459e+00
7.250000000000001e-01 4.042744109887770e+00 1.019251689301070e+00
7.281250000000000e-01 4.106497853853101e+00 1.019005610577833e+00
7.312500000000001e-01 4.171254181168399e+00 1.018716618480038e+00
7.343750000000000e-01 4.237028901805528e+00 1.018451265405841e+00
7.375000000000000e-01 4.303838074372613e+00 1.018259514506082e+00
7.406250000000001e-01 4.371698010034643e+00 1.018175685025562e+00
7.437500000000000e-01 4.440625276495786e+00 1.018220557348802e+00
7.468750000000001e-01 4.510636702044332e+00 1.018403905013273e+00
7.500000000000000e-01 4.581749379661216e+00 1.018726977815916e+00
7.531250000000000e-01 4.653980671193226e+00 1.019184692803547e+00
7.562500000000001e-01 4.727348211591802e+00 1.019767426135502e+00
7.593750000000000e-01 4.801869913218528e+00 1.020462396392336e+00
7.625000000000001e-01 4.877563970218381e+00 1.021254664158964e+00
7.656250000000000e-01 4.954448862961714e+00 1.022127807835572e+00
7.687500000000000e-01 5.032543362556198e+00 1.023064332425604e+00
7.718750000000001e-01 5.111866535429675e+00 1.024045871815633e+00
7.750000000000000e-01 5.192437747985146e+00 1.025053232384083e+00
7.781250000000001e-01 5.274276671329015e+00 1.026066338738958e+00
7.812500000000000e-01 5.357403286073669e+00 1.027064148557598e+00
7.843750000000000e-01 5.441837887215693e+00 1.028024603039263e+00
7.875000000000001e-01 5.527601089090773e+00 1.028924656239728e+00
7.906250000000000e-01 5.614713830406605e+00 1.029740422304994e+00
7.937500000000001e-01 5.703197379355005e+00 1.030447541056573e+00
7.968750000000000e-01 5.793073338804412e+00 1.031021991374925e+00
8.000000000000000e-01 5.884363651574169e+00 1.031441695649699e+00
8.031250000000001e-01 5.977090605791737e+00 1.031689198612543e+00
8.062500000000000e-01 6.071276840334257e+00 1.031755355274564e+00
8.093750000000001e-01 6.166945350355728e+00 1.031643358618719e+00
8.125000000000000e-01 6.264119492901173e+00 1.031371834888520e+00
8.156250000000000e-01 6.362822992609162e+00 1.030975519588585e+00
8.187500000000001e-01 6.463079947504072e+00 1.030502469893811e+00
8.218750000000000e-01 6.564914834879517e+00 1.030007805541171e+00
8.250000000000001e-01 6.668352517274371e+00 1.029545167072567e+00
8.281250000000000e-01 6.773418248542846e+00 1.029157901938143e+00
8.312500000000000e-01 6.880137680020114e+00 1.028872116293458e+00
8.343750000000001e-01 6.988536866784961e+00 1.028693202089425e+00
8.375000000000000e-01 7.098642274021019e+00 1.028606535369194e+00
8.406250000000001e-01 7.210480783478133e+00 1.028582041605322e+00
8.437500000000000e-01 7.324079700035414e+00 1.028581443610405e+00
8.468750000000000e-01 7.439466758367605e+00 1.028566412516469e+00
8.500000000000001e-01 7.556670129716381e+00 1.028505682837600e+00
8.531250000000000e-01 7.675718428768239e+00 1.028379571786662e+00
8.562500000000001e-01 7.796640720640633e+00 1.028181189751855e+00
8.593750000000000e-01 7.919466527978115e+00 1.027914654074052e+00
8.625000000000000e-01 8.044225838160141e+00 1.027591424974569e+00
8.656250000000001e-01 8.170949110622363e+00 1.027226176675401e+00
8.687500000000000e-01 8.299667284293170e+00 1.026833370896963e+00
8.718750000000001e-01 8.430411785147284e+00 1.026425130356716e+00
8.750000000000000e-01 8.563214533878281e+00 1.026010427041327e+00
8.781250000000000e-01 8.698107953691880e+00 1.025595225287967e+00
8.812500000000001e-01 8.835124978221932e+00 1.025183113063281e+00
8.843750000000000e-01 8.974299059571019e+00 1.024776042178588e+00
8.875000000000001e-01 9.115664176477637e+00 1.024374958989851e+00
8.906250000000000e-01 9.259254842611947e+00 1.023980250999601e+00
8.937500000000000e-01 9.405106115002161e+00 1.023592022948198e+00
8.968750000000001e-01 9.553253602593529e+00 1.023210248908042e+00
9.000000000000000e-01 9.703733474942130e+00 1.022834847966856e+00
9.031250000000001e-01 9.856582471045494e+00 1.022465718777698e+00
9.062500000000000e-01 1.001183790831228e+01 1.022102753865747e+00
9.093750000000000e-01 1.016953769167313e+01 1.021745845030715e+00
9.125000000000001e-01 1.032972032283505e+01 1.021394885386009e+00
9.156250000000000e-01 1.049242490968134e+01 1.021049769800248e+00
9.187500000000001e-01 1.065769117581972e+01 1.020710395174694e+00
9.218750000000000e-01 1.082555947028058e+01 1.020376660352865e+00
9.250000000000000e-01 1.099607077736805e+01 1.020048466193842e+00
9.281250000000001e-01 1.116926672666618e+01 1.019725715441625e+00
9.312500000000000e-01 1.134518960320255e+01 1.019408312758150e+00
9.343750000000001e-01 1.152388235777201e+01 1.019096164552528e+00
9.375000000000000e-01 1.170538861742293e+01 1.018789179136983e+00
9.406250000000000e-01 1.188975269610854e+01 1.018487266475111e+00
9.437500000000001e-01 1.207701960550600e+01 1.018190338338250e+00
9.468750000000000e-01 1.226723506600578e+01 1.017898308135877e+00
9.500000000000001e-01 1.246044551787411e+01 1.017611090950101e+00
9.531250000000000e-01 1.265669813259115e+01 1.017328603407409e+00
9.562500000000000e-01 1.285604082436773e+01 1.017050763754302e+00
9.593750000000001e-01 1.305852226184337e+01 1.016777491770204e+00
9.625000000000000e-01 1.326419187996850e+01 1.016508708721341e+00
9.656250000000001e-01 1.347309989207381e+01 1.016244337396184e+00
9.687500000000000e-01 1.368529730212962e+01 1.015984301978341e+00
9.718750000000000e-01 1.390083591719824e+01 1.015728528082375e+00
9.750000000000001e-01 1.411976836008246e+01 1.015476942667790e+00
9.781250000000000e-01 1.434214808217320e+01 1.015229474115777e+00
9.812500000000001e-01 1.456802937649935e+01 1.014986052062266e+00
9.843750000000000e-01 1.479746739098328e+01 1.014746607515594e+00
9.875000000000000e-01 1.503051814190487e+01 1.014511072649336e+00
9.906250000000001e-01 1.526723852757770e+01 1.014279381001421e+00
9.937500000000000e-01 1.550768634224049e+01 1.014051467226701e+00
9.968750000000001e-01 1.575192029016732e+01 1.013827267255673e+00
1.000000000000000e+00 1.600000000000000e+01 1.013606718088027e+00
