0.000000000000000e+00 0.000000000000000e+00 1.000000000000000e+00
3.125000000000000e-03 3.369263549427258e-03 1.000001854281638e+00
6.250000000000000e-03 6.739349689698711e-03 1.000006219430947e+00
9.375000000000001e-03 1.011108121249049e-02 1.000013130548387e+00
1.250000000000000e-02 1.348528131119160e-02 1.000022546299611e+00
1.562500000000000e-02 1.686277378188298e-02 1.000034489985839e+00
1.875000000000000e-02 2.024438322446370e-02 1.000048998680030e+00
2.187500000000000e-02 2.363093524397333e-02 1.000066110010891e+00
2.500000000000000e-02 2.702325665215984e-02 1.000085842403609e+00
2.812500000000000e-02 3.042217566934200e-02 1.000108237359497e+00
3.125000000000000e-02 3.382852212661575e-02 1.000133342769148e+00
3.437500000000000e-02 3.724312766845378e-02 1.000161215584948e+00
3.750000000000001e-02 4.066682595574785e-02 1.000191909182973e+00
4.062500000000000e-02 4.410045286934348e-02 1.000225474432246e+00
4.375000000000000e-02 4.754484671411652e-02 1.000261991433527e+00
4.687500000000000e-02 5.100084842364160e-02 1.000301527504661e+00
5.000000000000000e-02 5.446930176550237e-02 1.000344172214808e+00
5.312500000000001e-02 5.795105354729364e-02 1.000390014419961e+00
5.625000000000000e-02 6.144695382336569e-02 1.000439144313534e+00
5.937500000000000e-02 6.495785610236132e-02 1.000491672040262e+00
6.250000000000000e-02 6.848461755559625e-02 1.000547690303211e+00
6.562500000000000e-02 7.202809922633362e-02 1.000607316263505e+00
6.875000000000001e-02 7.558916624000402e-02 1.000670688166950e+00
7.187500000000001e-02 7.916868801542200e-02 1.000737953553834e+00
7.500000000000001e-02 8.276753847705080e-02 1.000809243391296e+00
7.812500000000000e-02 8.638659626836727e-02 1.000884691626233e+00
8.125000000000000e-02 9.002674496637868e-02 1.000964475237039e+00
8.437500000000001e-02 9.368887329734420e-02 1.001048770199378e+00
8.750000000000001e-02 9.737387535375355e-02 1.001137767754944e+00
9.062500000000001e-02 1.010826508126157e-01 1.001231655267503e+00
9.375000000000000e-02 1.048161051551108e-01 1.001330629152603e+00
9.687500000000000e-02 1.085751498876601e-01 1.001434917040385e+00
1.000000000000000e-01 1.123607027644654e-01 1.001544742503287e+00
1.031250000000000e-01 1.161736880115753e-01 1.001660352479633e+00
1.062500000000000e-01 1.200150365525305e-01 1.001782009944483e+00
1.093750000000000e-01 1.238856862356450e-01 1.001909988895998e+00
1.125000000000000e-01 1.277865820629775e-01 1.002044576697660e+00
1.156250000000000e-01 1.317186764210495e-01 1.002186074194321e+00
1.187500000000000e-01 1.356829293133661e-01 1.002334804082460e+00
1.218750000000000e-01 1.396803085947971e-01 1.002491101267251e+00
1.250000000000000e-01 1.437117902078738e-01 1.002655330297587e+00
1.281250000000000e-01 1.477783584210617e-01 1.002827866495075e+00
1.312500000000000e-01 1.518810060690650e-01 1.003009097331828e+00
1.343750000000000e-01 1.560207347952229e-01 1.003199439169943e+00
1.375000000000000e-01 1.601985552960564e-01 1.003399334108965e+00
1.406250000000000e-01 1.644154875680252e-01 1.003609245405877e+00
1.437500000000000e-01 1.686725611565558e-01 1.003829656870421e+00
1.468750000000000e-01 1.729708154074000e-01 1.004061082631061e+00
1.500000000000000e-01 1.773112997203869e-01 1.004304037143974e+00
1.531250000000000e-01 1.816950738056289e-01 1.004559075975302e+00
1.562500000000000e-01 1.861232079422458e-01 1.004826798866006e+00
1.593750000000000e-01 1.905967832396682e-01 1.005107805399944e+00
1.625000000000000e-01 1.951168919015860e-01 1.005402743221108e+00
1.656250000000000e-01 1.996846374926046e-01 1.005712274082538e+00
1.687500000000000e-01 2.043011352076760e-01 1.006037089941000e+00
1.718750000000000e-01 2.089675121443681e-01 1.006377926493897e+00
1.750000000000000e-01 2.136849075780412e-01 1.006735522591874e+00
1.781250000000000e-01 2.184544732399964e-01 1.007110671362817e+00
1.812500000000000e-01 2.232773735986666e-01 1.007504174348159e+00
1.843750000000000e-01 2.281547861439151e-01 1.007916861570881e+00
1.875000000000000e-01 2.330879016745160e-01 1.008349635984186e+00
1.906250000000000e-01 2.380779245888810e-01 1.008803385574906e+00
1.937500000000000e-01 2.431260731791094e-01 1.009279007577760e+00
1.968750000000000e-01 2.482335799284277e-01 1.009777445570117e+00
2.000000000000000e-01 2.534016918120952e-01 1.010299689824639e+00
2.031250000000000e-01 2.586316706018478e-01 1.010846734636504e+00
2.062500000000000e-01 2.639247931739538e-01 1.011419559475153e+00
2.093750000000000e-01 2.692823518209576e-01 1.012019194160853e+00
2.125000000000000e-01 2.747056545671873e-01 1.012646662612405e+00
2.156250000000000e-01 2.801960254881028e-01 1.013302985341165e+00
2.187500000000000e-01 2.857548050335636e-01 1.013989205334706e+00
2.218750000000000e-01 2.913833503550930e-01 1.014706325099554e+00
2.250000000000000e-01 2.970830356372213e-01 1.015455349049471e+00
2.281250000000000e-01 3.028552524329863e-01 1.016237252272594e+00
2.312500000000000e-01 3.087014100036755e-01 1.017052962190424e+00
2.343750000000000e-01 3.146229356628902e-01 1.017903384191446e+00
2.375000000000000e-01 3.206212751250189e-01 1.018789333667519e+00
2.406250000000000e-01 3.266978928582008e-01 1.019711569367340e+00
2.437500000000000e-01 3.328542724418705e-01 1.020670767938356e+00
2.468750000000000e-01 3.390919169289667e-01 1.021667473467770e+00
2.500000000000000e-01 3.454123492128958e-01 1.022702141611756e+00
2.531250000000000e-01 3.518171123993401e-01 1.023775062015333e+00
2.562500000000000e-01 3.583077701830001e-01 1.024886360450261e+00
2.593750000000000e-01 3.648859072293631e-01 1.026036003799924e+00
2.625000000000000e-01 3.715531295615936e-01 1.027223713519542e+00
2.656250000000000e-01 3.783110649526354e-01 1.028449006770323e+00
2.687500000000000e-01 3.851613633226258e-01 1.029711144526949e+00
2.718750000000000e-01 3.921056971417164e-01 1.031009078459959e+00
2.750000000000000e-01 3.991457618383991e-01 1.032341496200512e+00
2.781250000000000e-01 4.062832762134377e-01 1.033706726808830e+00
2.812500000000000e-01 4.135199828595055e-01 1.035102743498742e+00
2.843750000000000e-01 4.208576485866312e-01 1.036527178128444e+00
2.875000000000000e-01 4.282980648535585e-01 1.037977225055517e+00
2.906250000000000e-01 4.358430482051222e-01 1.039449692332042e+00
2.937500000000000e-01 4.434944407157500e-01 1.040940978769949e+00
2.968750000000000e-01 4.512541104391968e-01 1.042447011998924e+00
3.000000000000000e-01 4.591239518646220e-01 1.043963331135949e+00
3.031250000000000e-01 4.671058863791195e-01 1.045485038070764e+00
3.062500000000000e-01 4.752018627368176e-01 1.047006793191432e+00
3.093750000000000e-01 4.834138575346580e-01 1.048522913882342e+00
3.125000000000000e-01 4.917438756949728e-01 1.050027324478829e+00
3.156250000000000e-01 5.001939509549778e-01 1.051513619829902e+00
3.187500000000000e-01 5.087661463633005e-01 1.052975168690897e+00
3.218750000000000e-01 5.174625547836644e-01 1.054405088293480e+00
3.250000000000000e-01 5.262852994058529e-01 1.055796363080121e+00
3.281250000000000e-01 5.352365342640750e-01 1.057141954887064e+00
3.312500000000000e-01 5.443184447628656e-01 1.058434805034976e+00
3.343750000000000e-01 5.535332482106405e-01 1.059667999095466e+00
3.375000000000000e-01 5.628831943610435e-01 1.060834872241121e+00
3.406250000000000e-01 5.723705659622137e-01 1.061929039807341e+00
3.437500000000000e-01 5.819976793141081e-01 1.062944571989493e+00
3.468750000000000e-01 5.917668848340161e-01 1.063876089379664e+00
3.500000000000000e-01 6.016805676304035e-01 1.064718791570087e+00
3.531250000000000e-01 6.117411480852264e-01 1.065468618475514e+00
3.562500000000000e-01 6.219510824448572e-01 1.066122315802511e+00
3.593750000000000e-01 6.323128634197650e-01 1.066677439532973e+00
3.625000000000000e-01 6.428290207931012e-01 1.067132470809716e+00
3.656250000000000e-01 6.535021220383342e-01 1.067486838337916e+00
3.687500000000000e-01 6.643347729460869e-01 1.067740876207322e+00
3.718750000000000e-01 6.753296182603294e-01 1.067895876502861e+00
3.750000000000000e-01 6.864893423240808e-01 1.067954069405374e+00
3.781250000000000e-01 6.978166697347804e-01 1.067918529790521e+00
3.812500000000000e-01 7.093143660094854e-01 1.067793167110437e+00
3.843750000000000e-01 7.209852382600603e-01 1.067582668138141e+00
3.875000000000000e-01 7.328321358785219e-01 1.067292370934211e+00
3.906250000000000e-01 7.448579512327029e-01 1.066928202350707e+00
3.937500000000000e-01 7.570656203724140e-01 1.066496608853679e+00
3.968750000000000e-01 7.694581237462648e-01 1.066004419305132e+00
4.000000000000000e-01 7.820384869293291e-01 1.065458754076340e+00
4.031250000000000e-01 7.948097813618253e-01 1.064866953350015e+00
4.062500000000000e-01 8.077751250989945e-01 1.064236461984291e+00
4.093750000000000e-01 8.209376835723596e-01 1.063574733717864e+00
4.125000000000000e-01 8.343006703625532e-01 1.062889170253462e+00
4.156250000000000e-01 8.478673479838968e-01 1.062187037214637e+00
4.187500000000000e-01 8.616410286809313e-01 1.061475387191957e+00
4.218750000000000e-01 8.756250752370857e-01 1.060761012406262e+00
4.250000000000000e-01 8.898229017956865e-01 1.060050395683302e+00
4.281250000000000e-01 9.042379746935050e-01 1.059349663796612e+00
4.312500000000000e-01 9.188738133070491e-01 1.058664558977896e+00
4.343750000000000e-01 9.337339909118028e-01 1.058000411533986e+00
4.375000000000000e-01 9.488221355546261e-01 1.057362120073488e+00
4.406250000000000e-01 9.641419309395265e-01 1.056754151456713e+00
4.437500000000000e-01 9.796971173270190e-01 1.056180532724394e+00
4.468750000000000e-01 9.954914924472941e-01 1.055644838070057e+00
4.500000000000000e-01 1.011528912427417e+00 1.055150204802953e+00
4.531250000000000e-01 1.027813292732786e+00 1.054699357920661e+00
4.562500000000000e-01 1.044348609123070e+00 1.054294605136973e+00
4.593750000000000e-01 1.061138898622882e+00 1.053937838437601e+00
4.625000000000000e-01 1.078188260507393e+00 1.053630574136251e+00
4.656250000000000e-01 1.095500857303154e+00 1.053373984790360e+00
4.687500000000000e-01 1.113080915804360e+00 1.053168891745719e+00
4.718750000000000e-01 1.130932728104805e+00 1.053015773709574e+00
4.750000000000000e-01 1.149060652645771e+00 1.052914817374977e+00
4.781250000000000e-01 1.167469115280130e+00 1.052865952876529e+00
4.812500000000000e-01 1.186162610352890e+00 1.052868842969284e+00
4.843750000000000e-01 1.205145701798475e+00 1.052922885458741e+00
4.875000000000000e-01 1.224423024254985e+00 1.053027263232275e+00
4.906250000000000e-01 1.243999284195726e+00 1.053180987535019e+00
4.937500000000000e-01 1.263879261078271e+00 1.053382890004115e+00
4.968750000000000e-01 1.284067808511348e+00 1.053631608437416e+00
5.000000000000000e-01 1.304569855439823e+00 1.053925619329689e+00
5.031250000000000e-01 1.325390407348082e+00 1.054263289456550e+00
5.062500000000000e-01 1.346534547482100e+00 1.054642887925827e+00
5.093750000000000e-01 1.368007438090487e+00 1.055062563285169e+00
5.125000000000001e-01 1.389814321684837e+00 1.055520338345542e+00
5.156250000000000e-01 1.411960522319654e+00 1.056014145420138e+00
5.187500000000000e-01 1.434451446892208e+00 1.056541866768120e+00
5.218750000000000e-01 1.457292586462593e+00 1.057101339507957e+00
5.250000000000000e-01 1.480489517594354e+00 1.057690328751561e+00
5.281250000000001e-01 1.504047903715979e+00 1.058306513012146e+00
5.312500000000000e-01 1.527973496503592e+00 1.058947505537853e+00
5.343750000000000e-01 1.552272137285215e+00 1.059610888905552e+00
5.375000000000000e-01 1.576949758466886e+00 1.060294228693789e+00
5.406250000000000e-01 1.602012384981041e+00 1.060995058600125e+00
5.437500000000001e-01 1.627466135757470e+00 1.061710854119422e+00
5.468750000000000e-01 1.653317225217225e+00 1.062439019642319e+00
5.500000000000000e-01 1.679571964789851e+00 1.063176899303711e+00
5.531250000000000e-01 1.706236764454286e+00 1.063921795887204e+00
5.562500000000000e-01 1.733318134303830e+00 1.064670981864902e+00
5.593750000000001e-01 1.760822686135563e+00 1.065421694810425e+00
5.625000000000000e-01 1.788757135064574e+00 1.066171119008610e+00
5.656250000000000e-01 1.817128301163438e+00 1.066916364876772e+00
5.687500000000000e-01 1.845943111127301e+00 1.067654454459427e+00
5.718750000000000e-01 1.875208599965003e+00 1.068382313557230e+00
5.750000000000001e-01 1.904931912716643e+00 1.069096770484067e+00
5.781250000000000e-01 1.935120306198011e+00 1.069794555256747e+00
5.812500000000000e-01 1.965781150772311e+00 1.070472297370953e+00
5.843750000000000e-01 1.996921932149593e+00 1.071126520832595e+00
5.875000000000000e-01 2.028550253214365e+00 1.071753637064489e+00
5.906250000000001e-01 2.060673835881802e+00 1.072349937793341e+00
5.937500000000000e-01 2.093300522983012e+00 1.072911588792801e+00
5.968750000000000e-01 2.126438280179837e+00 1.073434626653388e+00
6.000000000000001e-01 2.160095197909630e+00 1.073914959086242e+00
6.031250000000000e-01 2.194279493360494e+00 1.074348370223757e+00
6.062500000000001e-01 2.228999512477486e+00 1.074730531759249e+00
6.093750000000000e-01 2.264263732000228e+00 1.075057021481013e+00
6.125000000000000e-01 2.300080761532477e+00 1.075323350988978e+00
6.156250000000001e-01 2.336459345644116e+00 1.075525003939929e+00
6.187500000000000e-01 2.373408366006099e+00 1.075657487919704e+00
6.218750000000001e-01 2.410936843558884e+00 1.075716401484362e+00
6.250000000000000e-01 2.449053940714840e+00 1.075697519264529e+00
6.281250000000000e-01 2.487768963595221e+00 1.075596897359311e+00
6.312500000000001e-01 2.527091364302215e+00 1.075411000997845e+00
6.343750000000000e-01 2.567030743226622e+00 1.075136855088312e+00
6.375000000000001e-01 2.607596851391758e+00 1.074772218347398e+00
6.406250000000000e-01 2.648799592834118e+00 1.074315778429226e+00
6.437500000000000e-01 2.690649027021411e+00 1.073767363604365e+00
6.468750000000001e-01 2.733155371308524e+00 1.073128163413688e+00
6.500000000000000e-01 2.776329003432049e+00 1.072400946458290e+00
6.531250000000001e-01 2.820180464043967e+00 1.071590259687644e+00
6.562500000000000e-01 2.864720459285089e+00 1.070702589086618e+00
6.593750000000000e-01 2.909959863398929e+00 1.069746458601184e+00
6.625000000000001e-01 2.955909721386590e+00 1.068732442610602e+00
6.656250000000000e-01 3.002581251703353e+00 1.067673068161202e+00
6.687500000000001e-01 3.049985848997626e+00 1.066582587921654e+00
6.718750000000000e-01 3.098135086892879e+00 1.065476612960823e+00
6.750000000000000e-01 3.147040720813310e+00 1.064371606773739e+00
6.781250000000001e-01 3.196714690853871e+00 1.063284256064959e+00
6.812500000000000e-01 3.247169124695383e+00 1.062230750028871e+00
6.843750000000001e-01 3.298416340565477e+00 1.061226012929800e+00
6.875000000000000e-01 3.350468850246008e+00 1.060282945486101e+00
6.906250000000000e-01 3.403339362127777e+00 1.059411734844591e+00
6.937500000000001e-01 3.457040784313211e+00 1.058619290836218e+00
6.968750000000000e-01 3.511586227767823e+00 1.057908857724707e+00
7.000000000000001e-01 3.566989009521205e+00 1.057279836780830e+00
7.031250000000000e-01 3.623262655918307e+00 1.056727838056781e+00
7.062500000000000e-01 3.680420905921852e+00 1.056244961761502e+00
7.093750000000001e-01 3.738477714466631e+00 1.055820291516474e+00
7.125000000000000e-01 3.797447255866536e+00 1.055440567794911e+00
7.156250000000001e-01 3.857343927275175e+00 1.055090995801364e+00
7.187500000000000e-01 3.918182352200844e+00 1.054756134534141e+00
7.218750000000000e-01 3.979977384076828e+00 1.054420806096862e+00
7.250000000000001e-01 4.042744109887770e+00 1.054070962482368e+00
7.281250000000000e-01 4.106497853853101e+00 1.053694447830269e+00
7.312500000000001e-01 4.171254181168399e+00 1.053281599989352e+00
7.343750000000000e-01 4.237028901805528e+00 1.052825646648046e+00
7.375000000000000e-01 4.303838074372613e+00 1.052322868185422e+00
7.406250000000001e-01 4.371698010034643e+00 1.051772521637192e+00
7.437500000000000e-01 4.440625276495786e+00 1.051176544296433e+00
7.468750000000001e-01 4.510636702044332e+00 1.050539079426086e+00
7.500000000000000e-01 4.581749379661216e+00 1.049865884391049e+00
7.531250000000000e-01 4.653980671193226e+00 1.049163692401737e+00
7.562500000000001e-01 4.727348211591802e+00 1.048439597323070e+00
7.593750000000000e-01 4.801869913218528e+00 1.047700521438840e+00
7.625000000000001e-01 4.877563970218381e+00 1.046952806303085e+00
7.656250000000000e-01 4.954448862961714e+00 1.046201945125460e+00
7.687500000000000e-01 5.032543362556198e+00 1.045452453420434e+00
7.718750000000001e-01 5.111866535429675e+00 1.044707857711872e+00
7.750000000000000e-01 5.192437747985146e+00 1.043970771458684e+00
7.781250000000001e-01 5.274276671329015e+00 1.043243024790079e+00
7.812500000000000e-01 5.357403286073669e+00 1.042525816822866e+00
7.843750000000000e-01 5.441837887215693e+00 1.041819867059509e+00
7.875000000000001e-01 5.527601089090773e+00 1.041125549796407e+00
7.906250000000000e-01 5.614713830406605e+00 1.040443003628565e+00
7.937500000000001e-01 5.703197379355005e+00 1.039772214937155e+00
7.968750000000000e-01 5.793073338804412e+00 1.039113076931014e+00
8.000000000000000e-01 5.884363651574169e+00 1.038465429542467e+00
8.031250000000001e-01 5.977090605791737e+00 1.037829084660106e+00
8.062500000000000e-01 6.071276840334257e+00 1.037203841153951e+00
8.093750000000001e-01 6.166945350355728e+00 1.036589493569575e+00
8.125000000000000e-01 6.264119492901173e+00 1.035985836640889e+00
8.156250000000000e-01 6.362822992609162e+00 1.035392667529285e+00
8.187500000000001e-01 6.463079947504072e+00 1.034809786996333e+00
8.218750000000000e-01 6.564914834879517e+00 1.034236999836749e+00
8.250000000000001e-01 6.668352517274371e+00 1.033674114896687e+00
8.281250000000000e-01 6.773418248542846e+00 1.033120945184682e+00
8.312500000000000e-01 6.880137680020114e+00 1.032577307707298e+00
8.343750000000001e-01 6.988536866784961e+00 1.032043023489742e+00
8.375000000000000e-01 7.098642274021019e+00 1.031517917321714e+00
8.406250000000001e-01 7.210480783478133e+00 1.031001817779994e+00
8.437500000000000e-01 7.324079700035414e+00 1.030494557159916e+00
8.468750000000000e-01 7.439466758367605e+00 1.029995971224322e+00
8.500000000000001e-01 7.556670129716381e+00 1.029505899274564e+00
8.531250000000000e-01 7.675718428768239e+00 1.029024183992918e+00
8.562500000000001e-01 7.796640720640633e+00 1.028550671377542e+00
8.593750000000000e-01 7.919466527978115e+00 1.028085210632408e+00
8.625000000000000e-01 8.044225838160141e+00 1.027627654058045e+00
8.656250000000001e-01 8.170949110622363e+00 1.027177857125917e+00
8.687500000000000e-01 8.299667284293170e+00 1.026735678187547e+00
8.718750000000001e-01 8.430411785147284e+00 1.026300978550232e+00
8.750000000000000e-01 8.563214533878281e+00 1.025873622370395e+00
8.781250000000000e-01 8.698107953691880e+00 1.025453476547616e+00
8.812500000000001e-01 8.835124978221932e+00 1.025040410756191e+00
8.843750000000000e-01 8.974299059571019e+00 1.024634297294608e+00
8.875000000000001e-01 9.115664176477637e+00 1.024235010981338e+00
8.906250000000000e-01 9.259254842611947e+00 1.023842429187924e+00
8.937500000000000e-01 9.405106115002161e+00 1.023456431781240e+00
8.968750000000001e-01 9.553253602593529e+00 1.023076901020691e+00
9.000000000000000e-01 9.703733474942130e+00 1.022703721455972e+00
9.031250000000001e-01 9.856582471045494e+00 1.022336780007332e+00
9.062500000000000e-01 1.001183790831228e+01 1.021975965727611e+00
9.093750000000000e-01 1.016953769167313e+01 1.021621169974234e+00
9.125000000000001e-01 1.032972032283505e+01 1.021272286172101e+00
9.156250000000000e-01 1.049242490968134e+01 1.020929209849814e+00
9.187500000000001e-01 1.065769117581972e+01 1.020591838585257e+00
9.218750000000000e-01 1.082555947028058e+01 1.020260071951530e+00
9.250000000000000e-01 1.099607077736805e+01 1.019933811417833e+00
9.281250000000001e-01 1.116926672666618e+01 1.019612960432266e+00
9.312500000000000e-01 1.134518960320255e+01 1.019297424277891e+00
9.343750000000001e-01 1.152388235777201e+01 1.018987110065315e+00
9.375000000000000e-01 1.170538861742293e+01 1.018681926634821e+00
9.406250000000000e-01 1.188975269610854e+01 1.018381784685467e+00
9.437500000000001e-01 1.207701960550600e+01 1.018086596496393e+00
9.468750000000000e-01 1.226723506600578e+01 1.017796276056436e+00
9.500000000000001e-01 1.246044551787411e+01 1.017510739012565e+00
9.531250000000000e-01 1.265669813259115e+01 1.017229902573316e+00
9.562500000000000e-01 1.285604082436773e+01 1.016953685548311e+00
9.593750000000001e-01 1.305852226184337e+01 1.016682008252143e+00
9.625000000000000e-01 1.326419187996850e+01 1.016414792453791e+00
9.656250000000001e-01 1.347309989207381e+01 1.016151961461926e+00
9.687500000000000e-01 1.368529730212962e+01 1.015893439938973e+00
9.718750000000000e-01 1.390083591719824e+01 1.015639153986774e+00
9.750000000000001e-01 1.411976836008246e+01 1.015389031096697e+00
9.781250000000000e-01 1.434214808217320e+01 1.015143000054764e+00
9.812500000000001e-01 1.456802937649935e+01 1.014900991027703e+00
9.843750000000000e-01 1.479746739098328e+01 1.014662935378069e+00
9.875000000000000e-01 1.503051814190487e+01 1.014428765840881e+00
9.906250000000001e-01 1.526723852757770e+01 1.014198416293931e+00
9.937500000000000e-01 1.550768634224049e+01 1.013971821844366e+00
9.968750000000001e-01 1.575192029016732e+01 1.013748918825039e+00
1.000000000000000e+00 1.600000000000000e+01 1.013529644700741e+00
