0.000000000000000e+00 0.000000000000000e+00 1.000000000000000e+00
3.125000000000000e-03 3.369263549427258e-03 1.034420687515493e+00
6.250000000000000e-03 6.739349689698711e-03 1.011925405577349e+00
9.375000000000001e-03 1.011108121249049e-02 1.007497192890899e+00
1.250000000000000e-02 1.348528131119160e-02 1.005635746429984e+00
1.562500000000000e-02 1.686277378188298e-02 1.004682259568875e+00
1.875000000000000e-02 2.024438322446370e-02 1.004171375896392e+00
2.187500000000000e-02 2.363093524397333e-02 1.003920103646894e+00
2.500000000000000e-02 2.702325665215984e-02 1.003841725455843e+00
2.812500000000000e-02 3.042217566934200e-02 1.003889761458440e+00
3.125000000000000e-02 3.382852212661575e-02 1.004037163143436e+00
3.437500000000000e-02 3.724312766845378e-02 1.004267105839637e+00
3.750000000000001e-02 4.066682595574785e-02 1.004568529938183e+00
4.062500000000000e-02 4.410045286934348e-02 1.004933990627737e+00
4.375000000000000e-02 4.754484671411652e-02 1.005358338487348e+00
4.687500000000000e-02 5.100084842364160e-02 1.005837771586042e+00
5.000000000000000e-02 5.446930176550237e-02 1.006369590397413e+00
5.312500000000001e-02 5.795105354729364e-02 1.006951836249651e+00
5.625000000000000e-02 6.144695382336569e-02 1.007582941975767e+00
5.937500000000000e-02 6.495785610236132e-02 1.008261752535875e+00
6.250000000000000e-02 6.848461755559625e-02 1.008987471500365e+00
6.562500000000000e-02 7.202809922633362e-02 1.009759426061818e+00
6.875000000000001e-02 7.558916624000402e-02 1.010577117114574e+00
7.187500000000001e-02 7.916868801542200e-02 1.011440181884330e+00
7.500000000000001e-02 8.276753847705080e-02 1.012348339161146e+00
7.812500000000000e-02 8.638659626836727e-02 1.013301391998338e+00
8.125000000000000e-02 9.002674496637868e-02 1.014299182232372e+00
8.437500000000001e-02 9.368887329734420e-02 1.015341575929078e+00
8.750000000000001e-02 9.737387535375355e-02 1.016428511244317e+00
9.062500000000001e-02 1.010826508126157e-01 1.017559899979693e+00
9.375000000000000e-02 1.048161051551108e-01 1.018735668636510e+00
9.687500000000000e-02 1.085751498876601e-01 1.019955771652862e+00
1.000000000000000e-01 1.123607027644654e-01 1.021220114004519e+00
1.031250000000000e-01 1.161736880115753e-01 1.022528589704468e+00
1.062500000000000e-01 1.200150365525305e-01 1.023881113318666e+00
1.093750000000000e-01 1.238856862356450e-01 1.025277519461145e+00
1.125000000000000e-01 1.277865820629775e-01 1.026717632747049e+00
1.156250000000000e-01 1.317186764210495e-01 1.028201256957913e+00
1.187500000000000e-01 1.356829293133661e-01 1.029728104926086e+00
1.218750000000000e-01 1.396803085947971e-01 1.031297859028087e+00
1.250000000000000e-01 1.437117902078738e-01 1.032910170822144e+00
1.281250000000000e-01 1.477783584210617e-01 1.034564577641102e+00
1.312500000000000e-01 1.518810060690650e-01 1.036260586694405e+00
1.343750000000000e-01 1.560207347952229e-01 1.037997639472645e+00
1.375000000000000e-01 1.601985552960564e-01 1.039775051862166e+00
1.406250000000000e-01 1.644154875680252e-01 1.041592085895140e+00
1.437500000000000e-01 1.686725611565558e-01 1.043447931134282e+00
1.468750000000000e-01 1.729708154074000e-01 1.045341631590097e+00
1.500000000000000e-01 1.773112997203869e-01 1.047272175422064e+00
1.531250000000000e-01 1.816950738056289e-01 1.049238452510974e+00
1.562500000000000e-01 1.861232079422458e-01 1.051239196236331e+00
1.593750000000000e-01 1.905967832396682e-01 1.053273060782976e+00
1.625000000000000e-01 1.951168919015860e-01 1.055338605777386e+00
1.656250000000000e-01 1.996846374926046e-01 1.057434220369014e+00
1.687500000000000e-01 2.043011352076760e-01 1.059558213706925e+00
1.718750000000000e-01 2.089675121443681e-01 1.061708790559623e+00
1.750000000000000e-01 2.136849075780412e-01 1.063883981917019e+00
1.781250000000000e-01 2.184544732399964e-01 1.066081722378613e+00
1.812500000000000e-01 2.232773735986666e-01 1.068299866082736e+00
1.843750000000000e-01 2.281547861439151e-01 1.070536096968903e+00
1.875000000000000e-01 2.330879016745160e-01 1.072788005665622e+00
1.906250000000000e-01 2.380779245888810e-01 1.075053114918000e+00
1.937500000000000e-01 2.431260731791094e-01 1.077328799637779e+00
1.968750000000000e-01 2.482335799284277e-01 1.079612337916727e+00
2.000000000000000e-01 2.534016918120952e-01 1.081900986763039e+00
2.031250000000000e-01 2.586316706018478e-01 1.084191894245332e+00
2.062500000000000e-01 2.639247931739538e-01 1.086482122187996e+00
2.093750000000000e-01 2.692823518209576e-01 1.088768738941993e+00
2.125000000000000e-01 2.747056545671873e-01 1.091048773423677e+00
2.156250000000000e-01 2.801960254881028e-01 1.093319190365766e+00
2.187500000000000e-01 2.857548050335636e-01 1.095577005144302e+00
2.218750000000000e-01 2.913833503550930e-01 1.097819269589042e+00
2.250000000000000e-01 2.970830356372213e-01 1.100043012969212e+00
2.281250000000000e-01 3.028552524329863e-01 1.102245331264762e+00
2.312500000000000e-01 3.087014100036755e-01 1.104423451752460e+00
2.343750000000000e-01 3.146229356628902e-01 1.106574652565724e+00
2.375000000000000e-01 3.206212751250189e-01 1.108696290875794e+00
2.406250000000000e-01 3.266978928582008e-01 1.110785904270031e+00
2.437500000000000e-01 3.328542724418705e-01 1.112841180893209e+00
2.468750000000000e-01 3.390919169289667e-01 1.114859911463920e+00
2.500000000000000e-01 3.454123492128958e-01 1.116840082631741e+00
2.531250000000000e-01 3.518171123993401e-01 1.118779911154510e+00
2.562500000000000e-01 3.583077701830001e-01 1.120677767462921e+00
2.593750000000000e-01 3.648859072293631e-01 1.122532189817147e+00
2.625000000000000e-01 3.715531295615936e-01 1.124341979190617e+00
2.656250000000000e-01 3.783110649526354e-01 1.126106163680879e+00
2.687500000000000e-01 3.851613633226258e-01 1.127823922567487e+00
2.718750000000000e-01 3.921056971417164e-01 1.129494638082907e+00
2.750000000000000e-01 3.991457618383991e-01 1.131117958362002e+00
2.781250000000000e-01 4.062832762134377e-01 1.132693722005269e+00
2.812500000000000e-01 4.135199828595055e-01 1.134221896334433e+00
2.843750000000000e-01 4.208576485866312e-01 1.135702638198510e+00
2.875000000000000e-01 4.282980648535585e-01 1.137136326974670e+00
2.906250000000000e-01 4.358430482051222e-01 1.138523475294958e+00
2.937500000000000e-01 4.434944407157500e-01 1.139864674593128e+00
2.968750000000000e-01 4.512541104391968e-01 1.141160651518361e+00
3.000000000000000e-01 4.591239518646220e-01 1.142412289355794e+00
3.031250000000000e-01 4.671058863791195e-01 1.143620540839939e+00
3.062500000000000e-01 4.752018627368176e-01 1.144786370038872e+00
3.093750000000000e-01 4.834138575346580e-01 1.145910799029335e+00
3.125000000000000e-01 4.917438756949728e-01 1.146994936959762e+00
3.156250000000000e-01 5.001939509549778e-01 1.148039909602429e+00
3.187500000000000e-01 5.087661463633005e-01 1.149046790893690e+00
3.218750000000000e-01 5.174625547836644e-01 1.150016630440266e+00
3.250000000000000e-01 5.262852994058529e-01 1.150950498616989e+00
3.281250000000000e-01 5.352365342640750e-01 1.151849452940149e+00
3.312500000000000e-01 5.443184447628656e-01 1.152714466281053e+00
3.343750000000000e-01 5.535332482106405e-01 1.153546418478028e+00
3.375000000000000e-01 5.628831943610435e-01 1.154346142897235e+00
3.406250000000000e-01 5.723705659622137e-01 1.155114445211533e+00
3.437500000000000e-01 5.819976793141081e-01 1.155852058997443e+00
3.468750000000000e-01 5.917668848340161e-01 1.156559599518903e+00
3.500000000000000e-01 6.016805676304035e-01 1.157237573859237e+00
3.531250000000000e-01 6.117411480852264e-01 1.157886430459772e+00
3.562500000000000e-01 6.219510824448572e-01 1.158506574339633e+00
3.593750000000000e-01 6.323128634197650e-01 1.159098330976910e+00
3.625000000000000e-01 6.428290207931012e-01 1.159661909969561e+00
3.656250000000000e-01 6.535021220383342e-01 1.160197417741835e+00
3.687500000000000e-01 6.643347729460869e-01 1.160704897477077e+00
3.718750000000000e-01 6.753296182603294e-01 1.161184355105433e+00
3.750000000000000e-01 6.864893423240808e-01 1.161635747068915e+00
3.781250000000000e-01 6.978166697347804e-01 1.162058951430092e+00
3.812500000000000e-01 7.093143660094854e-01 1.162453756261436e+00
3.843750000000000e-01 7.209852382600603e-01 1.162819882963478e+00
3.875000000000000e-01 7.328321358785219e-01 1.163157017584493e+00
3.906250000000000e-01 7.448579512327029e-01 1.163464827769331e+00
3.937500000000000e-01 7.570656203724140e-01 1.163742956290964e+00
3.968750000000000e-01 7.694581237462648e-01 1.163991003691792e+00
4.000000000000000e-01 7.820384869293291e-01 1.164208517371248e+00
4.031250000000000e-01 7.948097813618253e-01 1.164394999510423e+00
4.062500000000000e-01 8.077751250989945e-01 1.164549923366101e+00
4.093750000000000e-01 8.209376835723596e-01 1.164672751210274e+00
4.125000000000000e-01 8.343006703625532e-01 1.164762941866116e+00
4.156250000000000e-01 8.478673479838968e-01 1.164819948835742e+00
4.187500000000000e-01 8.616410286809313e-01 1.164843213386836e+00
4.218750000000000e-01 8.756250752370857e-01 1.164832158587056e+00
4.250000000000000e-01 8.898229017956865e-01 1.164786187183055e+00
4.281250000000000e-01 9.042379746935050e-01 1.164704684335368e+00
4.312500000000000e-01 9.188738133070491e-01 1.164587021306557e+00
4.343750000000000e-01 9.337339909118028e-01 1.164432559629670e+00
4.375000000000000e-01 9.488221355546261e-01 1.164240652594244e+00
4.406250000000000e-01 9.641419309395265e-01 1.164010645193930e+00
4.437500000000000e-01 9.796971173270190e-01 1.163741872335905e+00
4.468750000000000e-01 9.954914924472941e-01 1.163433656256340e+00
4.500000000000000e-01 1.011528912427417e+00 1.163085304354331e+00
4.531250000000000e-01 1.027813292732786e+00 1.162696107311325e+00
4.562500000000000e-01 1.044348609123070e+00 1.162265337765918e+00
4.593750000000000e-01 1.061138898622882e+00 1.161792249678648e+00
4.625000000000000e-01 1.078188260507393e+00 1.161276078252175e+00
4.656250000000000e-01 1.095500857303154e+00 1.160716040205074e+00
4.687500000000000e-01 1.113080915804360e+00 1.160111334532785e+00
4.718750000000000e-01 1.130932728104805e+00 1.159461143955252e+00
4.750000000000000e-01 1.149060652645771e+00 1.158764636981618e+00
4.781250000000000e-01 1.167469115280130e+00 1.158020970856325e+00
4.812500000000000e-01 1.186162610352890e+00 1.157229295381393e+00
4.843750000000000e-01 1.205145701798475e+00 1.156388758076075e+00
4.875000000000000e-01 1.224423024254985e+00 1.155498510663898e+00
4.906250000000000e-01 1.243999284195726e+00 1.154557717275408e+00
4.937500000000000e-01 1.263879261078271e+00 1.153565564084074e+00
4.968750000000000e-01 1.284067808511348e+00 1.152521271290435e+00
5.000000000000000e-01 1.304569855439823e+00 1.151424107163275e+00
5.031250000000000e-01 1.325390407348082e+00 1.150273404376778e+00
5.062500000000000e-01 1.346534547482100e+00 1.149068578943555e+00
5.093750000000000e-01 1.368007438090487e+00 1.147809151838123e+00
5.125000000000001e-01 1.389814321684837e+00 1.146494773532693e+00
5.156250000000000e-01 1.411960522319654e+00 1.145125251263771e+00
5.187500000000000e-01 1.434451446892208e+00 1.143700579373683e+00
5.218750000000000e-01 1.457292586462593e+00 1.142220972073920e+00
5.250000000000000e-01 1.480489517594354e+00 1.140686899363429e+00
5.281250000000001e-01 1.504047903715979e+00 1.139099124784799e+00
5.312500000000000e-01 1.527973496503592e+00 1.137458745093098e+00
5.343750000000000e-01 1.552272137285215e+00 1.135767231124329e+00
5.375000000000000e-01 1.576949758466886e+00 1.134026468964265e+00
5.406250000000000e-01 1.602012384981041e+00 1.132238800076278e+00
5.437500000000001e-01 1.627466135757470e+00 1.130407059398084e+00
5.468750000000000e-01 1.653317225217225e+00 1.128534609529212e+00
5.500000000000000e-01 1.679571964789851e+00 1.126625369691565e+00
5.531250000000000e-01 1.706236764454286e+00 1.124683836493266e+00
5.562500000000000e-01 1.733318134303830e+00 1.122715095468959e+00
5.593750000000001e-01 1.760822686135563e+00 1.120724820272173e+00
5.625000000000000e-01 1.788757135064574e+00 1.118719257497055e+00
5.656250000000000e-01 1.817128301163438e+00 1.116705195351161e+00
5.687500000000000e-01 1.845943111127301e+00 1.114689913670993e+00
5.718750000000000e-01 1.875208599965003e+00 1.112681114616090e+00
5.750000000000001e-01 1.904931912716643e+00 1.110686832550507e+00
5.781250000000000e-01 1.935120306198011e+00 1.108715323545769e+00
5.812500000000000e-01 1.965781150772311e+00 1.106774935219297e+00
5.843750000000000e-01 1.996921932149593e+00 1.104873958710599e+00
5.875000000000000e-01 2.028550253214365e+00 1.103020465717105e+00
5.906250000000001e-01 2.060673835881802e+00 1.101222134602728e+00
5.937500000000000e-01 2.093300522983012e+00 1.099486070789485e+00
5.968750000000000e-01 2.126438280179837e+00 1.097818626558503e+00
6.000000000000001e-01 2.160095197909630e+00 1.096225227343677e+00
6.031250000000000e-01 2.194279493360494e+00 1.094710210774370e+00
6.062500000000001e-01 2.228999512477486e+00 1.093276685267321e+00
6.093750000000000e-01 2.264263732000228e+00 1.091926414661984e+00
6.125000000000000e-01 2.300080761532477e+00 1.090659734504606e+00
6.156250000000001e-01 2.336459345644116e+00 1.089475504937077e+00
6.187500000000000e-01 2.373408366006099e+00 1.088371103783969e+00
6.218750000000001e-01 2.410936843558884e+00 1.087342462041989e+00
6.250000000000000e-01 2.449053940714840e+00 1.086384143109391e+00
6.281250000000000e-01 2.487768963595221e+00 1.085489464219667e+00
6.312500000000001e-01 2.527091364302215e+00 1.084650658738283e+00
6.343750000000000e-01 2.567030743226622e+00 1.083859074693454e+00
6.375000000000001e-01 2.607596851391758e+00 1.083105405040251e+00
6.406250000000000e-01 2.648799592834118e+00 1.082379942357643e+00
6.437500000000000e-01 2.690649027021411e+00 1.081672850533095e+00
6.468750000000001e-01 2.733155371308524e+00 1.080974443806404e+00
6.500000000000000e-01 2.776329003432049e+00 1.080275463780322e+00
6.531250000000001e-01 2.820180464043967e+00 1.079567343110230e+00
6.562500000000000e-01 2.864720459285089e+00 1.078842445451562e+00
6.593750000000000e-01 2.909959863398929e+00 1.078094270949300e+00
6.625000000000001e-01 2.955909721386590e+00 1.077317617360615e+00
6.656250000000000e-01 3.002581251703353e+00 1.076508688748887e+00
6.687500000000001e-01 3.049985848997626e+00 1.075665146133184e+00
6.718750000000000e-01 3.098135086892879e+00 1.074786097137421e+00
6.750000000000000e-01 3.147040720813310e+00 1.073872025409707e+00
6.781250000000001e-01 3.196714690853871e+00 1.072924664169334e+00
6.812500000000000e-01 3.247169124695383e+00 1.071946822223503e+00
6.843750000000001e-01 3.298416340565477e+00 1.070942173733437e+00
6.875000000000000e-01 3.350468850246008e+00 1.069915025638082e+00
6.906250000000000e-01 3.403339362127777e+00 1.068870077232869e+00
6.937500000000001e-01 3.457040784313211e+00 1.067812187687523e+00
6.968750000000000e-01 3.511586227767823e+00 1.066746163729101e+00
7.000000000000001e-01 3.566989009521205e+00 1.065676579438386e+00
7.031250000000000e-01 3.623262655918307e+00 1.064607634790319e+00
7.062500000000000e-01 3.680420905921852e+00 1.063543056459838e+00
7.093750000000001e-01 3.738477714466631e+00 1.062486041349674e+00
7.125000000000000e-01 3.797447255866536e+00 1.061439238131525e+00
7.156250000000001e-01 3.857343927275175e+00 1.060404761703301e+00
7.187500000000000e-01 3.918182352200844e+00 1.059384232458739e+00
7.218750000000000e-01 3.979977384076828e+00 1.058378831918140e+00
7.250000000000001e-01 4.042744109887770e+00 1.057389367816755e+00
7.281250000000000e-01 4.106497853853101e+00 1.056416341264902e+00
7.312500000000001e-01 4.171254181168399e+00 1.055460011036282e+00
7.343750000000000e-01 4.237028901805528e+00 1.054520451239796e+00
7.375000000000000e-01 4.303838074372613e+00 1.053597600727708e+00
7.406250000000001e-01 4.371698010034643e+00 1.052691303150878e+00
7.437500000000000e-01 4.440625276495786e+00 1.051801338338396e+00
7.468750000000001e-01 4.510636702044332e+00 1.050927445549685e+00
7.500000000000000e-01 4.581749379661216e+00 1.050069340413687e+00
7.531250000000000e-01 4.653980671193226e+00 1.049226726385322e+00
7.562500000000001e-01 4.727348211591802e+00 1.048399302449818e+00
7.593750000000000e-01 4.801869913218528e+00 1.047586767945607e+00
7.625000000000001e-01 4.877563970218381e+00 1.046788825551059e+00
7.656250000000000e-01 4.954448862961714e+00 1.046005182929265e+00
7.687500000000000e-01 5.032543362556198e+00 1.045235553581872e+00
7.718750000000001e-01 5.111866535429675e+00 1.044479657217968e+00
7.750000000000000e-01 5.192437747985146e+00 1.043737219881758e+00
7.781250000000001e-01 5.274276671329015e+00 1.043007974020961e+00
7.812500000000000e-01 5.357403286073669e+00 1.042291658255447e+00
7.843750000000000e-01 5.441837887215693e+00 1.041588017208439e+00
7.875000000000001e-01 5.527601089090773e+00 1.040896801580240e+00
7.906250000000000e-01 5.614713830406605e+00 1.040217767682338e+00
7.937500000000001e-01 5.703197379355005e+00 1.039550677514959e+00
7.968750000000000e-01 5.793073338804412e+00 1.038895298485541e+00
8.000000000000000e-01 5.884363651574169e+00 1.038251403309358e+00
8.031250000000001e-01 5.977090605791737e+00 1.037618769791778e+00
8.062500000000000e-01 6.071276840334257e+00 1.036997180851963e+00
8.093750000000001e-01 6.166945350355728e+00 1.036386424188385e+00
8.125000000000000e-01 6.264119492901173e+00 1.035786292245631e+00
8.156250000000000e-01 6.362822992609162e+00 1.035196582122469e+00
8.187500000000001e-01 6.463079947504072e+00 1.034617095361646e+00
8.218750000000000e-01 6.564914834879517e+00 1.034047637920422e+00
8.250000000000001e-01 6.668352517274371e+00 1.033488019962973e+00
8.281250000000000e-01 6.773418248542846e+00 1.032938055773587e+00
8.312500000000000e-01 6.880137680020114e+00 1.032397563730524e+00
8.343750000000001e-01 6.988536866784961e+00 1.031866366101919e+00
8.375000000000000e-01 7.098642274021019e+00 1.031344288962149e+00
8.406250000000001e-01 7.210480783478133e+00 1.030831162109137e+00
8.437500000000000e-01 7.324079700035414e+00 1.030326818982539e+00
8.468750000000000e-01 7.439466758367605e+00 1.029831096582817e+00
8.500000000000001e-01 7.556670129716381e+00 1.029343835331679e+00
8.531250000000000e-01 7.675718428768239e+00 1.028864878992930e+00
8.562500000000001e-01 7.796640720640633e+00 1.028394074594083e+00
8.593750000000000e-01 7.919466527978115e+00 1.027931272467450e+00
8.625000000000000e-01 8.044225838160141e+00 1.027476325935599e+00
8.656250000000001e-01 8.170949110622363e+00 1.027029091413336e+00
8.687500000000000e-01 8.299667284293170e+00 1.026589428272729e+00
8.718750000000001e-01 8.430411785147284e+00 1.026157198768201e+00
8.750000000000000e-01 8.563214533878281e+00 1.025732268021478e+00
8.781250000000000e-01 8.698107953691880e+00 1.025314503829363e+00
8.812500000000001e-01 8.835124978221932e+00 1.024903776709129e+00
8.843750000000000e-01 8.974299059571019e+00 1.024499959825863e+00
8.875000000000001e-01 9.115664176477637e+00 1.024102928920348e+00
8.906250000000000e-01 9.259254842611947e+00 1.023712562119230e+00
8.937500000000000e-01 9.405106115002161e+00 1.023328740159659e+00
8.968750000000001e-01 9.553253602593529e+00 1.022951346022976e+00
9.000000000000000e-01 9.703733474942130e+00 1.022580265041977e+00
9.031250000000001e-01 9.856582471045494e+00 1.022215384890183e+00
9.062500000000000e-01 1.001183790831228e+01 1.021856595394377e+00
9.093750000000000e-01 1.016953769167313e+01 1.021503788524806e+00
9.125000000000001e-01 1.032972032283505e+01 1.021156858503621e+00
9.156250000000000e-01 1.049242490968134e+01 1.020815701500678e+00
9.187500000000001e-01 1.065769117581972e+01 1.020480215801683e+00
9.218750000000000e-01 1.082555947028058e+01 1.020150301563834e+00
9.250000000000000e-01 1.099607077736805e+01 1.019825860984455e+00
9.281250000000001e-01 1.116926672666618e+01 1.019506798116256e+00
9.312500000000000e-01 1.134518960320255e+01 1.019193018800877e+00
9.343750000000001e-01 1.152388235777201e+01 1.018884430779301e+00
9.375000000000000e-01 1.170538861742293e+01 1.018580943508125e+00
9.406250000000000e-01 1.188975269610854e+01 1.018282468211604e+00
9.437500000000001e-01 1.207701960550600e+01 1.017988917757400e+00
9.468750000000000e-01 1.226723506600578e+01 1.017700206709061e+00
9.500000000000001e-01 1.246044551787411e+01 1.017416251202303e+00
9.531250000000000e-01 1.265669813259115e+01 1.017136968997893e+00
9.562500000000000e-01 1.285604082436773e+01 1.016862279358429e+00
9.593750000000001e-01 1.305852226184337e+01 1.016592103160313e+00
9.625000000000000e-01 1.326419187996850e+01 1.016326362653529e+00
9.656250000000001e-01 1.347309989207381e+01 1.016064981574016e+00
9.687500000000000e-01 1.368529730212962e+01 1.015807885138685e+00
9.718750000000000e-01 1.390083591719824e+01 1.015554999864614e+00
9.750000000000001e-01 1.411976836008246e+01 1.015306253681833e+00
9.781250000000000e-01 1.434214808217320e+01 1.015061575870196e+00
9.812500000000001e-01 1.456802937649935e+01 1.014820896996465e+00
9.843750000000000e-01 1.479746739098328e+01 1.014584148851603e+00
9.875000000000000e-01 1.503051814190487e+01 1.014351264564002e+00
9.906250000000001e-01 1.526723852757770e+01 1.014122178478402e+00
9.937500000000000e-01 1.550768634224049e+01 1.013896826093619e+00
9.968750000000001e-01 1.575192029016732e+01 1.013675144059014e+00
1.000000000000000e+00 1.600000000000000e+01 1.013457070288106e+00
