0.000000000000000e+00 0.000000000000000e+00 1.000000000000000e+00
3.125000000000000e-03 3.369263549427258e-03 1.034386691040307e+00
6.250000000000000e-03 6.739349689698711e-03 1.011821919238157e+00
9.375000000000001e-03 1.011108121249049e-02 1.007286167651545e+00
1.250000000000000e-02 1.348528131119160e-02 1.005278559133571e+00
1.562500000000000e-02 1.686277378188298e-02 1.004140325746943e+00
1.875000000000000e-02 2.024438322446370e-02 1.003406016888672e+00
2.187500000000000e-02 2.363093524397333e-02 1.002892601086582e+00
2.500000000000000e-02 2.702325665215984e-02 1.002513244826515e+00
2.812500000000000e-02 3.042217566934200e-02 1.002221395396963e+00
3.125000000000000e-02 3.382852212661575e-02 1.001989834485919e+00
3.437500000000000e-02 3.724312766845378e-02 1.001801578278559e+00
3.750000000000001e-02 4.066682595574785e-02 1.001645478288365e+00
4.062500000000000e-02 4.410045286934348e-02 1.001513912171168e+00
4.375000000000000e-02 4.754484671411652e-02 1.001401491363552e+00
4.687500000000000e-02 5.100084842364160e-02 1.001304298309067e+00
5.000000000000000e-02 5.446930176550237e-02 1.001219416548467e+00
5.312500000000001e-02 5.795105354729364e-02 1.001144629954672e+00
5.625000000000000e-02 6.144695382336569e-02 1.001078224513119e+00
5.937500000000000e-02 6.495785610236132e-02 1.001018853594036e+00
6.250000000000000e-02 6.848461755559625e-02 1.000965444604513e+00
6.562500000000000e-02 7.202809922633362e-02 1.000917132593510e+00
6.875000000000001e-02 7.558916624000402e-02 1.000873212346807e+00
7.187500000000001e-02 7.916868801542200e-02 1.000833103098699e+00
7.500000000000001e-02 8.276753847705080e-02 1.000796322353654e+00
7.812500000000000e-02 8.638659626836727e-02 1.000762465795948e+00
8.125000000000000e-02 9.002674496637868e-02 1.000731192146601e+00
8.437500000000001e-02 9.368887329734420e-02 1.000702211391593e+00
8.750000000000001e-02 9.737387535375355e-02 1.000675275418092e+00
9.062500000000001e-02 1.010826508126157e-01 1.000650170751395e+00
9.375000000000000e-02 1.048161051551108e-01 1.000626712692571e+00
9.687500000000000e-02 1.085751498876601e-01 1.000604740681310e+00
1.000000000000000e-01 1.123607027644654e-01 1.000584114402933e+00
1.031250000000000e-01 1.161736880115753e-01 1.000564710770227e+00
1.062500000000000e-01 1.200150365525305e-01 1.000546421342986e+00
1.093750000000000e-01 1.238856862356450e-01 1.000529150141371e+00
1.125000000000000e-01 1.277865820629775e-01 1.000512811983981e+00
1.156250000000000e-01 1.317186764210495e-01 1.000497331044725e+00
1.187500000000000e-01 1.356829293133661e-01 1.000482639453724e+00
1.218750000000000e-01 1.396803085947971e-01 1.000468676466282e+00
1.250000000000000e-01 1.437117902078738e-01 1.000455387413690e+00
1.281250000000000e-01 1.477783584210617e-01 1.000442723003614e+00
1.312500000000000e-01 1.518810060690650e-01 1.000430638751650e+00
1.343750000000000e-01 1.560207347952229e-01 1.000419094238287e+00
1.375000000000000e-01 1.601985552960564e-01 1.000408052846402e+00
1.406250000000000e-01 1.644154875680252e-01 1.000397481193091e+00
1.437500000000000e-01 1.686725611565558e-01 1.000387348867296e+00
1.468750000000000e-01 1.729708154074000e-01 1.000377627992787e+00
1.500000000000000e-01 1.773112997203869e-01 1.000368293140569e+00
1.531250000000000e-01 1.816950738056289e-01 1.000359320848278e+00
1.562500000000000e-01 1.861232079422458e-01 1.000350689663672e+00
1.593750000000000e-01 1.905967832396682e-01 1.000342379795100e+00
1.625000000000000e-01 1.951168919015860e-01 1.000334372936681e+00
1.656250000000000e-01 1.996846374926046e-01 1.000326652224517e+00
1.687500000000000e-01 2.043011352076760e-01 1.000319202018239e+00
1.718750000000000e-01 2.089675121443681e-01 1.000312007900912e+00
1.750000000000000e-01 2.136849075780412e-01 1.000305056373271e+00
1.781250000000000e-01 2.184544732399964e-01 1.000298334984661e+00
1.812500000000000e-01 2.232773735986666e-01 1.000291832114624e+00
1.843750000000000e-01 2.281547861439151e-01 1.000285536972852e+00
1.875000000000000e-01 2.330879016745160e-01 1.000279439424460e+00
1.906250000000000e-01 2.380779245888810e-01 1.000273530033614e+00
1.937500000000000e-01 2.431260731791094e-01 1.000267800019827e+00
1.968750000000000e-01 2.482335799284277e-01 1.000262241083247e+00
2.000000000000000e-01 2.534016918120952e-01 1.000256845535640e+00
2.031250000000000e-01 2.586316706018478e-01 1.000251606082017e+00
2.062500000000000e-01 2.639247931739538e-01 1.000246515907950e+00
2.093750000000000e-01 2.692823518209576e-01 1.000241568635882e+00
2.125000000000000e-01 2.747056545671873e-01 1.000236758194108e+00
2.156250000000000e-01 2.801960254881028e-01 1.000232078947755e+00
2.187500000000000e-01 2.857548050335636e-01 1.000227525524104e+00
2.218750000000000e-01 2.913833503550930e-01 1.000223092856241e+00
2.250000000000000e-01 2.970830356372213e-01 1.000218776175708e+00
2.281250000000000e-01 3.028552524329863e-01 1.000214570977698e+00
2.312500000000000e-01 3.087014100036755e-01 1.000210473004668e+00
2.343750000000000e-01 3.146229356628902e-01 1.000206478233367e+00
2.375000000000000e-01 3.206212751250189e-01 1.000202582819392e+00
2.406250000000000e-01 3.266978928582008e-01 1.000198783141869e+00
2.437500000000000e-01 3.328542724418705e-01 1.000195075758759e+00
2.468750000000000e-01 3.390919169289667e-01 1.000191457406851e+00
2.500000000000000e-01 3.454123492128958e-01 1.000187924957064e+00
2.531250000000000e-01 3.518171123993401e-01 1.000184475459136e+00
2.562500000000000e-01 3.583077701830001e-01 1.000181106141613e+00
2.593750000000000e-01 3.648859072293631e-01 1.000177814277787e+00
2.625000000000000e-01 3.715531295615936e-01 1.000174597364435e+00
2.656250000000000e-01 3.783110649526354e-01 1.000171452943072e+00
2.687500000000000e-01 3.851613633226258e-01 1.000168378689319e+00
2.718750000000000e-01 3.921056971417164e-01 1.000165372368213e+00
2.750000000000000e-01 3.991457618383991e-01 1.000162431878892e+00
2.781250000000000e-01 4.062832762134377e-01 1.000159555209901e+00
2.812500000000000e-01 4.135199828595055e-01 1.000156740439196e+00
2.843750000000000e-01 4.208576485866312e-01 1.000153985689449e+00
2.875000000000000e-01 4.282980648535585e-01 1.000151289217424e+00
2.906250000000000e-01 4.358430482051222e-01 1.000148649279911e+00
2.937500000000000e-01 4.434944407157500e-01 1.000146064267787e+00
2.968750000000000e-01 4.512541104391968e-01 1.000143532661324e+00
3.000000000000000e-01 4.591239518646220e-01 1.000141052896135e+00
3.031250000000000e-01 4.671058863791195e-01 1.000138623586593e+00
3.062500000000000e-01 4.752018627368176e-01 1.000136243302412e+00
3.093750000000000e-01 4.834138575346580e-01 1.000133910747379e+00
3.125000000000000e-01 4.917438756949728e-01 1.000131624625300e+00
3.156250000000000e-01 5.001939509549778e-01 1.000129383729371e+00
3.187500000000000e-01 5.087661463633005e-01 1.000127186897487e+00
3.218750000000000e-01 5.174625547836644e-01 1.000125032967560e+00
3.250000000000000e-01 5.262852994058529e-01 1.000122920822203e+00
3.281250000000000e-01 5.352365342640750e-01 1.000120849433412e+00
3.312500000000000e-01 5.443184447628656e-01 1.000118817728512e+00
3.343750000000000e-01 5.535332482106405e-01 1.000116824813577e+00
3.375000000000000e-01 5.628831943610435e-01 1.000114869660644e+00
3.406250000000000e-01 5.723705659622137e-01 1.000112951375810e+00
3.437500000000000e-01 5.819976793141081e-01 1.000111069109870e+00
3.468750000000000e-01 5.917668848340161e-01 1.000109221968945e+00
3.500000000000000e-01 6.016805676304035e-01 1.000107409148532e+00
3.531250000000000e-01 6.117411480852264e-01 1.000105629844139e+00
3.562500000000000e-01 6.219510824448572e-01 1.000103883295967e+00
3.593750000000000e-01 6.323128634197650e-01 1.000102168699542e+00
3.625000000000000e-01 6.428290207931012e-01 1.000100485384448e+00
3.656250000000000e-01 6.535021220383342e-01 1.000098832635593e+00
3.687500000000000e-01 6.643347729460869e-01 1.000097209782576e+00
3.718750000000000e-01 6.753296182603294e-01 1.000095616155005e+00
3.750000000000000e-01 6.864893423240808e-01 1.000094051127176e+00
3.781250000000000e-01 6.978166697347804e-01 1.000092514073392e+00
3.812500000000000e-01 7.093143660094854e-01 1.000091004412644e+00
3.843750000000000e-01 7.209852382600603e-01 1.000089521563930e+00
3.875000000000000e-01 7.328321358785219e-01 1.000088064946256e+00
3.906250000000000e-01 7.448579512327029e-01 1.000086634023311e+00
3.937500000000000e-01 7.570656203724140e-01 1.000085228214110e+00
3.968750000000000e-01 7.694581237462648e-01 1.000083847071721e+00
4.000000000000000e-01 7.820384869293291e-01 1.000082490059850e+00
4.031250000000000e-01 7.948097813618253e-01 1.000081156686890e+00
4.062500000000000e-01 8.077751250989945e-01 1.000079846461241e+00
4.093750000000000e-01 8.209376835723596e-01 1.000078558980668e+00
4.125000000000000e-01 8.343006703625532e-01 1.000077293753577e+00
4.156250000000000e-01 8.478673479838968e-01 1.000076050333062e+00
4.187500000000000e-01 8.616410286809313e-01 1.000074828316901e+00
4.218750000000000e-01 8.756250752370857e-01 1.000073627302874e+00
4.250000000000000e-01 8.898229017956865e-01 1.000072446888767e+00
4.281250000000000e-01 9.042379746935050e-01 1.000071286672367e+00
4.312500000000000e-01 9.188738133070491e-01 1.000070146251467e+00
4.343750000000000e-01 9.337339909118028e-01 1.000069025313224e+00
4.375000000000000e-01 9.488221355546261e-01 1.000067923455434e+00
4.406250000000000e-01 9.641419309395265e-01 1.000066840320581e+00
4.437500000000000e-01 9.796971173270190e-01 1.000065775595829e+00
4.468750000000000e-01 9.954914924472941e-01 1.000064728968347e+00
4.500000000000000e-01 1.011528912427417e+00 1.000063700080625e+00
4.531250000000000e-01 1.027813292732786e+00 1.000062688664516e+00
4.562500000000000e-01 1.044348609123070e+00 1.000061694362515e+00
4.593750000000000e-01 1.061138898622882e+00 1.000060716906481e+00
4.625000000000000e-01 1.078188260507393e+00 1.000059755983593e+00
4.656250000000000e-01 1.095500857303154e+00 1.000058811370396e+00
4.687500000000000e-01 1.113080915804360e+00 1.000057882754073e+00
4.718750000000000e-01 1.130932728104805e+00 1.000056969866490e+00
4.750000000000000e-01 1.149060652645771e+00 1.000056072484197e+00
4.781250000000000e-01 1.167469115280130e+00 1.000055190383746e+00
4.812500000000000e-01 1.186162610352890e+00 1.000054323297008e+00
4.843750000000000e-01 1.205145701798475e+00 1.000053471000537e+00
4.875000000000000e-01 1.224423024254985e+00 1.000052633270890e+00
4.906250000000000e-01 1.243999284195726e+00 1.000051809929304e+00
4.937500000000000e-01 1.263879261078271e+00 1.000051000752338e+00
4.968750000000000e-01 1.284067808511348e+00 1.000050205561233e+00
5.000000000000000e-01 1.304569855439823e+00 1.000049424132550e+00
5.031250000000000e-01 1.325390407348082e+00 1.000048656332213e+00
5.062500000000000e-01 1.346534547482100e+00 1.000047902026148e+00
5.093750000000000e-01 1.368007438090487e+00 1.000047161035601e+00
5.125000000000001e-01 1.389814321684837e+00 1.000046433226497e+00
5.156250000000000e-01 1.411960522319654e+00 1.000045718464767e+00
5.187500000000000e-01 1.434451446892208e+00 1.000045016661019e+00
5.218750000000000e-01 1.457292586462593e+00 1.000044327725865e+00
5.250000000000000e-01 1.480489517594354e+00 1.000043651525236e+00
5.281250000000001e-01 1.504047903715979e+00 1.000042988059106e+00
5.312500000000000e-01 1.527973496503592e+00 1.000042337282768e+00
5.343750000000000e-01 1.552272137285215e+00 1.000041699151518e+00
5.375000000000000e-01 1.576949758466886e+00 1.000041073665330e+00
5.406250000000000e-01 1.602012384981041e+00 1.000040460913542e+00
5.437500000000001e-01 1.627466135757470e+00 1.000039860851452e+00
5.468750000000000e-01 1.653317225217225e+00 1.000039273657758e+00
5.500000000000000e-01 1.679571964789851e+00 1.000038699421798e+00
5.531250000000000e-01 1.706236764454286e+00 1.000038138277594e+00
5.562500000000000e-01 1.733318134303830e+00 1.000037590537886e+00
5.593750000000001e-01 1.760822686135563e+00 1.000037056426055e+00
5.625000000000000e-01 1.788757135064574e+00 1.000036536254845e+00
5.656250000000000e-01 1.817128301163438e+00 1.000036030426357e+00
5.687500000000000e-01 1.845943111127301e+00 1.000035539476737e+00
5.718750000000000e-01 1.875208599965003e+00 1.000035063942128e+00
5.750000000000001e-01 1.904931912716643e+00 1.000034604537396e+00
5.781250000000000e-01 1.935120306198011e+00 1.000034162111447e+00
5.812500000000000e-01 1.965781150772311e+00 1.000033737647228e+00
5.843750000000000e-01 1.996921932149593e+00 1.000033332217047e+00
5.875000000000000e-01 2.028550253214365e+00 1.000032947205972e+00
5.906250000000001e-01 2.060673835881802e+00 1.000032584311835e+00
5.937500000000000e-01 2.093300522983012e+00 1.000032245277146e+00
5.968750000000000e-01 2.126438280179837e+00 1.000031932246538e+00
6.000000000000001e-01 2.160095197909630e+00 1.000031648034847e+00
6.031250000000000e-01 2.194279493360494e+00 1.000031395724992e+00
6.062500000000001e-01 2.228999512477486e+00 1.000031178667972e+00
6.093750000000000e-01 2.264263732000228e+00 1.000031000974354e+00
6.125000000000000e-01 2.300080761532477e+00 1.000030867961074e+00
6.156250000000001e-01 2.336459345644116e+00 1.000030785436551e+00
6.187500000000000e-01 2.373408366006099e+00 1.000030759521976e+00
6.218750000000001e-01 2.410936843558884e+00 1.000030797276831e+00
6.250000000000000e-01 2.449053940714840e+00 1.000030907994629e+00
6.281250000000000e-01 2.487768963595221e+00 1.000031102443349e+00
6.312500000000001e-01 2.527091364302215e+00 1.000031389469745e+00
6.343750000000000e-01 2.567030743226622e+00 1.000031775909991e+00
6.375000000000001e-01 2.607596851391758e+00 1.000032271906646e+00
6.406250000000000e-01 2.648799592834118e+00 1.000032890953351e+00
6.437500000000000e-01 2.690649027021411e+00 1.000033635775843e+00
6.468750000000001e-01 2.733155371308524e+00 1.000034484436291e+00
6.500000000000000e-01 2.776329003432049e+00 1.000035399805457e+00
6.531250000000001e-01 2.820180464043967e+00 1.000036348998637e+00
6.562500000000000e-01 2.864720459285089e+00 1.000037284743860e+00
6.593750000000000e-01 2.909959863398929e+00 1.000038082024681e+00
6.625000000000001e-01 2.955909721386590e+00 1.000038521682163e+00
6.656250000000000e-01 3.002581251703353e+00 1.000038430444284e+00
6.687500000000001e-01 3.049985848997626e+00 1.000037915589352e+00
6.718750000000000e-01 3.098135086892879e+00 1.000037568644389e+00
6.750000000000000e-01 3.147040720813310e+00 1.000038999050324e+00
6.781250000000001e-01 3.196714690853871e+00 1.000046971722076e+00
6.812500000000000e-01 3.247169124695383e+00 1.000075366514993e+00
6.843750000000001e-01 3.298416340565477e+00 1.000158712252496e+00
6.875000000000000e-01 3.350468850246008e+00 1.000365976038597e+00
6.906250000000000e-01 3.403339362127777e+00 1.000804640945397e+00
6.937500000000001e-01 3.457040784313211e+00 1.001601109410032e+00
6.968750000000000e-01 3.511586227767823e+00 1.002856585638032e+00
7.000000000000001e-01 3.566989009521205e+00 1.004597596280365e+00
7.031250000000000e-01 3.623262655918307e+00 1.006748491712302e+00
7.062500000000000e-01 3.680420905921852e+00 1.009141542742078e+00
7.093750000000001e-01 3.738477714466631e+00 1.011559014029816e+00
7.125000000000000e-01 3.797447255866536e+00 1.013787001187350e+00
7.156250000000001e-01 3.857343927275175e+00 1.015660056606799e+00
7.187500000000000e-01 3.918182352200844e+00 1.017084812021331e+00
7.218750000000000e-01 3.979977384076828e+00 1.018041733913424e+00
7.250000000000001e-01 4.042744109887770e+00 1.018571362072777e+00
7.281250000000000e-01 4.106497853853101e+00 1.018753462428753e+00
7.312500000000001e-01 4.171254181168399e+00 1.018686097635325e+00
7.343750000000000e-01 4.237028901805528e+00 1.018468750866415e+00
7.375000000000000e-01 4.303838074372613e+00 1.018190991277652e+00
7.406250000000001e-01 4.371698010034643e+00 1.017926395686466e+00
7.437500000000000e-01 4.440625276495786e+00 1.017730565471724e+00
7.468750000000001e-01 4.510636702044332e+00 1.017641865478375e+00
7.500000000000000e-01 4.581749379661216e+00 1.017683650371357e+00
7.531250000000000e-01 4.653980671193226e+00 1.017867067529053e+00
7.562500000000001e-01 4.727348211591802e+00 1.018193845884649e+00
7.593750000000000e-01 4.801869913218528e+00 1.018658764915783e+00
7.625000000000001e-01 4.877563970218381e+00 1.019251666942139e+00
7.656250000000000e-01 4.954448862961714e+00 1.019958997554770e+00
7.687500000000000e-01 5.032543362556198e+00 1.020764906356185e+00
7.718750000000001e-01 5.111866535429675e+00 1.021651981460376e+00
7.750000000000000e-01 5.192437747985146e+00 1.022601682485321e+00
7.781250000000001e-01 5.274276671329015e+00 1.023594539079759e+00
7.812500000000000e-01 5.357403286073669e+00 1.024610176116309e+00
7.843750000000000e-01 5.441837887215693e+00 1.025627246919198e+00
7.875000000000001e-01 5.527601089090773e+00 1.026623357334264e+00
7.906250000000000e-01 5.614713830406605e+00 1.027575041527995e+00
7.937500000000001e-01 5.703197379355005e+00 1.028457817170656e+00
7.968750000000000e-01 5.793073338804412e+00 1.029246372748948e+00
8.000000000000000e-01 5.884363651574169e+00 1.029915064080859e+00
8.031250000000001e-01 5.977090605791737e+00 1.030439073410944e+00
8.062500000000000e-01 6.071276840334257e+00 1.030796650658881e+00
8.093750000000001e-01 6.166945350355728e+00 1.030972629848217e+00
8.125000000000000e-01 6.264119492901173e+00 1.030962827465007e+00
8.156250000000000e-01 6.362822992609162e+00 1.030778172497905e+00
8.187500000000001e-01 6.463079947504072e+00 1.030446906961659e+00
8.218750000000000e-01 6.564914834879517e+00 1.030013352633229e+00
8.250000000000001e-01 6.668352517274371e+00 1.029532675874890e+00
8.281250000000000e-01 6.773418248542846e+00 1.029062445540103e+00
8.312500000000000e-01 6.880137680020114e+00 1.028652941548068e+00
8.343750000000001e-01 6.988536866784961e+00 1.028338638271454e+00
8.375000000000000e-01 7.098642274021019e+00 1.028132944999567e+00
8.406250000000001e-01 7.210480783478133e+00 1.028027379071084e+00
8.437500000000000e-01 7.324079700035414e+00 1.027995216049459e+00
8.468750000000000e-01 7.439466758367605e+00 1.027998585872862e+00
8.500000000000001e-01 7.556670129716381e+00 1.027997174311013e+00
8.531250000000000e-01 7.675718428768239e+00 1.027956345954168e+00
8.562500000000001e-01 7.796640720640633e+00 1.027852779749455e+00
8.593750000000000e-01 7.919466527978115e+00 1.027676572871813e+00
8.625000000000000e-01 8.044225838160141e+00 1.027429925424783e+00
8.656250000000001e-01 8.170949110622363e+00 1.027123509416385e+00
8.687500000000000e-01 8.299667284293170e+00 1.026772068876384e+00
8.718750000000001e-01 8.430411785147284e+00 1.026390610657291e+00
8.750000000000000e-01 8.563214533878281e+00 1.025991941330299e+00
8.781250000000000e-01 8.698107953691880e+00 1.025585642617596e+00
8.812500000000001e-01 8.835124978221932e+00 1.025178127615970e+00
8.843750000000000e-01 8.974299059571019e+00 1.024773270914370e+00
8.875000000000001e-01 9.115664176477637e+00 1.024373187169217e+00
8.906250000000000e-01 9.259254842611947e+00 1.023978906379915e+00
8.937500000000000e-01 9.405106115002161e+00 1.023590855604837e+00
8.968750000000001e-01 9.553253602593529e+00 1.023209157342642e+00
9.000000000000000e-01 9.703733474942130e+00 1.022833793764846e+00
9.031250000000001e-01 9.856582471045494e+00 1.022464688291705e+00
9.062500000000000e-01 1.001183790831228e+01 1.022101742365958e+00
9.093750000000000e-01 1.016953769167313e+01 1.021744850916981e+00
9.125000000000001e-01 1.032972032283505e+01 1.021393907934159e+00
9.156250000000000e-01 1.049242490968134e+01 1.021048808652641e+00
9.187500000000001e-01 1.065769117581972e+01 1.020709450001790e+00
9.218750000000000e-01 1.082555947028058e+01 1.020375730870570e+00
9.250000000000000e-01 1.099607077736805e+01 1.020047552144761e+00
9.281250000000001e-01 1.116926672666618e+01 1.019724816562092e+00
9.312500000000000e-01 1.134518960320255e+01 1.019407428750054e+00
9.343750000000001e-01 1.152388235777201e+01 1.019095295172789e+00
9.375000000000000e-01 1.170538861742293e+01 1.018788324123801e+00
9.406250000000000e-01 1.188975269610854e+01 1.018486425582370e+00
9.437500000000001e-01 1.207701960550600e+01 1.018189511343355e+00
9.468750000000000e-01 1.226723506600578e+01 1.017897494783128e+00
9.500000000000001e-01 1.246044551787411e+01 1.017610290989819e+00
9.531250000000000e-01 1.265669813259115e+01 1.017327816620789e+00
9.562500000000000e-01 1.285604082436773e+01 1.017049989896821e+00
9.593750000000001e-01 1.305852226184337e+01 1.016776730641923e+00
9.625000000000000e-01 1.326419187996850e+01 1.016507960096121e+00
9.656250000000001e-01 1.347309989207381e+01 1.016243601046543e+00
9.687500000000000e-01 1.368529730212962e+01 1.015983577686071e+00
9.718750000000000e-01 1.390083591719824e+01 1.015727815653885e+00
9.750000000000001e-01 1.411976836008246e+01 1.015476241894586e+00
9.781250000000000e-01 1.434214808217320e+01 1.015228784789817e+00
9.812500000000001e-01 1.456802937649935e+01 1.014985374017728e+00
9.843750000000000e-01 1.479746739098328e+01 1.014745940548761e+00
9.875000000000000e-01 1.503051814190487e+01 1.014510416596247e+00
9.906250000000001e-01 1.526723852757770e+01 1.014278735657801e+00
9.937500000000000e-01 1.550768634224049e+01 1.014050832420851e+00
9.968750000000001e-01 1.575192029016732e+01 1.013826642758993e+00
1.000000000000000e+00 1.600000000000000e+01 1.013606103773733e+00
