0.000000000000000e+00 0.000000000000000e+00 1.000000000000000e+00
3.125000000000000e-03 3.369263549427258e-03 1.034417559843110e+00
6.250000000000000e-03 6.739349689698711e-03 1.011915723020961e+00
9.375000000000001e-03 1.011108121249049e-02 1.007477292397822e+00
1.250000000000000e-02 1.348528131119160e-02 1.005602139212522e+00
1.562500000000000e-02 1.686277378188298e-02 1.004631425610593e+00
1.875000000000000e-02 2.024438322446370e-02 1.004099769294812e+00
2.187500000000000e-02 2.363093524397333e-02 1.003824271193571e+00
2.500000000000000e-02 2.702325665215984e-02 1.003718242972943e+00
2.812500000000000e-02 3.042217566934200e-02 1.003735292195931e+00
3.125000000000000e-02 3.382852212661575e-02 1.003848440866485e+00
3.437500000000000e-02 3.724312766845378e-02 1.004040913894095e+00
3.750000000000001e-02 4.066682595574785e-02 1.004301814796246e+00
4.062500000000000e-02 4.410045286934348e-02 1.004623788038994e+00
4.375000000000000e-02 4.754484671411652e-02 1.005001755199106e+00
4.687500000000000e-02 5.100084842364160e-02 1.005432124468625e+00
5.000000000000000e-02 5.446930176550237e-02 1.005912309389144e+00
5.312500000000001e-02 5.795105354729364e-02 1.006440442358033e+00
5.625000000000000e-02 6.144695382336569e-02 1.007015226580984e+00
5.937500000000000e-02 6.495785610236132e-02 1.007635701695814e+00
6.250000000000000e-02 6.848461755559625e-02 1.008301212614694e+00
6.562500000000000e-02 7.202809922633362e-02 1.009011361103900e+00
6.875000000000001e-02 7.558916624000402e-02 1.009765891887169e+00
7.187500000000001e-02 7.916868801542200e-02 1.010564679764488e+00
7.500000000000001e-02 8.276753847705080e-02 1.011407772803371e+00
7.812500000000000e-02 8.638659626836727e-02 1.012295266294085e+00
8.125000000000000e-02 9.002674496637868e-02 1.013227334193791e+00
8.437500000000001e-02 9.368887329734420e-02 1.014204245906697e+00
8.750000000000001e-02 9.737387535375355e-02 1.015226293333116e+00
9.062500000000001e-02 1.010826508126157e-01 1.016293805896206e+00
9.375000000000000e-02 1.048161051551108e-01 1.017407200419963e+00
9.687500000000000e-02 1.085751498876601e-01 1.018566879404605e+00
1.000000000000000e-01 1.123607027644654e-01 1.019773277907990e+00
1.031250000000000e-01 1.161736880115753e-01 1.021026881145021e+00
1.062500000000000e-01 1.200150365525305e-01 1.022328153999238e+00
1.093750000000000e-01 1.238856862356450e-01 1.023677568722040e+00
1.125000000000000e-01 1.277865820629775e-01 1.025075653755147e+00
1.156250000000000e-01 1.317186764210495e-01 1.026522894315736e+00
1.187500000000000e-01 1.356829293133661e-01 1.028019779011999e+00
1.218750000000000e-01 1.396803085947971e-01 1.029566823168343e+00
1.250000000000000e-01 1.437117902078738e-01 1.031164495160179e+00
1.281250000000000e-01 1.477783584210617e-01 1.032813240870563e+00
1.312500000000000e-01 1.518810060690650e-01 1.034513540038985e+00
1.343750000000000e-01 1.560207347952229e-01 1.036265805081129e+00
1.375000000000000e-01 1.601985552960564e-01 1.038070413353014e+00
1.406250000000000e-01 1.644154875680252e-01 1.039927746183544e+00
1.437500000000000e-01 1.686725611565558e-01 1.041838114480131e+00
1.468750000000000e-01 1.729708154074000e-01 1.043801761666753e+00
1.500000000000000e-01 1.773112997203869e-01 1.045818937744021e+00
1.531250000000000e-01 1.816950738056289e-01 1.047889803096974e+00
1.562500000000000e-01 1.861232079422458e-01 1.050014424661133e+00
1.593750000000000e-01 1.905967832396682e-01 1.052192839224338e+00
1.625000000000000e-01 1.951168919015860e-01 1.054424996047539e+00
1.656250000000000e-01 1.996846374926046e-01 1.056710712899664e+00
1.687500000000000e-01 2.043011352076760e-01 1.059049765215124e+00
1.718750000000000e-01 2.089675121443681e-01 1.061441823417091e+00
1.750000000000000e-01 2.136849075780412e-01 1.063886393438630e+00
1.781250000000000e-01 2.184544732399964e-01 1.066382886131655e+00
1.812500000000000e-01 2.232773735986666e-01 1.068930619036857e+00
1.843750000000000e-01 2.281547861439151e-01 1.071528714979359e+00
1.875000000000000e-01 2.330879016745160e-01 1.074176159791095e+00
1.906250000000000e-01 2.380779245888810e-01 1.076871822123900e+00
1.937500000000000e-01 2.431260731791094e-01 1.079614365610940e+00
1.968750000000000e-01 2.482335799284277e-01 1.082402252886786e+00
2.000000000000000e-01 2.534016918120952e-01 1.085233828482125e+00
2.031250000000000e-01 2.586316706018478e-01 1.088107230935417e+00
2.062500000000000e-01 2.639247931739538e-01 1.091020346708202e+00
2.093750000000000e-01 2.692823518209576e-01 1.093970888244205e+00
2.125000000000000e-01 2.747056545671873e-01 1.096956398137831e+00
2.156250000000000e-01 2.801960254881028e-01 1.099974147616832e+00
2.187500000000000e-01 2.857548050335636e-01 1.103021183255412e+00
2.218750000000000e-01 2.913833503550930e-01 1.106094379174763e+00
2.250000000000000e-01 2.970830356372213e-01 1.109190372781123e+00
2.281250000000000e-01 3.028552524329863e-01 1.112305530209277e+00
2.312500000000000e-01 3.087014100036755e-01 1.115436045112349e+00
2.343750000000000e-01 3.146229356628902e-01 1.118577928543535e+00
2.375000000000000e-01 3.206212751250189e-01 1.121726935383559e+00
2.406250000000000e-01 3.266978928582008e-01 1.124878603224716e+00
2.437500000000000e-01 3.328542724418705e-01 1.128028356210354e+00
2.468750000000000e-01 3.390919169289667e-01 1.131171455107162e+00
2.500000000000000e-01 3.454123492128958e-01 1.134302950315641e+00
2.531250000000000e-01 3.518171123993401e-01 1.137417766064973e+00
2.562500000000000e-01 3.583077701830001e-01 1.140510794222792e+00
2.593750000000000e-01 3.648859072293631e-01 1.143576835408705e+00
2.625000000000000e-01 3.715531295615936e-01 1.146610579956412e+00
2.656250000000000e-01 3.783110649526354e-01 1.149606711502435e+00
2.687500000000000e-01 3.851613633226258e-01 1.152559997468970e+00
2.718750000000000e-01 3.921056971417164e-01 1.155465236916390e+00
2.750000000000000e-01 3.991457618383991e-01 1.158317251481952e+00
2.781250000000000e-01 4.062832762134377e-01 1.161110990557766e+00
2.812500000000000e-01 4.135199828595055e-01 1.163841627700774e+00
2.843750000000000e-01 4.208576485866312e-01 1.166504520208781e+00
2.875000000000000e-01 4.282980648535585e-01 1.169095189189849e+00
2.906250000000000e-01 4.358430482051222e-01 1.171609404350559e+00
2.937500000000000e-01 4.434944407157500e-01 1.174043286284796e+00
2.968750000000000e-01 4.512541104391968e-01 1.176393286097290e+00
3.000000000000000e-01 4.591239518646220e-01 1.178656146226984e+00
3.031250000000000e-01 4.671058863791195e-01 1.180828933779227e+00
3.062500000000000e-01 4.752018627368176e-01 1.182909125665800e+00
3.093750000000000e-01 4.834138575346580e-01 1.184894624364058e+00
3.125000000000000e-01 4.917438756949728e-01 1.186783721858100e+00
3.156250000000000e-01 5.001939509549778e-01 1.188575059087317e+00
3.187500000000000e-01 5.087661463633005e-01 1.190267647939445e+00
3.218750000000000e-01 5.174625547836644e-01 1.191860916246786e+00
3.250000000000000e-01 5.262852994058529e-01 1.193354713988152e+00
3.281250000000000e-01 5.352365342640750e-01 1.194749236416536e+00
3.312500000000000e-01 5.443184447628656e-01 1.196044967850826e+00
3.343750000000000e-01 5.535332482106405e-01 1.197242687357183e+00
3.375000000000000e-01 5.628831943610435e-01 1.198343491565481e+00
3.406250000000000e-01 5.723705659622137e-01 1.199348770720357e+00
3.437500000000000e-01 5.819976793141081e-01 1.200260161676409e+00
3.468750000000000e-01 5.917668848340161e-01 1.201079475700959e+00
3.500000000000000e-01 6.016805676304035e-01 1.201808655205878e+00
3.531250000000000e-01 6.117411480852264e-01 1.202449775336546e+00
3.562500000000000e-01 6.219510824448572e-01 1.203005048464666e+00
3.593750000000000e-01 6.323128634197650e-01 1.203476790102746e+00
3.625000000000000e-01 6.428290207931012e-01 1.203867381124890e+00
3.656250000000000e-01 6.535021220383342e-01 1.204179210693888e+00
3.687500000000000e-01 6.643347729460869e-01 1.204414637206876e+00
3.718750000000000e-01 6.753296182603294e-01 1.204575980152890e+00
3.750000000000000e-01 6.864893423240808e-01 1.204665517064416e+00
3.781250000000000e-01 6.978166697347804e-01 1.204685475967914e+00
3.812500000000000e-01 7.093143660094854e-01 1.204638030708202e+00
3.843750000000000e-01 7.209852382600603e-01 1.204525270349108e+00
3.875000000000000e-01 7.328321358785219e-01 1.204349182740931e+00
3.906250000000000e-01 7.448579512327029e-01 1.204111635642992e+00
3.937500000000000e-01 7.570656203724140e-01 1.203814365984230e+00
3.968750000000000e-01 7.694581237462648e-01 1.203458981567044e+00
4.000000000000000e-01 7.820384869293291e-01 1.203046959347174e+00
4.031250000000000e-01 7.948097813618253e-01 1.202579650291972e+00
4.062500000000000e-01 8.077751250989945e-01 1.202058281143216e+00
4.093750000000000e-01 8.209376835723596e-01 1.201483954195335e+00
4.125000000000000e-01 8.343006703625532e-01 1.200857650707776e+00
4.156250000000000e-01 8.478673479838968e-01 1.200180229754481e+00
4.187500000000000e-01 8.616410286809313e-01 1.199452433260608e+00
4.218750000000000e-01 8.756250752370857e-01 1.198674888335670e+00
4.250000000000000e-01 8.898229017956865e-01 1.197848113550677e+00
4.281250000000000e-01 9.042379746935050e-01 1.196972524642028e+00
4.312500000000000e-01 9.188738133070491e-01 1.196048441572651e+00
4.343750000000000e-01 9.337339909118028e-01 1.195076096039698e+00
4.375000000000000e-01 9.488221355546261e-01 1.194055639005822e+00
4.406250000000000e-01 9.641419309395265e-01 1.192987149074064e+00
4.437500000000000e-01 9.796971173270190e-01 1.191870640524259e+00
4.468750000000000e-01 9.954914924472941e-01 1.190706072244085e+00
4.500000000000000e-01 1.011528912427417e+00 1.189493356374003e+00
4.531250000000000e-01 1.027813292732786e+00 1.188232367827442e+00
4.562500000000000e-01 1.044348609123070e+00 1.186922954124017e+00
4.593750000000000e-01 1.061138898622882e+00 1.185564945593751e+00
4.625000000000000e-01 1.078188260507393e+00 1.184158166624705e+00
4.656250000000000e-01 1.095500857303154e+00 1.182702447116453e+00
4.687500000000000e-01 1.113080915804360e+00 1.181197635355363e+00
4.718750000000000e-01 1.130932728104805e+00 1.179643611538604e+00
4.750000000000000e-01 1.149060652645771e+00 1.178040302540824e+00
4.781250000000000e-01 1.167469115280130e+00 1.176387697694367e+00
4.812500000000000e-01 1.186162610352890e+00 1.174685866100914e+00
4.843750000000000e-01 1.205145701798475e+00 1.172934975239568e+00
4.875000000000000e-01 1.224423024254985e+00 1.171135310907658e+00
4.906250000000000e-01 1.243999284195726e+00 1.169287298866016e+00
4.937500000000000e-01 1.263879261078271e+00 1.167391527610174e+00
4.968750000000000e-01 1.284067808511348e+00 1.165448772973677e+00
5.000000000000000e-01 1.304569855439823e+00 1.163460023512364e+00
5.031250000000000e-01 1.325390407348082e+00 1.161426507174802e+00
5.062500000000000e-01 1.346534547482100e+00 1.159349718686335e+00
5.093750000000000e-01 1.368007438090487e+00 1.157231447217197e+00
5.125000000000001e-01 1.389814321684837e+00 1.155073803647220e+00
5.156250000000000e-01 1.411960522319654e+00 1.152879247286726e+00
5.187500000000000e-01 1.434451446892208e+00 1.150650610725094e+00
5.218750000000000e-01 1.457292586462593e+00 1.148391122036975e+00
5.250000000000000e-01 1.480489517594354e+00 1.146104423730264e+00
5.281250000000001e-01 1.504047903715979e+00 1.143794586453666e+00
5.312500000000000e-01 1.527973496503592e+00 1.141466117108148e+00
5.343750000000000e-01 1.552272137285215e+00 1.139123959315447e+00
5.375000000000000e-01 1.576949758466886e+00 1.136773485359600e+00
5.406250000000000e-01 1.602012384981041e+00 1.134420478285745e+00
5.437500000000001e-01 1.627466135757470e+00 1.132071102479614e+00
5.468750000000000e-01 1.653317225217225e+00 1.129731862454723e+00
5.500000000000000e-01 1.679571964789851e+00 1.127409548471911e+00
5.531250000000000e-01 1.706236764454286e+00 1.125111168735826e+00
5.562500000000000e-01 1.733318134303830e+00 1.122843868549647e+00
5.593750000000001e-01 1.760822686135563e+00 1.120614836065957e+00
5.625000000000000e-01 1.788757135064574e+00 1.118431196632475e+00
5.656250000000000e-01 1.817128301163438e+00 1.116299896431483e+00
5.687500000000000e-01 1.845943111127301e+00 1.114227578624864e+00
5.718750000000000e-01 1.875208599965003e+00 1.112220453701573e+00
5.750000000000001e-01 1.904931912716643e+00 1.110284168083230e+00
5.781250000000000e-01 1.935120306198011e+00 1.108423674490312e+00
5.812500000000000e-01 1.965781150772311e+00 1.106643107870815e+00
5.843750000000000e-01 1.996921932149593e+00 1.104945671452436e+00
5.875000000000000e-01 2.028550253214365e+00 1.103333536721179e+00
5.906250000000001e-01 2.060673835881802e+00 1.101807761679834e+00
5.937500000000000e-01 2.093300522983012e+00 1.100368230721081e+00
5.968750000000000e-01 2.126438280179837e+00 1.099013619674857e+00
6.000000000000001e-01 2.160095197909630e+00 1.097741388247993e+00
6.031250000000000e-01 2.194279493360494e+00 1.096547801965086e+00
6.062500000000001e-01 2.228999512477486e+00 1.095427984352389e+00
6.093750000000000e-01 2.264263732000228e+00 1.094376000013580e+00
6.125000000000000e-01 2.300080761532477e+00 1.093384966741990e+00
6.156250000000001e-01 2.336459345644116e+00 1.092447196220921e+00
6.187500000000000e-01 2.373408366006099e+00 1.091554359439966e+00
6.218750000000001e-01 2.410936843558884e+00 1.090697673557020e+00
6.250000000000000e-01 2.449053940714840e+00 1.089868106051290e+00
6.281250000000000e-01 2.487768963595221e+00 1.089056589531596e+00
6.312500000000001e-01 2.527091364302215e+00 1.088254242286232e+00
6.343750000000000e-01 2.567030743226622e+00 1.087452586267867e+00
6.375000000000001e-01 2.607596851391758e+00 1.086643756103755e+00
6.406250000000000e-01 2.648799592834118e+00 1.085820690661904e+00
6.437500000000000e-01 2.690649027021411e+00 1.084977299935104e+00
6.468750000000001e-01 2.733155371308524e+00 1.084108600128497e+00
6.500000000000000e-01 2.776329003432049e+00 1.083210810180945e+00
6.531250000000001e-01 2.820180464043967e+00 1.082281405515882e+00
6.562500000000000e-01 2.864720459285089e+00 1.081319125709903e+00
6.593750000000000e-01 2.909959863398929e+00 1.080323935673629e+00
6.625000000000001e-01 2.955909721386590e+00 1.079296942025220e+00
6.656250000000000e-01 3.002581251703353e+00 1.078240269027815e+00
6.687500000000001e-01 3.049985848997626e+00 1.077156901615140e+00
6.718750000000000e-01 3.098135086892879e+00 1.076050503894378e+00
6.750000000000000e-01 3.147040720813310e+00 1.074925223833920e+00
6.781250000000001e-01 3.196714690853871e+00 1.073785495375537e+00
6.812500000000000e-01 3.247169124695383e+00 1.072635848163935e+00
6.843750000000001e-01 3.298416340565477e+00 1.071480735394812e+00
6.875000000000000e-01 3.350468850246008e+00 1.070324387057027e+00
6.906250000000000e-01 3.403339362127777e+00 1.069170693701629e+00
6.937500000000001e-01 3.457040784313211e+00 1.068023124065541e+00
6.968750000000000e-01 3.511586227767823e+00 1.066884675761334e+00
7.000000000000001e-01 3.566989009521205e+00 1.065757857258290e+00
7.031250000000000e-01 3.623262655918307e+00 1.064644696262242e+00
7.062500000000000e-01 3.680420905921852e+00 1.063546769100614e+00
7.093750000000001e-01 3.738477714466631e+00 1.062465245532836e+00
7.125000000000000e-01 3.797447255866536e+00 1.061400942118358e+00
7.156250000000001e-01 3.857343927275175e+00 1.060354379241150e+00
7.187500000000000e-01 3.918182352200844e+00 1.059325837427346e+00
7.218750000000000e-01 3.979977384076828e+00 1.058315409549430e+00
7.250000000000001e-01 4.042744109887770e+00 1.057323046577084e+00
7.281250000000000e-01 4.106497853853101e+00 1.056348596321600e+00
7.312500000000001e-01 4.171254181168399e+00 1.055391834501127e+00
7.343750000000000e-01 4.237028901805528e+00 1.054452489161391e+00
7.375000000000000e-01 4.303838074372613e+00 1.053530258624324e+00
7.406250000000001e-01 4.371698010034643e+00 1.052624824591989e+00
7.437500000000000e-01 4.440625276495786e+00 1.051735861290523e+00
7.468750000000001e-01 4.510636702044332e+00 1.050863041288103e+00
7.500000000000000e-01 4.581749379661216e+00 1.050006039464074e+00
7.531250000000000e-01 4.653980671193226e+00 1.049164535383727e+00
7.562500000000001e-01 4.727348211591802e+00 1.048338214451897e+00
7.593750000000000e-01 4.801869913218528e+00 1.047526768820624e+00
7.625000000000001e-01 4.877563970218381e+00 1.046729897447958e+00
7.656250000000000e-01 4.954448862961714e+00 1.045947306339460e+00
7.687500000000000e-01 5.032543362556198e+00 1.045178708367833e+00
7.718750000000001e-01 5.111866535429675e+00 1.044423823276015e+00
7.750000000000000e-01 5.192437747985146e+00 1.043682377320268e+00
7.781250000000001e-01 5.274276671329015e+00 1.042954103277775e+00
7.812500000000000e-01 5.357403286073669e+00 1.042238740214966e+00
7.843750000000000e-01 5.441837887215693e+00 1.041536033198121e+00
7.875000000000001e-01 5.527601089090773e+00 1.040845733307096e+00
7.906250000000000e-01 5.614713830406605e+00 1.040167597289895e+00
7.937500000000001e-01 5.703197379355005e+00 1.039501387520059e+00
7.968750000000000e-01 5.793073338804412e+00 1.038846871835442e+00
8.000000000000000e-01 5.884363651574169e+00 1.038203823318817e+00
8.031250000000001e-01 5.977090605791737e+00 1.037572020200274e+00
8.062500000000000e-01 6.071276840334257e+00 1.036951245701159e+00
8.093750000000001e-01 6.166945350355728e+00 1.036341287879605e+00
8.125000000000000e-01 6.264119492901173e+00 1.035741939537416e+00
8.156250000000000e-01 6.362822992609162e+00 1.035152998128220e+00
8.187500000000001e-01 6.463079947504072e+00 1.034574265547343e+00
8.218750000000000e-01 6.564914834879517e+00 1.034005547982986e+00
8.250000000000001e-01 6.668352517274371e+00 1.033446655947768e+00
8.281250000000000e-01 6.773418248542846e+00 1.032897404072354e+00
8.312500000000000e-01 6.880137680020114e+00 1.032357610960140e+00
8.343750000000001e-01 6.988536866784961e+00 1.031827099162308e+00
8.375000000000000e-01 7.098642274021019e+00 1.031305695094091e+00
8.406250000000001e-01 7.210480783478133e+00 1.030793228773393e+00
8.437500000000000e-01 7.324079700035414e+00 1.030289533977340e+00
8.468750000000000e-01 7.439466758367605e+00 1.029794447863740e+00
8.500000000000001e-01 7.556670129716381e+00 1.029307811188684e+00
8.531250000000000e-01 7.675718428768239e+00 1.028829467929927e+00
8.562500000000001e-01 7.796640720640633e+00 1.028359265386996e+00
8.593750000000000e-01 7.919466527978115e+00 1.027897054044098e+00
8.625000000000000e-01 8.044225838160141e+00 1.027442687552578e+00
8.656250000000001e-01 8.170949110622363e+00 1.026996022476670e+00
8.687500000000000e-01 8.299667284293170e+00 1.026556918455386e+00
8.718750000000001e-01 8.430411785147284e+00 1.026125237949606e+00
8.750000000000000e-01 8.563214533878281e+00 1.025700846227191e+00
8.781250000000000e-01 8.698107953691880e+00 1.025283611348544e+00
8.812500000000001e-01 8.835124978221932e+00 1.024873403975047e+00
8.843750000000000e-01 8.974299059571019e+00 1.024470097533330e+00
8.875000000000001e-01 9.115664176477637e+00 1.024073567847239e+00
8.906250000000000e-01 9.259254842611947e+00 1.023683693362226e+00
8.937500000000000e-01 9.405106115002161e+00 1.023300354837668e+00
8.968750000000001e-01 9.553253602593529e+00 1.022923435512840e+00
9.000000000000000e-01 9.703733474942130e+00 1.022552820918480e+00
9.031250000000001e-01 9.856582471045494e+00 1.022188398866199e+00
9.062500000000000e-01 1.001183790831228e+01 1.021830059320160e+00
9.093750000000000e-01 1.016953769167313e+01 1.021477694505290e+00
9.125000000000001e-01 1.032972032283505e+01 1.021131198720670e+00
9.156250000000000e-01 1.049242490968134e+01 1.020790468330431e+00
9.187500000000001e-01 1.065769117581972e+01 1.020455401695981e+00
9.218750000000000e-01 1.082555947028058e+01 1.020125899226442e+00
9.250000000000000e-01 1.099607077736805e+01 1.019801863134732e+00
9.281250000000001e-01 1.116926672666618e+01 1.019483197665372e+00
9.312500000000000e-01 1.134518960320255e+01 1.019169808851193e+00
9.343750000000001e-01 1.152388235777201e+01 1.018861604506072e+00
9.375000000000000e-01 1.170538861742293e+01 1.018558494276707e+00
9.406250000000000e-01 1.188975269610854e+01 1.018260389400460e+00
9.437500000000001e-01 1.207701960550600e+01 1.017967202934120e+00
9.468750000000000e-01 1.226723506600578e+01 1.017678849571052e+00
9.500000000000001e-01 1.246044551787411e+01 1.017395245576328e+00
9.531250000000000e-01 1.265669813259115e+01 1.017116308839627e+00
9.562500000000000e-01 1.285604082436773e+01 1.016841958693304e+00
9.593750000000001e-01 1.305852226184337e+01 1.016572116141873e+00
9.625000000000000e-01 1.326419187996850e+01 1.016306703563022e+00
9.656250000000001e-01 1.347309989207381e+01 1.016045644761326e+00
9.687500000000000e-01 1.368529730212962e+01 1.015788865080669e+00
9.718750000000000e-01 1.390083591719824e+01 1.015536291164733e+00
9.750000000000001e-01 1.411976836008246e+01 1.015287851011154e+00
9.781250000000000e-01 1.434214808217320e+01 1.015043474025725e+00
9.812500000000001e-01 1.456802937649935e+01 1.014803090842195e+00
9.843750000000000e-01 1.479746739098328e+01 1.014566633376835e+00
9.875000000000000e-01 1.503051814190487e+01 1.014334034824446e+00
9.906250000000001e-01 1.526723852757770e+01 1.014105229595915e+00
9.937500000000000e-01 1.550768634224049e+01 1.013880153255956e+00
9.968750000000001e-01 1.575192029016732e+01 1.013658742636669e+00
1.000000000000000e+00 1.600000000000000e+01 1.013440935658387e+00
