0.000000000000000e+00 0.000000000000000e+00 1.000000000000000e+00
3.125000000000000e-03 3.369263549427258e-03 1.000000000138467e+00
6.250000000000000e-03 6.739349689698711e-03 1.000000000553623e+00
9.375000000000001e-03 1.011108121249049e-02 1.000000000692008e+00
1.250000000000000e-02 1.348528131119160e-02 1.000000000968779e+00
1.562500000000000e-02 1.686277378188298e-02 1.000000001453127e+00
1.875000000000000e-02 2.024438322446370e-02 1.000000002006669e+00
2.187500000000000e-02 2.363093524397333e-02 1.000000002594806e+00
2.500000000000000e-02 2.702325665215984e-02 1.000000003321329e+00
2.812500000000000e-02 3.042217566934200e-02 1.000000004151641e+00
3.125000000000000e-02 3.382852212661575e-02 1.000000005016549e+00
3.437500000000000e-02 3.724312766845378e-02 1.000000006019842e+00
3.750000000000001e-02 4.066682595574785e-02 1.000000007161521e+00
4.062500000000000e-02 4.410045286934348e-02 1.000000008372393e+00
4.375000000000000e-02 4.754484671411652e-02 1.000000009687053e+00
4.687500000000000e-02 5.100084842364160e-02 1.000000011105502e+00
5.000000000000000e-02 5.446930176550237e-02 1.000000012662337e+00
5.312500000000001e-02 5.795105354729364e-02 1.000000014288364e+00
5.625000000000000e-02 6.144695382336569e-02 1.000000016052777e+00
5.937500000000000e-02 6.495785610236132e-02 1.000000017990171e+00
6.250000000000000e-02 6.848461755559625e-02 1.000000019962162e+00
6.562500000000000e-02 7.202809922633362e-02 1.000000022003345e+00
6.875000000000001e-02 7.558916624000402e-02 1.000000024182914e+00
7.187500000000001e-02 7.916868801542200e-02 1.000000026500868e+00
7.500000000000001e-02 8.276753847705080e-02 1.000000028957207e+00
7.812500000000000e-02 8.638659626836727e-02 1.000000031586528e+00
8.125000000000000e-02 9.002674496637868e-02 1.000000034319638e+00
8.437500000000001e-02 9.368887329734420e-02 1.000000037156536e+00
8.750000000000001e-02 9.737387535375355e-02 1.000000040131821e+00
9.062500000000001e-02 1.010826508126157e-01 1.000000043176297e+00
9.375000000000000e-02 1.048161051551108e-01 1.000000046359159e+00
9.687500000000000e-02 1.085751498876601e-01 1.000000049784196e+00
1.000000000000000e-01 1.123607027644654e-01 1.000000053382214e+00
1.031250000000000e-01 1.161736880115753e-01 1.000000057084021e+00
1.062500000000000e-01 1.200150365525305e-01 1.000000060889617e+00
1.093750000000000e-01 1.238856862356450e-01 1.000000064902791e+00
1.125000000000000e-01 1.277865820629775e-01 1.000000069123543e+00
1.156250000000000e-01 1.317186764210495e-01 1.000000073448084e+00
1.187500000000000e-01 1.356829293133661e-01 1.000000077945607e+00
1.218750000000000e-01 1.396803085947971e-01 1.000000082650707e+00
1.250000000000000e-01 1.437117902078738e-01 1.000000087563386e+00
1.281250000000000e-01 1.477783584210617e-01 1.000000092649046e+00
1.312500000000000e-01 1.518810060690650e-01 1.000000097942285e+00
1.343750000000000e-01 1.560207347952229e-01 1.000000103408505e+00
1.375000000000000e-01 1.601985552960564e-01 1.000000109082303e+00
1.406250000000000e-01 1.644154875680252e-01 1.000000114963679e+00
1.437500000000000e-01 1.686725611565558e-01 1.000000121087229e+00
1.468750000000000e-01 1.729708154074000e-01 1.000000127522147e+00
1.500000000000000e-01 1.773112997203869e-01 1.000000134164642e+00
1.531250000000000e-01 1.816950738056289e-01 1.000000141083908e+00
1.562500000000000e-01 1.861232079422458e-01 1.000000148245349e+00
1.593750000000000e-01 1.905967832396682e-01 1.000000155545175e+00
1.625000000000000e-01 1.951168919015860e-01 1.000000163190964e+00
1.656250000000000e-01 1.996846374926046e-01 1.000000171182716e+00
1.687500000000000e-01 2.043011352076760e-01 1.000000179382047e+00
1.718750000000000e-01 2.089675121443681e-01 1.000000187858148e+00
1.750000000000000e-01 2.136849075780412e-01 1.000000196749406e+00
1.781250000000000e-01 2.184544732399964e-01 1.000000206021223e+00
1.812500000000000e-01 2.232773735986666e-01 1.000000215604407e+00
1.843750000000000e-01 2.281547861439151e-01 1.000000225498959e+00
1.875000000000000e-01 2.330879016745160e-01 1.000000235739473e+00
1.906250000000000e-01 2.380779245888810e-01 1.000000246360548e+00
1.937500000000000e-01 2.431260731791094e-01 1.000000257362182e+00
1.968750000000000e-01 2.482335799284277e-01 1.000000268744377e+00
2.000000000000000e-01 2.534016918120952e-01 1.000000280610920e+00
2.031250000000000e-01 2.586316706018478e-01 1.000000292961811e+00
2.062500000000000e-01 2.639247931739538e-01 1.000000305762456e+00
2.093750000000000e-01 2.692823518209576e-01 1.000000319047449e+00
2.125000000000000e-01 2.747056545671873e-01 1.000000332816791e+00
2.156250000000000e-01 2.801960254881028e-01 1.000000347035886e+00
2.187500000000000e-01 2.857548050335636e-01 1.000000361773926e+00
2.218750000000000e-01 2.913833503550930e-01 1.000000377100104e+00
2.250000000000000e-01 2.970830356372213e-01 1.000000393014420e+00
2.281250000000000e-01 3.028552524329863e-01 1.000000409551471e+00
2.312500000000000e-01 3.087014100036755e-01 1.000000426780448e+00
2.343750000000000e-01 3.146229356628902e-01 1.000000444562967e+00
2.375000000000000e-01 3.206212751250189e-01 1.000000462968221e+00
2.406250000000000e-01 3.266978928582008e-01 1.000000482203787e+00
2.437500000000000e-01 3.328542724418705e-01 1.000000502235070e+00
2.468750000000000e-01 3.390919169289667e-01 1.000000522923683e+00
2.500000000000000e-01 3.454123492128958e-01 1.000000544338820e+00
2.531250000000000e-01 3.518171123993401e-01 1.000000566688059e+00
2.562500000000000e-01 3.583077701830001e-01 1.000000590005996e+00
2.593750000000000e-01 3.648859072293631e-01 1.000000614258035e+00
2.625000000000000e-01 3.715531295615936e-01 1.000000639409580e+00
2.656250000000000e-01 3.783110649526354e-01 1.000000665564419e+00
2.687500000000000e-01 3.851613633226258e-01 1.000000692757150e+00
2.718750000000000e-01 3.921056971417164e-01 1.000000721022368e+00
2.750000000000000e-01 3.991457618383991e-01 1.000000750463863e+00
2.781250000000000e-01 4.062832762134377e-01 1.000000781116231e+00
2.812500000000000e-01 4.135199828595055e-01 1.000000813083261e+00
2.843750000000000e-01 4.208576485866312e-01 1.000000846330358e+00
2.875000000000000e-01 4.282980648535585e-01 1.000000880961310e+00
2.906250000000000e-01 4.358430482051222e-01 1.000000917010714e+00
2.937500000000000e-01 4.434944407157500e-01 1.000000954582359e+00
2.968750000000000e-01 4.512541104391968e-01 1.000000993814631e+00
3.000000000000000e-01 4.591239518646220e-01 1.000001034707529e+00
3.031250000000000e-01 4.671058863791195e-01 1.000001077434037e+00
3.062500000000000e-01 4.752018627368176e-01 1.000001121959557e+00
3.093750000000000e-01 4.834138575346580e-01 1.000001168387879e+00
3.125000000000000e-01 4.917438756949728e-01 1.000001216891986e+00
3.156250000000000e-01 5.001939509549778e-01 1.000001267506474e+00
3.187500000000000e-01 5.087661463633005e-01 1.000001320473517e+00
3.218750000000000e-01 5.174625547836644e-01 1.000001375827713e+00
3.250000000000000e-01 5.262852994058529e-01 1.000001433707447e+00
3.281250000000000e-01 5.352365342640750e-01 1.000001494216510e+00
3.312500000000000e-01 5.443184447628656e-01 1.000001557562479e+00
3.343750000000000e-01 5.535332482106405e-01 1.000001623918337e+00
3.375000000000000e-01 5.628831943610435e-01 1.000001693387875e+00
3.406250000000000e-01 5.723705659622137e-01 1.000001766109477e+00
3.437500000000000e-01 5.819976793141081e-01 1.000001842325321e+00
3.468750000000000e-01 5.917668848340161e-01 1.000001922277580e+00
3.500000000000000e-01 6.016805676304035e-01 1.000002006173835e+00
3.531250000000000e-01 6.117411480852264e-01 1.000002094325454e+00
3.562500000000000e-01 6.219510824448572e-01 1.000002186732438e+00
3.593750000000000e-01 6.323128634197650e-01 1.000002283706156e+00
3.625000000000000e-01 6.428290207931012e-01 1.000002385765555e+00
3.656250000000000e-01 6.535021220383342e-01 1.000002493049023e+00
3.687500000000000e-01 6.643347729460869e-01 1.000002605867929e+00
3.718750000000000e-01 6.753296182603294e-01 1.000002724637432e+00
3.750000000000000e-01 6.864893423240808e-01 1.000002849668902e+00
3.781250000000000e-01 6.978166697347804e-01 1.000002981377498e+00
3.812500000000000e-01 7.093143660094854e-01 1.000003120143785e+00
3.843750000000000e-01 7.209852382600603e-01 1.000003266555903e+00
3.875000000000000e-01 7.328321358785219e-01 1.000003420959821e+00
3.906250000000000e-01 7.448579512327029e-01 1.000003583909087e+00
3.937500000000000e-01 7.570656203724140e-01 1.000003756061036e+00
3.968750000000000e-01 7.694581237462648e-01 1.000003937865427e+00
4.000000000000000e-01 7.820384869293291e-01 1.000004130117985e+00
4.031250000000000e-01 7.948097813618253e-01 1.000004333372259e+00
4.062500000000000e-01 8.077751250989945e-01 1.000004548389379e+00
4.093750000000000e-01 8.209376835723596e-01 1.000004776034264e+00
4.125000000000000e-01 8.343006703625532e-01 1.000005016964257e+00
4.156250000000000e-01 8.478673479838968e-01 1.000005272217262e+00
4.187500000000000e-01 8.616410286809313e-01 1.000005542658203e+00
4.218750000000000e-01 8.756250752370857e-01 1.000005829221199e+00
4.250000000000000e-01 8.898229017956865e-01 1.000006133082546e+00
4.281250000000000e-01 9.042379746935050e-01 1.000006455107173e+00
4.312500000000000e-01 9.188738133070491e-01 1.000006796644365e+00
4.343750000000000e-01 9.337339909118028e-01 1.000007158801230e+00
4.375000000000000e-01 9.488221355546261e-01 1.000007542650287e+00
4.406250000000000e-01 9.641419309395265e-01 1.000007949679212e+00
4.437500000000000e-01 9.796971173270190e-01 1.000008380822145e+00
4.468750000000000e-01 9.954914924472941e-01 1.000008837359191e+00
4.500000000000000e-01 1.011528912427417e+00 1.000009320570460e+00
4.531250000000000e-01 1.027813292732786e+00 1.000009831182522e+00
4.562500000000000e-01 1.044348609123070e+00 1.000010370406303e+00
4.593750000000000e-01 1.061138898622882e+00 1.000010938795395e+00
4.625000000000000e-01 1.078188260507393e+00 1.000011536557430e+00
4.656250000000000e-01 1.095500857303154e+00 1.000012164003830e+00
4.687500000000000e-01 1.113080915804360e+00 1.000012820200539e+00
4.718750000000000e-01 1.130932728104805e+00 1.000013504005918e+00
4.750000000000000e-01 1.149060652645771e+00 1.000014213517201e+00
4.781250000000000e-01 1.167469115280130e+00 1.000014945101772e+00
4.812500000000000e-01 1.186162610352890e+00 1.000015694435072e+00
4.843750000000000e-01 1.205145701798475e+00 1.000016455358893e+00
4.875000000000000e-01 1.224423024254985e+00 1.000017219258629e+00
4.906250000000000e-01 1.243999284195726e+00 1.000017976101171e+00
4.937500000000000e-01 1.263879261078271e+00 1.000018712635862e+00
4.968750000000000e-01 1.284067808511348e+00 1.000019412705859e+00
5.000000000000000e-01 1.304569855439823e+00 1.000020058078458e+00
5.031250000000000e-01 1.325390407348082e+00 1.000020627234191e+00
5.062500000000000e-01 1.346534547482100e+00 1.000021097165888e+00
5.093750000000000e-01 1.368007438090487e+00 1.000021445592897e+00
5.125000000000001e-01 1.389814321684837e+00 1.000021653140728e+00
5.156250000000000e-01 1.411960522319654e+00 1.000021710052917e+00
5.187500000000000e-01 1.434451446892208e+00 1.000021625774442e+00
5.218750000000000e-01 1.457292586462593e+00 1.000021443136505e+00
5.250000000000000e-01 1.480489517594354e+00 1.000021262505231e+00
5.281250000000001e-01 1.504047903715979e+00 1.000021276863011e+00
5.312500000000000e-01 1.527973496503592e+00 1.000021825537967e+00
5.343750000000000e-01 1.552272137285215e+00 1.000023473156107e+00
5.375000000000000e-01 1.576949758466886e+00 1.000027122953232e+00
5.406250000000000e-01 1.602012384981041e+00 1.000034183276449e+00
5.437500000000001e-01 1.627466135757470e+00 1.000046797988154e+00
5.468750000000000e-01 1.653317225217225e+00 1.000068161859123e+00
5.500000000000000e-01 1.679571964789851e+00 1.000102953966733e+00
5.531250000000000e-01 1.706236764454286e+00 1.000157892381423e+00
5.562500000000000e-01 1.733318134303830e+00 1.000242410578032e+00
5.593750000000001e-01 1.760822686135563e+00 1.000369463238363e+00
5.625000000000000e-01 1.788757135064574e+00 1.000556368494684e+00
5.656250000000000e-01 1.817128301163438e+00 1.000825494767140e+00
5.687500000000000e-01 1.845943111127301e+00 1.001204559652646e+00
5.718750000000000e-01 1.875208599965003e+00 1.001726153229836e+00
5.750000000000001e-01 1.904931912716643e+00 1.002425991766872e+00
5.781250000000000e-01 1.935120306198011e+00 1.003339625818160e+00
5.812500000000000e-01 1.965781150772311e+00 1.004497639689813e+00
5.843750000000000e-01 1.996921932149593e+00 1.005919715348526e+00
5.875000000000000e-01 2.028550253214365e+00 1.007608576090482e+00
5.906250000000001e-01 2.060673835881802e+00 1.009545362660865e+00
5.937500000000000e-01 2.093300522983012e+00 1.011687799871292e+00
5.968750000000000e-01 2.126438280179837e+00 1.013971895215653e+00
6.000000000000001e-01 2.160095197909630e+00 1.016317264294132e+00
6.031250000000000e-01 2.194279493360494e+00 1.018635257913076e+00
6.062500000000001e-01 2.228999512477486e+00 1.020838193067826e+00
6.093750000000000e-01 2.264263732000228e+00 1.022847937715256e+00
6.125000000000000e-01 2.300080761532477e+00 1.024602635072671e+00
6.156250000000001e-01 2.336459345644116e+00 1.026060831410382e+00
6.187500000000000e-01 2.373408366006099e+00 1.027202731768287e+00
6.218750000000001e-01 2.410936843558884e+00 1.028028948865611e+00
6.250000000000000e-01 2.449053940714840e+00 1.028557531245280e+00
6.281250000000000e-01 2.487768963595221e+00 1.028820020736890e+00
6.312500000000001e-01 2.527091364302215e+00 1.028857130436626e+00
6.343750000000000e-01 2.567030743226622e+00 1.028714572564620e+00
6.375000000000001e-01 2.607596851391758e+00 1.028439458780024e+00
6.406250000000000e-01 2.648799592834118e+00 1.028077459115488e+00
6.437500000000000e-01 2.690649027021411e+00 1.027670723111084e+00
6.468750000000001e-01 2.733155371308524e+00 1.027256513512806e+00
6.500000000000000e-01 2.776329003432049e+00 1.026866482974326e+00
6.531250000000001e-01 2.820180464043967e+00 1.026526467884200e+00
6.562500000000000e-01 2.864720459285089e+00 1.026256642465854e+00
6.593750000000000e-01 2.909959863398929e+00 1.026071909985170e+00
6.625000000000001e-01 2.955909721386590e+00 1.025982450704451e+00
6.656250000000000e-01 3.002581251703353e+00 1.025994354735501e+00
6.687500000000001e-01 3.049985848997626e+00 1.026110263155814e+00
6.718750000000000e-01 3.098135086892879e+00 1.026329961812176e+00
6.750000000000000e-01 3.147040720813310e+00 1.026650906763759e+00
6.781250000000001e-01 3.196714690853871e+00 1.027068688385688e+00
6.812500000000000e-01 3.247169124695383e+00 1.027577440412111e+00
6.843750000000001e-01 3.298416340565477e+00 1.028170185345794e+00
6.875000000000000e-01 3.350468850246008e+00 1.028839105557129e+00
6.906250000000000e-01 3.403339362127777e+00 1.029575739441134e+00
6.937500000000001e-01 3.457040784313211e+00 1.030371113306821e+00
6.968750000000000e-01 3.511586227767823e+00 1.031215827022643e+00
7.000000000000001e-01 3.566989009521205e+00 1.032100107193445e+00
7.031250000000000e-01 3.623262655918307e+00 1.033013835136273e+00
7.062500000000000e-01 3.680420905921852e+00 1.033946552872372e+00
7.093750000000001e-01 3.738477714466631e+00 1.034887448946197e+00
7.125000000000000e-01 3.797447255866536e+00 1.035825328821293e+00
7.156250000000001e-01 3.857343927275175e+00 1.036748576974625e+00
7.187500000000000e-01 3.918182352200844e+00 1.037645121185470e+00
7.218750000000000e-01 3.979977384076828e+00 1.038502411735456e+00
7.250000000000001e-01 4.042744109887770e+00 1.039307431470308e+00
7.281250000000000e-01 4.106497853853101e+00 1.040046757230837e+00
7.312500000000001e-01 4.171254181168399e+00 1.040706697037789e+00
7.343750000000000e-01 4.237028901805528e+00 1.041273533625924e+00
7.375000000000000e-01 4.303838074372613e+00 1.041733909245327e+00
7.406250000000001e-01 4.371698010034643e+00 1.042075390991379e+00
7.437500000000000e-01 4.440625276495786e+00 1.042287252840359e+00
7.468750000000001e-01 4.510636702044332e+00 1.042361493200437e+00
7.500000000000000e-01 4.581749379661216e+00 1.042294062915598e+00
7.531250000000000e-01 4.653980671193226e+00 1.042086201882517e+00
7.562500000000001e-01 4.727348211591802e+00 1.041745682949239e+00
7.593750000000000e-01 4.801869913218528e+00 1.041287668480241e+00
7.625000000000001e-01 4.877563970218381e+00 1.040734844180343e+00
7.656250000000000e-01 4.954448862961714e+00 1.040116549037245e+00
7.687500000000000e-01 5.032543362556198e+00 1.039466784494873e+00
7.718750000000001e-01 5.111866535429675e+00 1.038821230616056e+00
7.750000000000000e-01 5.192437747985146e+00 1.038213652015296e+00
7.781250000000001e-01 5.274276671329015e+00 1.037672256620293e+00
7.812500000000000e-01 5.357403286073669e+00 1.037216618736818e+00
7.843750000000000e-01 5.441837887215693e+00 1.036855681030399e+00
7.875000000000001e-01 5.527601089090773e+00 1.036587147952198e+00
7.906250000000000e-01 5.614713830406605e+00 1.036398336956799e+00
7.937500000000001e-01 5.703197379355005e+00 1.036268323405017e+00
7.968750000000000e-01 5.793073338804412e+00 1.036171030481210e+00
8.000000000000000e-01 5.884363651574169e+00 1.036078792907025e+00
8.031250000000001e-01 5.977090605791737e+00 1.035965863196797e+00
8.062500000000000e-01 6.071276840334257e+00 1.035811344659081e+00
8.093750000000001e-01 6.166945350355728e+00 1.035601135568656e+00
8.125000000000000e-01 6.264119492901173e+00 1.035328655026647e+00
8.156250000000000e-01 6.362822992609162e+00 1.034994362093880e+00
8.187500000000001e-01 6.463079947504072e+00 1.034604317674729e+00
8.218750000000000e-01 6.564914834879517e+00 1.034168206232043e+00
8.250000000000001e-01 6.668352517274371e+00 1.033697281567976e+00
8.281250000000000e-01 6.773418248542846e+00 1.033202626377643e+00
8.312500000000000e-01 6.880137680020114e+00 1.032693955844047e+00
8.343750000000001e-01 6.988536866784961e+00 1.032179015540180e+00
8.375000000000000e-01 7.098642274021019e+00 1.031663481077301e+00
8.406250000000001e-01 7.210480783478133e+00 1.031151191908191e+00
8.437500000000000e-01 7.324079700035414e+00 1.030644544274949e+00
8.468750000000000e-01 7.439466758367605e+00 1.030144906817311e+00
8.500000000000001e-01 7.556670129716381e+00 1.029652977321616e+00
8.531250000000000e-01 7.675718428768239e+00 1.029169049472908e+00
8.562500000000001e-01 7.796640720640633e+00 1.028693191642773e+00
8.593750000000000e-01 7.919466527978115e+00 1.028225355814474e+00
8.625000000000000e-01 8.044225838160141e+00 1.027765438686937e+00
8.656250000000001e-01 8.170949110622363e+00 1.027313313389792e+00
8.687500000000000e-01 8.299667284293170e+00 1.026868844626140e+00
8.718750000000001e-01 8.430411785147284e+00 1.026431895464724e+00
8.750000000000000e-01 8.563214533878281e+00 1.026002330138738e+00
8.781250000000000e-01 8.698107953691880e+00 1.025580014992646e+00
8.812500000000001e-01 8.835124978221932e+00 1.025164818965880e+00
8.843750000000000e-01 8.974299059571019e+00 1.024756613579366e+00
8.875000000000001e-01 9.115664176477637e+00 1.024355272922447e+00
8.906250000000000e-01 9.259254842611947e+00 1.023960673640212e+00
8.937500000000000e-01 9.405106115002161e+00 1.023572694814952e+00
8.968750000000001e-01 9.553253602593529e+00 1.023191217989829e+00
9.000000000000000e-01 9.703733474942130e+00 1.022816127051271e+00
9.031250000000001e-01 9.856582471045494e+00 1.022447308182687e+00
9.062500000000000e-01 1.001183790831228e+01 1.022084649818578e+00
9.093750000000000e-01 1.016953769167313e+01 1.021728042634387e+00
9.125000000000001e-01 1.032972032283505e+01 1.021377379395306e+00
9.156250000000000e-01 1.049242490968134e+01 1.021032555017609e+00
9.187500000000001e-01 1.065769117581972e+01 1.020693466488857e+00
9.218750000000000e-01 1.082555947028058e+01 1.020360012753231e+00
9.250000000000000e-01 1.099607077736805e+01 1.020032094738470e+00
9.281250000000001e-01 1.116926672666618e+01 1.019709615312436e+00
9.312500000000000e-01 1.134518960320255e+01 1.019392479169454e+00
9.343750000000001e-01 1.152388235777201e+01 1.019080592893351e+00
9.375000000000000e-01 1.170538861742293e+01 1.018773864809116e+00
9.406250000000000e-01 1.188975269610854e+01 1.018472205046438e+00
9.437500000000001e-01 1.207701960550600e+01 1.018175525391968e+00
9.468750000000000e-01 1.226723506600578e+01 1.017883739353317e+00
9.500000000000001e-01 1.246044551787411e+01 1.017596762082299e+00
9.531250000000000e-01 1.265669813259115e+01 1.017314510333672e+00
9.562500000000000e-01 1.285604082436773e+01 1.017036902388921e+00
9.593750000000001e-01 1.305852226184337e+01 1.016763858121040e+00
9.625000000000000e-01 1.326419187996850e+01 1.016495298883515e+00
9.656250000000001e-01 1.347309989207381e+01 1.016231147505112e+00
9.687500000000000e-01 1.368529730212962e+01 1.015971328284815e+00
9.718750000000000e-01 1.390083591719824e+01 1.015715766846344e+00
9.750000000000001e-01 1.411976836008246e+01 1.015464390274081e+00
9.781250000000000e-01 1.434214808217320e+01 1.015217127003055e+00
9.812500000000001e-01 1.456802937649935e+01 1.014973906744331e+00
9.843750000000000e-01 1.479746739098328e+01 1.014734660515940e+00
9.875000000000000e-01 1.503051814190487e+01 1.014499320638782e+00
9.906250000000001e-01 1.526723852757770e+01 1.014267820627377e+00
9.937500000000000e-01 1.550768634224049e+01 1.014040095256276e+00
9.968750000000001e-01 1.575192029016732e+01 1.013816080486192e+00
1.000000000000000e+00 1.600000000000000e+01 1.013595713390334e+00
