0.000000000000000e+00 0.000000000000000e+00 1.000000000000000e+00
3.125000000000000e-03 3.369263549427258e-03 1.000000287661122e+00
6.250000000000000e-03 6.739349689698711e-03 1.000000970398192e+00
9.375000000000001e-03 1.011108121249049e-02 1.000002061382084e+00
1.250000000000000e-02 1.348528131119160e-02 1.000003544015512e+00
1.562500000000000e-02 1.686277378188298e-02 1.000005423657455e+00
1.875000000000000e-02 2.024438322446370e-02 1.000007721124384e+00
2.187500000000000e-02 2.363093524397333e-02 1.000010447177617e+00
2.500000000000000e-02 2.702325665215984e-02 1.000013604411476e+00
2.812500000000000e-02 3.042217566934200e-02 1.000017202885961e+00
3.125000000000000e-02 3.382852212661575e-02 1.000021262805573e+00
3.437500000000000e-02 3.724312766845378e-02 1.000025804331850e+00
3.750000000000001e-02 4.066682595574785e-02 1.000030848154325e+00
4.062500000000000e-02 4.410045286934348e-02 1.000036416544562e+00
4.375000000000000e-02 4.754484671411652e-02 1.000042525715371e+00
4.687500000000000e-02 5.100084842364160e-02 1.000049197370029e+00
5.000000000000000e-02 5.446930176550237e-02 1.000056457692551e+00
5.312500000000001e-02 5.795105354729364e-02 1.000064333922662e+00
5.625000000000000e-02 6.144695382336569e-02 1.000072860196667e+00
5.937500000000000e-02 6.495785610236132e-02 1.000082070741088e+00
6.250000000000000e-02 6.848461755559625e-02 1.000092004220542e+00
6.562500000000000e-02 7.202809922633362e-02 1.000102700927586e+00
6.875000000000001e-02 7.558916624000402e-02 1.000114204495846e+00
7.187500000000001e-02 7.916868801542200e-02 1.000126561285700e+00
7.500000000000001e-02 8.276753847705080e-02 1.000139820911832e+00
7.812500000000000e-02 8.638659626836727e-02 1.000154036331702e+00
8.125000000000000e-02 9.002674496637868e-02 1.000169264153697e+00
8.437500000000001e-02 9.368887329734420e-02 1.000185564725786e+00
8.750000000000001e-02 9.737387535375355e-02 1.000203002443875e+00
9.062500000000001e-02 1.010826508126157e-01 1.000221645840697e+00
9.375000000000000e-02 1.048161051551108e-01 1.000241567894422e+00
9.687500000000000e-02 1.085751498876601e-01 1.000262846337449e+00
1.000000000000000e-01 1.123607027644654e-01 1.000285563833592e+00
1.031250000000000e-01 1.161736880115753e-01 1.000309808243317e+00
1.062500000000000e-01 1.200150365525305e-01 1.000335672933112e+00
1.093750000000000e-01 1.238856862356450e-01 1.000363257085123e+00
1.125000000000000e-01 1.277865820629775e-01 1.000392666007055e+00
1.156250000000000e-01 1.317186764210495e-01 1.000424011442399e+00
1.187500000000000e-01 1.356829293133661e-01 1.000457411968855e+00
1.218750000000000e-01 1.396803085947971e-01 1.000492993309307e+00
1.250000000000000e-01 1.437117902078738e-01 1.000530888818950e+00
1.281250000000000e-01 1.477783584210617e-01 1.000571239753268e+00
1.312500000000000e-01 1.518810060690650e-01 1.000614195844084e+00
1.343750000000000e-01 1.560207347952229e-01 1.000659915656582e+00
1.375000000000000e-01 1.601985552960564e-01 1.000708567078814e+00
1.406250000000000e-01 1.644154875680252e-01 1.000760327855939e+00
1.437500000000000e-01 1.686725611565558e-01 1.000815386037446e+00
1.468750000000000e-01 1.729708154074000e-01 1.000873940601121e+00
1.500000000000000e-01 1.773112997203869e-01 1.000936201902316e+00
1.531250000000000e-01 1.816950738056289e-01 1.001002392432066e+00
1.562500000000000e-01 1.861232079422458e-01 1.001072747268907e+00
1.593750000000000e-01 1.905967832396682e-01 1.001147514795901e+00
1.625000000000000e-01 1.951168919015860e-01 1.001226957419349e+00
1.656250000000000e-01 1.996846374926046e-01 1.001311352157487e+00
1.687500000000000e-01 2.043011352076760e-01 1.001400991407074e+00
1.718750000000000e-01 2.089675121443681e-01 1.001496183756275e+00
1.750000000000000e-01 2.136849075780412e-01 1.001597254624189e+00
1.781250000000000e-01 2.184544732399964e-01 1.001704547211020e+00
1.812500000000000e-01 2.232773735986666e-01 1.001818423275486e+00
1.843750000000000e-01 2.281547861439151e-01 1.001939263915663e+00
1.875000000000000e-01 2.330879016745160e-01 1.002067470529579e+00
1.906250000000000e-01 2.380779245888810e-01 1.002203465780096e+00
1.937500000000000e-01 2.431260731791094e-01 1.002347694432436e+00
1.968750000000000e-01 2.482335799284277e-01 1.002500624328822e+00
2.000000000000000e-01 2.534016918120952e-01 1.002662747412809e+00
2.031250000000000e-01 2.586316706018478e-01 1.002834580715814e+00
2.062500000000000e-01 2.639247931739538e-01 1.003016667306418e+00
2.093750000000000e-01 2.692823518209576e-01 1.003209577467320e+00
2.125000000000000e-01 2.747056545671873e-01 1.003413909616267e+00
2.156250000000000e-01 2.801960254881028e-01 1.003630291412068e+00
2.187500000000000e-01 2.857548050335636e-01 1.003859380826361e+00
2.218750000000000e-01 2.913833503550930e-01 1.004101867181941e+00
2.250000000000000e-01 2.970830356372213e-01 1.004358472290840e+00
2.281250000000000e-01 3.028552524329863e-01 1.004629951428658e+00
2.312500000000000e-01 3.087014100036755e-01 1.004917094410655e+00
2.343750000000000e-01 3.146229356628902e-01 1.005220726594379e+00
2.375000000000000e-01 3.206212751250189e-01 1.005541709898185e+00
2.406250000000000e-01 3.266978928582008e-01 1.005880943704451e+00
2.437500000000000e-01 3.328542724418705e-01 1.006239365825283e+00
2.468750000000000e-01 3.390919169289667e-01 1.006617953355460e+00
2.500000000000000e-01 3.454123492128958e-01 1.007017723369571e+00
2.531250000000000e-01 3.518171123993401e-01 1.007439733685598e+00
2.562500000000000e-01 3.583077701830001e-01 1.007885083519636e+00
2.593750000000000e-01 3.648859072293631e-01 1.008354913855916e+00
2.625000000000000e-01 3.715531295615936e-01 1.008850407931477e+00
2.656250000000000e-01 3.783110649526354e-01 1.009372791394243e+00
2.687500000000000e-01 3.851613633226258e-01 1.009923332400976e+00
2.718750000000000e-01 3.921056971417164e-01 1.010503341567670e+00
2.750000000000000e-01 3.991457618383991e-01 1.011114171551240e+00
2.781250000000000e-01 4.062832762134377e-01 1.011757216528880e+00
2.812500000000000e-01 4.135199828595055e-01 1.012433911486886e+00
2.843750000000000e-01 4.208576485866312e-01 1.013145731052128e+00
2.875000000000000e-01 4.282980648535585e-01 1.013894188176391e+00
2.906250000000000e-01 4.358430482051222e-01 1.014680832450449e+00
2.937500000000000e-01 4.434944407157500e-01 1.015507248001456e+00
2.968750000000000e-01 4.512541104391968e-01 1.016375050970947e+00
3.000000000000000e-01 4.591239518646220e-01 1.017285886659470e+00
3.031250000000000e-01 4.671058863791195e-01 1.018241426200203e+00
3.062500000000000e-01 4.752018627368176e-01 1.019243362622204e+00
3.093750000000000e-01 4.834138575346580e-01 1.020293406430685e+00
3.125000000000000e-01 4.917438756949728e-01 1.021393280562595e+00
3.156250000000000e-01 5.001939509549778e-01 1.022544714887783e+00
3.187500000000000e-01 5.087661463633005e-01 1.023749439796974e+00
3.218750000000000e-01 5.174625547836644e-01 1.025009179312372e+00
3.250000000000000e-01 5.262852994058529e-01 1.026325643212933e+00
3.281250000000000e-01 5.352365342640750e-01 1.027700518652519e+00
3.312500000000000e-01 5.443184447628656e-01 1.029135460758213e+00
3.343750000000000e-01 5.535332482106405e-01 1.030632082458194e+00
3.375000000000000e-01 5.628831943610435e-01 1.032191943426820e+00
3.406250000000000e-01 5.723705659622137e-01 1.033816538076858e+00
3.437500000000000e-01 5.819976793141081e-01 1.035507282662400e+00
3.468750000000000e-01 5.917668848340161e-01 1.037265501372789e+00
3.500000000000000e-01 6.016805676304035e-01 1.039092411476995e+00
3.531250000000000e-01 6.117411480852264e-01 1.040989107485589e+00
3.562500000000000e-01 6.219510824448572e-01 1.042956544478682e+00
3.593750000000000e-01 6.323128634197650e-01 1.044995520290400e+00
3.625000000000000e-01 6.428290207931012e-01 1.047106656878474e+00
3.656250000000000e-01 6.535021220383342e-01 1.049290380889593e+00
3.687500000000000e-01 6.643347729460869e-01 1.051546903292941e+00
3.718750000000000e-01 6.753296182603294e-01 1.053876198369189e+00
3.750000000000000e-01 6.864893423240808e-01 1.056277982162845e+00
3.781250000000000e-01 6.978166697347804e-01 1.058751690323947e+00
3.812500000000000e-01 7.093143660094854e-01 1.061296455546121e+00
3.843750000000000e-01 7.209852382600603e-01 1.063911085049052e+00
3.875000000000000e-01 7.328321358785219e-01 1.066594037958060e+00
3.906250000000000e-01 7.448579512327029e-01 1.069343402952714e+00
3.937500000000000e-01 7.570656203724140e-01 1.072156876476336e+00
3.968750000000000e-01 7.694581237462648e-01 1.075031741811877e+00
4.000000000000000e-01 7.820384869293291e-01 1.077964849249965e+00
4.031250000000000e-01 7.948097813618253e-01 1.080952597826235e+00
4.062500000000000e-01 8.077751250989945e-01 1.083990918887365e+00
4.093750000000000e-01 8.209376835723596e-01 1.087075261952006e+00
4.125000000000000e-01 8.343006703625532e-01 1.090200583544992e+00
4.156250000000000e-01 8.478673479838968e-01 1.093361338892450e+00
4.187500000000000e-01 8.616410286809313e-01 1.096551477479374e+00
4.218750000000000e-01 8.756250752370857e-01 1.099764442874630e+00
4.250000000000000e-01 8.898229017956865e-01 1.102993176905037e+00
4.281250000000000e-01 9.042379746935050e-01 1.106230129140246e+00
4.312500000000000e-01 9.188738133070491e-01 1.109467271943066e+00
4.343750000000000e-01 9.337339909118028e-01 1.112696121245561e+00
4.375000000000000e-01 9.488221355546261e-01 1.115907763943599e+00
4.406250000000000e-01 9.641419309395265e-01 1.119092891682059e+00
4.437500000000000e-01 9.796971173270190e-01 1.122241841619429e+00
4.468750000000000e-01 9.954914924472941e-01 1.125344644061173e+00
4.500000000000000e-01 1.011528912427417e+00 1.128391077218818e+00
4.531250000000000e-01 1.027813292732786e+00 1.131370728878841e+00
4.562500000000000e-01 1.044348609123070e+00 1.134273064574971e+00
4.593750000000000e-01 1.061138898622882e+00 1.137087502258185e+00
4.625000000000000e-01 1.078188260507393e+00 1.139803492613948e+00
4.656250000000000e-01 1.095500857303154e+00 1.142410604514906e+00
4.687500000000000e-01 1.113080915804360e+00 1.144898614538240e+00
4.718750000000000e-01 1.130932728104805e+00 1.147257599966130e+00
4.750000000000000e-01 1.149060652645771e+00 1.149478033423212e+00
4.781250000000000e-01 1.167469115280130e+00 1.151550878602217e+00
4.812500000000000e-01 1.186162610352890e+00 1.153467685020312e+00
4.843750000000000e-01 1.205145701798475e+00 1.155220680660440e+00
4.875000000000000e-01 1.224423024254985e+00 1.156802860766252e+00
4.906250000000000e-01 1.243999284195726e+00 1.158208071190905e+00
4.937500000000000e-01 1.263879261078271e+00 1.159431084695970e+00
4.968750000000000e-01 1.284067808511348e+00 1.160467668608519e+00
5.000000000000000e-01 1.304569855439823e+00 1.161314642374462e+00
5.031250000000000e-01 1.325390407348082e+00 1.161969923539711e+00
5.062500000000000e-01 1.346534547482100e+00 1.162432561260377e+00
5.093750000000000e-01 1.368007438090487e+00 1.162702755853333e+00
5.125000000000001e-01 1.389814321684837e+00 1.162781864155252e+00
5.156250000000000e-01 1.411960522319654e+00 1.162672390039670e+00
5.187500000000000e-01 1.434451446892208e+00 1.162377959790863e+00
5.218750000000000e-01 1.457292586462593e+00 1.161903282433689e+00
5.250000000000000e-01 1.480489517594354e+00 1.161254096024209e+00
5.281250000000001e-01 1.504047903715979e+00 1.160437099709430e+00
5.312500000000000e-01 1.527973496503592e+00 1.159459873676832e+00
5.343750000000000e-01 1.552272137285215e+00 1.158330787379088e+00
5.375000000000000e-01 1.576949758466886e+00 1.157058898389499e+00
5.406250000000000e-01 1.602012384981041e+00 1.155653843337141e+00
5.437500000000001e-01 1.627466135757470e+00 1.154125722923466e+00
5.468750000000000e-01 1.653317225217225e+00 1.152484983197006e+00
5.500000000000000e-01 1.679571964789851e+00 1.150742295469151e+00
5.531250000000000e-01 1.706236764454286e+00 1.148908436887213e+00
5.562500000000000e-01 1.733318134303830e+00 1.146994173558770e+00
5.593750000000001e-01 1.760822686135563e+00 1.145010149148788e+00
5.625000000000000e-01 1.788757135064574e+00 1.142966779915516e+00
5.656250000000000e-01 1.817128301163438e+00 1.140874158530188e+00
5.687500000000000e-01 1.845943111127301e+00 1.138741967983849e+00
5.718750000000000e-01 1.875208599965003e+00 1.136579406661983e+00
5.750000000000001e-01 1.904931912716643e+00 1.134395125704413e+00
5.781250000000000e-01 1.935120306198011e+00 1.132197179215479e+00
5.812500000000000e-01 1.965781150772311e+00 1.129992987107562e+00
5.843750000000000e-01 1.996921932149593e+00 1.127789311236516e+00
5.875000000000000e-01 2.028550253214365e+00 1.125592243638529e+00
5.906250000000001e-01 2.060673835881802e+00 1.123407206927954e+00
5.937500000000000e-01 2.093300522983012e+00 1.121238965049185e+00
5.968750000000000e-01 2.126438280179837e+00 1.119091644039533e+00
6.000000000000001e-01 2.160095197909630e+00 1.116968760910558e+00
6.031250000000000e-01 2.194279493360494e+00 1.114873259339721e+00
6.062500000000001e-01 2.228999512477486e+00 1.112807550755056e+00
6.093750000000000e-01 2.264263732000228e+00 1.110773559141405e+00
6.125000000000000e-01 2.300080761532477e+00 1.108772768375337e+00
6.156250000000001e-01 2.336459345644116e+00 1.106806270197918e+00
6.187500000000000e-01 2.373408366006099e+00 1.104874812137070e+00
6.218750000000001e-01 2.410936843558884e+00 1.102978843982884e+00
6.250000000000000e-01 2.449053940714840e+00 1.101118561879791e+00
6.281250000000000e-01 2.487768963595221e+00 1.099293949550136e+00
6.312500000000001e-01 2.527091364302215e+00 1.097504816027274e+00
6.343750000000000e-01 2.567030743226622e+00 1.095750829476868e+00
6.375000000000001e-01 2.607596851391758e+00 1.094031546977579e+00
6.406250000000000e-01 2.648799592834118e+00 1.092346440515493e+00
6.437500000000000e-01 2.690649027021411e+00 1.090694919009916e+00
6.468750000000001e-01 2.733155371308524e+00 1.089076346761507e+00
6.500000000000000e-01 2.776329003432049e+00 1.087490058562857e+00
6.531250000000001e-01 2.820180464043967e+00 1.085935371896924e+00
6.562500000000000e-01 2.864720459285089e+00 1.084411596546053e+00
6.593750000000000e-01 2.909959863398929e+00 1.082918041976135e+00
6.625000000000001e-01 2.955909721386590e+00 1.081454022854480e+00
6.656250000000000e-01 3.002581251703353e+00 1.080018863244263e+00
6.687500000000001e-01 3.049985848997626e+00 1.078611899300912e+00
6.718750000000000e-01 3.098135086892879e+00 1.077232481290001e+00
6.750000000000000e-01 3.147040720813310e+00 1.075879974744864e+00
6.781250000000001e-01 3.196714690853871e+00 1.074553761102472e+00
6.812500000000000e-01 3.247169124695383e+00 1.073253238058085e+00
6.843750000000001e-01 3.298416340565477e+00 1.071977819405787e+00
6.875000000000000e-01 3.350468850246008e+00 1.070726935074410e+00
6.906250000000000e-01 3.403339362127777e+00 1.069500030558707e+00
6.937500000000001e-01 3.457040784313211e+00 1.068296566735533e+00
6.968750000000000e-01 3.511586227767823e+00 1.067116019311984e+00
7.000000000000001e-01 3.566989009521205e+00 1.065957878376152e+00
7.031250000000000e-01 3.623262655918307e+00 1.064821648002653e+00
7.062500000000000e-01 3.680420905921852e+00 1.063706845725409e+00
7.093750000000001e-01 3.738477714466631e+00 1.062613002158348e+00
7.125000000000000e-01 3.797447255866536e+00 1.061539660482991e+00
7.156250000000001e-01 3.857343927275175e+00 1.060486376129611e+00
7.187500000000000e-01 3.918182352200844e+00 1.059452716231638e+00
7.218750000000000e-01 3.979977384076828e+00 1.058438259365924e+00
7.250000000000001e-01 4.042744109887770e+00 1.057442595158779e+00
7.281250000000000e-01 4.106497853853101e+00 1.056465323897673e+00
7.312500000000001e-01 4.171254181168399e+00 1.055506056148355e+00
7.343750000000000e-01 4.237028901805528e+00 1.054564412469776e+00
7.375000000000000e-01 4.303838074372613e+00 1.053640023179766e+00
7.406250000000001e-01 4.371698010034643e+00 1.052732527847395e+00
7.437500000000000e-01 4.440625276495786e+00 1.051841575206359e+00
7.468750000000001e-01 4.510636702044332e+00 1.050966822702147e+00
7.500000000000000e-01 4.581749379661216e+00 1.050107936412824e+00
7.531250000000000e-01 4.653980671193226e+00 1.049264590557856e+00
7.562500000000001e-01 4.727348211591802e+00 1.048436467425880e+00
7.593750000000000e-01 4.801869913218528e+00 1.047623257028907e+00
7.625000000000001e-01 4.877563970218381e+00 1.046824656944047e+00
7.656250000000000e-01 4.954448862961714e+00 1.046040372020088e+00
7.687500000000000e-01 5.032543362556198e+00 1.045270114224935e+00
7.718750000000001e-01 5.111866535429675e+00 1.044513602403768e+00
7.750000000000000e-01 5.192437747985146e+00 1.043770562085767e+00
7.781250000000001e-01 5.274276671329015e+00 1.043040725201672e+00
7.812500000000000e-01 5.357403286073669e+00 1.042323830078688e+00
7.843750000000000e-01 5.441837887215693e+00 1.041619621116709e+00
7.875000000000001e-01 5.527601089090773e+00 1.040927848695812e+00
7.906250000000000e-01 5.614713830406605e+00 1.040248268857080e+00
7.937500000000001e-01 5.703197379355005e+00 1.039580643351152e+00
7.968750000000000e-01 5.793073338804412e+00 1.038924739368470e+00
8.000000000000000e-01 5.884363651574169e+00 1.038280329362931e+00
8.031250000000001e-01 5.977090605791737e+00 1.037647190968448e+00
8.062500000000000e-01 6.071276840334257e+00 1.037025106825818e+00
8.093750000000001e-01 6.166945350355728e+00 1.036413864456773e+00
8.125000000000000e-01 6.264119492901173e+00 1.035813256093980e+00
8.156250000000000e-01 6.362822992609162e+00 1.035223078603499e+00
8.187500000000001e-01 6.463079947504072e+00 1.034643133362990e+00
8.218750000000000e-01 6.564914834879517e+00 1.034073226095789e+00
8.250000000000001e-01 6.668352517274371e+00 1.033513166797148e+00
8.281250000000000e-01 6.773418248542846e+00 1.032962769570792e+00
8.312500000000000e-01 6.880137680020114e+00 1.032421852602778e+00
8.343750000000001e-01 6.988536866784961e+00 1.031890237954926e+00
8.375000000000000e-01 7.098642274021019e+00 1.031367751586042e+00
8.406250000000001e-01 7.210480783478133e+00 1.030854223102160e+00
8.437500000000000e-01 7.324079700035414e+00 1.030349485824895e+00
8.468750000000000e-01 7.439466758367605e+00 1.029853376543656e+00
8.500000000000001e-01 7.556670129716381e+00 1.029365735540392e+00
8.531250000000000e-01 7.675718428768239e+00 1.028886406434117e+00
8.562500000000001e-01 7.796640720640633e+00 1.028415236161909e+00
8.593750000000000e-01 7.919466527978115e+00 1.027952074825066e+00
8.625000000000000e-01 8.044225838160141e+00 1.027496775671560e+00
8.656250000000001e-01 8.170949110622363e+00 1.027049194943717e+00
8.687500000000000e-01 8.299667284293170e+00 1.026609191907097e+00
8.718750000000001e-01 8.430411785147284e+00 1.026176628654440e+00
8.750000000000000e-01 8.563214533878281e+00 1.025751370180803e+00
8.781250000000000e-01 8.698107953691880e+00 1.025333284188779e+00
8.812500000000001e-01 8.835124978221932e+00 1.024922241119630e+00
8.843750000000000e-01 8.974299059571019e+00 1.024518113959792e+00
8.875000000000001e-01 9.115664176477637e+00 1.024120778318027e+00
8.906250000000000e-01 9.259254842611947e+00 1.023730112277989e+00
8.937500000000000e-01 9.405106115002161e+00 1.023345996341349e+00
8.968750000000001e-01 9.553253602593529e+00 1.022968313461205e+00
9.000000000000000e-01 9.703733474942130e+00 1.022596948896133e+00
9.031250000000001e-01 9.856582471045494e+00 1.022231790199527e+00
9.062500000000000e-01 1.001183790831228e+01 1.021872727074633e+00
9.093750000000000e-01 1.016953769167313e+01 1.021519651499313e+00
9.125000000000001e-01 1.032972032283505e+01 1.021172457492096e+00
9.156250000000000e-01 1.049242490968134e+01 1.020831041147921e+00
9.187500000000001e-01 1.065769117581972e+01 1.020495300674066e+00
9.218750000000000e-01 1.082555947028058e+01 1.020165136157460e+00
9.250000000000000e-01 1.099607077736805e+01 1.019840449690953e+00
9.281250000000001e-01 1.116926672666618e+01 1.019521145186179e+00
9.312500000000000e-01 1.134518960320255e+01 1.019207128500279e+00
9.343750000000001e-01 1.152388235777201e+01 1.018898307249405e+00
9.375000000000000e-01 1.170538861742293e+01 1.018594590801681e+00
9.406250000000000e-01 1.188975269610854e+01 1.018295890270364e+00
9.437500000000001e-01 1.207701960550600e+01 1.018002118507212e+00
9.468750000000000e-01 1.226723506600578e+01 1.017713189961966e+00
9.500000000000001e-01 1.246044551787411e+01 1.017429020720964e+00
9.531250000000000e-01 1.265669813259115e+01 1.017149528501179e+00
9.562500000000000e-01 1.285604082436773e+01 1.016874632465831e+00
9.593750000000001e-01 1.305852226184337e+01 1.016604253397570e+00
9.625000000000000e-01 1.326419187996850e+01 1.016338313514502e+00
9.656250000000001e-01 1.347309989207381e+01 1.016076736509734e+00
9.687500000000000e-01 1.368529730212962e+01 1.015819447501793e+00
9.718750000000000e-01 1.390083591719824e+01 1.015566372940649e+00
9.750000000000001e-01 1.411976836008246e+01 1.015317440736929e+00
9.781250000000000e-01 1.434214808217320e+01 1.015072580079064e+00
9.812500000000001e-01 1.456802937649935e+01 1.014831721473617e+00
9.843750000000000e-01 1.479746739098328e+01 1.014594796652027e+00
9.875000000000000e-01 1.503051814190487e+01 1.014361738700299e+00
9.906250000000001e-01 1.526723852757770e+01 1.014132481876898e+00
9.937500000000000e-01 1.550768634224049e+01 1.013906961609084e+00
9.968750000000001e-01 1.575192029016732e+01 1.013685114578379e+00
1.000000000000000e+00 1.600000000000000e+01 1.013466878583505e+00
