0.000000000000000e+00 0.000000000000000e+00 1.000000000000000e+00
3.125000000000000e-03 3.369263549427258e-03 1.000014515536727e+00
6.250000000000000e-03 6.739349689698711e-03 1.000048467531233e+00
9.375000000000001e-03 1.011108121249049e-02 1.000101971408653e+00
1.250000000000000e-02 1.348528131119160e-02 1.000174918411178e+00
1.562500000000000e-02 1.686277378188298e-02 1.000267328372478e+00
1.875000000000000e-02 2.024438322446370e-02 1.000379352794877e+00
2.187500000000000e-02 2.363093524397333e-02 1.000511019860594e+00
2.500000000000000e-02 2.702325665215984e-02 1.000662412089171e+00
2.812500000000000e-02 3.042217566934200e-02 1.000833637170769e+00
3.125000000000000e-02 3.382852212661575e-02 1.001024810319582e+00
3.437500000000000e-02 3.724312766845378e-02 1.001236040845095e+00
3.750000000000001e-02 4.066682595574785e-02 1.001467409035874e+00
4.062500000000000e-02 4.410045286934348e-02 1.001719096978245e+00
4.375000000000000e-02 4.754484671411652e-02 1.001991242765079e+00
4.687500000000000e-02 5.100084842364160e-02 1.002283983551725e+00
5.000000000000000e-02 5.446930176550237e-02 1.002597506397880e+00
5.312500000000001e-02 5.795105354729364e-02 1.002931970760535e+00
5.625000000000000e-02 6.144695382336569e-02 1.003287577147610e+00
5.937500000000000e-02 6.495785610236132e-02 1.003664486872601e+00
6.250000000000000e-02 6.848461755559625e-02 1.004062892611755e+00
6.562500000000000e-02 7.202809922633362e-02 1.004483013089759e+00
6.875000000000001e-02 7.558916624000402e-02 1.004925034991153e+00
7.187500000000001e-02 7.916868801542200e-02 1.005389182902396e+00
7.500000000000001e-02 8.276753847705080e-02 1.005875622973732e+00
7.812500000000000e-02 8.638659626836727e-02 1.006384558027236e+00
8.125000000000000e-02 9.002674496637868e-02 1.006916233328754e+00
8.437500000000001e-02 9.368887329734420e-02 1.007470834207036e+00
8.750000000000001e-02 9.737387535375355e-02 1.008048569232253e+00
9.062500000000001e-02 1.010826508126157e-01 1.008649613402389e+00
9.375000000000000e-02 1.048161051551108e-01 1.009274133408615e+00
9.687500000000000e-02 1.085751498876601e-01 1.009922314154895e+00
1.000000000000000e-01 1.123607027644654e-01 1.010594316167230e+00
1.031250000000000e-01 1.161736880115753e-01 1.011290294487933e+00
1.062500000000000e-01 1.200150365525305e-01 1.012010350043197e+00
1.093750000000000e-01 1.238856862356450e-01 1.012754577060953e+00
1.125000000000000e-01 1.277865820629775e-01 1.013523078301593e+00
1.156250000000000e-01 1.317186764210495e-01 1.014315905518038e+00
1.187500000000000e-01 1.356829293133661e-01 1.015133073581481e+00
1.218750000000000e-01 1.396803085947971e-01 1.015974559468252e+00
1.250000000000000e-01 1.437117902078738e-01 1.016840291680675e+00
1.281250000000000e-01 1.477783584210617e-01 1.017730164735422e+00
1.312500000000000e-01 1.518810060690650e-01 1.018644078373619e+00
1.343750000000000e-01 1.560207347952229e-01 1.019581836820031e+00
1.375000000000000e-01 1.601985552960564e-01 1.020543138668309e+00
1.406250000000000e-01 1.644154875680252e-01 1.021527687599166e+00
1.437500000000000e-01 1.686725611565558e-01 1.022535098770997e+00
1.468750000000000e-01 1.729708154074000e-01 1.023564920754576e+00
1.500000000000000e-01 1.773112997203869e-01 1.024616622651295e+00
1.531250000000000e-01 1.816950738056289e-01 1.025689537477701e+00
1.562500000000000e-01 1.861232079422458e-01 1.026783022897234e+00
1.593750000000000e-01 1.905967832396682e-01 1.027896306426956e+00
1.625000000000000e-01 1.951168919015860e-01 1.029028401207580e+00
1.656250000000000e-01 1.996846374926046e-01 1.030178318851135e+00
1.687500000000000e-01 2.043011352076760e-01 1.031344992027356e+00
1.718750000000000e-01 2.089675121443681e-01 1.032527190555471e+00
1.750000000000000e-01 2.136849075780412e-01 1.033723541887088e+00
1.781250000000000e-01 2.184544732399964e-01 1.034932569130716e+00
1.812500000000000e-01 2.232773735986666e-01 1.036152713897498e+00
1.843750000000000e-01 2.281547861439151e-01 1.037382239614229e+00
1.875000000000000e-01 2.330879016745160e-01 1.038619290893342e+00
1.906250000000000e-01 2.380779245888810e-01 1.039861910449620e+00
1.937500000000000e-01 2.431260731791094e-01 1.041107966842262e+00
1.968750000000000e-01 2.482335799284277e-01 1.042355239214826e+00
2.000000000000000e-01 2.534016918120952e-01 1.043601370470814e+00
2.031250000000000e-01 2.586316706018478e-01 1.044843868058265e+00
2.062500000000000e-01 2.639247931739538e-01 1.046080164037914e+00
2.093750000000000e-01 2.692823518209576e-01 1.047307549903987e+00
2.125000000000000e-01 2.747056545671873e-01 1.048523239620208e+00
2.156250000000000e-01 2.801960254881028e-01 1.049724380256180e+00
2.187500000000000e-01 2.857548050335636e-01 1.050908011480405e+00
2.218750000000000e-01 2.913833503550930e-01 1.052071161163501e+00
2.250000000000000e-01 2.970830356372213e-01 1.053210804808548e+00
2.281250000000000e-01 3.028552524329863e-01 1.054323889928091e+00
2.312500000000000e-01 3.087014100036755e-01 1.055407408905881e+00
2.343750000000000e-01 3.146229356628902e-01 1.056458349632458e+00
2.375000000000000e-01 3.206212751250189e-01 1.057473765393210e+00
2.406250000000000e-01 3.266978928582008e-01 1.058450811355282e+00
2.437500000000000e-01 3.328542724418705e-01 1.059386708492991e+00
2.468750000000000e-01 3.390919169289667e-01 1.060278843084594e+00
2.500000000000000e-01 3.454123492128958e-01 1.061124758428338e+00
2.531250000000000e-01 3.518171123993401e-01 1.061922157856110e+00
2.562500000000000e-01 3.583077701830001e-01 1.062668993720805e+00
2.593750000000000e-01 3.648859072293631e-01 1.063363434524512e+00
2.625000000000000e-01 3.715531295615936e-01 1.064003894846374e+00
2.656250000000000e-01 3.783110649526354e-01 1.064589099578840e+00
2.687500000000000e-01 3.851613633226258e-01 1.065118038455179e+00
2.718750000000000e-01 3.921056971417164e-01 1.065590014352982e+00
2.750000000000000e-01 3.991457618383991e-01 1.066004674809319e+00
2.781250000000000e-01 4.062832762134377e-01 1.066361963818769e+00
2.812500000000000e-01 4.135199828595055e-01 1.066662170821978e+00
2.843750000000000e-01 4.208576485866312e-01 1.066905928202140e+00
2.875000000000000e-01 4.282980648535585e-01 1.067094166815276e+00
2.906250000000000e-01 4.358430482051222e-01 1.067228153057344e+00
2.937500000000000e-01 4.434944407157500e-01 1.067309467453851e+00
2.968750000000000e-01 4.512541104391968e-01 1.067339959693643e+00
3.000000000000000e-01 4.591239518646220e-01 1.067321773241795e+00
3.031250000000000e-01 4.671058863791195e-01 1.067257305105466e+00
3.062500000000000e-01 4.752018627368176e-01 1.067149164573754e+00
3.093750000000000e-01 4.834138575346580e-01 1.067000180796815e+00
3.125000000000000e-01 4.917438756949728e-01 1.066813362537804e+00
3.156250000000000e-01 5.001939509549778e-01 1.066591856790959e+00
3.187500000000000e-01 5.087661463633005e-01 1.066338947598114e+00
3.218750000000000e-01 5.174625547836644e-01 1.066058013431909e+00
3.250000000000000e-01 5.262852994058529e-01 1.065752490481386e+00
3.281250000000000e-01 5.352365342640750e-01 1.065425862626824e+00
3.312500000000000e-01 5.443184447628656e-01 1.065081629674021e+00
3.343750000000000e-01 5.535332482106405e-01 1.064723276367528e+00
3.375000000000000e-01 5.628831943610435e-01 1.064354258865950e+00
3.406250000000000e-01 5.723705659622137e-01 1.063977977487552e+00
3.437500000000000e-01 5.819976793141081e-01 1.063597755639556e+00
3.468750000000000e-01 5.917668848340161e-01 1.063216825670390e+00
3.500000000000000e-01 6.016805676304035e-01 1.062838310458847e+00
3.531250000000000e-01 6.117411480852264e-01 1.062465214074724e+00
3.562500000000000e-01 6.219510824448572e-01 1.062100408621201e+00
3.593750000000000e-01 6.323128634197650e-01 1.061746614703958e+00
3.625000000000000e-01 6.428290207931012e-01 1.061406404292341e+00
3.656250000000000e-01 6.535021220383342e-01 1.061082198897316e+00
3.687500000000000e-01 6.643347729460869e-01 1.060776248241322e+00
3.718750000000000e-01 6.753296182603294e-01 1.060490634938460e+00
3.750000000000000e-01 6.864893423240808e-01 1.060227286340899e+00
3.781250000000000e-01 6.978166697347804e-01 1.059987954048471e+00
3.812500000000000e-01 7.093143660094854e-01 1.059774211301959e+00
3.843750000000000e-01 7.209852382600603e-01 1.059587482127901e+00
3.875000000000000e-01 7.328321358785219e-01 1.059429032084730e+00
3.906250000000000e-01 7.448579512327029e-01 1.059299945211447e+00
3.937500000000000e-01 7.570656203724140e-01 1.059201152930203e+00
3.968750000000000e-01 7.694581237462648e-01 1.059133457687146e+00
4.000000000000000e-01 7.820384869293291e-01 1.059097503177181e+00
4.031250000000000e-01 7.948097813618253e-01 1.059093771806115e+00
4.062500000000000e-01 8.077751250989945e-01 1.059122628838748e+00
4.093750000000000e-01 8.209376835723596e-01 1.059184324869352e+00
4.125000000000000e-01 8.343006703625532e-01 1.059278961800787e+00
4.156250000000000e-01 8.478673479838968e-01 1.059406512584713e+00
4.187500000000000e-01 8.616410286809313e-01 1.059566864909993e+00
4.218750000000000e-01 8.756250752370857e-01 1.059759806351606e+00
4.250000000000000e-01 8.898229017956865e-01 1.059984993563957e+00
4.281250000000000e-01 9.042379746935050e-01 1.060241984041083e+00
4.312500000000000e-01 9.188738133070491e-01 1.060530276884375e+00
4.343750000000000e-01 9.337339909118028e-01 1.060849290671455e+00
4.375000000000000e-01 9.488221355546261e-01 1.061198332521386e+00
4.406250000000000e-01 9.641419309395265e-01 1.061576629562990e+00
4.437500000000000e-01 9.796971173270190e-01 1.061983372579656e+00
4.468750000000000e-01 9.954914924472941e-01 1.062417698745091e+00
4.500000000000000e-01 1.011528912427417e+00 1.062878653163648e+00
4.531250000000000e-01 1.027813292732786e+00 1.063365206462564e+00
4.562500000000000e-01 1.044348609123070e+00 1.063876304888937e+00
4.593750000000000e-01 1.061138898622882e+00 1.064410873127900e+00
4.625000000000000e-01 1.078188260507393e+00 1.064967770925432e+00
4.656250000000000e-01 1.095500857303154e+00 1.065545780823662e+00
4.687500000000000e-01 1.113080915804360e+00 1.066143651549294e+00
4.718750000000000e-01 1.130932728104805e+00 1.066760131767159e+00
4.750000000000000e-01 1.149060652645771e+00 1.067393946960916e+00
4.781250000000000e-01 1.167469115280130e+00 1.068043759990291e+00
4.812500000000000e-01 1.186162610352890e+00 1.068708173697261e+00
4.843750000000000e-01 1.205145701798475e+00 1.069385770218838e+00
4.875000000000000e-01 1.224423024254985e+00 1.070075135889076e+00
4.906250000000000e-01 1.243999284195726e+00 1.070774844322781e+00
4.937500000000000e-01 1.263879261078271e+00 1.071483419235145e+00
4.968750000000000e-01 1.284067808511348e+00 1.072199322037706e+00
5.000000000000000e-01 1.304569855439823e+00 1.072920977550019e+00
5.031250000000000e-01 1.325390407348082e+00 1.073646804659619e+00
5.062500000000000e-01 1.346534547482100e+00 1.074375219254813e+00
5.093750000000000e-01 1.368007438090487e+00 1.075104611261839e+00
5.125000000000001e-01 1.389814321684837e+00 1.075833315819286e+00
5.156250000000000e-01 1.411960522319654e+00 1.076559601751082e+00
5.187500000000000e-01 1.434451446892208e+00 1.077281684566439e+00
5.218750000000000e-01 1.457292586462593e+00 1.077997745731845e+00
5.250000000000000e-01 1.480489517594354e+00 1.078705942163989e+00
5.281250000000001e-01 1.504047903715979e+00 1.079404401286826e+00
5.312500000000000e-01 1.527973496503592e+00 1.080091202356924e+00
5.343750000000000e-01 1.552272137285215e+00 1.080764357370334e+00
5.375000000000000e-01 1.576949758466886e+00 1.081421798486614e+00
5.406250000000000e-01 1.602012384981041e+00 1.082061372391891e+00
5.437500000000001e-01 1.627466135757470e+00 1.082680841637943e+00
5.468750000000000e-01 1.653317225217225e+00 1.083277886580360e+00
5.500000000000000e-01 1.679571964789851e+00 1.083850106138520e+00
5.531250000000000e-01 1.706236764454286e+00 1.084395015785639e+00
5.562500000000000e-01 1.733318134303830e+00 1.084910043199783e+00
5.593750000000001e-01 1.760822686135563e+00 1.085392523411525e+00
5.625000000000000e-01 1.788757135064574e+00 1.085839693939662e+00
5.656250000000000e-01 1.817128301163438e+00 1.086248691859508e+00
5.687500000000000e-01 1.845943111127301e+00 1.086616552965430e+00
5.718750000000000e-01 1.875208599965003e+00 1.086940213769033e+00
5.750000000000001e-01 1.904931912716643e+00 1.087216516784017e+00
5.781250000000000e-01 1.935120306198011e+00 1.087442219739919e+00
5.812500000000000e-01 1.965781150772311e+00 1.087614009315049e+00
5.843750000000000e-01 1.996921932149593e+00 1.087728520650956e+00
5.875000000000000e-01 2.028550253214365e+00 1.087782363370641e+00
5.906250000000001e-01 2.060673835881802e+00 1.087772155440565e+00
5.937500000000000e-01 2.093300522983012e+00 1.087694566104672e+00
5.968750000000000e-01 2.126438280179837e+00 1.087546369582826e+00
6.000000000000001e-01 2.160095197909630e+00 1.087324510281237e+00
6.031250000000000e-01 2.194279493360494e+00 1.087026181345407e+00
6.062500000000001e-01 2.228999512477486e+00 1.086648916850568e+00
6.093750000000000e-01 2.264263732000228e+00 1.086190698708921e+00
6.125000000000000e-01 2.300080761532477e+00 1.085650077302399e+00
6.156250000000001e-01 2.336459345644116e+00 1.085026305444061e+00
6.187500000000000e-01 2.373408366006099e+00 1.084319482443163e+00
6.218750000000001e-01 2.410936843558884e+00 1.083530704176809e+00
6.250000000000000e-01 2.449053940714840e+00 1.082662213406707e+00
6.281250000000000e-01 2.487768963595221e+00 1.081717541703355e+00
6.312500000000001e-01 2.527091364302215e+00 1.080701632580051e+00
6.343750000000000e-01 2.567030743226622e+00 1.079620933592100e+00
6.375000000000001e-01 2.607596851391758e+00 1.078483443367727e+00
6.406250000000000e-01 2.648799592834118e+00 1.077298699285449e+00
6.437500000000000e-01 2.690649027021411e+00 1.076077692621270e+00
6.468750000000001e-01 2.733155371308524e+00 1.074832700079741e+00
6.500000000000000e-01 2.776329003432049e+00 1.073577025702729e+00
6.531250000000001e-01 2.820180464043967e+00 1.072324652712777e+00
6.562500000000000e-01 2.864720459285089e+00 1.071089813288820e+00
6.593750000000000e-01 2.909959863398929e+00 1.069886491880709e+00
6.625000000000001e-01 2.955909721386590e+00 1.068727886089446e+00
6.656250000000000e-01 3.002581251703353e+00 1.067625855800476e+00
6.687500000000001e-01 3.049985848997626e+00 1.066590395116057e+00
6.718750000000000e-01 3.098135086892879e+00 1.065629163900104e+00
6.750000000000000e-01 3.147040720813310e+00 1.064747112307611e+00
6.781250000000001e-01 3.196714690853871e+00 1.063946227406564e+00
6.812500000000000e-01 3.247169124695383e+00 1.063225422753782e+00
6.843750000000001e-01 3.298416340565477e+00 1.062580582471173e+00
6.875000000000000e-01 3.350468850246008e+00 1.062004760708459e+00
6.906250000000000e-01 3.403339362127777e+00 1.061488527905281e+00
6.937500000000001e-01 3.457040784313211e+00 1.061020446003637e+00
6.968750000000000e-01 3.511586227767823e+00 1.060587646561388e+00
7.000000000000001e-01 3.566989009521205e+00 1.060176480130496e+00
7.031250000000000e-01 3.623262655918307e+00 1.059773199550619e+00
7.062500000000000e-01 3.680420905921852e+00 1.059364637751919e+00
7.093750000000001e-01 3.738477714466631e+00 1.058938838429457e+00
7.125000000000000e-01 3.797447255866536e+00 1.058485600037612e+00
7.156250000000001e-01 3.857343927275175e+00 1.057996897263541e+00
7.187500000000000e-01 3.918182352200844e+00 1.057467151843411e+00
7.218750000000000e-01 3.979977384076828e+00 1.056893335253180e+00
7.250000000000001e-01 4.042744109887770e+00 1.056274899766190e+00
7.281250000000000e-01 4.106497853853101e+00 1.055613550023336e+00
7.312500000000001e-01 4.171254181168399e+00 1.054912882241105e+00
7.343750000000000e-01 4.237028901805528e+00 1.054177930515853e+00
7.375000000000000e-01 4.303838074372613e+00 1.053414667442655e+00
7.406250000000001e-01 4.371698010034643e+00 1.052629508526056e+00
7.437500000000000e-01 4.440625276495786e+00 1.051828863872089e+00
7.468750000000001e-01 4.510636702044332e+00 1.051018771302097e+00
7.500000000000000e-01 4.581749379661216e+00 1.050204630537524e+00
7.531250000000000e-01 4.653980671193226e+00 1.049391044163249e+00
7.562500000000001e-01 4.727348211591802e+00 1.048581756679838e+00
7.593750000000000e-01 4.801869913218528e+00 1.047779674727918e+00
7.625000000000001e-01 4.877563970218381e+00 1.046986945208249e+00
7.656250000000000e-01 4.954448862961714e+00 1.046205067497977e+00
7.687500000000000e-01 5.032543362556198e+00 1.045435019167883e+00
7.718750000000001e-01 5.111866535429675e+00 1.044677378058572e+00
7.750000000000000e-01 5.192437747985146e+00 1.043932430800594e+00
7.781250000000001e-01 5.274276671329015e+00 1.043200261967905e+00
7.812500000000000e-01 5.357403286073669e+00 1.042480822680767e+00
7.843750000000000e-01 5.441837887215693e+00 1.041773980768848e+00
7.875000000000001e-01 5.527601089090773e+00 1.041079555098342e+00
7.906250000000000e-01 5.614713830406605e+00 1.040397338082991e+00
7.937500000000001e-01 5.703197379355005e+00 1.039727109540400e+00
7.968750000000000e-01 5.793073338804412e+00 1.039068645127834e+00
8.000000000000000e-01 5.884363651574169e+00 1.038421720678154e+00
8.031250000000001e-01 5.977090605791737e+00 1.037786114810703e+00
8.062500000000000e-01 6.071276840334257e+00 1.037161609963775e+00
8.093750000000001e-01 6.166945350355728e+00 1.036547993008972e+00
8.125000000000000e-01 6.264119492901173e+00 1.035945055311028e+00
8.156250000000000e-01 6.362822992609162e+00 1.035352592788326e+00
8.187500000000001e-01 6.463079947504072e+00 1.034770405835956e+00
8.218750000000000e-01 6.564914834879517e+00 1.034198299249907e+00
8.250000000000001e-01 6.668352517274371e+00 1.033636082106349e+00
8.281250000000000e-01 6.773418248542846e+00 1.033083567642127e+00
8.312500000000000e-01 6.880137680020114e+00 1.032540573136414e+00
8.343750000000001e-01 6.988536866784961e+00 1.032006919839404e+00
8.375000000000000e-01 7.098642274021019e+00 1.031482432810140e+00
8.406250000000001e-01 7.210480783478133e+00 1.030966940939040e+00
8.437500000000000e-01 7.324079700035414e+00 1.030460276650017e+00
8.468750000000000e-01 7.439466758367605e+00 1.029962276062453e+00
8.500000000000001e-01 7.556670129716381e+00 1.029472778649375e+00
8.531250000000000e-01 7.675718428768239e+00 1.028991627309301e+00
8.562500000000001e-01 7.796640720640633e+00 1.028518668255372e+00
8.593750000000000e-01 7.919466527978115e+00 1.028053750905317e+00
8.625000000000000e-01 8.044225838160141e+00 1.027596727817971e+00
8.656250000000001e-01 8.170949110622363e+00 1.027147454630454e+00
8.687500000000000e-01 8.299667284293170e+00 1.026705789904609e+00
8.718750000000001e-01 8.430411785147284e+00 1.026271595156981e+00
8.750000000000000e-01 8.563214533878281e+00 1.025844734706545e+00
8.781250000000000e-01 8.698107953691880e+00 1.025425075705771e+00
8.812500000000001e-01 8.835124978221932e+00 1.025012487943952e+00
8.843750000000000e-01 8.974299059571019e+00 1.024606843879366e+00
8.875000000000001e-01 9.115664176477637e+00 1.024208018535016e+00
8.906250000000000e-01 9.259254842611947e+00 1.023815889486080e+00
8.937500000000000e-01 9.405106115002161e+00 1.023430336711122e+00
8.968750000000001e-01 9.553253602593529e+00 1.023051242626066e+00
9.000000000000000e-01 9.703733474942130e+00 1.022678491981894e+00
9.031250000000001e-01 9.856582471045494e+00 1.022311971808366e+00
9.062500000000000e-01 1.001183790831228e+01 1.021951571358160e+00
9.093750000000000e-01 1.016953769167313e+01 1.021597182096871e+00
9.125000000000001e-01 1.032972032283505e+01 1.021248697602429e+00
9.156250000000000e-01 1.049242490968134e+01 1.020906013555826e+00
9.187500000000001e-01 1.065769117581972e+01 1.020569027686727e+00
9.218750000000000e-01 1.082555947028058e+01 1.020237639628607e+00
9.250000000000000e-01 1.099607077736805e+01 1.019911751092134e+00
9.281250000000001e-01 1.116926672666618e+01 1.019591265584705e+00
9.312500000000000e-01 1.134518960320255e+01 1.019276088493607e+00
9.343750000000001e-01 1.152388235777201e+01 1.018966127078546e+00
9.375000000000000e-01 1.170538861742293e+01 1.018661290328392e+00
9.406250000000000e-01 1.188975269610854e+01 1.018361488999654e+00
9.437500000000001e-01 1.207701960550600e+01 1.018066635519159e+00
9.468750000000000e-01 1.226723506600578e+01 1.017776644022960e+00
9.500000000000001e-01 1.246044551787411e+01 1.017491430214231e+00
9.531250000000000e-01 1.265669813259115e+01 1.017210911447903e+00
9.562500000000000e-01 1.285604082436773e+01 1.016935006589059e+00
9.593750000000001e-01 1.305852226184337e+01 1.016663636052671e+00
9.625000000000000e-01 1.326419187996850e+01 1.016396721752974e+00
9.656250000000001e-01 1.347309989207381e+01 1.016134187053064e+00
9.687500000000000e-01 1.368529730212962e+01 1.015875956759916e+00
9.718750000000000e-01 1.390083591719824e+01 1.015621957074354e+00
9.750000000000001e-01 1.411976836008246e+01 1.015372115541224e+00
9.781250000000000e-01 1.434214808217320e+01 1.015126361044944e+00
9.812500000000001e-01 1.456802937649935e+01 1.014884623850336e+00
9.843750000000000e-01 1.479746739098328e+01 1.014646835417762e+00
9.875000000000000e-01 1.503051814190487e+01 1.014412928534623e+00
9.906250000000001e-01 1.526723852757770e+01 1.014182837175996e+00
9.937500000000000e-01 1.550768634224049e+01 1.013956496591172e+00
9.968750000000001e-01 1.575192029016732e+01 1.013733843119513e+00
1.000000000000000e+00 1.600000000000000e+01 1.013514814322354e+00
