0.000000000000000e+00 0.000000000000000e+00 1.000000000000000e+00
3.125000000000000e-03 3.369263549427258e-03 1.034386690494014e+00
6.250000000000000e-03 6.739349689698711e-03 1.011821915346031e+00
9.375000000000001e-03 1.011108121249049e-02 1.007286165128375e+00
1.250000000000000e-02 1.348528131119160e-02 1.005278557782185e+00
1.562500000000000e-02 1.686277378188298e-02 1.004140324759423e+00
1.875000000000000e-02 2.024438322446370e-02 1.003406016090268e+00
2.187500000000000e-02 2.363093524397333e-02 1.002892600387780e+00
2.500000000000000e-02 2.702325665215984e-02 1.002513244212772e+00
2.812500000000000e-02 3.042217566934200e-02 1.002221394854498e+00
3.125000000000000e-02 3.382852212661575e-02 1.001989833961349e+00
3.437500000000000e-02 3.724312766845378e-02 1.001801577788939e+00
3.750000000000001e-02 4.066682595574785e-02 1.001645477860996e+00
4.062500000000000e-02 4.410045286934348e-02 1.001513911754103e+00
4.375000000000000e-02 4.754484671411652e-02 1.001401490941069e+00
4.687500000000000e-02 5.100084842364160e-02 1.001304297899602e+00
5.000000000000000e-02 5.446930176550237e-02 1.001219416119232e+00
5.312500000000001e-02 5.795105354729364e-02 1.001144629509762e+00
5.625000000000000e-02 6.144695382336569e-02 1.001078224066190e+00
5.937500000000000e-02 6.495785610236132e-02 1.001018853155327e+00
6.250000000000000e-02 6.848461755559625e-02 1.000965444148758e+00
6.562500000000000e-02 7.202809922633362e-02 1.000917132124804e+00
6.875000000000001e-02 7.558916624000402e-02 1.000873211826919e+00
7.187500000000001e-02 7.916868801542200e-02 1.000833102554255e+00
7.500000000000001e-02 8.276753847705080e-02 1.000796321764857e+00
7.812500000000000e-02 8.638659626836727e-02 1.000762465188739e+00
8.125000000000000e-02 9.002674496637868e-02 1.000731191525075e+00
8.437500000000001e-02 9.368887329734420e-02 1.000702210759847e+00
8.750000000000001e-02 9.737387535375355e-02 1.000675274729709e+00
9.062500000000001e-02 1.010826508126157e-01 1.000650170022075e+00
9.375000000000000e-02 1.048161051551108e-01 1.000626711929823e+00
9.687500000000000e-02 1.085751498876601e-01 1.000604739871484e+00
1.000000000000000e-01 1.123607027644654e-01 1.000584113544664e+00
1.031250000000000e-01 1.161736880115753e-01 1.000564709858058e+00
1.062500000000000e-01 1.200150365525305e-01 1.000546420367361e+00
1.093750000000000e-01 1.238856862356450e-01 1.000529149123450e+00
1.125000000000000e-01 1.277865820629775e-01 1.000512810932635e+00
1.156250000000000e-01 1.317186764210495e-01 1.000497329937434e+00
1.187500000000000e-01 1.356829293133661e-01 1.000482638289122e+00
1.218750000000000e-01 1.396803085947971e-01 1.000468675232087e+00
1.250000000000000e-01 1.437117902078738e-01 1.000455386096938e+00
1.281250000000000e-01 1.477783584210617e-01 1.000442721613860e+00
1.312500000000000e-01 1.518810060690650e-01 1.000430637271833e+00
1.343750000000000e-01 1.560207347952229e-01 1.000419092677964e+00
1.375000000000000e-01 1.601985552960564e-01 1.000408051191243e+00
1.406250000000000e-01 1.644154875680252e-01 1.000397479464933e+00
1.437500000000000e-01 1.686725611565558e-01 1.000387347034751e+00
1.468750000000000e-01 1.729708154074000e-01 1.000377626089974e+00
1.500000000000000e-01 1.773112997203869e-01 1.000368291153160e+00
1.531250000000000e-01 1.816950738056289e-01 1.000359318805615e+00
1.562500000000000e-01 1.861232079422458e-01 1.000350687550061e+00
1.593750000000000e-01 1.905967832396682e-01 1.000342377581883e+00
1.625000000000000e-01 1.951168919015860e-01 1.000334370606117e+00
1.656250000000000e-01 1.996846374926046e-01 1.000326649791620e+00
1.687500000000000e-01 2.043011352076760e-01 1.000319199496656e+00
1.718750000000000e-01 2.089675121443681e-01 1.000312005223093e+00
1.750000000000000e-01 2.136849075780412e-01 1.000305053570605e+00
1.781250000000000e-01 2.184544732399964e-01 1.000298332053736e+00
1.812500000000000e-01 2.232773735986666e-01 1.000291829056124e+00
1.843750000000000e-01 2.281547861439151e-01 1.000285533784731e+00
1.875000000000000e-01 2.330879016745160e-01 1.000279436086932e+00
1.906250000000000e-01 2.380779245888810e-01 1.000273526541905e+00
1.937500000000000e-01 2.431260731791094e-01 1.000267796369161e+00
1.968750000000000e-01 2.482335799284277e-01 1.000262237291366e+00
2.000000000000000e-01 2.534016918120952e-01 1.000256841580027e+00
2.031250000000000e-01 2.586316706018478e-01 1.000251601964039e+00
2.062500000000000e-01 2.639247931739538e-01 1.000246511629655e+00
2.093750000000000e-01 2.692823518209576e-01 1.000241564174756e+00
2.125000000000000e-01 2.747056545671873e-01 1.000236753563115e+00
2.156250000000000e-01 2.801960254881028e-01 1.000232074124381e+00
2.187500000000000e-01 2.857548050335636e-01 1.000227520462638e+00
2.218750000000000e-01 2.913833503550930e-01 1.000223087593526e+00
2.250000000000000e-01 2.970830356372213e-01 1.000218770715670e+00
2.281250000000000e-01 3.028552524329863e-01 1.000214565302086e+00
2.312500000000000e-01 3.087014100036755e-01 1.000210467100180e+00
2.343750000000000e-01 3.146229356628902e-01 1.000206472086017e+00
2.375000000000000e-01 3.206212751250189e-01 1.000202576418606e+00
2.406250000000000e-01 3.266978928582008e-01 1.000198776485603e+00
2.437500000000000e-01 3.328542724418705e-01 1.000195068857589e+00
2.468750000000000e-01 3.390919169289667e-01 1.000191450242356e+00
2.500000000000000e-01 3.454123492128958e-01 1.000187917530611e+00
2.531250000000000e-01 3.518171123993401e-01 1.000184467750258e+00
2.562500000000000e-01 3.583077701830001e-01 1.000181098112107e+00
2.593750000000000e-01 3.648859072293631e-01 1.000177805964152e+00
2.625000000000000e-01 3.715531295615936e-01 1.000174588700156e+00
2.656250000000000e-01 3.783110649526354e-01 1.000171443942477e+00
2.687500000000000e-01 3.851613633226258e-01 1.000168369313522e+00
2.718750000000000e-01 3.921056971417164e-01 1.000165362618580e+00
2.750000000000000e-01 3.991457618383991e-01 1.000162421754401e+00
2.781250000000000e-01 4.062832762134377e-01 1.000159544709190e+00
2.812500000000000e-01 4.135199828595055e-01 1.000156729516897e+00
2.843750000000000e-01 4.208576485866312e-01 1.000153974348635e+00
2.875000000000000e-01 4.282980648535585e-01 1.000151277421255e+00
2.906250000000000e-01 4.358430482051222e-01 1.000148637043058e+00
2.937500000000000e-01 4.434944407157500e-01 1.000146051568079e+00
2.968750000000000e-01 4.512541104391968e-01 1.000143519441798e+00
3.000000000000000e-01 4.591239518646220e-01 1.000141039201135e+00
3.031250000000000e-01 4.671058863791195e-01 1.000138609337327e+00
3.062500000000000e-01 4.752018627368176e-01 1.000136228524464e+00
3.093750000000000e-01 4.834138575346580e-01 1.000133895436657e+00
3.125000000000000e-01 4.917438756949728e-01 1.000131608748038e+00
3.156250000000000e-01 5.001939509549778e-01 1.000129367269878e+00
3.187500000000000e-01 5.087661463633005e-01 1.000127169813469e+00
3.218750000000000e-01 5.174625547836644e-01 1.000125015190116e+00
3.250000000000000e-01 5.262852994058529e-01 1.000122902348266e+00
3.281250000000000e-01 5.352365342640750e-01 1.000120830236377e+00
3.312500000000000e-01 5.443184447628656e-01 1.000118797802924e+00
3.343750000000000e-01 5.535332482106405e-01 1.000116804087808e+00
3.375000000000000e-01 5.628831943610435e-01 1.000114848130943e+00
3.406250000000000e-01 5.723705659622137e-01 1.000112929017962e+00
3.437500000000000e-01 5.819976793141081e-01 1.000111045880217e+00
3.468750000000000e-01 5.917668848340161e-01 1.000109197849069e+00
3.500000000000000e-01 6.016805676304035e-01 1.000107384101598e+00
3.531250000000000e-01 6.117411480852264e-01 1.000105603814892e+00
3.562500000000000e-01 6.219510824448572e-01 1.000103856211756e+00
3.593750000000000e-01 6.323128634197650e-01 1.000102140560710e+00
3.625000000000000e-01 6.428290207931012e-01 1.000100456175990e+00
3.656250000000000e-01 6.535021220383342e-01 1.000098802280425e+00
3.687500000000000e-01 6.643347729460869e-01 1.000097178233971e+00
3.718750000000000e-01 6.753296182603294e-01 1.000095583396593e+00
3.750000000000000e-01 6.864893423240808e-01 1.000094017082555e+00
3.781250000000000e-01 6.978166697347804e-01 1.000092478697540e+00
3.812500000000000e-01 7.093143660094854e-01 1.000090967601533e+00
3.843750000000000e-01 7.209852382600603e-01 1.000089483245934e+00
3.875000000000000e-01 7.328321358785219e-01 1.000088025082151e+00
3.906250000000000e-01 7.448579512327029e-01 1.000086592515891e+00
3.937500000000000e-01 7.570656203724140e-01 1.000085185044279e+00
3.968750000000000e-01 7.694581237462648e-01 1.000083802118735e+00
4.000000000000000e-01 7.820384869293291e-01 1.000082443236395e+00
4.031250000000000e-01 7.948097813618253e-01 1.000081107894396e+00
4.062500000000000e-01 8.077751250989945e-01 1.000079795635586e+00
4.093750000000000e-01 8.209376835723596e-01 1.000078506002818e+00
4.125000000000000e-01 8.343006703625532e-01 1.000077238538947e+00
4.156250000000000e-01 8.478673479838968e-01 1.000075992786834e+00
4.187500000000000e-01 8.616410286809313e-01 1.000074768335047e+00
4.218750000000000e-01 8.756250752370857e-01 1.000073564726454e+00
4.250000000000000e-01 8.898229017956865e-01 1.000072381595336e+00
4.281250000000000e-01 9.042379746935050e-01 1.000071218530272e+00
4.312500000000000e-01 9.188738133070491e-01 1.000070075119845e+00
4.343750000000000e-01 9.337339909118028e-01 1.000068950998344e+00
4.375000000000000e-01 9.488221355546261e-01 1.000067845800063e+00
4.406250000000000e-01 9.641419309395265e-01 1.000066759159299e+00
4.437500000000000e-01 9.796971173270190e-01 1.000065690756054e+00
4.468750000000000e-01 9.954914924472941e-01 1.000064640224630e+00
4.500000000000000e-01 1.011528912427417e+00 1.000063607245036e+00
4.531250000000000e-01 1.027813292732786e+00 1.000062591451577e+00
4.562500000000000e-01 1.044348609123070e+00 1.000061592569971e+00
4.593750000000000e-01 1.061138898622882e+00 1.000060610234529e+00
4.625000000000000e-01 1.078188260507393e+00 1.000059644170973e+00
4.656250000000000e-01 1.095500857303154e+00 1.000058694105026e+00
4.687500000000000e-01 1.113080915804360e+00 1.000057759716712e+00
4.718750000000000e-01 1.130932728104805e+00 1.000056840731756e+00
4.750000000000000e-01 1.149060652645771e+00 1.000055936875888e+00
4.781250000000000e-01 1.167469115280130e+00 1.000055047874841e+00
4.812500000000000e-01 1.186162610352890e+00 1.000054173454346e+00
4.843750000000000e-01 1.205145701798475e+00 1.000053313385842e+00
4.875000000000000e-01 1.224423024254985e+00 1.000052467349362e+00
4.906250000000000e-01 1.243999284195726e+00 1.000051635162052e+00
4.937500000000000e-01 1.263879261078271e+00 1.000050816549650e+00
4.968750000000000e-01 1.284067808511348e+00 1.000050011283601e+00
5.000000000000000e-01 1.304569855439823e+00 1.000049219089647e+00
5.031250000000000e-01 1.325390407348082e+00 1.000048439784939e+00
5.062500000000000e-01 1.346534547482100e+00 1.000047673140926e+00
5.093750000000000e-01 1.368007438090487e+00 1.000046918929058e+00
5.125000000000001e-01 1.389814321684837e+00 1.000046176920785e+00
5.156250000000000e-01 1.411960522319654e+00 1.000045446933263e+00
5.187500000000000e-01 1.434451446892208e+00 1.000044728737945e+00
5.218750000000000e-01 1.457292586462593e+00 1.000044022151990e+00
5.250000000000000e-01 1.480489517594354e+00 1.000043326946852e+00
5.281250000000001e-01 1.504047903715979e+00 1.000042642939692e+00
5.312500000000000e-01 1.527973496503592e+00 1.000041969947669e+00
5.343750000000000e-01 1.552272137285215e+00 1.000041307787947e+00
5.375000000000000e-01 1.576949758466886e+00 1.000040656277688e+00
5.406250000000000e-01 1.602012384981041e+00 1.000040015234054e+00
5.437500000000001e-01 1.627466135757470e+00 1.000039384474211e+00
5.468750000000000e-01 1.653317225217225e+00 1.000038763815323e+00
5.500000000000000e-01 1.679571964789851e+00 1.000038153120261e+00
5.531250000000000e-01 1.706236764454286e+00 1.000037552206189e+00
5.562500000000000e-01 1.733318134303830e+00 1.000036960890277e+00
5.593750000000001e-01 1.760822686135563e+00 1.000036379035394e+00
5.625000000000000e-01 1.788757135064574e+00 1.000035806458710e+00
5.656250000000000e-01 1.817128301163438e+00 1.000035243023098e+00
5.687500000000000e-01 1.845943111127301e+00 1.000034688591431e+00
5.718750000000000e-01 1.875208599965003e+00 1.000034142980880e+00
5.750000000000001e-01 1.904931912716643e+00 1.000033606100022e+00
5.781250000000000e-01 1.935120306198011e+00 1.000033077720326e+00
5.812500000000000e-01 1.965781150772311e+00 1.000032557796075e+00
5.843750000000000e-01 1.996921932149593e+00 1.000032046144441e+00
5.875000000000000e-01 2.028550253214365e+00 1.000031542582596e+00
5.906250000000001e-01 2.060673835881802e+00 1.000031047110530e+00
5.937500000000000e-01 2.093300522983012e+00 1.000030559454008e+00
5.968750000000000e-01 2.126438280179837e+00 1.000030079521613e+00
6.000000000000001e-01 2.160095197909630e+00 1.000029607267630e+00
6.031250000000000e-01 2.194279493360494e+00 1.000029142463531e+00
6.062500000000001e-01 2.228999512477486e+00 1.000028685063602e+00
6.093750000000000e-01 2.264263732000228e+00 1.000028234930722e+00
6.125000000000000e-01 2.300080761532477e+00 1.000027791882069e+00
6.156250000000001e-01 2.336459345644116e+00 1.000027355917632e+00
6.187500000000000e-01 2.373408366006099e+00 1.000026926854590e+00
6.218750000000001e-01 2.410936843558884e+00 1.000026504510120e+00
6.250000000000000e-01 2.449053940714840e+00 1.000026089021324e+00
6.281250000000000e-01 2.487768963595221e+00 1.000025680022566e+00
6.312500000000001e-01 2.527091364302215e+00 1.000025277422432e+00
6.343750000000000e-01 2.567030743226622e+00 1.000024881449431e+00
6.375000000000001e-01 2.607596851391758e+00 1.000024491555117e+00
6.406250000000000e-01 2.648799592834118e+00 1.000024107785184e+00
6.437500000000000e-01 2.690649027021411e+00 1.000023730459549e+00
6.468750000000001e-01 2.733155371308524e+00 1.000023358801250e+00
6.500000000000000e-01 2.776329003432049e+00 1.000022992947391e+00
6.531250000000001e-01 2.820180464043967e+00 1.000022633446402e+00
6.562500000000000e-01 2.864720459285089e+00 1.000022279155699e+00
6.593750000000000e-01 2.909959863398929e+00 1.000021930349495e+00
6.625000000000001e-01 2.955909721386590e+00 1.000021587987549e+00
6.656250000000000e-01 3.002581251703353e+00 1.000021250424543e+00
6.687500000000001e-01 3.049985848997626e+00 1.000020917843286e+00
6.718750000000000e-01 3.098135086892879e+00 1.000020591889081e+00
6.750000000000000e-01 3.147040720813310e+00 1.000020270505286e+00
6.781250000000001e-01 3.196714690853871e+00 1.000019953326272e+00
6.812500000000000e-01 3.247169124695383e+00 1.000019642957107e+00
6.843750000000001e-01 3.298416340565477e+00 1.000019337843882e+00
6.875000000000000e-01 3.350468850246008e+00 1.000019035427226e+00
6.906250000000000e-01 3.403339362127777e+00 1.000018739271968e+00
6.937500000000001e-01 3.457040784313211e+00 1.000018451114814e+00
6.968750000000000e-01 3.511586227767823e+00 1.000018163277664e+00
7.000000000000001e-01 3.566989009521205e+00 1.000017879873780e+00
7.031250000000000e-01 3.623262655918307e+00 1.000017608124219e+00
7.062500000000000e-01 3.680420905921852e+00 1.000017337608711e+00
7.093750000000001e-01 3.738477714466631e+00 1.000017066590544e+00
7.125000000000000e-01 3.797447255866536e+00 1.000016805307163e+00
7.156250000000001e-01 3.857343927275175e+00 1.000016559974151e+00
7.187500000000000e-01 3.918182352200844e+00 1.000016303809622e+00
7.218750000000000e-01 3.979977384076828e+00 1.000016049244758e+00
7.250000000000001e-01 4.042744109887770e+00 1.000015819176677e+00
7.281250000000000e-01 4.106497853853101e+00 1.000015603550740e+00
7.312500000000001e-01 4.171254181168399e+00 1.000015361051596e+00
7.343750000000000e-01 4.237028901805528e+00 1.000015121843113e+00
7.375000000000000e-01 4.303838074372613e+00 1.000014938940525e+00
7.406250000000001e-01 4.371698010034643e+00 1.000014777563981e+00
7.437500000000000e-01 4.440625276495786e+00 1.000014548684464e+00
7.468750000000001e-01 4.510636702044332e+00 1.000014321358894e+00
7.500000000000000e-01 4.581749379661216e+00 1.000014194945059e+00
7.531250000000000e-01 4.653980671193226e+00 1.000014208518778e+00
7.562500000000001e-01 4.727348211591802e+00 1.000014018943755e+00
7.593750000000000e-01 4.801869913218528e+00 1.000013813052890e+00
7.625000000000001e-01 4.877563970218381e+00 1.000013640022331e+00
7.656250000000000e-01 4.954448862961714e+00 1.000014086538124e+00
7.687500000000000e-01 5.032543362556198e+00 1.000014522908100e+00
7.718750000000001e-01 5.111866535429675e+00 1.000014303123492e+00
7.750000000000000e-01 5.192437747985146e+00 1.000014218162060e+00
7.781250000000001e-01 5.274276671329015e+00 1.000014110989097e+00
7.812500000000000e-01 5.357403286073669e+00 1.000016714998283e+00
7.843750000000000e-01 5.441837887215693e+00 1.000021032329470e+00
7.875000000000001e-01 5.527601089090773e+00 1.000021544935234e+00
7.906250000000000e-01 5.614713830406605e+00 1.000022158453748e+00
7.937500000000001e-01 5.703197379355005e+00 1.000023861490613e+00
7.968750000000000e-01 5.793073338804412e+00 1.000024149055184e+00
8.000000000000000e-01 5.884363651574169e+00 1.000047369664503e+00
8.031250000000001e-01 5.977090605791737e+00 1.000110206970918e+00
8.062500000000000e-01 6.071276840334257e+00 1.000160344486886e+00
8.093750000000001e-01 6.166945350355728e+00 1.000158985409124e+00
8.125000000000000e-01 6.264119492901173e+00 1.000251517485296e+00
8.156250000000000e-01 6.362822992609162e+00 1.000764913902570e+00
8.187500000000001e-01 6.463079947504072e+00 1.001970511404556e+00
8.218750000000000e-01 6.564914834879517e+00 1.003846729992650e+00
8.250000000000001e-01 6.668352517274371e+00 1.006061938541148e+00
8.281250000000000e-01 6.773418248542846e+00 1.008160861987847e+00
8.312500000000000e-01 6.880137680020114e+00 1.009784255788829e+00
8.343750000000001e-01 6.988536866784961e+00 1.010784672198092e+00
8.375000000000000e-01 7.098642274021019e+00 1.011216240903147e+00
8.406250000000001e-01 7.210480783478133e+00 1.011253693862801e+00
8.437500000000000e-01 7.324079700035414e+00 1.011104133131826e+00
8.468750000000000e-01 7.439466758367605e+00 1.010946723495526e+00
8.500000000000001e-01 7.556670129716381e+00 1.010906741701954e+00
8.531250000000000e-01 7.675718428768239e+00 1.011054716693734e+00
8.562500000000001e-01 7.796640720640633e+00 1.011417382952833e+00
8.593750000000000e-01 7.919466527978115e+00 1.011990431717724e+00
8.625000000000000e-01 8.044225838160141e+00 1.012749046422556e+00
8.656250000000001e-01 8.170949110622363e+00 1.013656484422111e+00
8.687500000000000e-01 8.299667284293170e+00 1.014671186224108e+00
8.718750000000001e-01 8.430411785147284e+00 1.015750870984378e+00
8.750000000000000e-01 8.563214533878281e+00 1.016851577394048e+00
8.781250000000000e-01 8.698107953691880e+00 1.017922332665413e+00
8.812500000000001e-01 8.835124978221932e+00 1.018900166742205e+00
8.843750000000000e-01 8.974299059571019e+00 1.019712172784149e+00
8.875000000000001e-01 9.115664176477637e+00 1.020288842766060e+00
8.906250000000000e-01 9.259254842611947e+00 1.020586271841355e+00
8.937500000000000e-01 9.405106115002161e+00 1.020607653191218e+00
8.968750000000001e-01 9.553253602593529e+00 1.020411807858804e+00
9.000000000000000e-01 9.703733474942130e+00 1.020100990683450e+00
9.031250000000001e-01 9.856582471045494e+00 1.019790118622470e+00
9.062500000000000e-01 1.001183790831228e+01 1.019569653491225e+00
9.093750000000000e-01 1.016953769167313e+01 1.019478691102501e+00
9.125000000000001e-01 1.032972032283505e+01 1.019500105719558e+00
9.156250000000000e-01 1.049242490968134e+01 1.019578058506315e+00
9.187500000000001e-01 1.065769117581972e+01 1.019646880860668e+00
9.218750000000000e-01 1.082555947028058e+01 1.019656403105115e+00
9.250000000000000e-01 1.099607077736805e+01 1.019583833878199e+00
9.281250000000001e-01 1.116926672666618e+01 1.019431523613755e+00
9.312500000000000e-01 1.134518960320255e+01 1.019216756003508e+00
9.343750000000001e-01 1.152388235777201e+01 1.018960913658470e+00
9.375000000000000e-01 1.170538861742293e+01 1.018682412586609e+00
9.406250000000000e-01 1.188975269610854e+01 1.018394091106597e+00
9.437500000000001e-01 1.207701960550600e+01 1.018103577146922e+00
9.468750000000000e-01 1.226723506600578e+01 1.017814821901989e+00
9.500000000000001e-01 1.246044551787411e+01 1.017529621364257e+00
9.531250000000000e-01 1.265669813259115e+01 1.017248680081975e+00
9.562500000000000e-01 1.285604082436773e+01 1.016972215293914e+00
9.593750000000001e-01 1.305852226184337e+01 1.016700250295512e+00
9.625000000000000e-01 1.326419187996850e+01 1.016432739337110e+00
9.656250000000001e-01 1.347309989207381e+01 1.016169614991481e+00
9.687500000000000e-01 1.368529730212962e+01 1.015910804383461e+00
9.718750000000000e-01 1.390083591719824e+01 1.015656234160810e+00
9.750000000000001e-01 1.411976836008246e+01 1.015405831791330e+00
9.781250000000000e-01 1.434214808217320e+01 1.015159526069404e+00
9.812500000000001e-01 1.456802937649935e+01 1.014917247018903e+00
9.843750000000000e-01 1.479746739098328e+01 1.014678925981840e+00
9.875000000000000e-01 1.503051814190487e+01 1.014444495521564e+00
9.906250000000001e-01 1.526723852757770e+01 1.014213889511599e+00
9.937500000000000e-01 1.550768634224049e+01 1.013987042946423e+00
9.968750000000001e-01 1.575192029016732e+01 1.013763892076920e+00
1.000000000000000e+00 1.600000000000000e+01 1.013544374314145e+00
