0.000000000000000e+00 0.000000000000000e+00 1.000000000000000e+00
3.125000000000000e-03 3.369263549427258e-03 1.000000000059703e+00
6.250000000000000e-03 6.739349689698711e-03 1.000000000156884e+00
9.375000000000001e-03 1.011108121249049e-02 1.000000000351246e+00
1.250000000000000e-02 1.348528131119160e-02 1.000000000642789e+00
1.562500000000000e-02 1.686277378188298e-02 1.000000000966725e+00
1.875000000000000e-02 2.024438322446370e-02 1.000000001355449e+00
2.187500000000000e-02 2.363093524397333e-02 1.000000001873747e+00
2.500000000000000e-02 2.702325665215984e-02 1.000000002424439e+00
2.812500000000000e-02 3.042217566934200e-02 1.000000002975131e+00
3.125000000000000e-02 3.382852212661575e-02 1.000000003590610e+00
3.437500000000000e-02 3.724312766845378e-02 1.000000004303271e+00
3.750000000000001e-02 4.066682595574785e-02 1.000000005113112e+00
4.062500000000000e-02 4.410045286934348e-02 1.000000006020134e+00
4.375000000000000e-02 4.754484671411652e-02 1.000000006959549e+00
4.687500000000000e-02 5.100084842364160e-02 1.000000007963752e+00
5.000000000000000e-02 5.446930176550237e-02 1.000000009097530e+00
5.312500000000001e-02 5.795105354729364e-02 1.000000010296095e+00
5.625000000000000e-02 6.144695382336569e-02 1.000000011559447e+00
5.937500000000000e-02 6.495785610236132e-02 1.000000012919980e+00
6.250000000000000e-02 6.848461755559625e-02 1.000000014410087e+00
6.562500000000000e-02 7.202809922633362e-02 1.000000015932589e+00
6.875000000000001e-02 7.558916624000402e-02 1.000000017487484e+00
7.187500000000001e-02 7.916868801542200e-02 1.000000019139559e+00
7.500000000000001e-02 8.276753847705080e-02 1.000000020888816e+00
7.812500000000000e-02 8.638659626836727e-02 1.000000022735254e+00
8.125000000000000e-02 9.002674496637868e-02 1.000000024711266e+00
8.437500000000001e-02 9.368887329734420e-02 1.000000026784460e+00
8.750000000000001e-02 9.737387535375355e-02 1.000000028922440e+00
9.062500000000001e-02 1.010826508126157e-01 1.000000031157601e+00
9.375000000000000e-02 1.048161051551108e-01 1.000000033489944e+00
9.687500000000000e-02 1.085751498876601e-01 1.000000035919467e+00
1.000000000000000e-01 1.123607027644654e-01 1.000000038510959e+00
1.031250000000000e-01 1.161736880115753e-01 1.000000041199631e+00
1.062500000000000e-01 1.200150365525305e-01 1.000000043953091e+00
1.093750000000000e-01 1.238856862356450e-01 1.000000046868519e+00
1.125000000000000e-01 1.277865820629775e-01 1.000000049913522e+00
1.156250000000000e-01 1.317186764210495e-01 1.000000053023312e+00
1.187500000000000e-01 1.356829293133661e-01 1.000000056262676e+00
1.218750000000000e-01 1.396803085947971e-01 1.000000059631615e+00
1.250000000000000e-01 1.437117902078738e-01 1.000000063162523e+00
1.281250000000000e-01 1.477783584210617e-01 1.000000066855398e+00
1.312500000000000e-01 1.518810060690650e-01 1.000000070677848e+00
1.343750000000000e-01 1.560207347952229e-01 1.000000074629873e+00
1.375000000000000e-01 1.601985552960564e-01 1.000000078743866e+00
1.406250000000000e-01 1.644154875680252e-01 1.000000083019827e+00
1.437500000000000e-01 1.686725611565558e-01 1.000000087425363e+00
1.468750000000000e-01 1.729708154074000e-01 1.000000091992867e+00
1.500000000000000e-01 1.773112997203869e-01 1.000000096754733e+00
1.531250000000000e-01 1.816950738056289e-01 1.000000101743355e+00
1.562500000000000e-01 1.861232079422458e-01 1.000000106893945e+00
1.593750000000000e-01 1.905967832396682e-01 1.000000112238896e+00
1.625000000000000e-01 1.951168919015860e-01 1.000000117778210e+00
1.656250000000000e-01 1.996846374926046e-01 1.000000123447098e+00
1.687500000000000e-01 2.043011352076760e-01 1.000000129375136e+00
1.718750000000000e-01 2.089675121443681e-01 1.000000135594716e+00
1.750000000000000e-01 2.136849075780412e-01 1.000000141943871e+00
1.781250000000000e-01 2.184544732399964e-01 1.000000148487388e+00
1.812500000000000e-01 2.232773735986666e-01 1.000000155354841e+00
1.843750000000000e-01 2.281547861439151e-01 1.000000162546231e+00
1.875000000000000e-01 2.330879016745160e-01 1.000000169931983e+00
1.906250000000000e-01 2.380779245888810e-01 1.000000177544491e+00
1.937500000000000e-01 2.431260731791094e-01 1.000000185448541e+00
1.968750000000000e-01 2.482335799284277e-01 1.000000193644135e+00
2.000000000000000e-01 2.534016918120952e-01 1.000000202131271e+00
2.031250000000000e-01 2.586316706018478e-01 1.000000210942344e+00
2.062500000000000e-01 2.639247931739538e-01 1.000000220109747e+00
2.093750000000000e-01 2.692823518209576e-01 1.000000229665874e+00
2.125000000000000e-01 2.747056545671873e-01 1.000000239545937e+00
2.156250000000000e-01 2.801960254881028e-01 1.000000249814725e+00
2.187500000000000e-01 2.857548050335636e-01 1.000000260472236e+00
2.218750000000000e-01 2.913833503550930e-01 1.000000271453684e+00
2.250000000000000e-01 2.970830356372213e-01 1.000000282823856e+00
2.281250000000000e-01 3.028552524329863e-01 1.000000294647539e+00
2.312500000000000e-01 3.087014100036755e-01 1.000000306957127e+00
2.343750000000000e-01 3.146229356628902e-01 1.000000319752620e+00
2.375000000000000e-01 3.206212751250189e-01 1.000000333066412e+00
2.406250000000000e-01 3.266978928582008e-01 1.000000346801322e+00
2.437500000000000e-01 3.328542724418705e-01 1.000000361022136e+00
2.468750000000000e-01 3.390919169289667e-01 1.000000375826037e+00
2.500000000000000e-01 3.454123492128958e-01 1.000000391277810e+00
2.531250000000000e-01 3.518171123993401e-01 1.000000407280277e+00
2.562500000000000e-01 3.583077701830001e-01 1.000000423833435e+00
2.593750000000000e-01 3.648859072293631e-01 1.000000441099254e+00
2.625000000000000e-01 3.715531295615936e-01 1.000000459110128e+00
2.656250000000000e-01 3.783110649526354e-01 1.000000477833663e+00
2.687500000000000e-01 3.851613633226258e-01 1.000000497237465e+00
2.718750000000000e-01 3.921056971417164e-01 1.000000517418715e+00
2.750000000000000e-01 3.991457618383991e-01 1.000000538409807e+00
2.781250000000000e-01 4.062832762134377e-01 1.000000560243134e+00
2.812500000000000e-01 4.135199828595055e-01 1.000000582983485e+00
2.843750000000000e-01 4.208576485866312e-01 1.000000606663252e+00
2.875000000000000e-01 4.282980648535585e-01 1.000000631347224e+00
2.906250000000000e-01 4.358430482051222e-01 1.000000657035399e+00
2.937500000000000e-01 4.434944407157500e-01 1.000000683792567e+00
2.968750000000000e-01 4.512541104391968e-01 1.000000711651119e+00
3.000000000000000e-01 4.591239518646220e-01 1.000000740675845e+00
3.031250000000000e-01 4.671058863791195e-01 1.000000770996318e+00
3.062500000000000e-01 4.752018627368176e-01 1.000000802612539e+00
3.093750000000000e-01 4.834138575346580e-01 1.000000835654082e+00
3.125000000000000e-01 4.917438756949728e-01 1.000000870056161e+00
3.156250000000000e-01 5.001939509549778e-01 1.000000905948349e+00
3.187500000000000e-01 5.087661463633005e-01 1.000000943460223e+00
3.218750000000000e-01 5.174625547836644e-01 1.000000982624175e+00
3.250000000000000e-01 5.262852994058529e-01 1.000001023634569e+00
3.281250000000000e-01 5.352365342640750e-01 1.000001066491404e+00
3.312500000000000e-01 5.443184447628656e-01 1.000001111291861e+00
3.343750000000000e-01 5.535332482106405e-01 1.000001158133123e+00
3.375000000000000e-01 5.628831943610435e-01 1.000001207177157e+00
3.406250000000000e-01 5.723705659622137e-01 1.000001258585932e+00
3.437500000000000e-01 5.819976793141081e-01 1.000001312424237e+00
3.468750000000000e-01 5.917668848340161e-01 1.000001368756858e+00
3.500000000000000e-01 6.016805676304035e-01 1.000001427842946e+00
3.531250000000000e-01 6.117411480852264e-01 1.000001489876863e+00
3.562500000000000e-01 6.219510824448572e-01 1.000001554955792e+00
3.593750000000000e-01 6.323128634197650e-01 1.000001623371275e+00
3.625000000000000e-01 6.428290207931012e-01 1.000001695123314e+00
3.656250000000000e-01 6.535021220383342e-01 1.000001770438665e+00
3.687500000000000e-01 6.643347729460869e-01 1.000001849770842e+00
3.718750000000000e-01 6.753296182603294e-01 1.000001933184631e+00
3.750000000000000e-01 6.864893423240808e-01 1.000002020971578e+00
3.781250000000000e-01 6.978166697347804e-01 1.000002113455621e+00
3.812500000000000e-01 7.093143660094854e-01 1.000002210895911e+00
3.843750000000000e-01 7.209852382600603e-01 1.000002313583992e+00
3.875000000000000e-01 7.328321358785219e-01 1.000002421876198e+00
3.906250000000000e-01 7.448579512327029e-01 1.000002536258436e+00
3.937500000000000e-01 7.570656203724140e-01 1.000002656989859e+00
3.968750000000000e-01 7.694581237462648e-01 1.000002784556373e+00
4.000000000000000e-01 7.820384869293291e-01 1.000002919476282e+00
4.031250000000000e-01 7.948097813618253e-01 1.000003062138314e+00
4.062500000000000e-01 8.077751250989945e-01 1.000003213222741e+00
4.093750000000000e-01 8.209376835723596e-01 1.000003373150684e+00
4.125000000000000e-01 8.343006703625532e-01 1.000003542667206e+00
4.156250000000000e-01 8.478673479838968e-01 1.000003722452580e+00
4.187500000000000e-01 8.616410286809313e-01 1.000003913089898e+00
4.218750000000000e-01 8.756250752370857e-01 1.000004115550982e+00
4.250000000000000e-01 8.898229017956865e-01 1.000004330516107e+00
4.281250000000000e-01 9.042379746935050e-01 1.000004558924701e+00
4.312500000000000e-01 9.188738133070491e-01 1.000004801845769e+00
4.343750000000000e-01 9.337339909118028e-01 1.000005060089167e+00
4.375000000000000e-01 9.488221355546261e-01 1.000005334950659e+00
4.406250000000000e-01 9.641419309395265e-01 1.000005627499256e+00
4.437500000000000e-01 9.796971173270190e-01 1.000005938933544e+00
4.468750000000000e-01 9.954914924472941e-01 1.000006270743658e+00
4.500000000000000e-01 1.011528912427417e+00 1.000006623998616e+00
4.531250000000000e-01 1.027813292732786e+00 1.000007000350528e+00
4.562500000000000e-01 1.044348609123070e+00 1.000007401224751e+00
4.593750000000000e-01 1.061138898622882e+00 1.000007827917069e+00
4.625000000000000e-01 1.078188260507393e+00 1.000008282209183e+00
4.656250000000000e-01 1.095500857303154e+00 1.000008765364491e+00
4.687500000000000e-01 1.113080915804360e+00 1.000009278711188e+00
4.718750000000000e-01 1.130932728104805e+00 1.000009823804231e+00
4.750000000000000e-01 1.149060652645771e+00 1.000010401291550e+00
4.781250000000000e-01 1.167469115280130e+00 1.000011012145023e+00
4.812500000000000e-01 1.186162610352890e+00 1.000011656753437e+00
4.843750000000000e-01 1.205145701798475e+00 1.000012334468979e+00
4.875000000000000e-01 1.224423024254985e+00 1.000013044611439e+00
4.906250000000000e-01 1.243999284195726e+00 1.000013784978089e+00
4.937500000000000e-01 1.263879261078271e+00 1.000014551940855e+00
4.968750000000000e-01 1.284067808511348e+00 1.000015340899830e+00
5.000000000000000e-01 1.304569855439823e+00 1.000016144533984e+00
5.031250000000000e-01 1.325390407348082e+00 1.000016953189885e+00
5.062500000000000e-01 1.346534547482100e+00 1.000017754881682e+00
5.093750000000000e-01 1.368007438090487e+00 1.000018533477026e+00
5.125000000000001e-01 1.389814321684837e+00 1.000019269668879e+00
5.156250000000000e-01 1.411960522319654e+00 1.000019940878328e+00
5.187500000000000e-01 1.434451446892208e+00 1.000020520639091e+00
5.218750000000000e-01 1.457292586462593e+00 1.000020981286258e+00
5.250000000000000e-01 1.480489517594354e+00 1.000021296774619e+00
5.281250000000001e-01 1.504047903715979e+00 1.000021447278703e+00
5.312500000000000e-01 1.527973496503592e+00 1.000021429915338e+00
5.343750000000000e-01 1.552272137285215e+00 1.000021274357741e+00
5.375000000000000e-01 1.576949758466886e+00 1.000021068200230e+00
5.406250000000000e-01 1.602012384981041e+00 1.000020997936940e+00
5.437500000000001e-01 1.627466135757470e+00 1.000021410932256e+00
5.468750000000000e-01 1.653317225217225e+00 1.000022911212306e+00
5.500000000000000e-01 1.679571964789851e+00 1.000026500127927e+00
5.531250000000000e-01 1.706236764454286e+00 1.000033781596175e+00
5.562500000000000e-01 1.733318134303830e+00 1.000047263405011e+00
5.593750000000001e-01 1.760822686135563e+00 1.000070773118539e+00
5.625000000000000e-01 1.788757135064574e+00 1.000110017742184e+00
5.656250000000000e-01 1.817128301163438e+00 1.000173328521674e+00
5.687500000000000e-01 1.845943111127301e+00 1.000272578043053e+00
5.718750000000000e-01 1.875208599965003e+00 1.000424208418158e+00
5.750000000000001e-01 1.904931912716643e+00 1.000650251901370e+00
5.781250000000000e-01 1.935120306198011e+00 1.000979024063120e+00
5.812500000000000e-01 1.965781150772311e+00 1.001444969980045e+00
5.843750000000000e-01 1.996921932149593e+00 1.002087130362611e+00
5.875000000000000e-01 2.028550253214365e+00 1.002945739924131e+00
5.906250000000001e-01 2.060673835881802e+00 1.004056711359529e+00
5.937500000000000e-01 2.093300522983012e+00 1.005444522327918e+00
5.968750000000000e-01 2.126438280179837e+00 1.007114904095040e+00
6.000000000000001e-01 2.160095197909630e+00 1.009049118931057e+00
6.031250000000000e-01 2.194279493360494e+00 1.011201563958112e+00
6.062500000000001e-01 2.228999512477486e+00 1.013501932195194e+00
6.093750000000000e-01 2.264263732000228e+00 1.015861890056500e+00
6.125000000000000e-01 2.300080761532477e+00 1.018184813727524e+00
6.156250000000001e-01 2.336459345644116e+00 1.020376531191905e+00
6.187500000000000e-01 2.373408366006099e+00 1.022355132929525e+00
6.218750000000001e-01 2.410936843558884e+00 1.024058267482941e+00
6.250000000000000e-01 2.449053940714840e+00 1.025447015790456e+00
6.281250000000000e-01 2.487768963595221e+00 1.026506412584729e+00
6.312500000000001e-01 2.527091364302215e+00 1.027243342295428e+00
6.343750000000000e-01 2.567030743226622e+00 1.027682663779955e+00
6.375000000000001e-01 2.607596851391758e+00 1.027862384456852e+00
6.406250000000000e-01 2.648799592834118e+00 1.027828681356259e+00
6.437500000000000e-01 2.690649027021411e+00 1.027631401226942e+00
6.468750000000001e-01 2.733155371308524e+00 1.027320356951825e+00
6.500000000000000e-01 2.776329003432049e+00 1.026942508590350e+00
6.531250000000001e-01 2.820180464043967e+00 1.026540027568320e+00
6.562500000000000e-01 2.864720459285089e+00 1.026149180179578e+00
6.593750000000000e-01 2.909959863398929e+00 1.025799879975478e+00
6.625000000000001e-01 2.955909721386590e+00 1.025515721745815e+00
6.656250000000000e-01 3.002581251703353e+00 1.025314345045382e+00
6.687500000000001e-01 3.049985848997626e+00 1.025208017933410e+00
6.718750000000000e-01 3.098135086892879e+00 1.025204339941035e+00
6.750000000000000e-01 3.147040720813310e+00 1.025306966456484e+00
6.781250000000001e-01 3.196714690853871e+00 1.025516288881064e+00
6.812500000000000e-01 3.247169124695383e+00 1.025830045266667e+00
6.843750000000001e-01 3.298416340565477e+00 1.026243863132604e+00
6.875000000000000e-01 3.350468850246008e+00 1.026751734073907e+00
6.906250000000000e-01 3.403339362127777e+00 1.027346409273028e+00
6.937500000000001e-01 3.457040784313211e+00 1.028019706058909e+00
6.968750000000000e-01 3.511586227767823e+00 1.028762729389181e+00
7.000000000000001e-01 3.566989009521205e+00 1.029566022438047e+00
7.031250000000000e-01 3.623262655918307e+00 1.030419665524593e+00
7.062500000000000e-01 3.680420905921852e+00 1.031313337621946e+00
7.093750000000001e-01 3.738477714466631e+00 1.032236347448567e+00
7.125000000000000e-01 3.797447255866536e+00 1.033177638344061e+00
7.156250000000001e-01 3.857343927275175e+00 1.034125770318972e+00
7.187500000000000e-01 3.918182352200844e+00 1.035068885931732e+00
7.218750000000000e-01 3.979977384076828e+00 1.035994669153510e+00
7.250000000000001e-01 4.042744109887770e+00 1.036890309529822e+00
7.281250000000000e-01 4.106497853853101e+00 1.037742487459661e+00
7.312500000000001e-01 4.171254181168399e+00 1.038537399766215e+00
7.343750000000000e-01 4.237028901805528e+00 1.039260850589841e+00
7.375000000000000e-01 4.303838074372613e+00 1.039898437062867e+00
7.406250000000001e-01 4.371698010034643e+00 1.040435866541925e+00
7.437500000000000e-01 4.440625276495786e+00 1.040859447031389e+00
7.468750000000001e-01 4.510636702044332e+00 1.041156796833500e+00
7.500000000000000e-01 4.581749379661216e+00 1.041317810494987e+00
7.531250000000000e-01 4.653980671193226e+00 1.041335884771345e+00
7.562500000000001e-01 4.727348211591802e+00 1.041209338100772e+00
7.593750000000000e-01 4.801869913218528e+00 1.040942849805427e+00
7.625000000000001e-01 4.877563970218381e+00 1.040548628109948e+00
7.656250000000000e-01 4.954448862961714e+00 1.040046935854688e+00
7.687500000000000e-01 5.032543362556198e+00 1.039465617635593e+00
7.718750000000001e-01 5.111866535429675e+00 1.038838412574729e+00
7.750000000000000e-01 5.192437747985146e+00 1.038202090872407e+00
7.781250000000001e-01 5.274276671329015e+00 1.037592748515509e+00
7.812500000000000e-01 5.357403286073669e+00 1.037041836033094e+00
7.843750000000000e-01 5.441837887215693e+00 1.036572602383821e+00
7.875000000000001e-01 5.527601089090773e+00 1.036197570948651e+00
7.906250000000000e-01 5.614713830406605e+00 1.035917464114422e+00
7.937500000000001e-01 5.703197379355005e+00 1.035721722733437e+00
7.968750000000000e-01 5.793073338804412e+00 1.035590497864368e+00
8.000000000000000e-01 5.884363651574169e+00 1.035497771235680e+00
8.031250000000001e-01 5.977090605791737e+00 1.035415105092488e+00
8.062500000000000e-01 6.071276840334257e+00 1.035315439679635e+00
8.093750000000001e-01 6.166945350355728e+00 1.035176356460418e+00
8.125000000000000e-01 6.264119492901173e+00 1.034982324673354e+00
8.156250000000000e-01 6.362822992609162e+00 1.034725645520332e+00
8.187500000000001e-01 6.463079947504072e+00 1.034406075919870e+00
8.218750000000000e-01 6.564914834879517e+00 1.034029383223990e+00
8.250000000000001e-01 6.668352517274371e+00 1.033605277377105e+00
8.281250000000000e-01 6.773418248542846e+00 1.033145229839339e+00
8.312500000000000e-01 6.880137680020114e+00 1.032660611445771e+00
8.343750000000001e-01 6.988536866784961e+00 1.032161407417579e+00
8.375000000000000e-01 7.098642274021019e+00 1.031655569114181e+00
8.406250000000001e-01 7.210480783478133e+00 1.031148903811898e+00
8.437500000000000e-01 7.324079700035414e+00 1.030645320538139e+00
8.468750000000000e-01 7.439466758367605e+00 1.030147243501446e+00
8.500000000000001e-01 7.556670129716381e+00 1.029656046823486e+00
8.531250000000000e-01 7.675718428768239e+00 1.029172424868712e+00
8.562500000000001e-01 7.796640720640633e+00 1.028696666324713e+00
8.593750000000000e-01 7.919466527978115e+00 1.028228836170644e+00
8.625000000000000e-01 8.044225838160141e+00 1.027768885234386e+00
8.656250000000001e-01 8.170949110622363e+00 1.027316710816372e+00
8.687500000000000e-01 8.299667284293170e+00 1.026872187771481e+00
8.718750000000001e-01 8.430411785147284e+00 1.026435183180199e+00
8.750000000000000e-01 8.563214533878281e+00 1.026005562671664e+00
8.781250000000000e-01 8.698107953691880e+00 1.025583193142384e+00
8.812500000000001e-01 8.835124978221932e+00 1.025167943641838e+00
8.843750000000000e-01 8.974299059571019e+00 1.024759685725069e+00
8.875000000000001e-01 9.115664176477637e+00 1.024358293472954e+00
8.906250000000000e-01 9.259254842611947e+00 1.023963643512771e+00
8.937500000000000e-01 9.405106115002161e+00 1.023575614906445e+00
8.968750000000001e-01 9.553253602593529e+00 1.023194089205107e+00
9.000000000000000e-01 9.703733474942130e+00 1.022818950238794e+00
9.031250000000001e-01 9.856582471045494e+00 1.022450084205015e+00
9.062500000000000e-01 1.001183790831228e+01 1.022087379525657e+00
9.093750000000000e-01 1.016953769167313e+01 1.021730726836883e+00
9.125000000000001e-01 1.032972032283505e+01 1.021380018913151e+00
9.156250000000000e-01 1.049242490968134e+01 1.021035150624736e+00
9.187500000000001e-01 1.065769117581972e+01 1.020696018961725e+00
9.218750000000000e-01 1.082555947028058e+01 1.020362522859892e+00
9.250000000000000e-01 1.099607077736805e+01 1.020034563225411e+00
9.281250000000001e-01 1.116926672666618e+01 1.019712042893690e+00
9.312500000000000e-01 1.134518960320255e+01 1.019394866555475e+00
9.343750000000001e-01 1.152388235777201e+01 1.019082940782347e+00
9.375000000000000e-01 1.170538861742293e+01 1.018776173887372e+00
9.406250000000000e-01 1.188975269610854e+01 1.018474475984144e+00
9.437500000000001e-01 1.207701960550600e+01 1.018177758881009e+00
9.468750000000000e-01 1.226723506600578e+01 1.017885936041605e+00
9.500000000000001e-01 1.246044551787411e+01 1.017598922611569e+00
9.531250000000000e-01 1.265669813259115e+01 1.017316635313553e+00
9.562500000000000e-01 1.285604082436773e+01 1.017038992441421e+00
9.593750000000001e-01 1.305852226184337e+01 1.016765913854606e+00
9.625000000000000e-01 1.326419187996850e+01 1.016497320873852e+00
9.656250000000001e-01 1.347309989207381e+01 1.016233136341862e+00
9.687500000000000e-01 1.368529730212962e+01 1.015973284519438e+00
9.718750000000000e-01 1.390083591719824e+01 1.015717691047729e+00
9.750000000000001e-01 1.411976836008246e+01 1.015466283009341e+00
9.781250000000000e-01 1.434214808217320e+01 1.015218988759291e+00
9.812500000000001e-01 1.456802937649935e+01 1.014975738052222e+00
9.843750000000000e-01 1.479746739098328e+01 1.014736461906605e+00
9.875000000000000e-01 1.503051814190487e+01 1.014501092633546e+00
9.906250000000001e-01 1.526723852757770e+01 1.014269563734255e+00
9.937500000000000e-01 1.550768634224049e+01 1.014041809961996e+00
9.968750000000001e-01 1.575192029016732e+01 1.013817767252689e+00
1.000000000000000e+00 1.600000000000000e+01 1.013597372721376e+00
