0.000000000000000e+00 0.000000000000000e+00 1.000000000000000e+00
3.125000000000000e-03 3.369263549427258e-03 1.034386690054322e+00
6.250000000000000e-03 6.739349689698711e-03 1.011821913088321e+00
9.375000000000001e-03 1.011108121249049e-02 1.007286163560319e+00
1.250000000000000e-02 1.348528131119160e-02 1.005278556571315e+00
1.562500000000000e-02 1.686277378188298e-02 1.004140323882123e+00
1.875000000000000e-02 2.024438322446370e-02 1.003406015390196e+00
2.187500000000000e-02 2.363093524397333e-02 1.002892599866158e+00
2.500000000000000e-02 2.702325665215984e-02 1.002513243774320e+00
2.812500000000000e-02 3.042217566934200e-02 1.002221394520086e+00
3.125000000000000e-02 3.382852212661575e-02 1.001989833736826e+00
3.437500000000000e-02 3.724312766845378e-02 1.001801577671744e+00
3.750000000000001e-02 4.066682595574785e-02 1.001645477827403e+00
4.062500000000000e-02 4.410045286934348e-02 1.001513911841432e+00
4.375000000000000e-02 4.754484671411652e-02 1.001401491165005e+00
4.687500000000000e-02 5.100084842364160e-02 1.001304298197964e+00
5.000000000000000e-02 5.446930176550237e-02 1.001219416546646e+00
5.312500000000001e-02 5.795105354729364e-02 1.001144630047547e+00
5.625000000000000e-02 6.144695382336569e-02 1.001078224715245e+00
5.937500000000000e-02 6.495785610236132e-02 1.001018853916325e+00
6.250000000000000e-02 6.848461755559625e-02 1.000965445050596e+00
6.562500000000000e-02 7.202809922633362e-02 1.000917133148810e+00
6.875000000000001e-02 7.558916624000402e-02 1.000873213025883e+00
7.187500000000001e-02 7.916868801542200e-02 1.000833103883337e+00
7.500000000000001e-02 8.276753847705080e-02 1.000796323225644e+00
7.812500000000000e-02 8.638659626836727e-02 1.000762466798975e+00
8.125000000000000e-02 9.002674496637868e-02 1.000731193306144e+00
8.437500000000001e-02 9.368887329734420e-02 1.000702212693084e+00
8.750000000000001e-02 9.737387535375355e-02 1.000675276843322e+00
9.062500000000001e-02 1.010826508126157e-01 1.000650172318563e+00
9.375000000000000e-02 1.048161051551108e-01 1.000626714423514e+00
9.687500000000000e-02 1.085751498876601e-01 1.000604742554182e+00
1.000000000000000e-01 1.123607027644654e-01 1.000584116468691e+00
1.031250000000000e-01 1.161736880115753e-01 1.000564713039788e+00
1.062500000000000e-01 1.200150365525305e-01 1.000546423769024e+00
1.093750000000000e-01 1.238856862356450e-01 1.000529152742083e+00
1.125000000000000e-01 1.277865820629775e-01 1.000512814784841e+00
1.156250000000000e-01 1.317186764210495e-01 1.000497334020252e+00
1.187500000000000e-01 1.356829293133661e-01 1.000482642665789e+00
1.218750000000000e-01 1.396803085947971e-01 1.000468679911242e+00
1.250000000000000e-01 1.437117902078738e-01 1.000455391076983e+00
1.281250000000000e-01 1.477783584210617e-01 1.000442726892515e+00
1.312500000000000e-01 1.518810060690650e-01 1.000430642855237e+00
1.343750000000000e-01 1.560207347952229e-01 1.000419098629348e+00
1.375000000000000e-01 1.601985552960564e-01 1.000408057484898e+00
1.406250000000000e-01 1.644154875680252e-01 1.000397486097216e+00
1.437500000000000e-01 1.686725611565558e-01 1.000387354026129e+00
1.468750000000000e-01 1.729708154074000e-01 1.000377633435439e+00
1.500000000000000e-01 1.773112997203869e-01 1.000368298852479e+00
1.531250000000000e-01 1.816950738056289e-01 1.000359326887673e+00
1.562500000000000e-01 1.861232079422458e-01 1.000350696034187e+00
1.593750000000000e-01 1.905967832396682e-01 1.000342386507649e+00
1.625000000000000e-01 1.951168919015860e-01 1.000334380005817e+00
1.656250000000000e-01 1.996846374926046e-01 1.000326659628403e+00
1.687500000000000e-01 2.043011352076760e-01 1.000319209796901e+00
1.718750000000000e-01 2.089675121443681e-01 1.000312016014317e+00
1.750000000000000e-01 2.136849075780412e-01 1.000305064905115e+00
1.781250000000000e-01 2.184544732399964e-01 1.000298343934939e+00
1.812500000000000e-01 2.232773735986666e-01 1.000291841490611e+00
1.843750000000000e-01 2.281547861439151e-01 1.000285546759989e+00
1.875000000000000e-01 2.330879016745160e-01 1.000279449651856e+00
1.906250000000000e-01 2.380779245888810e-01 1.000273540715822e+00
1.937500000000000e-01 2.431260731791094e-01 1.000267811182315e+00
1.968750000000000e-01 2.482335799284277e-01 1.000262252762402e+00
2.000000000000000e-01 2.534016918120952e-01 1.000256857727819e+00
2.031250000000000e-01 2.586316706018478e-01 1.000251618790854e+00
2.062500000000000e-01 2.639247931739538e-01 1.000246529184387e+00
2.093750000000000e-01 2.692823518209576e-01 1.000241582461721e+00
2.125000000000000e-01 2.747056545671873e-01 1.000236772616651e+00
2.156250000000000e-01 2.801960254881028e-01 1.000232093963358e+00
2.187500000000000e-01 2.857548050335636e-01 1.000227541176430e+00
2.218750000000000e-01 2.913833503550930e-01 1.000223109170758e+00
2.250000000000000e-01 2.970830356372213e-01 1.000218793181578e+00
2.281250000000000e-01 3.028552524329863e-01 1.000214588684413e+00
2.312500000000000e-01 3.087014100036755e-01 1.000210491435080e+00
2.343750000000000e-01 3.146229356628902e-01 1.000206497429658e+00
2.375000000000000e-01 3.206212751250189e-01 1.000202602824426e+00
2.406250000000000e-01 3.266978928582008e-01 1.000198803975883e+00
2.437500000000000e-01 3.328542724418705e-01 1.000195097440738e+00
2.468750000000000e-01 3.390919169289667e-01 1.000191479935880e+00
2.500000000000000e-01 3.454123492128958e-01 1.000187948378395e+00
2.531250000000000e-01 3.518171123993401e-01 1.000184499845538e+00
2.562500000000000e-01 3.583077701830001e-01 1.000181131494674e+00
2.593750000000000e-01 3.648859072293631e-01 1.000177840643326e+00
2.625000000000000e-01 3.715531295615936e-01 1.000174624769168e+00
2.656250000000000e-01 3.783110649526354e-01 1.000171481429976e+00
2.687500000000000e-01 3.851613633226258e-01 1.000168408303644e+00
2.718750000000000e-01 3.921056971417164e-01 1.000165403188184e+00
2.750000000000000e-01 3.991457618383991e-01 1.000162463921672e+00
2.781250000000000e-01 4.062832762134377e-01 1.000159588502321e+00
2.812500000000000e-01 4.135199828595055e-01 1.000156775008425e+00
2.843750000000000e-01 4.208576485866312e-01 1.000154021638386e+00
2.875000000000000e-01 4.282980648535585e-01 1.000151326550610e+00
2.906250000000000e-01 4.358430482051222e-01 1.000148688103655e+00
2.937500000000000e-01 4.434944407157500e-01 1.000146104656104e+00
2.968750000000000e-01 4.512541104391968e-01 1.000143574606590e+00
3.000000000000000e-01 4.591239518646220e-01 1.000141096473842e+00
3.031250000000000e-01 4.671058863791195e-01 1.000138668856658e+00
3.062500000000000e-01 4.752018627368176e-01 1.000136290393880e+00
3.093750000000000e-01 4.834138575346580e-01 1.000133959684349e+00
3.125000000000000e-01 4.917438756949728e-01 1.000131675487017e+00
3.156250000000000e-01 5.001939509549778e-01 1.000129436600876e+00
3.187500000000000e-01 5.087661463633005e-01 1.000127241824936e+00
3.218750000000000e-01 5.174625547836644e-01 1.000125090038270e+00
3.250000000000000e-01 5.262852994058529e-01 1.000122980159987e+00
3.281250000000000e-01 5.352365342640750e-01 1.000120911109212e+00
3.312500000000000e-01 5.443184447628656e-01 1.000118881885127e+00
3.343750000000000e-01 5.535332482106405e-01 1.000116891486931e+00
3.375000000000000e-01 5.628831943610435e-01 1.000114938993877e+00
3.406250000000000e-01 5.723705659622137e-01 1.000113023485229e+00
3.437500000000000e-01 5.819976793141081e-01 1.000111144080287e+00
3.468750000000000e-01 5.917668848340161e-01 1.000109299938382e+00
3.500000000000000e-01 6.016805676304035e-01 1.000107490258878e+00
3.531250000000000e-01 6.117411480852264e-01 1.000105714241148e+00
3.562500000000000e-01 6.219510824448572e-01 1.000103971084573e+00
3.593750000000000e-01 6.323128634197650e-01 1.000102260068590e+00
3.625000000000000e-01 6.428290207931012e-01 1.000100580512661e+00
3.656250000000000e-01 6.535021220383342e-01 1.000098931696238e+00
3.687500000000000e-01 6.643347729460869e-01 1.000097312938801e+00
3.718750000000000e-01 6.753296182603294e-01 1.000095723599857e+00
3.750000000000000e-01 6.864893423240808e-01 1.000094163078944e+00
3.781250000000000e-01 6.978166697347804e-01 1.000092630735583e+00
3.812500000000000e-01 7.093143660094854e-01 1.000091125969323e+00
3.843750000000000e-01 7.209852382600603e-01 1.000089648259763e+00
3.875000000000000e-01 7.328321358785219e-01 1.000088197046484e+00
3.906250000000000e-01 7.448579512327029e-01 1.000086771769073e+00
3.937500000000000e-01 7.570656203724140e-01 1.000085371907145e+00
3.968750000000000e-01 7.694581237462648e-01 1.000083996980339e+00
4.000000000000000e-01 7.820384869293291e-01 1.000082646508299e+00
4.031250000000000e-01 7.948097813618253e-01 1.000081320010674e+00
4.062500000000000e-01 8.077751250989945e-01 1.000080017047138e+00
4.093750000000000e-01 8.209376835723596e-01 1.000078737177369e+00
4.125000000000000e-01 8.343006703625532e-01 1.000077479961049e+00
4.156250000000000e-01 8.478673479838968e-01 1.000076245037905e+00
4.187500000000000e-01 8.616410286809313e-01 1.000075031967625e+00
4.218750000000000e-01 8.756250752370857e-01 1.000073840349923e+00
4.250000000000000e-01 8.898229017956865e-01 1.000072669864557e+00
4.281250000000000e-01 9.042379746935050e-01 1.000071520151268e+00
4.312500000000000e-01 9.188738133070491e-01 1.000070390849798e+00
4.343750000000000e-01 9.337339909118028e-01 1.000069281639913e+00
4.375000000000000e-01 9.488221355546261e-01 1.000068192201384e+00
4.406250000000000e-01 9.641419309395265e-01 1.000067122254002e+00
4.437500000000000e-01 9.796971173270190e-01 1.000066071517561e+00
4.468750000000000e-01 9.954914924472941e-01 1.000065039711859e+00
4.500000000000000e-01 1.011528912427417e+00 1.000064026556695e+00
4.531250000000000e-01 1.027813292732786e+00 1.000063031811890e+00
4.562500000000000e-01 1.044348609123070e+00 1.000062055277289e+00
4.593750000000000e-01 1.061138898622882e+00 1.000061096752736e+00
4.625000000000000e-01 1.078188260507393e+00 1.000060155998059e+00
4.656250000000000e-01 1.095500857303154e+00 1.000059232893147e+00
4.687500000000000e-01 1.113080915804360e+00 1.000058327237851e+00
4.718750000000000e-01 1.130932728104805e+00 1.000057438872044e+00
4.750000000000000e-01 1.149060652645771e+00 1.000056567715638e+00
4.781250000000000e-01 1.167469115280130e+00 1.000055713688550e+00
4.812500000000000e-01 1.186162610352890e+00 1.000054876670675e+00
4.843750000000000e-01 1.205145701798475e+00 1.000054056661971e+00
4.875000000000000e-01 1.224423024254985e+00 1.000053253582356e+00
4.906250000000000e-01 1.243999284195726e+00 1.000052467511829e+00
4.937500000000000e-01 1.263879261078271e+00 1.000051698450350e+00
4.968750000000000e-01 1.284067808511348e+00 1.000050946477919e+00
5.000000000000000e-01 1.304569855439823e+00 1.000050211714558e+00
5.031250000000000e-01 1.325390407348082e+00 1.000049494320306e+00
5.062500000000000e-01 1.346534547482100e+00 1.000048794575266e+00
5.093750000000000e-01 1.368007438090487e+00 1.000048112679497e+00
5.125000000000001e-01 1.389814321684837e+00 1.000047448953121e+00
5.156250000000000e-01 1.411960522319654e+00 1.000046803876338e+00
5.187500000000000e-01 1.434451446892208e+00 1.000046177849308e+00
5.218750000000000e-01 1.457292586462593e+00 1.000045571432268e+00
5.250000000000000e-01 1.480489517594354e+00 1.000044985345537e+00
5.281250000000001e-01 1.504047903715979e+00 1.000044420309429e+00
5.312500000000000e-01 1.527973496503592e+00 1.000043877244358e+00
5.343750000000000e-01 1.552272137285215e+00 1.000043357230814e+00
5.375000000000000e-01 1.576949758466886e+00 1.000042861429328e+00
5.406250000000000e-01 1.602012384981041e+00 1.000042391240543e+00
5.437500000000001e-01 1.627466135757470e+00 1.000041948265202e+00
5.468750000000000e-01 1.653317225217225e+00 1.000041534344162e+00
5.500000000000000e-01 1.679571964789851e+00 1.000041151558397e+00
5.531250000000000e-01 1.706236764454286e+00 1.000040802228996e+00
5.562500000000000e-01 1.733318134303830e+00 1.000040489157282e+00
5.593750000000001e-01 1.760822686135563e+00 1.000040215424711e+00
5.625000000000000e-01 1.788757135064574e+00 1.000039984352859e+00
5.656250000000000e-01 1.817128301163438e+00 1.000039799943633e+00
5.687500000000000e-01 1.845943111127301e+00 1.000039666599136e+00
5.718750000000000e-01 1.875208599965003e+00 1.000039588761495e+00
5.750000000000001e-01 1.904931912716643e+00 1.000039571553174e+00
5.781250000000000e-01 1.935120306198011e+00 1.000039620656918e+00
5.812500000000000e-01 1.965781150772311e+00 1.000039741435331e+00
5.843750000000000e-01 1.996921932149593e+00 1.000039938930879e+00
5.875000000000000e-01 2.028550253214365e+00 1.000040217985951e+00
5.906250000000001e-01 2.060673835881802e+00 1.000040582202361e+00
5.937500000000000e-01 2.093300522983012e+00 1.000041032500649e+00
5.968750000000000e-01 2.126438280179837e+00 1.000041565639356e+00
6.000000000000001e-01 2.160095197909630e+00 1.000042172654258e+00
6.031250000000000e-01 2.194279493360494e+00 1.000042836937405e+00
6.062500000000001e-01 2.228999512477486e+00 1.000043530275156e+00
6.093750000000000e-01 2.264263732000228e+00 1.000044207565553e+00
6.125000000000000e-01 2.300080761532477e+00 1.000044804697227e+00
6.156250000000001e-01 2.336459345644116e+00 1.000045240870505e+00
6.187500000000000e-01 2.373408366006099e+00 1.000045426201185e+00
6.218750000000001e-01 2.410936843558884e+00 1.000045282090671e+00
6.250000000000000e-01 2.449053940714840e+00 1.000044797133530e+00
6.281250000000000e-01 2.487768963595221e+00 1.000044160542599e+00
6.312500000000001e-01 2.527091364302215e+00 1.000044028358087e+00
6.343750000000000e-01 2.567030743226622e+00 1.000045993558999e+00
6.375000000000001e-01 2.607596851391758e+00 1.000053427188689e+00
6.406250000000000e-01 2.648799592834118e+00 1.000073092202830e+00
6.437500000000000e-01 2.690649027021411e+00 1.000118174927509e+00
6.468750000000001e-01 2.733155371308524e+00 1.000213212579301e+00
6.500000000000000e-01 2.776329003432049e+00 1.000400227046453e+00
6.531250000000001e-01 2.820180464043967e+00 1.000743018782700e+00
6.562500000000000e-01 2.864720459285089e+00 1.001324361028221e+00
6.593750000000000e-01 2.909959863398929e+00 1.002231610541130e+00
6.625000000000001e-01 2.955909721386590e+00 1.003531649030901e+00
6.656250000000000e-01 3.002581251703353e+00 1.005243469889803e+00
6.687500000000001e-01 3.049985848997626e+00 1.007320478279104e+00
6.718750000000000e-01 3.098135086892879e+00 1.009651240316283e+00
6.750000000000000e-01 3.147040720813310e+00 1.012079037244067e+00
6.781250000000001e-01 3.196714690853871e+00 1.014432675571820e+00
6.812500000000000e-01 3.247169124695383e+00 1.016557856952478e+00
6.843750000000001e-01 3.298416340565477e+00 1.018340381551757e+00
6.875000000000000e-01 3.350468850246008e+00 1.019717210696573e+00
6.906250000000000e-01 3.403339362127777e+00 1.020675963583730e+00
6.937500000000001e-01 3.457040784313211e+00 1.021246255984011e+00
6.968750000000000e-01 3.511586227767823e+00 1.021487014624711e+00
7.000000000000001e-01 3.566989009521205e+00 1.021473296552357e+00
7.031250000000000e-01 3.623262655918307e+00 1.021284906967404e+00
7.062500000000000e-01 3.680420905921852e+00 1.020997910294090e+00
7.093750000000001e-01 3.738477714466631e+00 1.020679201344866e+00
7.125000000000000e-01 3.797447255866536e+00 1.020383737178487e+00
7.156250000000001e-01 3.857343927275175e+00 1.020153793962693e+00
7.187500000000000e-01 3.918182352200844e+00 1.020019578694231e+00
7.218750000000000e-01 3.979977384076828e+00 1.020000629305556e+00
7.250000000000001e-01 4.042744109887770e+00 1.020107552821784e+00
7.281250000000000e-01 4.106497853853101e+00 1.020343800490545e+00
7.312500000000001e-01 4.171254181168399e+00 1.020707288227395e+00
7.343750000000000e-01 4.237028901805528e+00 1.021191781462701e+00
7.375000000000000e-01 4.303838074372613e+00 1.021788014172571e+00
7.406250000000001e-01 4.371698010034643e+00 1.022484558311996e+00
7.437500000000000e-01 4.440625276495786e+00 1.023268460849278e+00
7.468750000000001e-01 4.510636702044332e+00 1.024125682507480e+00
7.500000000000000e-01 4.581749379661216e+00 1.025041366662717e+00
7.531250000000000e-01 4.653980671193226e+00 1.025999977258528e+00
7.562500000000001e-01 4.727348211591802e+00 1.026985335551650e+00
7.593750000000000e-01 4.801869913218528e+00 1.027980588482028e+00
7.625000000000001e-01 4.877563970218381e+00 1.028968137911036e+00
7.656250000000000e-01 4.954448862961714e+00 1.029929570022006e+00
7.687500000000000e-01 5.032543362556198e+00 1.030845626897793e+00
7.718750000000001e-01 5.111866535429675e+00 1.031696265791597e+00
7.750000000000000e-01 5.192437747985146e+00 1.032460853236295e+00
7.781250000000001e-01 5.274276671329015e+00 1.033118568215579e+00
7.812500000000000e-01 5.357403286073669e+00 1.033649142601793e+00
7.843750000000000e-01 5.441837887215693e+00 1.034034120290311e+00
7.875000000000001e-01 5.527601089090773e+00 1.034258797188106e+00
7.906250000000000e-01 5.614713830406605e+00 1.034314837139346e+00
7.937500000000001e-01 5.703197379355005e+00 1.034203231085913e+00
7.968750000000000e-01 5.793073338804412e+00 1.033936875489603e+00
8.000000000000000e-01 5.884363651574169e+00 1.033541792723905e+00
8.031250000000001e-01 5.977090605791737e+00 1.033056105023860e+00
8.062500000000000e-01 6.071276840334257e+00 1.032526380585038e+00
8.093750000000001e-01 6.166945350355728e+00 1.032001745099034e+00
8.125000000000000e-01 6.264119492901173e+00 1.031526890093934e+00
8.156250000000000e-01 6.362822992609162e+00 1.031135499158697e+00
8.187500000000001e-01 6.463079947504072e+00 1.030845532017876e+00
8.218750000000000e-01 6.564914834879517e+00 1.030657332862980e+00
8.250000000000001e-01 6.668352517274371e+00 1.030554868210530e+00
8.281250000000000e-01 6.773418248542846e+00 1.030509738147545e+00
8.312500000000000e-01 6.880137680020114e+00 1.030487060453252e+00
8.343750000000001e-01 6.988536866784961e+00 1.030451969999934e+00
8.375000000000000e-01 7.098642274021019e+00 1.030375379227167e+00
8.406250000000001e-01 7.210480783478133e+00 1.030237866328577e+00
8.437500000000000e-01 7.324079700035414e+00 1.030031081171334e+00
8.468750000000000e-01 7.439466758367605e+00 1.029756745300453e+00
8.500000000000001e-01 7.556670129716381e+00 1.029423936617249e+00
8.531250000000000e-01 7.675718428768239e+00 1.029045674789466e+00
8.562500000000001e-01 7.796640720640633e+00 1.028635775674952e+00
8.593750000000000e-01 7.919466527978115e+00 1.028206606021014e+00
8.625000000000000e-01 8.044225838160141e+00 1.027767930370060e+00
8.656250000000001e-01 8.170949110622363e+00 1.027326687619792e+00
8.687500000000000e-01 8.299667284293170e+00 1.026887357404593e+00
8.718750000000001e-01 8.430411785147284e+00 1.026452573133546e+00
8.750000000000000e-01 8.563214533878281e+00 1.026023734973884e+00
8.781250000000000e-01 8.698107953691880e+00 1.025601498581535e+00
8.812500000000001e-01 8.835124978221932e+00 1.025186109696093e+00
8.843750000000000e-01 8.974299059571019e+00 1.024777607256752e+00
8.875000000000001e-01 9.115664176477637e+00 1.024375934669429e+00
8.906250000000000e-01 9.259254842611947e+00 1.023980995313419e+00
8.937500000000000e-01 9.405106115002161e+00 1.023592677887698e+00
8.968750000000001e-01 9.553253602593529e+00 1.023210867078886e+00
9.000000000000000e-01 9.703733474942130e+00 1.022835447696344e+00
9.031250000000001e-01 9.856582471045494e+00 1.022466306097539e+00
9.062500000000000e-01 1.001183790831228e+01 1.022103330710620e+00
9.093750000000000e-01 1.016953769167313e+01 1.021746412106364e+00
9.125000000000001e-01 1.032972032283505e+01 1.021395442947609e+00
9.156250000000000e-01 1.049242490968134e+01 1.021050318061642e+00
9.187500000000001e-01 1.065769117581972e+01 1.020710934308459e+00
9.218750000000000e-01 1.082555947028058e+01 1.020377190531211e+00
9.250000000000000e-01 1.099607077736805e+01 1.020048987588623e+00
9.281250000000001e-01 1.116926672666618e+01 1.019726228224350e+00
9.312500000000000e-01 1.134518960320255e+01 1.019408817018399e+00
9.343750000000001e-01 1.152388235777201e+01 1.019096660461194e+00
9.375000000000000e-01 1.170538861742293e+01 1.018789666823867e+00
9.406250000000000e-01 1.188975269610854e+01 1.018487746110496e+00
9.437500000000001e-01 1.207701960550600e+01 1.018190810092115e+00
9.468750000000000e-01 1.226723506600578e+01 1.017898772137173e+00
9.500000000000001e-01 1.246044551787411e+01 1.017611547286801e+00
9.531250000000000e-01 1.265669813259115e+01 1.017329052248696e+00
9.562500000000000e-01 1.285604082436773e+01 1.017051205228387e+00
9.593750000000001e-01 1.305852226184337e+01 1.016777926005062e+00
9.625000000000000e-01 1.326419187996850e+01 1.016509135844721e+00
9.656250000000001e-01 1.347309989207381e+01 1.016244757494944e+00
9.687500000000000e-01 1.368529730212962e+01 1.015984715179814e+00
9.718750000000000e-01 1.390083591719824e+01 1.015728934513683e+00
9.750000000000001e-01 1.411976836008246e+01 1.015477342455851e+00
9.781250000000000e-01 1.434214808217320e+01 1.015229867346681e+00
9.812500000000001e-01 1.456802937649935e+01 1.014986438862556e+00
9.843750000000000e-01 1.479746739098328e+01 1.014746987971017e+00
9.875000000000000e-01 1.503051814190487e+01 1.014511446926678e+00
9.906250000000001e-01 1.526723852757770e+01 1.014279749186083e+00
9.937500000000000e-01 1.550768634224049e+01 1.014051829403937e+00
9.968750000000001e-01 1.575192029016732e+01 1.013827623510594e+00
1.000000000000000e+00 1.600000000000000e+01 1.013607068546164e+00
