0.000000000000000e+00 0.000000000000000e+00 1.000000000000000e+00
3.125000000000000e-03 3.369263549427258e-03 1.034386690937939e+00
6.250000000000000e-03 6.739349689698711e-03 1.011821918879203e+00
9.375000000000001e-03 1.011108121249049e-02 1.007286167503076e+00
1.250000000000000e-02 1.348528131119160e-02 1.005278559129742e+00
1.562500000000000e-02 1.686277378188298e-02 1.004140325749968e+00
1.875000000000000e-02 2.024438322446370e-02 1.003406016917191e+00
2.187500000000000e-02 2.363093524397333e-02 1.002892601098668e+00
2.500000000000000e-02 2.702325665215984e-02 1.002513244775683e+00
2.812500000000000e-02 3.042217566934200e-02 1.002221395320168e+00
3.125000000000000e-02 3.382852212661575e-02 1.001989834369500e+00
3.437500000000000e-02 3.724312766845378e-02 1.001801578175828e+00
3.750000000000001e-02 4.066682595574785e-02 1.001645478195216e+00
4.062500000000000e-02 4.410045286934348e-02 1.001513912084863e+00
4.375000000000000e-02 4.754484671411652e-02 1.001401491244469e+00
4.687500000000000e-02 5.100084842364160e-02 1.001304298166773e+00
5.000000000000000e-02 5.446930176550237e-02 1.001219416373404e+00
5.312500000000001e-02 5.795105354729364e-02 1.001144629789183e+00
5.625000000000000e-02 6.144695382336569e-02 1.001078224332617e+00
5.937500000000000e-02 6.495785610236132e-02 1.001018853393060e+00
6.250000000000000e-02 6.848461755559625e-02 1.000965444369409e+00
6.562500000000000e-02 7.202809922633362e-02 1.000917132325645e+00
6.875000000000001e-02 7.558916624000402e-02 1.000873212028434e+00
7.187500000000001e-02 7.916868801542200e-02 1.000833102784435e+00
7.500000000000001e-02 8.276753847705080e-02 1.000796322003903e+00
7.812500000000000e-02 8.638659626836727e-02 1.000762465401154e+00
8.125000000000000e-02 9.002674496637868e-02 1.000731191744993e+00
8.437500000000001e-02 9.368887329734420e-02 1.000702210961328e+00
8.750000000000001e-02 9.737387535375355e-02 1.000675274971456e+00
9.062500000000001e-02 1.010826508126157e-01 1.000650170274738e+00
9.375000000000000e-02 1.048161051551108e-01 1.000626712172242e+00
9.687500000000000e-02 1.085751498876601e-01 1.000604740118675e+00
1.000000000000000e-01 1.123607027644654e-01 1.000584113792533e+00
1.031250000000000e-01 1.161736880115753e-01 1.000564710122984e+00
1.062500000000000e-01 1.200150365525305e-01 1.000546420624775e+00
1.093750000000000e-01 1.238856862356450e-01 1.000529149382224e+00
1.125000000000000e-01 1.277865820629775e-01 1.000512811204372e+00
1.156250000000000e-01 1.317186764210495e-01 1.000497330190057e+00
1.187500000000000e-01 1.356829293133661e-01 1.000482638566311e+00
1.218750000000000e-01 1.396803085947971e-01 1.000468675527016e+00
1.250000000000000e-01 1.437117902078738e-01 1.000455386413017e+00
1.281250000000000e-01 1.477783584210617e-01 1.000442721960644e+00
1.312500000000000e-01 1.518810060690650e-01 1.000430637618613e+00
1.343750000000000e-01 1.560207347952229e-01 1.000419093069779e+00
1.375000000000000e-01 1.601985552960564e-01 1.000408051616491e+00
1.406250000000000e-01 1.644154875680252e-01 1.000397479907237e+00
1.437500000000000e-01 1.686725611565558e-01 1.000387347492745e+00
1.468750000000000e-01 1.729708154074000e-01 1.000377626552741e+00
1.500000000000000e-01 1.773112997203869e-01 1.000368291622745e+00
1.531250000000000e-01 1.816950738056289e-01 1.000359319286797e+00
1.562500000000000e-01 1.861232079422458e-01 1.000350688040792e+00
1.593750000000000e-01 1.905967832396682e-01 1.000342378087621e+00
1.625000000000000e-01 1.951168919015860e-01 1.000334371132322e+00
1.656250000000000e-01 1.996846374926046e-01 1.000326650313727e+00
1.687500000000000e-01 2.043011352076760e-01 1.000319200033770e+00
1.718750000000000e-01 2.089675121443681e-01 1.000312005786814e+00
1.750000000000000e-01 2.136849075780412e-01 1.000305054159568e+00
1.781250000000000e-01 2.184544732399964e-01 1.000298332660436e+00
1.812500000000000e-01 2.232773735986666e-01 1.000291829685337e+00
1.843750000000000e-01 2.281547861439151e-01 1.000285534415305e+00
1.875000000000000e-01 2.330879016745160e-01 1.000279436748206e+00
1.906250000000000e-01 2.380779245888810e-01 1.000273527230467e+00
1.937500000000000e-01 2.431260731791094e-01 1.000267797091152e+00
1.968750000000000e-01 2.482335799284277e-01 1.000262238037233e+00
2.000000000000000e-01 2.534016918120952e-01 1.000256842355912e+00
2.031250000000000e-01 2.586316706018478e-01 1.000251602778128e+00
2.062500000000000e-01 2.639247931739538e-01 1.000246512478537e+00
2.093750000000000e-01 2.692823518209576e-01 1.000241565041373e+00
2.125000000000000e-01 2.747056545671873e-01 1.000236754460430e+00
2.156250000000000e-01 2.801960254881028e-01 1.000232075036702e+00
2.187500000000000e-01 2.857548050335636e-01 1.000227521446594e+00
2.218750000000000e-01 2.913833503550930e-01 1.000223088605451e+00
2.250000000000000e-01 2.970830356372213e-01 1.000218771769891e+00
2.281250000000000e-01 3.028552524329863e-01 1.000214566401333e+00
2.312500000000000e-01 3.087014100036755e-01 1.000210468268331e+00
2.343750000000000e-01 3.146229356628902e-01 1.000206473310109e+00
2.375000000000000e-01 3.206212751250189e-01 1.000202577704779e+00
2.406250000000000e-01 3.266978928582008e-01 1.000198777835220e+00
2.437500000000000e-01 3.328542724418705e-01 1.000195070220846e+00
2.468750000000000e-01 3.390919169289667e-01 1.000191451619936e+00
2.500000000000000e-01 3.454123492128958e-01 1.000187918961401e+00
2.531250000000000e-01 3.518171123993401e-01 1.000184469242446e+00
2.562500000000000e-01 3.583077701830001e-01 1.000181099665009e+00
2.593750000000000e-01 3.648859072293631e-01 1.000177807567536e+00
2.625000000000000e-01 3.715531295615936e-01 1.000174590356748e+00
2.656250000000000e-01 3.783110649526354e-01 1.000171445644092e+00
2.687500000000000e-01 3.851613633226258e-01 1.000168371075169e+00
2.718750000000000e-01 3.921056971417164e-01 1.000165364466183e+00
2.750000000000000e-01 3.991457618383991e-01 1.000162423701604e+00
2.781250000000000e-01 4.062832762134377e-01 1.000159546734161e+00
2.812500000000000e-01 4.135199828595055e-01 1.000156731618955e+00
2.843750000000000e-01 4.208576485866312e-01 1.000153976547563e+00
2.875000000000000e-01 4.282980648535585e-01 1.000151279711596e+00
2.906250000000000e-01 4.358430482051222e-01 1.000148639439137e+00
2.937500000000000e-01 4.434944407157500e-01 1.000146054058298e+00
2.968750000000000e-01 4.512541104391968e-01 1.000143522033661e+00
3.000000000000000e-01 4.591239518646220e-01 1.000141041863943e+00
3.031250000000000e-01 4.671058863791195e-01 1.000138612116105e+00
3.062500000000000e-01 4.752018627368176e-01 1.000136231391241e+00
3.093750000000000e-01 4.834138575346580e-01 1.000133898392797e+00
3.125000000000000e-01 4.917438756949728e-01 1.000131611824240e+00
3.156250000000000e-01 5.001939509549778e-01 1.000129370457274e+00
3.187500000000000e-01 5.087661463633005e-01 1.000127173097731e+00
3.218750000000000e-01 5.174625547836644e-01 1.000125018619681e+00
3.250000000000000e-01 5.262852994058529e-01 1.000122905931319e+00
3.281250000000000e-01 5.352365342640750e-01 1.000120833940856e+00
3.312500000000000e-01 5.443184447628656e-01 1.000118801658844e+00
3.343750000000000e-01 5.535332482106405e-01 1.000116808095851e+00
3.375000000000000e-01 5.628831943610435e-01 1.000114852296566e+00
3.406250000000000e-01 5.723705659622137e-01 1.000112933339801e+00
3.437500000000000e-01 5.819976793141081e-01 1.000111050372597e+00
3.468750000000000e-01 5.917668848340161e-01 1.000109202507896e+00
3.500000000000000e-01 6.016805676304035e-01 1.000107388926872e+00
3.531250000000000e-01 6.117411480852264e-01 1.000105608810706e+00
3.562500000000000e-01 6.219510824448572e-01 1.000103861408808e+00
3.593750000000000e-01 6.323128634197650e-01 1.000102145970597e+00
3.625000000000000e-01 6.428290207931012e-01 1.000100461779609e+00
3.656250000000000e-01 6.535021220383342e-01 1.000098808119389e+00
3.687500000000000e-01 6.643347729460869e-01 1.000097184307598e+00
3.718750000000000e-01 6.753296182603294e-01 1.000095589661905e+00
3.750000000000000e-01 6.864893423240808e-01 1.000094023568203e+00
3.781250000000000e-01 6.978166697347804e-01 1.000092485412392e+00
3.812500000000000e-01 7.093143660094854e-01 1.000090974580379e+00
3.843750000000000e-01 7.209852382600603e-01 1.000089490492186e+00
3.875000000000000e-01 7.328321358785219e-01 1.000088032601947e+00
3.906250000000000e-01 7.448579512327029e-01 1.000086600329696e+00
3.937500000000000e-01 7.570656203724140e-01 1.000085193129580e+00
3.968750000000000e-01 7.694581237462648e-01 1.000083810523966e+00
4.000000000000000e-01 7.820384869293291e-01 1.000082451967014e+00
4.031250000000000e-01 7.948097813618253e-01 1.000081116981099e+00
4.062500000000000e-01 8.077751250989945e-01 1.000079805088605e+00
4.093750000000000e-01 8.209376835723596e-01 1.000078515846029e+00
4.125000000000000e-01 8.343006703625532e-01 1.000077248775760e+00
4.156250000000000e-01 8.478673479838968e-01 1.000076003434302e+00
4.187500000000000e-01 8.616410286809313e-01 1.000074779412270e+00
4.218750000000000e-01 8.756250752370857e-01 1.000073576266176e+00
4.250000000000000e-01 8.898229017956865e-01 1.000072393586641e+00
4.281250000000000e-01 9.042379746935050e-01 1.000071230998400e+00
4.312500000000000e-01 9.188738133070491e-01 1.000070088126189e+00
4.343750000000000e-01 9.337339909118028e-01 1.000068964560641e+00
4.375000000000000e-01 9.488221355546261e-01 1.000067859960606e+00
4.406250000000000e-01 9.641419309395265e-01 1.000066773950830e+00
4.437500000000000e-01 9.796971173270190e-01 1.000065706190170e+00
4.468750000000000e-01 9.954914924472941e-01 1.000064656337484e+00
4.500000000000000e-01 1.011528912427417e+00 1.000063624051634e+00
4.531250000000000e-01 1.027813292732786e+00 1.000062608991484e+00
4.562500000000000e-01 1.044348609123070e+00 1.000061610884116e+00
4.593750000000000e-01 1.061138898622882e+00 1.000060629388398e+00
4.625000000000000e-01 1.078188260507393e+00 1.000059664231416e+00
4.656250000000000e-01 1.095500857303154e+00 1.000058715072043e+00
4.687500000000000e-01 1.113080915804360e+00 1.000057781671477e+00
4.718750000000000e-01 1.130932728104805e+00 1.000056863722701e+00
4.750000000000000e-01 1.149060652645771e+00 1.000055960952811e+00
4.781250000000000e-01 1.167469115280130e+00 1.000055073088900e+00
4.812500000000000e-01 1.186162610352890e+00 1.000054199892174e+00
4.843750000000000e-01 1.205145701798475e+00 1.000053341089733e+00
4.875000000000000e-01 1.224423024254985e+00 1.000052496442782e+00
4.906250000000000e-01 1.243999284195726e+00 1.000051665678426e+00
4.937500000000000e-01 1.263879261078271e+00 1.000050848591981e+00
4.968750000000000e-01 1.284067808511348e+00 1.000050044944661e+00
5.000000000000000e-01 1.304569855439823e+00 1.000049254497678e+00
5.031250000000000e-01 1.325390407348082e+00 1.000048477012247e+00
5.062500000000000e-01 1.346534547482100e+00 1.000047712317801e+00
5.093750000000000e-01 1.368007438090487e+00 1.000046960175555e+00
5.125000000000001e-01 1.389814321684837e+00 1.000046220380837e+00
5.156250000000000e-01 1.411960522319654e+00 1.000045492728972e+00
5.187500000000000e-01 1.434451446892208e+00 1.000044777049396e+00
5.218750000000000e-01 1.457292586462593e+00 1.000044073137439e+00
5.250000000000000e-01 1.480489517594354e+00 1.000043380822538e+00
5.281250000000001e-01 1.504047903715979e+00 1.000042699900024e+00
5.312500000000000e-01 1.527973496503592e+00 1.000042030233443e+00
5.343750000000000e-01 1.552272137285215e+00 1.000041371618128e+00
5.375000000000000e-01 1.576949758466886e+00 1.000040723917628e+00
5.406250000000000e-01 1.602012384981041e+00 1.000040086961385e+00
5.437500000000001e-01 1.627466135757470e+00 1.000039460578839e+00
5.468750000000000e-01 1.653317225217225e+00 1.000038844667651e+00
5.500000000000000e-01 1.679571964789851e+00 1.000038239091371e+00
5.531250000000000e-01 1.706236764454286e+00 1.000037643679443e+00
5.562500000000000e-01 1.733318134303830e+00 1.000037058363635e+00
5.593750000000001e-01 1.760822686135563e+00 1.000036482973393e+00
5.625000000000000e-01 1.788757135064574e+00 1.000035917440484e+00
5.656250000000000e-01 1.817128301163438e+00 1.000035361662571e+00
5.687500000000000e-01 1.845943111127301e+00 1.000034815537315e+00
5.718750000000000e-01 1.875208599965003e+00 1.000034278996487e+00
5.750000000000001e-01 1.904931912716643e+00 1.000033752005963e+00
5.781250000000000e-01 1.935120306198011e+00 1.000033234463406e+00
5.812500000000000e-01 1.965781150772311e+00 1.000032726334696e+00
5.843750000000000e-01 1.996921932149593e+00 1.000032227653925e+00
5.875000000000000e-01 2.028550253214365e+00 1.000031738386971e+00
5.906250000000001e-01 2.060673835881802e+00 1.000031258533821e+00
5.937500000000000e-01 2.093300522983012e+00 1.000030788162675e+00
5.968750000000000e-01 2.126438280179837e+00 1.000030327341734e+00
6.000000000000001e-01 2.160095197909630e+00 1.000029876139200e+00
6.031250000000000e-01 2.194279493360494e+00 1.000029434725594e+00
6.062500000000001e-01 2.228999512477486e+00 1.000029003373760e+00
6.093750000000000e-01 2.264263732000228e+00 1.000028582186005e+00
6.125000000000000e-01 2.300080761532477e+00 1.000028171401066e+00
6.156250000000001e-01 2.336459345644116e+00 1.000027771598750e+00
6.187500000000000e-01 2.373408366006099e+00 1.000027383188327e+00
6.218750000000001e-01 2.410936843558884e+00 1.000027006408532e+00
6.250000000000000e-01 2.449053940714840e+00 1.000026642043812e+00
6.281250000000000e-01 2.487768963595221e+00 1.000026291390218e+00
6.312500000000001e-01 2.527091364302215e+00 1.000025954925232e+00
6.343750000000000e-01 2.567030743226622e+00 1.000025633160445e+00
6.375000000000001e-01 2.607596851391758e+00 1.000025328517432e+00
6.406250000000000e-01 2.648799592834118e+00 1.000025043554196e+00
6.437500000000000e-01 2.690649027021411e+00 1.000024778338935e+00
6.468750000000001e-01 2.733155371308524e+00 1.000024534304121e+00
6.500000000000000e-01 2.776329003432049e+00 1.000024317998260e+00
6.531250000000001e-01 2.820180464043967e+00 1.000024134742007e+00
6.562500000000000e-01 2.864720459285089e+00 1.000023982829999e+00
6.593750000000000e-01 2.909959863398929e+00 1.000023864717918e+00
6.625000000000001e-01 2.955909721386590e+00 1.000023797527396e+00
6.656250000000000e-01 3.002581251703353e+00 1.000023796845259e+00
6.687500000000001e-01 3.049985848997626e+00 1.000023855713706e+00
6.718750000000000e-01 3.098135086892879e+00 1.000023967686550e+00
6.750000000000000e-01 3.147040720813310e+00 1.000024169292271e+00
6.781250000000001e-01 3.196714690853871e+00 1.000024521479931e+00
6.812500000000000e-01 3.247169124695383e+00 1.000025026944134e+00
6.843750000000001e-01 3.298416340565477e+00 1.000025611434334e+00
6.875000000000000e-01 3.350468850246008e+00 1.000026259738971e+00
6.906250000000000e-01 3.403339362127777e+00 1.000027119132082e+00
6.937500000000001e-01 3.457040784313211e+00 1.000028379556183e+00
6.968750000000000e-01 3.511586227767823e+00 1.000029935963003e+00
7.000000000000001e-01 3.566989009521205e+00 1.000031262524353e+00
7.031250000000000e-01 3.623262655918307e+00 1.000031966359079e+00
7.062500000000000e-01 3.680420905921852e+00 1.000032209270171e+00
7.093750000000001e-01 3.738477714466631e+00 1.000032342083421e+00
7.125000000000000e-01 3.797447255866536e+00 1.000032363536821e+00
7.156250000000001e-01 3.857343927275175e+00 1.000031887503371e+00
7.187500000000000e-01 3.918182352200844e+00 1.000036148483201e+00
7.218750000000000e-01 3.979977384076828e+00 1.000078194882939e+00
7.250000000000001e-01 4.042744109887770e+00 1.000250645453769e+00
7.281250000000000e-01 4.106497853853101e+00 1.000711833620063e+00
7.312500000000001e-01 4.171254181168399e+00 1.001635908323343e+00
7.343750000000000e-01 4.237028901805528e+00 1.003124163590804e+00
7.375000000000000e-01 4.303838074372613e+00 1.005135067306331e+00
7.406250000000001e-01 4.371698010034643e+00 1.007479684128292e+00
7.437500000000000e-01 4.440625276495786e+00 1.009882335025361e+00
7.468750000000001e-01 4.510636702044332e+00 1.012068351418855e+00
7.500000000000000e-01 4.581749379661216e+00 1.013836022389332e+00
7.531250000000000e-01 4.653980671193226e+00 1.015089823590106e+00
7.562500000000001e-01 4.727348211591802e+00 1.015835793071727e+00
7.593750000000000e-01 4.801869913218528e+00 1.016153579643887e+00
7.625000000000001e-01 4.877563970218381e+00 1.016161607515894e+00
7.656250000000000e-01 4.954448862961714e+00 1.015986827133396e+00
7.687500000000000e-01 5.032543362556198e+00 1.015744122843133e+00
7.718750000000001e-01 5.111866535429675e+00 1.015525611694187e+00
7.750000000000000e-01 5.192437747985146e+00 1.015397578580076e+00
7.781250000000001e-01 5.274276671329015e+00 1.015402183259018e+00
7.812500000000000e-01 5.357403286073669e+00 1.015561480368318e+00
7.843750000000000e-01 5.441837887215693e+00 1.015882063120257e+00
7.875000000000001e-01 5.527601089090773e+00 1.016359352070940e+00
7.906250000000000e-01 5.614713830406605e+00 1.016981109712542e+00
7.937500000000001e-01 5.703197379355005e+00 1.017730081341569e+00
7.968750000000000e-01 5.793073338804412e+00 1.018585818371619e+00
8.000000000000000e-01 5.884363651574169e+00 1.019525778064353e+00
8.031250000000001e-01 5.977090605791737e+00 1.020525856799852e+00
8.062500000000000e-01 6.071276840334257e+00 1.021560577163383e+00
8.093750000000001e-01 6.166945350355728e+00 1.022603154912193e+00
8.125000000000000e-01 6.264119492901173e+00 1.023625539006373e+00
8.156250000000000e-01 6.362822992609162e+00 1.024598361018476e+00
8.187500000000001e-01 6.463079947504072e+00 1.025490752763718e+00
8.218750000000000e-01 6.564914834879517e+00 1.026270330559318e+00
8.250000000000001e-01 6.668352517274371e+00 1.026904136483468e+00
8.281250000000000e-01 6.773418248542846e+00 1.027361544475225e+00
8.312500000000000e-01 6.880137680020114e+00 1.027619632276286e+00
8.343750000000001e-01 6.988536866784961e+00 1.027670227201427e+00
8.375000000000000e-01 7.098642274021019e+00 1.027526317931417e+00
8.406250000000001e-01 7.210480783478133e+00 1.027224780371924e+00
8.437500000000000e-01 7.324079700035414e+00 1.026823133034226e+00
8.468750000000000e-01 7.439466758367605e+00 1.026390144106129e+00
8.500000000000001e-01 7.556670129716381e+00 1.025992518040253e+00
8.531250000000000e-01 7.675718428768239e+00 1.025681424410285e+00
8.562500000000001e-01 7.796640720640633e+00 1.025482731282798e+00
8.593750000000000e-01 7.919466527978115e+00 1.025393625634522e+00
8.625000000000000e-01 8.044225838160141e+00 1.025386364327431e+00
8.656250000000001e-01 8.170949110622363e+00 1.025417781027689e+00
8.687500000000000e-01 8.299667284293170e+00 1.025441481596463e+00
8.718750000000001e-01 8.430411785147284e+00 1.025418983643277e+00
8.750000000000000e-01 8.563214533878281e+00 1.025326732536324e+00
8.781250000000000e-01 8.698107953691880e+00 1.025157709262068e+00
8.812500000000001e-01 8.835124978221932e+00 1.024918406660605e+00
8.843750000000000e-01 8.974299059571019e+00 1.024623341305012e+00
8.875000000000001e-01 9.115664176477637e+00 1.024289484801113e+00
8.906250000000000e-01 9.259254842611947e+00 1.023932236066705e+00
8.937500000000000e-01 9.405106115002161e+00 1.023563440747889e+00
8.968750000000001e-01 9.553253602593529e+00 1.023191095886306e+00
9.000000000000000e-01 9.703733474942130e+00 1.022820015784276e+00
9.031250000000001e-01 9.856582471045494e+00 1.022452799099373e+00
9.062500000000000e-01 1.001183790831228e+01 1.022090695242898e+00
9.093750000000000e-01 1.016953769167313e+01 1.021734220818454e+00
9.125000000000001e-01 1.032972032283505e+01 1.021383533472167e+00
9.156250000000000e-01 1.049242490968134e+01 1.021038631543496e+00
9.187500000000001e-01 1.065769117581972e+01 1.020699449340682e+00
9.218750000000000e-01 1.082555947028058e+01 1.020365898275545e+00
9.250000000000000e-01 1.099607077736805e+01 1.020037883143751e+00
9.281250000000001e-01 1.116926672666618e+01 1.019715307904130e+00
9.312500000000000e-01 1.134518960320255e+01 1.019398077552784e+00
9.343750000000001e-01 1.152388235777201e+01 1.019086098672990e+00
9.375000000000000e-01 1.170538861742293e+01 1.018779279602044e+00
9.406250000000000e-01 1.188975269610854e+01 1.018477530424303e+00
9.437500000000001e-01 1.207701960550600e+01 1.018180762929709e+00
9.468750000000000e-01 1.226723506600578e+01 1.017888890572567e+00
9.500000000000001e-01 1.246044551787411e+01 1.017601828465270e+00
9.531250000000000e-01 1.265669813259115e+01 1.017319493337522e+00
9.562500000000000e-01 1.285604082436773e+01 1.017041803461095e+00
9.593750000000001e-01 1.305852226184337e+01 1.016768678678907e+00
9.625000000000000e-01 1.326419187996850e+01 1.016500040330200e+00
9.656250000000001e-01 1.347309989207381e+01 1.016235811175980e+00
9.687500000000000e-01 1.368529730212962e+01 1.015975915497979e+00
9.718750000000000e-01 1.390083591719824e+01 1.015720278955094e+00
9.750000000000001e-01 1.411976836008246e+01 1.015468828544084e+00
9.781250000000000e-01 1.434214808217320e+01 1.015221492664331e+00
9.812500000000001e-01 1.456802937649935e+01 1.014978201044148e+00
9.843750000000000e-01 1.479746739098328e+01 1.014738884701940e+00
9.875000000000000e-01 1.503051814190487e+01 1.014503475872915e+00
9.906250000000001e-01 1.526723852757770e+01 1.014271908108982e+00
9.937500000000000e-01 1.550768634224049e+01 1.014044116136521e+00
9.968750000000001e-01 1.575192029016732e+01 1.013820035887331e+00
1.000000000000000e+00 1.600000000000000e+01 1.013599604425932e+00
