0.000000000000000e+00 0.000000000000000e+00 1.000000000000000e+00
3.125000000000000e-03 3.369263549427258e-03 1.034387132359885e+00
6.250000000000000e-03 6.739349689698711e-03 1.011823264139247e+00
9.375000000000001e-03 1.011108121249049e-02 1.007288912350688e+00
1.250000000000000e-02 1.348528131119160e-02 1.005283215233221e+00
1.562500000000000e-02 1.686277378188298e-02 1.004147398235977e+00
1.875000000000000e-02 2.024438322446370e-02 1.003416026885087e+00
2.187500000000000e-02 2.363093524397333e-02 1.002906071086240e+00
2.500000000000000e-02 2.702325665215984e-02 1.002530708796227e+00
2.812500000000000e-02 3.042217566934200e-02 1.002243395242814e+00
3.125000000000000e-02 3.382852212661575e-02 1.002016931052861e+00
3.437500000000000e-02 3.724312766845378e-02 1.001834342941983e+00
3.750000000000001e-02 4.066682595574785e-02 1.001684499357401e+00
4.062500000000000e-02 4.410045286934348e-02 1.001559795100632e+00
4.375000000000000e-02 4.754484671411652e-02 1.001454859688209e+00
4.687500000000000e-02 5.100084842364160e-02 1.001365797272128e+00
5.000000000000000e-02 5.446930176550237e-02 1.001289713931744e+00
5.312500000000001e-02 5.795105354729364e-02 1.001224421586153e+00
5.625000000000000e-02 6.144695382336569e-02 1.001168232949964e+00
5.937500000000000e-02 6.495785610236132e-02 1.001119825746978e+00
6.250000000000000e-02 6.848461755559625e-02 1.001078165697324e+00
6.562500000000000e-02 7.202809922633362e-02 1.001042421285095e+00
6.875000000000001e-02 7.558916624000402e-02 1.001011924545927e+00
7.187500000000001e-02 7.916868801542200e-02 1.000986133566591e+00
7.500000000000001e-02 8.276753847705080e-02 1.000964613632071e+00
7.812500000000000e-02 8.638659626836727e-02 1.000947002163384e+00
8.125000000000000e-02 9.002674496637868e-02 1.000933006772244e+00
8.437500000000001e-02 9.368887329734420e-02 1.000922396772244e+00
8.750000000000001e-02 9.737387535375355e-02 1.000914981537046e+00
9.062500000000001e-02 1.010826508126157e-01 1.000910608449183e+00
9.375000000000000e-02 1.048161051551108e-01 1.000909152259505e+00
9.687500000000000e-02 1.085751498876601e-01 1.000910523193806e+00
1.000000000000000e-01 1.123607027644654e-01 1.000914665748345e+00
1.031250000000000e-01 1.161736880115753e-01 1.000921535977533e+00
1.062500000000000e-01 1.200150365525305e-01 1.000931111226337e+00
1.093750000000000e-01 1.238856862356450e-01 1.000943384722896e+00
1.125000000000000e-01 1.277865820629775e-01 1.000958373930791e+00
1.156250000000000e-01 1.317186764210495e-01 1.000976109194900e+00
1.187500000000000e-01 1.356829293133661e-01 1.000996637168110e+00
1.218750000000000e-01 1.396803085947971e-01 1.001020018951332e+00
1.250000000000000e-01 1.437117902078738e-01 1.001046328654560e+00
1.281250000000000e-01 1.477783584210617e-01 1.001075659049096e+00
1.312500000000000e-01 1.518810060690650e-01 1.001108111597304e+00
1.343750000000000e-01 1.560207347952229e-01 1.001143804990514e+00
1.375000000000000e-01 1.601985552960564e-01 1.001182877920086e+00
1.406250000000000e-01 1.644154875680252e-01 1.001225477846815e+00
1.437500000000000e-01 1.686725611565558e-01 1.001271771465643e+00
1.468750000000000e-01 1.729708154074000e-01 1.001321938885467e+00
1.500000000000000e-01 1.773112997203869e-01 1.001376176343953e+00
1.531250000000000e-01 1.816950738056289e-01 1.001434697481715e+00
1.562500000000000e-01 1.861232079422458e-01 1.001497741110948e+00
1.593750000000000e-01 1.905967832396682e-01 1.001565559690109e+00
1.625000000000000e-01 1.951168919015860e-01 1.001638426975768e+00
1.656250000000000e-01 1.996846374926046e-01 1.001716640568644e+00
1.687500000000000e-01 2.043011352076760e-01 1.001800516164740e+00
1.718750000000000e-01 2.089675121443681e-01 1.001890397983922e+00
1.750000000000000e-01 2.136849075780412e-01 1.001986654471319e+00
1.781250000000000e-01 2.184544732399964e-01 1.002089680556478e+00
1.812500000000000e-01 2.232773735986666e-01 1.002199897391057e+00
1.843750000000000e-01 2.281547861439151e-01 1.002317753233794e+00
1.875000000000000e-01 2.330879016745160e-01 1.002443744859897e+00
1.906250000000000e-01 2.380779245888810e-01 1.002578387357190e+00
1.937500000000000e-01 2.431260731791094e-01 1.002722233140258e+00
1.968750000000000e-01 2.482335799284277e-01 1.002875878285034e+00
2.000000000000000e-01 2.534016918120952e-01 1.003039945095276e+00
2.031250000000000e-01 2.586316706018478e-01 1.003215107597443e+00
2.062500000000000e-01 2.639247931739538e-01 1.003402087498661e+00
2.093750000000000e-01 2.692823518209576e-01 1.003601646960253e+00
2.125000000000000e-01 2.747056545671873e-01 1.003814591498714e+00
2.156250000000000e-01 2.801960254881028e-01 1.004041773988867e+00
2.187500000000000e-01 2.857548050335636e-01 1.004284110021291e+00
2.218750000000000e-01 2.913833503550930e-01 1.004542557844746e+00
2.250000000000000e-01 2.970830356372213e-01 1.004818138890712e+00
2.281250000000000e-01 3.028552524329863e-01 1.005111927945034e+00
2.312500000000000e-01 3.087014100036755e-01 1.005425047552259e+00
2.343750000000000e-01 3.146229356628902e-01 1.005758692198018e+00
2.375000000000000e-01 3.206212751250189e-01 1.006114107756352e+00
2.406250000000000e-01 3.266978928582008e-01 1.006492599201220e+00
2.437500000000000e-01 3.328542724418705e-01 1.006895532928105e+00
2.468750000000000e-01 3.390919169289667e-01 1.007324321219685e+00
2.500000000000000e-01 3.454123492128958e-01 1.007780445545839e+00
2.531250000000000e-01 3.518171123993401e-01 1.008265426403900e+00
2.562500000000000e-01 3.583077701830001e-01 1.008780833564235e+00
2.593750000000000e-01 3.648859072293631e-01 1.009328284874726e+00
2.625000000000000e-01 3.715531295615936e-01 1.009909418613139e+00
2.656250000000000e-01 3.783110649526354e-01 1.010525911155917e+00
2.687500000000000e-01 3.851613633226258e-01 1.011179448799687e+00
2.718750000000000e-01 3.921056971417164e-01 1.011871712872422e+00
2.750000000000000e-01 3.991457618383991e-01 1.012604389424852e+00
2.781250000000000e-01 4.062832762134377e-01 1.013379116026077e+00
2.812500000000000e-01 4.135199828595055e-01 1.014197492186927e+00
2.843750000000000e-01 4.208576485866312e-01 1.015061048270309e+00
2.875000000000000e-01 4.282980648535585e-01 1.015971202334445e+00
2.906250000000000e-01 4.358430482051222e-01 1.016929264985204e+00
2.937500000000000e-01 4.434944407157500e-01 1.017936379911074e+00
2.968750000000000e-01 4.512541104391968e-01 1.018993492239692e+00
3.000000000000000e-01 4.591239518646220e-01 1.020101338801816e+00
3.031250000000000e-01 4.671058863791195e-01 1.021260362356166e+00
3.062500000000000e-01 4.752018627368176e-01 1.022470705393101e+00
3.093750000000000e-01 4.834138575346580e-01 1.023732158695571e+00
3.125000000000000e-01 4.917438756949728e-01 1.025044086890379e+00
3.156250000000000e-01 5.001939509549778e-01 1.026405422349081e+00
3.187500000000000e-01 5.087661463633005e-01 1.027814594775322e+00
3.218750000000000e-01 5.174625547836644e-01 1.029269469318000e+00
3.250000000000000e-01 5.262852994058529e-01 1.030767352914951e+00
3.281250000000000e-01 5.352365342640750e-01 1.032304903074750e+00
3.312500000000000e-01 5.443184447628656e-01 1.033878115114009e+00
3.343750000000000e-01 5.535332482106405e-01 1.035482319913368e+00
3.375000000000000e-01 5.628831943610435e-01 1.037112123853530e+00
3.406250000000000e-01 5.723705659622137e-01 1.038761431001483e+00
3.437500000000000e-01 5.819976793141081e-01 1.040423475321781e+00
3.468750000000000e-01 5.917668848340161e-01 1.042090787858493e+00
3.500000000000000e-01 6.016805676304035e-01 1.043755295667769e+00
3.531250000000000e-01 6.117411480852264e-01 1.045408372148869e+00
3.562500000000000e-01 6.219510824448572e-01 1.047040884816353e+00
3.593750000000000e-01 6.323128634197650e-01 1.048643338680034e+00
3.625000000000000e-01 6.428290207931012e-01 1.050205994921909e+00
3.656250000000000e-01 6.535021220383342e-01 1.051718960691624e+00
3.687500000000000e-01 6.643347729460869e-01 1.053172406532690e+00
3.718750000000000e-01 6.753296182603294e-01 1.054556702446857e+00
3.750000000000000e-01 6.864893423240808e-01 1.055862567210313e+00
3.781250000000000e-01 6.978166697347804e-01 1.057081284518950e+00
3.812500000000000e-01 7.093143660094854e-01 1.058204869098643e+00
3.843750000000000e-01 7.209852382600603e-01 1.059226185898984e+00
3.875000000000000e-01 7.328321358785219e-01 1.060139157257303e+00
3.906250000000000e-01 7.448579512327029e-01 1.060938869245039e+00
3.937500000000000e-01 7.570656203724140e-01 1.061621650089018e+00
3.968750000000000e-01 7.694581237462648e-01 1.062185177673913e+00
4.000000000000000e-01 7.820384869293291e-01 1.062628531070565e+00
4.031250000000000e-01 7.948097813618253e-01 1.062952158075461e+00
4.062500000000000e-01 8.077751250989945e-01 1.063157892265037e+00
4.093750000000000e-01 8.209376835723596e-01 1.063248905203432e+00
4.125000000000000e-01 8.343006703625532e-01 1.063229597626850e+00
4.156250000000000e-01 8.478673479838968e-01 1.063105508581062e+00
4.187500000000000e-01 8.616410286809313e-01 1.062883214048236e+00
4.218750000000000e-01 8.756250752370857e-01 1.062570158696024e+00
4.250000000000000e-01 8.898229017956865e-01 1.062174507461347e+00
4.281250000000000e-01 9.042379746935050e-01 1.061705012489497e+00
4.312500000000000e-01 9.188738133070491e-01 1.061170843491530e+00
4.343750000000000e-01 9.337339909118028e-01 1.060581427271871e+00
4.375000000000000e-01 9.488221355546261e-01 1.059946315929231e+00
4.406250000000000e-01 9.641419309395265e-01 1.059275052818464e+00
4.437500000000000e-01 9.796971173270190e-01 1.058577034784613e+00
4.468750000000000e-01 9.954914924472941e-01 1.057861413068734e+00
4.500000000000000e-01 1.011528912427417e+00 1.057136999477089e+00
4.531250000000000e-01 1.027813292732786e+00 1.056412184537562e+00
4.562500000000000e-01 1.044348609123070e+00 1.055694868078650e+00
4.593750000000000e-01 1.061138898622882e+00 1.054992416690293e+00
4.625000000000000e-01 1.078188260507393e+00 1.054311619584814e+00
4.656250000000000e-01 1.095500857303154e+00 1.053658670238425e+00
4.687500000000000e-01 1.113080915804360e+00 1.053039150425286e+00
4.718750000000000e-01 1.130932728104805e+00 1.052458026358535e+00
4.750000000000000e-01 1.149060652645771e+00 1.051919647551572e+00
4.781250000000000e-01 1.167469115280130e+00 1.051427772204703e+00
4.812500000000000e-01 1.186162610352890e+00 1.050985580084782e+00
4.843750000000000e-01 1.205145701798475e+00 1.050595689021370e+00
4.875000000000000e-01 1.224423024254985e+00 1.050260178553134e+00
4.906250000000000e-01 1.243999284195726e+00 1.049980635928675e+00
4.937500000000000e-01 1.263879261078271e+00 1.049758180745600e+00
4.968750000000000e-01 1.284067808511348e+00 1.049593486986035e+00
5.000000000000000e-01 1.304569855439823e+00 1.049486812475440e+00
5.031250000000000e-01 1.325390407348082e+00 1.049438049571815e+00
5.062500000000000e-01 1.346534547482100e+00 1.049446754657453e+00
5.093750000000000e-01 1.368007438090487e+00 1.049512168011887e+00
5.125000000000001e-01 1.389814321684837e+00 1.049633234240866e+00
5.156250000000000e-01 1.411960522319654e+00 1.049808645789690e+00
5.187500000000000e-01 1.434451446892208e+00 1.050036876266735e+00
5.218750000000000e-01 1.457292586462593e+00 1.050316200653653e+00
5.250000000000000e-01 1.480489517594354e+00 1.050644701159185e+00
5.281250000000001e-01 1.504047903715979e+00 1.051020291141462e+00
5.312500000000000e-01 1.527973496503592e+00 1.051440745240029e+00
5.343750000000000e-01 1.552272137285215e+00 1.051903726616083e+00
5.375000000000000e-01 1.576949758466886e+00 1.052406790039822e+00
5.406250000000000e-01 1.602012384981041e+00 1.052947385483262e+00
5.437500000000001e-01 1.627466135757470e+00 1.053522867481355e+00
5.468750000000000e-01 1.653317225217225e+00 1.054130516118273e+00
5.500000000000000e-01 1.679571964789851e+00 1.054767549949156e+00
5.531250000000000e-01 1.706236764454286e+00 1.055431133249066e+00
5.562500000000000e-01 1.733318134303830e+00 1.056118369651791e+00
5.593750000000001e-01 1.760822686135563e+00 1.056826301027730e+00
5.625000000000000e-01 1.788757135064574e+00 1.057551908581792e+00
5.656250000000000e-01 1.817128301163438e+00 1.058292118601507e+00
5.687500000000000e-01 1.845943111127301e+00 1.059043802903781e+00
5.718750000000000e-01 1.875208599965003e+00 1.059803777458987e+00
5.750000000000001e-01 1.904931912716643e+00 1.060568793713222e+00
5.781250000000000e-01 1.935120306198011e+00 1.061335532387757e+00
5.812500000000000e-01 1.965781150772311e+00 1.062100595884706e+00
5.843750000000000e-01 1.996921932149593e+00 1.062860502871549e+00
5.875000000000000e-01 2.028550253214365e+00 1.063611681232886e+00
5.906250000000001e-01 2.060673835881802e+00 1.064350460093523e+00
5.937500000000000e-01 2.093300522983012e+00 1.065073059129358e+00
5.968750000000000e-01 2.126438280179837e+00 1.065775577917479e+00
6.000000000000001e-01 2.160095197909630e+00 1.066453984445625e+00
6.031250000000000e-01 2.194279493360494e+00 1.067104106511372e+00
6.062500000000001e-01 2.228999512477486e+00 1.067721624570768e+00
6.093750000000000e-01 2.264263732000228e+00 1.068302068694182e+00
6.125000000000000e-01 2.300080761532477e+00 1.068840819411891e+00
6.156250000000001e-01 2.336459345644116e+00 1.069333113961639e+00
6.187500000000000e-01 2.373408366006099e+00 1.069774059644540e+00
6.218750000000001e-01 2.410936843558884e+00 1.070158655222595e+00
6.250000000000000e-01 2.449053940714840e+00 1.070481823915951e+00
6.281250000000000e-01 2.487768963595221e+00 1.070738459427482e+00
6.312500000000001e-01 2.527091364302215e+00 1.070923488776409e+00
6.343750000000000e-01 2.567030743226622e+00 1.071031954663225e+00
6.375000000000001e-01 2.607596851391758e+00 1.071059120749009e+00
6.406250000000000e-01 2.648799592834118e+00 1.071000602786050e+00
6.437500000000000e-01 2.690649027021411e+00 1.070852527753927e+00
6.468750000000001e-01 2.733155371308524e+00 1.070611722296084e+00
6.500000000000000e-01 2.776329003432049e+00 1.070275929409330e+00
6.531250000000001e-01 2.820180464043967e+00 1.069844049747487e+00
6.562500000000000e-01 2.864720459285089e+00 1.069316399795927e+00
6.593750000000000e-01 2.909959863398929e+00 1.068694974676830e+00
6.625000000000001e-01 2.955909721386590e+00 1.067983697717682e+00
6.656250000000000e-01 3.002581251703353e+00 1.067188632577996e+00
6.687500000000001e-01 3.049985848997626e+00 1.066318130230838e+00
6.718750000000000e-01 3.098135086892879e+00 1.065382878454641e+00
6.750000000000000e-01 3.147040720813310e+00 1.064395822976356e+00
6.781250000000001e-01 3.196714690853871e+00 1.063371934163229e+00
6.812500000000000e-01 3.247169124695383e+00 1.062327803231414e+00
6.843750000000001e-01 3.298416340565477e+00 1.061281067293642e+00
6.875000000000000e-01 3.350468850246008e+00 1.060249682678610e+00
6.906250000000000e-01 3.403339362127777e+00 1.059251084951620e+00
6.937500000000001e-01 3.457040784313211e+00 1.058301293662598e+00
6.968750000000000e-01 3.511586227767823e+00 1.057414031619107e+00
7.000000000000001e-01 3.566989009521205e+00 1.056599935064964e+00
7.031250000000000e-01 3.623262655918307e+00 1.055865925145769e+00
7.062500000000000e-01 3.680420905921852e+00 1.055214800134481e+00
7.093750000000001e-01 3.738477714466631e+00 1.054645087777121e+00
7.125000000000000e-01 3.797447255866536e+00 1.054151174327942e+00
7.156250000000001e-01 3.857343927275175e+00 1.053723703997460e+00
7.187500000000000e-01 3.918182352200844e+00 1.053350219594812e+00
7.218750000000000e-01 3.979977384076828e+00 1.053015998222625e+00
7.250000000000001e-01 4.042744109887770e+00 1.052705021181585e+00
7.281250000000000e-01 4.106497853853101e+00 1.052401007122892e+00
7.312500000000001e-01 4.171254181168399e+00 1.052088432733168e+00
7.343750000000000e-01 4.237028901805528e+00 1.051753463702568e+00
7.375000000000000e-01 4.303838074372613e+00 1.051384724123517e+00
7.406250000000001e-01 4.371698010034643e+00 1.050973843544237e+00
7.437500000000000e-01 4.440625276495786e+00 1.050515740673677e+00
7.468750000000001e-01 4.510636702044332e+00 1.050008626827871e+00
7.500000000000000e-01 4.581749379661216e+00 1.049453743635857e+00
7.531250000000000e-01 4.653980671193226e+00 1.048854878288517e+00
7.562500000000001e-01 4.727348211591802e+00 1.048217724754146e+00
7.593750000000000e-01 4.801869913218528e+00 1.047549174154932e+00
7.625000000000001e-01 4.877563970218381e+00 1.046856618254868e+00
7.656250000000000e-01 4.954448862961714e+00 1.046147339835625e+00
7.687500000000000e-01 5.032543362556198e+00 1.045428040179428e+00
7.718750000000001e-01 5.111866535429675e+00 1.044704528185890e+00
7.750000000000000e-01 5.192437747985146e+00 1.043981568427143e+00
7.781250000000001e-01 5.274276671329015e+00 1.043262865003346e+00
7.812500000000000e-01 5.357403286073669e+00 1.042551144966208e+00
7.843750000000000e-01 5.441837887215693e+00 1.041848302060367e+00
7.875000000000001e-01 5.527601089090773e+00 1.041155565111391e+00
7.906250000000000e-01 5.614713830406605e+00 1.040473663185435e+00
7.937500000000001e-01 5.703197379355005e+00 1.039802970497410e+00
7.968750000000000e-01 5.793073338804412e+00 1.039143623130230e+00
8.000000000000000e-01 5.884363651574169e+00 1.038495605780213e+00
8.031250000000001e-01 5.977090605791737e+00 1.037858812542696e+00
8.062500000000000e-01 6.071276840334257e+00 1.037233086908606e+00
8.093750000000001e-01 6.166945350355728e+00 1.036618246235762e+00
8.125000000000000e-01 6.264119492901173e+00 1.036014096425858e+00
8.156250000000000e-01 6.362822992609162e+00 1.035420439897006e+00
8.187500000000001e-01 6.463079947504072e+00 1.034837079552365e+00
8.218750000000000e-01 6.564914834879517e+00 1.034263820996967e+00
8.250000000000001e-01 6.668352517274371e+00 1.033700473320453e+00
8.281250000000000e-01 6.773418248542846e+00 1.033146849505784e+00
8.312500000000000e-01 6.880137680020114e+00 1.032602766403449e+00
8.343750000000001e-01 6.988536866784961e+00 1.032068044892325e+00
8.375000000000000e-01 7.098642274021019e+00 1.031542509545386e+00
8.406250000000001e-01 7.210480783478133e+00 1.031025988854123e+00
8.437500000000000e-01 7.324079700035414e+00 1.030518314896211e+00
8.468750000000000e-01 7.439466758367605e+00 1.030019323291004e+00
8.500000000000001e-01 7.556670129716381e+00 1.029528853154347e+00
8.531250000000000e-01 7.675718428768239e+00 1.029046747037258e+00
8.562500000000001e-01 7.796640720640633e+00 1.028572850731579e+00
8.593750000000000e-01 7.919466527978115e+00 1.028107013347391e+00
8.625000000000000e-01 8.044225838160141e+00 1.027649087031378e+00
8.656250000000001e-01 8.170949110622363e+00 1.027198927081617e+00
8.687500000000000e-01 8.299667284293170e+00 1.026756391711420e+00
8.718750000000001e-01 8.430411785147284e+00 1.026321342121353e+00
8.750000000000000e-01 8.563214533878281e+00 1.025893642352238e+00
8.781250000000000e-01 8.698107953691880e+00 1.025473159138960e+00
8.812500000000001e-01 8.835124978221932e+00 1.025059762071752e+00
8.843750000000000e-01 8.974299059571019e+00 1.024653323231883e+00
8.875000000000001e-01 9.115664176477637e+00 1.024253717397775e+00
8.906250000000000e-01 9.259254842611947e+00 1.023860821857091e+00
8.937500000000000e-01 9.405106115002161e+00 1.023474516307121e+00
8.968750000000001e-01 9.553253602593529e+00 1.023094682886916e+00
9.000000000000000e-01 9.703733474942130e+00 1.022721206034801e+00
9.031250000000001e-01 9.856582471045494e+00 1.022353972565031e+00
9.062500000000000e-01 1.001183790831228e+01 1.021992871482449e+00
9.093750000000000e-01 1.016953769167313e+01 1.021637794016187e+00
9.125000000000001e-01 1.032972032283505e+01 1.021288633478951e+00
9.156250000000000e-01 1.049242490968134e+01 1.020945285301418e+00
9.187500000000001e-01 1.065769117581972e+01 1.020607646935943e+00
9.218750000000000e-01 1.082555947028058e+01 1.020275617891541e+00
9.250000000000000e-01 1.099607077736805e+01 1.019949099551040e+00
9.281250000000001e-01 1.116926672666618e+01 1.019627995293917e+00
9.312500000000000e-01 1.134518960320255e+01 1.019312210270545e+00
9.343750000000001e-01 1.152388235777201e+01 1.019001651525534e+00
9.375000000000000e-01 1.170538861742293e+01 1.018696227859783e+00
9.406250000000000e-01 1.188975269610854e+01 1.018395849823577e+00
9.437500000000001e-01 1.207701960550600e+01 1.018100429666357e+00
9.468750000000000e-01 1.226723506600578e+01 1.017809881286767e+00
9.500000000000001e-01 1.246044551787411e+01 1.017524120226454e+00
9.531250000000000e-01 1.265669813259115e+01 1.017243063664044e+00
9.562500000000000e-01 1.285604082436773e+01 1.016966630322356e+00
9.593750000000001e-01 1.305852226184337e+01 1.016694740419383e+00
9.625000000000000e-01 1.326419187996850e+01 1.016427315662943e+00
9.656250000000001e-01 1.347309989207381e+01 1.016164279288932e+00
9.687500000000000e-01 1.368529730212962e+01 1.015905555925948e+00
9.718750000000000e-01 1.390083591719824e+01 1.015651071590502e+00
9.750000000000001e-01 1.411976836008246e+01 1.015400753682374e+00
9.781250000000000e-01 1.434214808217320e+01 1.015154530980095e+00
9.812500000000001e-01 1.456802937649935e+01 1.014912333549791e+00
9.843750000000000e-01 1.479746739098328e+01 1.014674092741026e+00
9.875000000000000e-01 1.503051814190487e+01 1.014439741139398e+00
9.906250000000001e-01 1.526723852757770e+01 1.014209212649365e+00
9.937500000000000e-01 1.550768634224049e+01 1.013982442317012e+00
9.968750000000001e-01 1.575192029016732e+01 1.013759366369816e+00
1.000000000000000e+00 1.600000000000000e+01 1.013539922256467e+00
