0.000000000000000e+00 0.000000000000000e+00 1.000000000000000e+00
3.125000000000000e-03 3.369263549427258e-03 1.000000014213088e+00
6.250000000000000e-03 6.739349689698711e-03 1.000000047938360e+00
9.375000000000001e-03 1.011108121249049e-02 1.000000100608908e+00
1.250000000000000e-02 1.348528131119160e-02 1.000000173030915e+00
1.562500000000000e-02 1.686277378188298e-02 1.000000265809023e+00
1.875000000000000e-02 2.024438322446370e-02 1.000000379346328e+00
2.187500000000000e-02 2.363093524397333e-02 1.000000514650565e+00
2.500000000000000e-02 2.702325665215984e-02 1.000000670411697e+00
2.812500000000000e-02 3.042217566934200e-02 1.000000847805416e+00
3.125000000000000e-02 3.382852212661575e-02 1.000001048847190e+00
3.437500000000000e-02 3.724312766845378e-02 1.000001274611944e+00
3.750000000000001e-02 4.066682595574785e-02 1.000001525402013e+00
4.062500000000000e-02 4.410045286934348e-02 1.000001803434420e+00
4.375000000000000e-02 4.754484671411652e-02 1.000002110120008e+00
4.687500000000000e-02 5.100084842364160e-02 1.000002446063443e+00
5.000000000000000e-02 5.446930176550237e-02 1.000002813280213e+00
5.312500000000001e-02 5.795105354729364e-02 1.000003212845265e+00
5.625000000000000e-02 6.144695382336569e-02 1.000003647815423e+00
5.937500000000000e-02 6.495785610236132e-02 1.000004120878015e+00
6.250000000000000e-02 6.848461755559625e-02 1.000004634821155e+00
6.562500000000000e-02 7.202809922633362e-02 1.000005191761144e+00
6.875000000000001e-02 7.558916624000402e-02 1.000005794150203e+00
7.187500000000001e-02 7.916868801542200e-02 1.000006445750621e+00
7.500000000000001e-02 8.276753847705080e-02 1.000007148779509e+00
7.812500000000000e-02 8.638659626836727e-02 1.000007907503056e+00
8.125000000000000e-02 9.002674496637868e-02 1.000008727128024e+00
8.437500000000001e-02 9.368887329734420e-02 1.000009612592474e+00
8.750000000000001e-02 9.737387535375355e-02 1.000010567524438e+00
9.062500000000001e-02 1.010826508126157e-01 1.000011597197946e+00
9.375000000000000e-02 1.048161051551108e-01 1.000012707626081e+00
9.687500000000000e-02 1.085751498876601e-01 1.000013904015773e+00
1.000000000000000e-01 1.123607027644654e-01 1.000015194328497e+00
1.031250000000000e-01 1.161736880115753e-01 1.000016586928892e+00
1.062500000000000e-01 1.200150365525305e-01 1.000018089946532e+00
1.093750000000000e-01 1.238856862356450e-01 1.000019709394805e+00
1.125000000000000e-01 1.277865820629775e-01 1.000021454982258e+00
1.156250000000000e-01 1.317186764210495e-01 1.000023339743127e+00
1.187500000000000e-01 1.356829293133661e-01 1.000025373990870e+00
1.218750000000000e-01 1.396803085947971e-01 1.000027568375011e+00
1.250000000000000e-01 1.437117902078738e-01 1.000029936031041e+00
1.281250000000000e-01 1.477783584210617e-01 1.000032492815615e+00
1.312500000000000e-01 1.518810060690650e-01 1.000035254820796e+00
1.343750000000000e-01 1.560207347952229e-01 1.000038239045932e+00
1.375000000000000e-01 1.601985552960564e-01 1.000041463095379e+00
1.406250000000000e-01 1.644154875680252e-01 1.000044947496423e+00
1.437500000000000e-01 1.686725611565558e-01 1.000048715363455e+00
1.468750000000000e-01 1.729708154074000e-01 1.000052789945815e+00
1.500000000000000e-01 1.773112997203869e-01 1.000057198457443e+00
1.531250000000000e-01 1.816950738056289e-01 1.000061969255237e+00
1.562500000000000e-01 1.861232079422458e-01 1.000067133518837e+00
1.593750000000000e-01 1.905967832396682e-01 1.000072725687522e+00
1.625000000000000e-01 1.951168919015860e-01 1.000078783695592e+00
1.656250000000000e-01 1.996846374926046e-01 1.000085348703886e+00
1.687500000000000e-01 2.043011352076760e-01 1.000092465805552e+00
1.718750000000000e-01 2.089675121443681e-01 1.000100185470975e+00
1.750000000000000e-01 2.136849075780412e-01 1.000108559012990e+00
1.781250000000000e-01 2.184544732399964e-01 1.000117646280464e+00
1.812500000000000e-01 2.232773735986666e-01 1.000127511661234e+00
1.843750000000000e-01 2.281547861439151e-01 1.000138224250777e+00
1.875000000000000e-01 2.330879016745160e-01 1.000149864001055e+00
1.906250000000000e-01 2.380779245888810e-01 1.000162514364214e+00
1.937500000000000e-01 2.431260731791094e-01 1.000176268744180e+00
1.968750000000000e-01 2.482335799284277e-01 1.000191228448848e+00
2.000000000000000e-01 2.534016918120952e-01 1.000207505682009e+00
2.031250000000000e-01 2.586316706018478e-01 1.000225223579178e+00
2.062500000000000e-01 2.639247931739538e-01 1.000244513455067e+00
2.093750000000000e-01 2.692823518209576e-01 1.000265525390229e+00
2.125000000000000e-01 2.747056545671873e-01 1.000288420104008e+00
2.156250000000000e-01 2.801960254881028e-01 1.000313374906015e+00
2.187500000000000e-01 2.857548050335636e-01 1.000340587700207e+00
2.218750000000000e-01 2.913833503550930e-01 1.000370271816827e+00
2.250000000000000e-01 2.970830356372213e-01 1.000402659514418e+00
2.281250000000000e-01 3.028552524329863e-01 1.000438005483636e+00
2.312500000000000e-01 3.087014100036755e-01 1.000476599763158e+00
2.343750000000000e-01 3.146229356628902e-01 1.000518753807500e+00
2.375000000000000e-01 3.206212751250189e-01 1.000564803560261e+00
2.406250000000000e-01 3.266978928582008e-01 1.000615125403690e+00
2.437500000000000e-01 3.328542724418705e-01 1.000670128385086e+00
2.468750000000000e-01 3.390919169289667e-01 1.000730265907885e+00
2.500000000000000e-01 3.454123492128958e-01 1.000796030857953e+00
2.531250000000000e-01 3.518171123993401e-01 1.000867962332358e+00
2.562500000000000e-01 3.583077701830001e-01 1.000946656445603e+00
2.593750000000000e-01 3.648859072293631e-01 1.001032758284881e+00
2.625000000000000e-01 3.715531295615936e-01 1.001126981277865e+00
2.656250000000000e-01 3.783110649526354e-01 1.001230100920958e+00
2.687500000000000e-01 3.851613633226258e-01 1.001342962644248e+00
2.718750000000000e-01 3.921056971417164e-01 1.001466496492289e+00
2.750000000000000e-01 3.991457618383991e-01 1.001601705995462e+00
2.781250000000000e-01 4.062832762134377e-01 1.001749692554694e+00
2.812500000000000e-01 4.135199828595055e-01 1.001911650525986e+00
2.843750000000000e-01 4.208576485866312e-01 1.002088871689166e+00
2.875000000000000e-01 4.282980648535585e-01 1.002282767398063e+00
2.906250000000000e-01 4.358430482051222e-01 1.002494851331720e+00
2.937500000000000e-01 4.434944407157500e-01 1.002726765487088e+00
2.968750000000000e-01 4.512541104391968e-01 1.002980279511862e+00
3.000000000000000e-01 4.591239518646220e-01 1.003257282721807e+00
3.031250000000000e-01 4.671058863791195e-01 1.003559814438305e+00
3.062500000000000e-01 4.752018627368176e-01 1.003890038890635e+00
3.093750000000000e-01 4.834138575346580e-01 1.004250259058478e+00
3.125000000000000e-01 4.917438756949728e-01 1.004642926021563e+00
3.156250000000000e-01 5.001939509549778e-01 1.005070604321566e+00
3.187500000000000e-01 5.087661463633005e-01 1.005535999980370e+00
3.218750000000000e-01 5.174625547836644e-01 1.006041931612950e+00
3.250000000000000e-01 5.262852994058529e-01 1.006591304231731e+00
3.281250000000000e-01 5.352365342640750e-01 1.007187126235334e+00
3.312500000000000e-01 5.443184447628656e-01 1.007832442974827e+00
3.343750000000000e-01 5.535332482106405e-01 1.008530323281410e+00
3.375000000000000e-01 5.628831943610435e-01 1.009283839835289e+00
3.406250000000000e-01 5.723705659622137e-01 1.010095975262566e+00
3.437500000000000e-01 5.819976793141081e-01 1.010969612415401e+00
3.468750000000000e-01 5.917668848340161e-01 1.011907460342888e+00
3.500000000000000e-01 6.016805676304035e-01 1.012911947124458e+00
3.531250000000000e-01 6.117411480852264e-01 1.013985196714946e+00
3.562500000000000e-01 6.219510824448572e-01 1.015128900808179e+00
3.593750000000000e-01 6.323128634197650e-01 1.016344209363103e+00
3.625000000000000e-01 6.428290207931012e-01 1.017631685835889e+00
3.656250000000000e-01 6.535021220383342e-01 1.018991138679397e+00
3.687500000000000e-01 6.643347729460869e-01 1.020421525983757e+00
3.718750000000000e-01 6.753296182603294e-01 1.021920895794846e+00
3.750000000000000e-01 6.864893423240808e-01 1.023486211071936e+00
3.781250000000000e-01 6.978166697347804e-01 1.025113292915503e+00
3.812500000000000e-01 7.093143660094854e-01 1.026796780047446e+00
3.843750000000000e-01 7.209852382600603e-01 1.028529992642087e+00
3.875000000000000e-01 7.328321358785219e-01 1.030304954650787e+00
3.906250000000000e-01 7.448579512327029e-01 1.032112420758036e+00
3.937500000000000e-01 7.570656203724140e-01 1.033941834250554e+00
3.968750000000000e-01 7.694581237462648e-01 1.035781468814222e+00
4.000000000000000e-01 7.820384869293291e-01 1.037618575677259e+00
4.031250000000000e-01 7.948097813618253e-01 1.039439472635094e+00
4.062500000000000e-01 8.077751250989945e-01 1.041229822421671e+00
4.093750000000000e-01 8.209376835723596e-01 1.042974918876604e+00
4.125000000000000e-01 8.343006703625532e-01 1.044659895614252e+00
4.156250000000000e-01 8.478673479838968e-01 1.046270105803922e+00
4.187500000000000e-01 8.616410286809313e-01 1.047791497049144e+00
4.218750000000000e-01 8.756250752370857e-01 1.049210870369619e+00
4.250000000000000e-01 8.898229017956865e-01 1.050516245725530e+00
4.281250000000000e-01 9.042379746935050e-01 1.051697220591407e+00
4.312500000000000e-01 9.188738133070491e-01 1.052745157005073e+00
4.343750000000000e-01 9.337339909118028e-01 1.053653404134545e+00
4.375000000000000e-01 9.488221355546261e-01 1.054417516065507e+00
4.406250000000000e-01 9.641419309395265e-01 1.055035281491648e+00
4.437500000000000e-01 9.796971173270190e-01 1.055506717391699e+00
4.468750000000000e-01 9.954914924472941e-01 1.055834083696695e+00
4.500000000000000e-01 1.011528912427417e+00 1.056021751846722e+00
4.531250000000000e-01 1.027813292732786e+00 1.056075991610333e+00
4.562500000000000e-01 1.044348609123070e+00 1.056004805631180e+00
4.593750000000000e-01 1.061138898622882e+00 1.055817699186487e+00
4.625000000000000e-01 1.078188260507393e+00 1.055525369735787e+00
4.656250000000000e-01 1.095500857303154e+00 1.055139440300525e+00
4.687500000000000e-01 1.113080915804360e+00 1.054672216936114e+00
4.718750000000000e-01 1.130932728104805e+00 1.054136398038163e+00
4.750000000000000e-01 1.149060652645771e+00 1.053544807474551e+00
4.781250000000000e-01 1.167469115280130e+00 1.052910189429040e+00
4.812500000000000e-01 1.186162610352890e+00 1.052245010298548e+00
4.843750000000000e-01 1.205145701798475e+00 1.051561267817334e+00
4.875000000000000e-01 1.224423024254985e+00 1.050870351362552e+00
4.906250000000000e-01 1.243999284195726e+00 1.050182935878374e+00
4.937500000000000e-01 1.263879261078271e+00 1.049508889744258e+00
4.968750000000000e-01 1.284067808511348e+00 1.048857214980649e+00
5.000000000000000e-01 1.304569855439823e+00 1.048236015465405e+00
5.031250000000000e-01 1.325390407348082e+00 1.047652473624678e+00
5.062500000000000e-01 1.346534547482100e+00 1.047112849517232e+00
5.093750000000000e-01 1.368007438090487e+00 1.046622510894216e+00
5.125000000000001e-01 1.389814321684837e+00 1.046185962846647e+00
5.156250000000000e-01 1.411960522319654e+00 1.045806868195148e+00
5.187500000000000e-01 1.434451446892208e+00 1.045488091094128e+00
5.218750000000000e-01 1.457292586462593e+00 1.045231768886907e+00
5.250000000000000e-01 1.480489517594354e+00 1.045039369179529e+00
5.281250000000001e-01 1.504047903715979e+00 1.044911721017822e+00
5.312500000000000e-01 1.527973496503592e+00 1.044849059068156e+00
5.343750000000000e-01 1.552272137285215e+00 1.044851100055808e+00
5.375000000000000e-01 1.576949758466886e+00 1.044917113899535e+00
5.406250000000000e-01 1.602012384981041e+00 1.045045957590759e+00
5.437500000000001e-01 1.627466135757470e+00 1.045236094763731e+00
5.468750000000000e-01 1.653317225217225e+00 1.045485642607698e+00
5.500000000000000e-01 1.679571964789851e+00 1.045792442323534e+00
5.531250000000000e-01 1.706236764454286e+00 1.046154109755713e+00
5.562500000000000e-01 1.733318134303830e+00 1.046568046313073e+00
5.593750000000001e-01 1.760822686135563e+00 1.047031440868973e+00
5.625000000000000e-01 1.788757135064574e+00 1.047541297794489e+00
5.656250000000000e-01 1.817128301163438e+00 1.048094485506264e+00
5.687500000000000e-01 1.845943111127301e+00 1.048687775008604e+00
5.718750000000000e-01 1.875208599965003e+00 1.049317849128005e+00
5.750000000000001e-01 1.904931912716643e+00 1.049981289616823e+00
5.781250000000000e-01 1.935120306198011e+00 1.050674568757386e+00
5.812500000000000e-01 1.965781150772311e+00 1.051394061490554e+00
5.843750000000000e-01 1.996921932149593e+00 1.052136068671345e+00
5.875000000000000e-01 2.028550253214365e+00 1.052896835432899e+00
5.906250000000001e-01 2.060673835881802e+00 1.053672553502412e+00
5.937500000000000e-01 2.093300522983012e+00 1.054459346653417e+00
5.968750000000000e-01 2.126438280179837e+00 1.055253250625701e+00
6.000000000000001e-01 2.160095197909630e+00 1.056050196179703e+00
6.031250000000000e-01 2.194279493360494e+00 1.056845998221388e+00
6.062500000000001e-01 2.228999512477486e+00 1.057636351077402e+00
6.093750000000000e-01 2.264263732000228e+00 1.058416824314543e+00
6.125000000000000e-01 2.300080761532477e+00 1.059182856916539e+00
6.156250000000001e-01 2.336459345644116e+00 1.059929748759274e+00
6.187500000000000e-01 2.373408366006099e+00 1.060652649604982e+00
6.218750000000001e-01 2.410936843558884e+00 1.061346548800275e+00
6.250000000000000e-01 2.449053940714840e+00 1.062006266850412e+00
6.281250000000000e-01 2.487768963595221e+00 1.062626451728350e+00
6.312500000000001e-01 2.527091364302215e+00 1.063201581719606e+00
6.343750000000000e-01 2.567030743226622e+00 1.063725976822658e+00
6.375000000000001e-01 2.607596851391758e+00 1.064193821653731e+00
6.406250000000000e-01 2.648799592834118e+00 1.064599202406962e+00
6.437500000000000e-01 2.690649027021411e+00 1.064936161728188e+00
6.468750000000001e-01 2.733155371308524e+00 1.065198775370888e+00
6.500000000000000e-01 2.776329003432049e+00 1.065381255247498e+00
6.531250000000001e-01 2.820180464043967e+00 1.065478083177411e+00
6.562500000000000e-01 2.864720459285089e+00 1.065484179727516e+00
6.593750000000000e-01 2.909959863398929e+00 1.065395110930861e+00
6.625000000000001e-01 2.955909721386590e+00 1.065207334326355e+00
6.656250000000000e-01 3.002581251703353e+00 1.064918481836434e+00
6.687500000000001e-01 3.049985848997626e+00 1.064527672910854e+00
6.718750000000000e-01 3.098135086892879e+00 1.064035844500559e+00
6.750000000000000e-01 3.147040720813310e+00 1.063446076944926e+00
6.781250000000001e-01 3.196714690853871e+00 1.062763886239313e+00
6.812500000000000e-01 3.247169124695383e+00 1.061997445088597e+00
6.843750000000001e-01 3.298416340565477e+00 1.061157689556246e+00
6.875000000000000e-01 3.350468850246008e+00 1.060258267126400e+00
6.906250000000000e-01 3.403339362127777e+00 1.059315287421157e+00
6.937500000000001e-01 3.457040784313211e+00 1.058346851636984e+00
6.968750000000000e-01 3.511586227767823e+00 1.057372357679020e+00
7.000000000000001e-01 3.566989009521205e+00 1.056411606938252e+00
7.031250000000000e-01 3.623262655918307e+00 1.055483767023012e+00
7.062500000000000e-01 3.680420905921852e+00 1.054606271677326e+00
7.093750000000001e-01 3.738477714466631e+00 1.053793755168934e+00
7.125000000000000e-01 3.797447255866536e+00 1.053057123571467e+00
7.156250000000001e-01 3.857343927275175e+00 1.052402855668731e+00
7.187500000000000e-01 3.918182352200844e+00 1.051832604890103e+00
7.218750000000000e-01 3.979977384076828e+00 1.051343144139564e+00
7.250000000000001e-01 4.042744109887770e+00 1.050926661911578e+00
7.281250000000000e-01 4.106497853853101e+00 1.050571386080438e+00
7.312500000000001e-01 4.171254181168399e+00 1.050262483492541e+00
7.343750000000000e-01 4.237028901805528e+00 1.049983161952408e+00
7.375000000000000e-01 4.303838074372613e+00 1.049715885251111e+00
7.406250000000001e-01 4.371698010034643e+00 1.049443602681669e+00
7.437500000000000e-01 4.440625276495786e+00 1.049150892457054e+00
7.468750000000001e-01 4.510636702044332e+00 1.048824922787764e+00
7.500000000000000e-01 4.581749379661216e+00 1.048456149382610e+00
7.531250000000000e-01 4.653980671193226e+00 1.048038692344978e+00
7.562500000000001e-01 4.727348211591802e+00 1.047570368756599e+00
7.593750000000000e-01 4.801869913218528e+00 1.047052397984175e+00
7.625000000000001e-01 4.877563970218381e+00 1.046488835254308e+00
7.656250000000000e-01 4.954448862961714e+00 1.045885822180872e+00
7.687500000000000e-01 5.032543362556198e+00 1.045250760212058e+00
7.718750000000001e-01 5.111866535429675e+00 1.044591512542433e+00
7.750000000000000e-01 5.192437747985146e+00 1.043915722818341e+00
7.781250000000001e-01 5.274276671329015e+00 1.043230307909860e+00
7.812500000000000e-01 5.357403286073669e+00 1.042541146272906e+00
7.843750000000000e-01 5.441837887215693e+00 1.041852951061507e+00
7.875000000000001e-01 5.527601089090773e+00 1.041169292343296e+00
7.906250000000000e-01 5.614713830406605e+00 1.040492721841935e+00
7.937500000000001e-01 5.703197379355005e+00 1.039824951514594e+00
7.968750000000000e-01 5.793073338804412e+00 1.039167046418367e+00
8.000000000000000e-01 5.884363651574169e+00 1.038519603210962e+00
8.031250000000001e-01 5.977090605791737e+00 1.037882898877842e+00
8.062500000000000e-01 6.071276840334257e+00 1.037257004643694e+00
8.093750000000001e-01 6.166945350355728e+00 1.036641866805538e+00
8.125000000000000e-01 6.264119492901173e+00 1.036037360665093e+00
8.156250000000000e-01 6.362822992609162e+00 1.035443324049597e+00
8.187500000000001e-01 6.463079947504072e+00 1.034859577186850e+00
8.218750000000000e-01 6.564914834879517e+00 1.034285933545434e+00
8.250000000000001e-01 6.668352517274371e+00 1.033722205671753e+00
8.281250000000000e-01 6.773418248542846e+00 1.033168207884133e+00
8.312500000000000e-01 6.880137680020114e+00 1.032623757501633e+00
8.343750000000001e-01 6.988536866784961e+00 1.032088675445441e+00
8.375000000000000e-01 7.098642274021019e+00 1.031562786284596e+00
8.406250000000001e-01 7.210480783478133e+00 1.031045918316854e+00
8.437500000000000e-01 7.324079700035414e+00 1.030537903511496e+00
8.468750000000000e-01 7.439466758367605e+00 1.030038577383726e+00
8.500000000000001e-01 7.556670129716381e+00 1.029547778904637e+00
8.531250000000000e-01 7.675718428768239e+00 1.029065350481150e+00
8.562500000000001e-01 7.796640720640633e+00 1.028591137832919e+00
8.593750000000000e-01 7.919466527978115e+00 1.028124989870108e+00
8.625000000000000e-01 8.044225838160141e+00 1.027666758675599e+00
8.656250000000001e-01 8.170949110622363e+00 1.027216299384210e+00
8.687500000000000e-01 8.299667284293170e+00 1.026773470131702e+00
8.718750000000001e-01 8.430411785147284e+00 1.026338132004372e+00
8.750000000000000e-01 8.563214533878281e+00 1.025910148920298e+00
8.781250000000000e-01 8.698107953691880e+00 1.025489387545754e+00
8.812500000000001e-01 8.835124978221932e+00 1.025075717281099e+00
8.843750000000000e-01 8.974299059571019e+00 1.024669010212676e+00
8.875000000000001e-01 9.115664176477637e+00 1.024269140961988e+00
8.906250000000000e-01 9.259254842611947e+00 1.023875986707549e+00
8.937500000000000e-01 9.405106115002161e+00 1.023489427069519e+00
8.968750000000001e-01 9.553253602593529e+00 1.023109344063664e+00
9.000000000000000e-01 9.703733474942130e+00 1.022735622124458e+00
9.031250000000001e-01 9.856582471045494e+00 1.022368147922382e+00
9.062500000000000e-01 1.001183790831228e+01 1.022006810353577e+00
9.093750000000000e-01 1.016953769167313e+01 1.021651500564114e+00
9.125000000000001e-01 1.032972032283505e+01 1.021302111802968e+00
9.156250000000000e-01 1.049242490968134e+01 1.020958539447023e+00
9.187500000000001e-01 1.065769117581972e+01 1.020620680854874e+00
9.218750000000000e-01 1.082555947028058e+01 1.020288435461073e+00
9.250000000000000e-01 1.099607077736805e+01 1.019961704596327e+00
9.281250000000001e-01 1.116926672666618e+01 1.019640391513787e+00
9.312500000000000e-01 1.134518960320255e+01 1.019324401312778e+00
9.343750000000001e-01 1.152388235777201e+01 1.019013640965573e+00
9.375000000000000e-01 1.170538861742293e+01 1.018708019207446e+00
9.406250000000000e-01 1.188975269610854e+01 1.018407446529749e+00
9.437500000000001e-01 1.207701960550600e+01 1.018111835070594e+00
9.468750000000000e-01 1.226723506600578e+01 1.017821098745227e+00
9.500000000000001e-01 1.246044551787411e+01 1.017535153000382e+00
9.531250000000000e-01 1.265669813259115e+01 1.017253914945093e+00
9.562500000000000e-01 1.285604082436773e+01 1.016977303208161e+00
9.593750000000001e-01 1.305852226184337e+01 1.016705237966770e+00
9.625000000000000e-01 1.326419187996850e+01 1.016437640941072e+00
9.656250000000001e-01 1.347309989207381e+01 1.016174435218245e+00
9.687500000000000e-01 1.368529730212962e+01 1.015915545418232e+00
9.718750000000000e-01 1.390083591719824e+01 1.015660897518184e+00
9.750000000000001e-01 1.411976836008246e+01 1.015410418847848e+00
9.781250000000000e-01 1.434214808217320e+01 1.015164038119180e+00
9.812500000000001e-01 1.456802937649935e+01 1.014921685353769e+00
9.843750000000000e-01 1.479746739098328e+01 1.014683291844560e+00
9.875000000000000e-01 1.503051814190487e+01 1.014448790151822e+00
9.906250000000001e-01 1.526723852757770e+01 1.014218114099233e+00
9.937500000000000e-01 1.550768634224049e+01 1.013991198701955e+00
9.968750000000001e-01 1.575192029016732e+01 1.013767980197057e+00
1.000000000000000e+00 1.600000000000000e+01 1.013548395903785e+00
