0.000000000000000e+00 0.000000000000000e+00 1.000000000000000e+00
3.125000000000000e-03 3.369263549427258e-03 1.034386690027862e+00
6.250000000000000e-03 6.739349689698711e-03 1.011821913051856e+00
9.375000000000001e-03 1.011108121249049e-02 1.007286163566159e+00
1.250000000000000e-02 1.348528131119160e-02 1.005278556505828e+00
1.562500000000000e-02 1.686277378188298e-02 1.004140323775157e+00
1.875000000000000e-02 2.024438322446370e-02 1.003406015317987e+00
2.187500000000000e-02 2.363093524397333e-02 1.002892599752257e+00
2.500000000000000e-02 2.702325665215984e-02 1.002513243630373e+00
2.812500000000000e-02 3.042217566934200e-02 1.002221394330149e+00
3.125000000000000e-02 3.382852212661575e-02 1.001989833503874e+00
3.437500000000000e-02 3.724312766845378e-02 1.001801577398062e+00
3.750000000000001e-02 4.066682595574785e-02 1.001645477465398e+00
4.062500000000000e-02 4.410045286934348e-02 1.001513911375635e+00
4.375000000000000e-02 4.754484671411652e-02 1.001401490589968e+00
4.687500000000000e-02 5.100084842364160e-02 1.001304297556731e+00
5.000000000000000e-02 5.446930176550237e-02 1.001219415822602e+00
5.312500000000001e-02 5.795105354729364e-02 1.001144629263462e+00
5.625000000000000e-02 6.144695382336569e-02 1.001078223826279e+00
5.937500000000000e-02 6.495785610236132e-02 1.001018852894719e+00
6.250000000000000e-02 6.848461755559625e-02 1.000965443888163e+00
6.562500000000000e-02 7.202809922633362e-02 1.000917131860354e+00
6.875000000000001e-02 7.558916624000402e-02 1.000873211576817e+00
7.187500000000001e-02 7.916868801542200e-02 1.000833102314631e+00
7.500000000000001e-02 8.276753847705080e-02 1.000796321547769e+00
7.812500000000000e-02 8.638659626836727e-02 1.000762464991683e+00
8.125000000000000e-02 9.002674496637868e-02 1.000731191323020e+00
8.437500000000001e-02 9.368887329734420e-02 1.000702210545056e+00
8.750000000000001e-02 9.737387535375355e-02 1.000675274550645e+00
9.062500000000001e-02 1.010826508126157e-01 1.000650169834598e+00
9.375000000000000e-02 1.048161051551108e-01 1.000626711748038e+00
9.687500000000000e-02 1.085751498876601e-01 1.000604739687655e+00
1.000000000000000e-01 1.123607027644654e-01 1.000584113359247e+00
1.031250000000000e-01 1.161736880115753e-01 1.000564709695394e+00
1.062500000000000e-01 1.200150365525305e-01 1.000546420193780e+00
1.093750000000000e-01 1.238856862356450e-01 1.000529148955787e+00
1.125000000000000e-01 1.277865820629775e-01 1.000512810772254e+00
1.156250000000000e-01 1.317186764210495e-01 1.000497329769321e+00
1.187500000000000e-01 1.356829293133661e-01 1.000482638147855e+00
1.218750000000000e-01 1.396803085947971e-01 1.000468675109703e+00
1.250000000000000e-01 1.437117902078738e-01 1.000455386017321e+00
1.281250000000000e-01 1.477783584210617e-01 1.000442721553579e+00
1.312500000000000e-01 1.518810060690650e-01 1.000430637208141e+00
1.343750000000000e-01 1.560207347952229e-01 1.000419092624054e+00
1.375000000000000e-01 1.601985552960564e-01 1.000408051177595e+00
1.406250000000000e-01 1.644154875680252e-01 1.000397479464933e+00
1.437500000000000e-01 1.686725611565558e-01 1.000387347068643e+00
1.468750000000000e-01 1.729708154074000e-01 1.000377626137741e+00
1.500000000000000e-01 1.773112997203869e-01 1.000368291200926e+00
1.531250000000000e-01 1.816950738056289e-01 1.000359318839961e+00
1.562500000000000e-01 1.861232079422458e-01 1.000350687596234e+00
1.593750000000000e-01 1.905967832396682e-01 1.000342377597577e+00
1.625000000000000e-01 1.951168919015860e-01 1.000334370651380e+00
1.656250000000000e-01 1.996846374926046e-01 1.000326649824828e+00
1.687500000000000e-01 2.043011352076760e-01 1.000319199538051e+00
1.718750000000000e-01 2.089675121443681e-01 1.000312005284276e+00
1.750000000000000e-01 2.136849075780412e-01 1.000305053629740e+00
1.781250000000000e-01 2.184544732399964e-01 1.000298332120376e+00
1.812500000000000e-01 2.232773735986666e-01 1.000291829141869e+00
1.843750000000000e-01 2.281547861439151e-01 1.000285533872977e+00
1.875000000000000e-01 2.330879016745160e-01 1.000279436192236e+00
1.906250000000000e-01 2.380779245888810e-01 1.000273526677912e+00
1.937500000000000e-01 2.431260731791094e-01 1.000267796514719e+00
1.968750000000000e-01 2.482335799284277e-01 1.000262237447157e+00
2.000000000000000e-01 2.534016918120952e-01 1.000256841732862e+00
2.031250000000000e-01 2.586316706018478e-01 1.000251602095949e+00
2.062500000000000e-01 2.639247931739538e-01 1.000246511773618e+00
2.093750000000000e-01 2.692823518209576e-01 1.000241564329635e+00
2.125000000000000e-01 2.747056545671873e-01 1.000236753700936e+00
2.156250000000000e-01 2.801960254881028e-01 1.000232074244235e+00
2.187500000000000e-01 2.857548050335636e-01 1.000227520596136e+00
2.218750000000000e-01 2.913833503550930e-01 1.000223087719747e+00
2.250000000000000e-01 2.970830356372213e-01 1.000218770866053e+00
2.281250000000000e-01 3.028552524329863e-01 1.000214565486469e+00
2.312500000000000e-01 3.087014100036755e-01 1.000210467332889e+00
2.343750000000000e-01 3.146229356628902e-01 1.000206472325434e+00
2.375000000000000e-01 3.206212751250189e-01 1.000202576675647e+00
2.406250000000000e-01 3.266978928582008e-01 1.000198776740824e+00
2.437500000000000e-01 3.328542724418705e-01 1.000195069121109e+00
2.468750000000000e-01 3.390919169289667e-01 1.000191450513835e+00
2.500000000000000e-01 3.454123492128958e-01 1.000187917810617e+00
2.531250000000000e-01 3.518171123993401e-01 1.000184468048798e+00
2.562500000000000e-01 3.583077701830001e-01 1.000181098411441e+00
2.593750000000000e-01 3.648859072293631e-01 1.000177806275880e+00
2.625000000000000e-01 3.715531295615936e-01 1.000174589019501e+00
2.656250000000000e-01 3.783110649526354e-01 1.000171444262503e+00
2.687500000000000e-01 3.851613633226258e-01 1.000168369673685e+00
2.718750000000000e-01 3.921056971417164e-01 1.000165363018995e+00
2.750000000000000e-01 3.991457618383991e-01 1.000162422210075e+00
2.781250000000000e-01 4.062832762134377e-01 1.000159545207160e+00
2.812500000000000e-01 4.135199828595055e-01 1.000156730067625e+00
2.843750000000000e-01 4.208576485866312e-01 1.000153974945980e+00
2.875000000000000e-01 4.282980648535585e-01 1.000151278045320e+00
2.906250000000000e-01 4.358430482051222e-01 1.000148637714422e+00
2.937500000000000e-01 4.434944407157500e-01 1.000146052253540e+00
2.968750000000000e-01 4.512541104391968e-01 1.000143520157161e+00
3.000000000000000e-01 4.591239518646220e-01 1.000141039919794e+00
3.031250000000000e-01 4.671058863791195e-01 1.000138610084524e+00
3.062500000000000e-01 4.752018627368176e-01 1.000136229291557e+00
3.093750000000000e-01 4.834138575346580e-01 1.000133896229672e+00
3.125000000000000e-01 4.917438756949728e-01 1.000131609587669e+00
3.156250000000000e-01 5.001939509549778e-01 1.000129368102913e+00
3.187500000000000e-01 5.087661463633005e-01 1.000127170658440e+00
3.218750000000000e-01 5.174625547836644e-01 1.000125016088752e+00
3.250000000000000e-01 5.262852994058529e-01 1.000122903276917e+00
3.281250000000000e-01 5.352365342640750e-01 1.000120831203116e+00
3.312500000000000e-01 5.443184447628656e-01 1.000118798847546e+00
3.343750000000000e-01 5.535332482106405e-01 1.000116805190415e+00
3.375000000000000e-01 5.628831943610435e-01 1.000114849309045e+00
3.406250000000000e-01 5.723705659622137e-01 1.000112930232218e+00
3.437500000000000e-01 5.819976793141081e-01 1.000111047134379e+00
3.468750000000000e-01 5.917668848340161e-01 1.000109199141432e+00
3.500000000000000e-01 6.016805676304035e-01 1.000107385427841e+00
3.531250000000000e-01 6.117411480852264e-01 1.000105605168079e+00
3.562500000000000e-01 6.219510824448572e-01 1.000103857633728e+00
3.593750000000000e-01 6.323128634197650e-01 1.000102142047829e+00
3.625000000000000e-01 6.428290207931012e-01 1.000100457681981e+00
3.656250000000000e-01 6.535021220383342e-01 1.000098803856337e+00
3.687500000000000e-01 6.643347729460869e-01 1.000097179891061e+00
3.718750000000000e-01 6.753296182603294e-01 1.000095585106322e+00
3.750000000000000e-01 6.864893423240808e-01 1.000094018870846e+00
3.781250000000000e-01 6.978166697347804e-01 1.000092480553365e+00
3.812500000000000e-01 7.093143660094854e-01 1.000090969522617e+00
3.843750000000000e-01 7.209852382600603e-01 1.000089485244443e+00
3.875000000000000e-01 7.328321358785219e-01 1.000088027136142e+00
3.906250000000000e-01 7.448579512327029e-01 1.000086594663565e+00
3.937500000000000e-01 7.570656203724140e-01 1.000085187244022e+00
3.968750000000000e-01 7.694581237462648e-01 1.000083804391924e+00
4.000000000000000e-01 7.820384869293291e-01 1.000082445573137e+00
4.031250000000000e-01 7.948097813618253e-01 1.000081110350629e+00
4.062500000000000e-01 8.077751250989945e-01 1.000079798190276e+00
4.093750000000000e-01 8.209376835723596e-01 1.000078508655056e+00
4.125000000000000e-01 8.343006703625532e-01 1.000077241259399e+00
4.156250000000000e-01 8.478673479838968e-01 1.000075995614838e+00
4.187500000000000e-01 8.616410286809313e-01 1.000074771235813e+00
4.218750000000000e-01 8.756250752370857e-01 1.000073567733863e+00
4.250000000000000e-01 8.898229017956865e-01 1.000072384720529e+00
4.281250000000000e-01 9.042379746935050e-01 1.000071221758811e+00
4.312500000000000e-01 9.188738133070491e-01 1.000070078460255e+00
4.343750000000000e-01 9.337339909118028e-01 1.000068954484962e+00
4.375000000000000e-01 9.488221355546261e-01 1.000067849444485e+00
4.406250000000000e-01 9.641419309395265e-01 1.000066762998930e+00
4.437500000000000e-01 9.796971173270190e-01 1.000065694759856e+00
4.468750000000000e-01 9.954914924472941e-01 1.000064644387372e+00
4.500000000000000e-01 1.011528912427417e+00 1.000063611590139e+00
4.531250000000000e-01 1.027813292732786e+00 1.000062595979722e+00
4.562500000000000e-01 1.044348609123070e+00 1.000061597264787e+00
4.593750000000000e-01 1.061138898622882e+00 1.000060615154000e+00
4.625000000000000e-01 1.078188260507393e+00 1.000059649356027e+00
4.656250000000000e-01 1.095500857303154e+00 1.000058699530992e+00
4.687500000000000e-01 1.113080915804360e+00 1.000057765387568e+00
4.718750000000000e-01 1.130932728104805e+00 1.000056846682974e+00
4.750000000000000e-01 1.149060652645771e+00 1.000055943125888e+00
4.781250000000000e-01 1.167469115280130e+00 1.000055054424984e+00
4.812500000000000e-01 1.186162610352890e+00 1.000054180288943e+00
4.843750000000000e-01 1.205145701798475e+00 1.000053320523539e+00
4.875000000000000e-01 1.224423024254985e+00 1.000052474837454e+00
4.906250000000000e-01 1.243999284195726e+00 1.000051642987919e+00
4.937500000000000e-01 1.263879261078271e+00 1.000050824732164e+00
4.968750000000000e-01 1.284067808511348e+00 1.000050019875970e+00
5.000000000000000e-01 1.304569855439823e+00 1.000049228128025e+00
5.031250000000000e-01 1.325390407348082e+00 1.000048449294110e+00
5.062500000000000e-01 1.346534547482100e+00 1.000047683131463e+00
5.093750000000000e-01 1.368007438090487e+00 1.000046929397321e+00
5.125000000000001e-01 1.389814321684837e+00 1.000046187946018e+00
5.156250000000000e-01 1.411960522319654e+00 1.000045458534793e+00
5.187500000000000e-01 1.434451446892208e+00 1.000044740969434e+00
5.218750000000000e-01 1.457292586462593e+00 1.000044035007184e+00
5.250000000000000e-01 1.480489517594354e+00 1.000043340502378e+00
5.281250000000001e-01 1.504047903715979e+00 1.000042657260808e+00
5.312500000000000e-01 1.527973496503592e+00 1.000041985039719e+00
5.343750000000000e-01 1.552272137285215e+00 1.000041323741996e+00
5.375000000000000e-01 1.576949758466886e+00 1.000040673124886e+00
5.406250000000000e-01 1.602012384981041e+00 1.000040033042730e+00
5.437500000000001e-01 1.627466135757470e+00 1.000039403301323e+00
5.468750000000000e-01 1.653317225217225e+00 1.000038783755006e+00
5.500000000000000e-01 1.679571964789851e+00 1.000038174258122e+00
5.531250000000000e-01 1.706236764454286e+00 1.000037574616469e+00
5.562500000000000e-01 1.733318134303830e+00 1.000036984684390e+00
5.593750000000001e-01 1.760822686135563e+00 1.000036404316231e+00
5.625000000000000e-01 1.788757135064574e+00 1.000035833366336e+00
5.656250000000000e-01 1.817128301163438e+00 1.000035271689051e+00
5.687500000000000e-01 1.845943111127301e+00 1.000034719138724e+00
5.718750000000000e-01 1.875208599965003e+00 1.000034175569700e+00
5.750000000000001e-01 1.904931912716643e+00 1.000033640884874e+00
5.781250000000000e-01 1.935120306198011e+00 1.000033114890047e+00
5.812500000000000e-01 1.965781150772311e+00 1.000032597536660e+00
5.843750000000000e-01 1.996921932149593e+00 1.000032088679063e+00
5.875000000000000e-01 2.028550253214365e+00 1.000031588220150e+00
5.906250000000001e-01 2.060673835881802e+00 1.000031096062818e+00
5.937500000000000e-01 2.093300522983012e+00 1.000030612109962e+00
5.968750000000000e-01 2.126438280179837e+00 1.000030136215933e+00
6.000000000000001e-01 2.160095197909630e+00 1.000029668332175e+00
6.031250000000000e-01 2.194279493360494e+00 1.000029208410130e+00
6.062500000000001e-01 2.228999512477486e+00 1.000028756304151e+00
6.093750000000000e-01 2.264263732000228e+00 1.000028311965680e+00
6.125000000000000e-01 2.300080761532477e+00 1.000027875491800e+00
6.156250000000001e-01 2.336459345644116e+00 1.000027446639770e+00
6.187500000000000e-01 2.373408366006099e+00 1.000027025409583e+00
6.218750000000001e-01 2.410936843558884e+00 1.000026612043956e+00
6.250000000000000e-01 2.449053940714840e+00 1.000026206300151e+00
6.281250000000000e-01 2.487768963595221e+00 1.000025808032523e+00
6.312500000000001e-01 2.527091364302215e+00 1.000025417872154e+00
6.343750000000000e-01 2.567030743226622e+00 1.000025035673398e+00
6.375000000000001e-01 2.607596851391758e+00 1.000024660853701e+00
6.406250000000000e-01 2.648799592834118e+00 1.000024294335418e+00
6.437500000000000e-01 2.690649027021411e+00 1.000023936895267e+00
6.468750000000001e-01 2.733155371308524e+00 1.000023587271057e+00
6.500000000000000e-01 2.776329003432049e+00 1.000023245754052e+00
6.531250000000001e-01 2.820180464043967e+00 1.000022915062786e+00
6.562500000000000e-01 2.864720459285089e+00 1.000022594663250e+00
6.593750000000000e-01 2.909959863398929e+00 1.000022281933983e+00
6.625000000000001e-01 2.955909721386590e+00 1.000021980467334e+00
6.656250000000000e-01 3.002581251703353e+00 1.000021695312008e+00
6.687500000000001e-01 3.049985848997626e+00 1.000021422050367e+00
6.718750000000000e-01 3.098135086892879e+00 1.000021156798776e+00
6.750000000000000e-01 3.147040720813310e+00 1.000020910625555e+00
6.781250000000001e-01 3.196714690853871e+00 1.000020693773747e+00
6.812500000000000e-01 3.247169124695383e+00 1.000020493233198e+00
6.843750000000001e-01 3.298416340565477e+00 1.000020299294845e+00
6.875000000000000e-01 3.350468850246008e+00 1.000020139095483e+00
6.906250000000000e-01 3.403339362127777e+00 1.000020045403140e+00
6.937500000000001e-01 3.457040784313211e+00 1.000019991566456e+00
6.968750000000000e-01 3.511586227767823e+00 1.000019931030532e+00
7.000000000000001e-01 3.566989009521205e+00 1.000019908020084e+00
7.031250000000000e-01 3.623262655918307e+00 1.000020043121514e+00
7.062500000000000e-01 3.680420905921852e+00 1.000020367549490e+00
7.093750000000001e-01 3.738477714466631e+00 1.000020698045732e+00
7.125000000000000e-01 3.797447255866536e+00 1.000020933344754e+00
7.156250000000001e-01 3.857343927275175e+00 1.000021303648339e+00
7.187500000000000e-01 3.918182352200844e+00 1.000022289798332e+00
7.218750000000000e-01 3.979977384076828e+00 1.000024074812876e+00
7.250000000000001e-01 4.042744109887770e+00 1.000025779245022e+00
7.281250000000000e-01 4.106497853853101e+00 1.000026518545189e+00
7.312500000000001e-01 4.171254181168399e+00 1.000026673405560e+00
7.343750000000000e-01 4.237028901805528e+00 1.000027247651326e+00
7.375000000000000e-01 4.303838074372613e+00 1.000030092524766e+00
7.406250000000001e-01 4.371698010034643e+00 1.000035477426986e+00
7.437500000000000e-01 4.440625276495786e+00 1.000037237075467e+00
7.468750000000001e-01 4.510636702044332e+00 1.000041023628903e+00
7.500000000000000e-01 4.581749379661216e+00 1.000117432504515e+00
7.531250000000000e-01 4.653980671193226e+00 1.000437475311136e+00
7.562500000000001e-01 4.727348211591802e+00 1.001222306465942e+00
7.593750000000000e-01 4.801869913218528e+00 1.002618758476871e+00
7.625000000000001e-01 4.877563970218381e+00 1.004592724774818e+00
7.656250000000000e-01 4.954448862961714e+00 1.006919673338283e+00
7.687500000000000e-01 5.032543362556198e+00 1.009271453736848e+00
7.718750000000001e-01 5.111866535429675e+00 1.011336876487563e+00
7.750000000000000e-01 5.192437747985146e+00 1.012911372606680e+00
7.781250000000001e-01 5.274276671329015e+00 1.013927496910634e+00
7.812500000000000e-01 5.357403286073669e+00 1.014434968639876e+00
7.843750000000000e-01 5.441837887215693e+00 1.014555834727969e+00
7.875000000000001e-01 5.527601089090773e+00 1.014438402943781e+00
7.906250000000000e-01 5.614713830406605e+00 1.014223162239926e+00
7.937500000000001e-01 5.703197379355005e+00 1.014023930176273e+00
7.968750000000000e-01 5.793073338804412e+00 1.013921586200088e+00
8.000000000000000e-01 5.884363651574169e+00 1.013965787299304e+00
8.031250000000001e-01 5.977090605791737e+00 1.014180487455991e+00
8.062500000000000e-01 6.071276840334257e+00 1.014570415654927e+00
8.093750000000001e-01 6.166945350355728e+00 1.015126992731879e+00
8.125000000000000e-01 6.264119492901173e+00 1.015833016523718e+00
8.156250000000000e-01 6.362822992609162e+00 1.016665915019972e+00
8.187500000000001e-01 6.463079947504072e+00 1.017599677868590e+00
8.218750000000000e-01 6.564914834879517e+00 1.018605875215508e+00
8.250000000000001e-01 6.668352517274371e+00 1.019654262126701e+00
8.281250000000000e-01 6.773418248542846e+00 1.020713217708724e+00
8.312500000000000e-01 6.880137680020114e+00 1.021749839172184e+00
8.343750000000001e-01 6.988536866784961e+00 1.022729404684747e+00
8.375000000000000e-01 7.098642274021019e+00 1.023614474071405e+00
8.406250000000001e-01 7.210480783478133e+00 1.024364876617065e+00
8.437500000000000e-01 7.324079700035414e+00 1.024940433286093e+00
8.468750000000000e-01 7.439466758367605e+00 1.025307614269601e+00
8.500000000000001e-01 7.556670129716381e+00 1.025449272092429e+00
8.531250000000000e-01 7.675718428768239e+00 1.025374074252370e+00
8.562500000000001e-01 7.796640720640633e+00 1.025120999106483e+00
8.593750000000000e-01 7.919466527978115e+00 1.024755444676450e+00
8.625000000000000e-01 8.044225838160141e+00 1.024356745804642e+00
8.656250000000001e-01 8.170949110622363e+00 1.024000487301023e+00
8.687500000000000e-01 8.299667284293170e+00 1.023741185196809e+00
8.718750000000001e-01 8.430411785147284e+00 1.023600893656716e+00
8.750000000000000e-01 8.563214533878281e+00 1.023567264017700e+00
8.781250000000000e-01 8.698107953691880e+00 1.023601307707361e+00
8.812500000000001e-01 8.835124978221932e+00 1.023651721837190e+00
8.843750000000000e-01 8.974299059571019e+00 1.023670463380348e+00
8.875000000000001e-01 9.115664176477637e+00 1.023624316361179e+00
8.906250000000000e-01 9.259254842611947e+00 1.023499457261773e+00
8.937500000000000e-01 9.405106115002161e+00 1.023299245373065e+00
8.968750000000001e-01 9.553253602593529e+00 1.023037940720677e+00
9.000000000000000e-01 9.703733474942130e+00 1.022733736053063e+00
9.031250000000001e-01 9.856582471045494e+00 1.022403543420893e+00
9.062500000000000e-01 1.001183790831228e+01 1.022060379759662e+00
9.093750000000000e-01 1.016953769167313e+01 1.021712923434840e+00
9.125000000000001e-01 1.032972032283505e+01 1.021366289081194e+00
9.156250000000000e-01 1.049242490968134e+01 1.021023162265133e+00
9.187500000000001e-01 1.065769117581972e+01 1.020684792645130e+00
9.218750000000000e-01 1.082555947028058e+01 1.020351677521889e+00
9.250000000000000e-01 1.099607077736805e+01 1.020023960405307e+00
9.281250000000001e-01 1.116926672666618e+01 1.019701634542333e+00
9.312500000000000e-01 1.134518960320255e+01 1.019384635786281e+00
9.343750000000001e-01 1.152388235777201e+01 1.019072880605388e+00
9.375000000000000e-01 1.170538861742293e+01 1.018766280280791e+00
9.406250000000000e-01 1.188975269610854e+01 1.018464745818387e+00
9.437500000000001e-01 1.207701960550600e+01 1.018168189209768e+00
9.468750000000000e-01 1.226723506600578e+01 1.017876524084188e+00
9.500000000000001e-01 1.246044551787411e+01 1.017589665651797e+00
9.531250000000000e-01 1.265669813259115e+01 1.017307530647124e+00
9.562500000000000e-01 1.285604082436773e+01 1.017030037474936e+00
9.593750000000001e-01 1.305852226184337e+01 1.016757106002413e+00
9.625000000000000e-01 1.326419187996850e+01 1.016488657604311e+00
9.656250000000001e-01 1.347309989207381e+01 1.016224615157723e+00
9.687500000000000e-01 1.368529730212962e+01 1.015964902986501e+00
9.718750000000000e-01 1.390083591719824e+01 1.015709446805918e+00
9.750000000000001e-01 1.411976836008246e+01 1.015458173667526e+00
9.781250000000000e-01 1.434214808217320e+01 1.015211012055552e+00
9.812500000000001e-01 1.456802937649935e+01 1.014967891731137e+00
9.843750000000000e-01 1.479746739098328e+01 1.014728743728166e+00
9.875000000000000e-01 1.503051814190487e+01 1.014493500399610e+00
9.906250000000001e-01 1.526723852757770e+01 1.014262095312756e+00
9.937500000000000e-01 1.550768634224049e+01 1.014034463245433e+00
9.968750000000001e-01 1.575192029016732e+01 1.013810540182350e+00
1.000000000000000e+00 1.600000000000000e+01 1.013590263261177e+00
