0.000000000000000e+00 0.000000000000000e+00 1.000000000000000e+00
3.125000000000000e-03 3.369263549427258e-03 1.034386692631324e+00
6.250000000000000e-03 6.739349689698711e-03 1.011821921526753e+00
9.375000000000001e-03 1.011108121249049e-02 1.007286168754956e+00
1.250000000000000e-02 1.348528131119160e-02 1.005278560492957e+00
1.562500000000000e-02 1.686277378188298e-02 1.004140326966431e+00
1.875000000000000e-02 2.024438322446370e-02 1.003406017956177e+00
2.187500000000000e-02 2.363093524397333e-02 1.002892601940104e+00
2.500000000000000e-02 2.702325665215984e-02 1.002513245562094e+00
2.812500000000000e-02 3.042217566934200e-02 1.002221396014742e+00
3.125000000000000e-02 3.382852212661575e-02 1.001989834990098e+00
3.437500000000000e-02 3.724312766845378e-02 1.001801578721142e+00
3.750000000000001e-02 4.066682595574785e-02 1.001645478696717e+00
4.062500000000000e-02 4.410045286934348e-02 1.001513912545308e+00
4.375000000000000e-02 4.754484671411652e-02 1.001401491654315e+00
4.687500000000000e-02 5.100084842364160e-02 1.001304298560187e+00
5.000000000000000e-02 5.446930176550237e-02 1.001219416751760e+00
5.312500000000001e-02 5.795105354729364e-02 1.001144630147023e+00
5.625000000000000e-02 6.144695382336569e-02 1.001078224669948e+00
5.937500000000000e-02 6.495785610236132e-02 1.001018853686671e+00
6.250000000000000e-02 6.848461755559625e-02 1.000965444631597e+00
6.562500000000000e-02 7.202809922633362e-02 1.000917132553683e+00
6.875000000000001e-02 7.558916624000402e-02 1.000873212245537e+00
7.187500000000001e-02 7.916868801542200e-02 1.000833102972857e+00
7.500000000000001e-02 8.276753847705080e-02 1.000796322171838e+00
7.812500000000000e-02 8.638659626836727e-02 1.000762465551335e+00
8.125000000000000e-02 9.002674496637868e-02 1.000731191891073e+00
8.437500000000001e-02 9.368887329734420e-02 1.000702211095117e+00
8.750000000000001e-02 9.737387535375355e-02 1.000675275072478e+00
9.062500000000001e-02 1.010826508126157e-01 1.000650170325248e+00
9.375000000000000e-02 1.048161051551108e-01 1.000626712243227e+00
9.687500000000000e-02 1.085751498876601e-01 1.000604740145976e+00
1.000000000000000e-01 1.123607027644654e-01 1.000584113817103e+00
1.031250000000000e-01 1.161736880115753e-01 1.000564710146189e+00
1.062500000000000e-01 1.200150365525305e-01 1.000546420623410e+00
1.093750000000000e-01 1.238856862356450e-01 1.000529149367209e+00
1.125000000000000e-01 1.277865820629775e-01 1.000512811152504e+00
1.156250000000000e-01 1.317186764210495e-01 1.000497330131366e+00
1.187500000000000e-01 1.356829293133661e-01 1.000482638500795e+00
1.218750000000000e-01 1.396803085947971e-01 1.000468675436933e+00
1.250000000000000e-01 1.437117902078738e-01 1.000455386295639e+00
1.281250000000000e-01 1.477783584210617e-01 1.000442721813241e+00
1.312500000000000e-01 1.518810060690650e-01 1.000430637467117e+00
1.343750000000000e-01 1.560207347952229e-01 1.000419092889624e+00
1.375000000000000e-01 1.601985552960564e-01 1.000408051441797e+00
1.406250000000000e-01 1.644154875680252e-01 1.000397479733909e+00
1.437500000000000e-01 1.686725611565558e-01 1.000387347305771e+00
1.468750000000000e-01 1.729708154074000e-01 1.000377626360310e+00
1.500000000000000e-01 1.773112997203869e-01 1.000368291390739e+00
1.531250000000000e-01 1.816950738056289e-01 1.000359319020674e+00
1.562500000000000e-01 1.861232079422458e-01 1.000350687737824e+00
1.593750000000000e-01 1.905967832396682e-01 1.000342377734162e+00
1.625000000000000e-01 1.951168919015860e-01 1.000334370746113e+00
1.656250000000000e-01 1.996846374926046e-01 1.000326649894768e+00
1.687500000000000e-01 2.043011352076760e-01 1.000319199579333e+00
1.718750000000000e-01 2.089675121443681e-01 1.000312005317369e+00
1.750000000000000e-01 2.136849075780412e-01 1.000305053691491e+00
1.781250000000000e-01 2.184544732399964e-01 1.000298332189632e+00
1.812500000000000e-01 2.232773735986666e-01 1.000291829204983e+00
1.843750000000000e-01 2.281547861439151e-01 1.000285533929496e+00
1.875000000000000e-01 2.330879016745160e-01 1.000279436247389e+00
1.906250000000000e-01 2.380779245888810e-01 1.000273526735112e+00
1.937500000000000e-01 2.431260731791094e-01 1.000267796554861e+00
1.968750000000000e-01 2.482335799284277e-01 1.000262237454549e+00
2.000000000000000e-01 2.534016918120952e-01 1.000256841714553e+00
2.031250000000000e-01 2.586316706018478e-01 1.000251602094471e+00
2.062500000000000e-01 2.639247931739538e-01 1.000246511726654e+00
2.093750000000000e-01 2.692823518209576e-01 1.000241564275848e+00
2.125000000000000e-01 2.747056545671873e-01 1.000236753673076e+00
2.156250000000000e-01 2.801960254881028e-01 1.000232074222061e+00
2.187500000000000e-01 2.857548050335636e-01 1.000227520599207e+00
2.218750000000000e-01 2.913833503550930e-01 1.000223087693934e+00
2.250000000000000e-01 2.970830356372213e-01 1.000218770821535e+00
2.281250000000000e-01 3.028552524329863e-01 1.000214565403858e+00
2.312500000000000e-01 3.087014100036755e-01 1.000210467235382e+00
2.343750000000000e-01 3.146229356628902e-01 1.000206472217125e+00
2.375000000000000e-01 3.206212751250189e-01 1.000202576569499e+00
2.406250000000000e-01 3.266978928582008e-01 1.000198776619439e+00
2.437500000000000e-01 3.328542724418705e-01 1.000195068960041e+00
2.468750000000000e-01 3.390919169289667e-01 1.000191450344125e+00
2.500000000000000e-01 3.454123492128958e-01 1.000187917631015e+00
2.531250000000000e-01 3.518171123993401e-01 1.000184467839746e+00
2.562500000000000e-01 3.583077701830001e-01 1.000181098202277e+00
2.593750000000000e-01 3.648859072293631e-01 1.000177806057051e+00
2.625000000000000e-01 3.715531295615936e-01 1.000174588795783e+00
2.656250000000000e-01 3.783110649526354e-01 1.000171444023094e+00
2.687500000000000e-01 3.851613633226258e-01 1.000168369396868e+00
2.718750000000000e-01 3.921056971417164e-01 1.000165362734674e+00
2.750000000000000e-01 3.991457618383991e-01 1.000162421907334e+00
2.781250000000000e-01 4.062832762134377e-01 1.000159544838927e+00
2.812500000000000e-01 4.135199828595055e-01 1.000156729666418e+00
2.843750000000000e-01 4.208576485866312e-01 1.000153974526809e+00
2.875000000000000e-01 4.282980648535585e-01 1.000151277610345e+00
2.906250000000000e-01 4.358430482051222e-01 1.000148637213727e+00
2.937500000000000e-01 4.434944407157500e-01 1.000146051740112e+00
2.968750000000000e-01 4.512541104391968e-01 1.000143519645895e+00
3.000000000000000e-01 4.591239518646220e-01 1.000141039387494e+00
3.031250000000000e-01 4.671058863791195e-01 1.000138609527779e+00
3.062500000000000e-01 4.752018627368176e-01 1.000136228736064e+00
3.093750000000000e-01 4.834138575346580e-01 1.000133895628473e+00
3.125000000000000e-01 4.917438756949728e-01 1.000131608927573e+00
3.156250000000000e-01 5.001939509549778e-01 1.000129367409162e+00
3.187500000000000e-01 5.087661463633005e-01 1.000127169902270e+00
3.218750000000000e-01 5.174625547836644e-01 1.000125015289150e+00
3.250000000000000e-01 5.262852994058529e-01 1.000122902452075e+00
3.281250000000000e-01 5.352365342640750e-01 1.000120830326542e+00
3.312500000000000e-01 5.443184447628656e-01 1.000118797901275e+00
3.343750000000000e-01 5.535332482106405e-01 1.000116804218222e+00
3.375000000000000e-01 5.628831943610435e-01 1.000114848266132e+00
3.406250000000000e-01 5.723705659622137e-01 1.000112929193401e+00
3.437500000000000e-01 5.819976793141081e-01 1.000111046042011e+00
3.468750000000000e-01 5.917668848340161e-01 1.000109198013592e+00
3.500000000000000e-01 6.016805676304035e-01 1.000107384256570e+00
3.531250000000000e-01 6.117411480852264e-01 1.000105603972592e+00
3.562500000000000e-01 6.219510824448572e-01 1.000103856416527e+00
3.593750000000000e-01 6.323128634197650e-01 1.000102140790040e+00
3.625000000000000e-01 6.428290207931012e-01 1.000100456401226e+00
3.656250000000000e-01 6.535021220383342e-01 1.000098802504978e+00
3.687500000000000e-01 6.643347729460869e-01 1.000097178462617e+00
3.718750000000000e-01 6.753296182603294e-01 1.000095583582261e+00
3.750000000000000e-01 6.864893423240808e-01 1.000094017278456e+00
3.781250000000000e-01 6.978166697347804e-01 1.000092478859332e+00
3.812500000000000e-01 7.093143660094854e-01 1.000090967792657e+00
3.843750000000000e-01 7.209852382600603e-01 1.000089483439787e+00
3.875000000000000e-01 7.328321358785219e-01 1.000088025268500e+00
3.906250000000000e-01 7.448579512327029e-01 1.000086592693372e+00
3.937500000000000e-01 7.570656203724140e-01 1.000085185182193e+00
3.968750000000000e-01 7.694581237462648e-01 1.000083802255967e+00
4.000000000000000e-01 7.820384869293291e-01 1.000082443382495e+00
4.031250000000000e-01 7.948097813618253e-01 1.000081108029581e+00
4.062500000000000e-01 8.077751250989945e-01 1.000079795771453e+00
4.093750000000000e-01 8.209376835723596e-01 1.000078506129134e+00
4.125000000000000e-01 8.343006703625532e-01 1.000077238623650e+00
4.156250000000000e-01 8.478673479838968e-01 1.000075992882452e+00
4.187500000000000e-01 8.616410286809313e-01 1.000074768426572e+00
4.218750000000000e-01 8.756250752370857e-01 1.000073564830258e+00
4.250000000000000e-01 8.898229017956865e-01 1.000072381667760e+00
4.281250000000000e-01 9.042379746935050e-01 1.000071218566541e+00
4.312500000000000e-01 9.188738133070491e-01 1.000070075154067e+00
4.343750000000000e-01 9.337339909118028e-01 1.000068951057806e+00
4.375000000000000e-01 9.488221355546261e-01 1.000067845852022e+00
4.406250000000000e-01 9.641419309395265e-01 1.000066759217397e+00
4.437500000000000e-01 9.796971173270190e-01 1.000065690834617e+00
4.468750000000000e-01 9.954914924472941e-01 1.000064640277953e+00
4.500000000000000e-01 1.011528912427417e+00 1.000063607281304e+00
4.531250000000000e-01 1.027813292732786e+00 1.000062591472155e+00
4.562500000000000e-01 1.044348609123070e+00 1.000061592584410e+00
4.593750000000000e-01 1.061138898622882e+00 1.000060610245557e+00
4.625000000000000e-01 1.078188260507393e+00 1.000059644189505e+00
4.656250000000000e-01 1.095500857303154e+00 1.000058694150163e+00
4.687500000000000e-01 1.113080915804360e+00 1.000057759755026e+00
4.718750000000000e-01 1.130932728104805e+00 1.000056840791217e+00
4.750000000000000e-01 1.149060652645771e+00 1.000055936939443e+00
4.781250000000000e-01 1.167469115280130e+00 1.000055047933620e+00
4.812500000000000e-01 1.186162610352890e+00 1.000054173507668e+00
4.843750000000000e-01 1.205145701798475e+00 1.000053313395506e+00
4.875000000000000e-01 1.224423024254985e+00 1.000052467384266e+00
4.906250000000000e-01 1.243999284195726e+00 1.000051635207870e+00
4.937500000000000e-01 1.263879261078271e+00 1.000050816600243e+00
4.968750000000000e-01 1.284067808511348e+00 1.000050011295311e+00
5.000000000000000e-01 1.304569855439823e+00 1.000049219133418e+00
5.031250000000000e-01 1.325390407348082e+00 1.000048439848493e+00
5.062500000000000e-01 1.346534547482100e+00 1.000047673174465e+00
5.093750000000000e-01 1.368007438090487e+00 1.000046918951683e+00
5.125000000000001e-01 1.389814321684837e+00 1.000046176967285e+00
5.156250000000000e-01 1.411960522319654e+00 1.000045447008413e+00
5.187500000000000e-01 1.434451446892208e+00 1.000044728809003e+00
5.218750000000000e-01 1.457292586462593e+00 1.000044022209404e+00
5.250000000000000e-01 1.480489517594354e+00 1.000043326996763e+00
5.281250000000001e-01 1.504047903715979e+00 1.000042642958224e+00
5.312500000000000e-01 1.527973496503592e+00 1.000041969987348e+00
5.343750000000000e-01 1.552272137285215e+00 1.000041307818076e+00
5.375000000000000e-01 1.576949758466886e+00 1.000040656343970e+00
5.406250000000000e-01 1.602012384981041e+00 1.000040015298972e+00
5.437500000000001e-01 1.627466135757470e+00 1.000039384523440e+00
5.468750000000000e-01 1.653317225217225e+00 1.000038763857730e+00
5.500000000000000e-01 1.679571964789851e+00 1.000038153142203e+00
5.531250000000000e-01 1.706236764454286e+00 1.000037552217217e+00
5.562500000000000e-01 1.733318134303830e+00 1.000036960923133e+00
5.593750000000001e-01 1.760822686135563e+00 1.000036379100312e+00
5.625000000000000e-01 1.788757135064574e+00 1.000035806535907e+00
5.656250000000000e-01 1.817128301163438e+00 1.000035243070280e+00
5.687500000000000e-01 1.845943111127301e+00 1.000034688597002e+00
5.718750000000000e-01 1.875208599965003e+00 1.000034143009644e+00
5.750000000000001e-01 1.904931912716643e+00 1.000033606148568e+00
5.781250000000000e-01 1.935120306198011e+00 1.000033077854140e+00
5.812500000000000e-01 1.965781150772311e+00 1.000032557913517e+00
5.843750000000000e-01 1.996921932149593e+00 1.000032046167065e+00
5.875000000000000e-01 2.028550253214365e+00 1.000031542614771e+00
5.906250000000001e-01 2.060673835881802e+00 1.000031047150208e+00
5.937500000000000e-01 2.093300522983012e+00 1.000030559560536e+00
5.968750000000000e-01 2.126438280179837e+00 1.000030079686123e+00
6.000000000000001e-01 2.160095197909630e+00 1.000029607314129e+00
6.031250000000000e-01 2.194279493360494e+00 1.000029142444545e+00
6.062500000000001e-01 2.228999512477486e+00 1.000028685077358e+00
6.093750000000000e-01 2.264263732000228e+00 1.000028234999732e+00
6.125000000000000e-01 2.300080761532477e+00 1.000027791998828e+00
6.156250000000001e-01 2.336459345644116e+00 1.000027355861810e+00
6.187500000000000e-01 2.373408366006099e+00 1.000026926695083e+00
6.218750000000001e-01 2.410936843558884e+00 1.000026504551844e+00
6.250000000000000e-01 2.449053940714840e+00 1.000026089112844e+00
6.281250000000000e-01 2.487768963595221e+00 1.000025680058833e+00
6.312500000000001e-01 2.527091364302215e+00 1.000025277336597e+00
6.343750000000000e-01 2.567030743226622e+00 1.000024881212161e+00
6.375000000000001e-01 2.607596851391758e+00 1.000024491632312e+00
6.406250000000000e-01 2.648799592834118e+00 1.000024107958561e+00
6.437500000000000e-01 2.690649027021411e+00 1.000023730031281e+00
6.468750000000001e-01 2.733155371308524e+00 1.000023358382532e+00
6.500000000000000e-01 2.776329003432049e+00 1.000022993065514e+00
6.531250000000001e-01 2.820180464043967e+00 1.000022633228914e+00
6.562500000000000e-01 2.864720459285089e+00 1.000022278553486e+00
6.593750000000000e-01 2.909959863398929e+00 1.000021929943738e+00
6.625000000000001e-01 2.955909721386590e+00 1.000021587506075e+00
6.656250000000000e-01 3.002581251703353e+00 1.000021249910327e+00
6.687500000000001e-01 3.049985848997626e+00 1.000020917050076e+00
6.718750000000000e-01 3.098135086892879e+00 1.000020590468307e+00
6.750000000000000e-01 3.147040720813310e+00 1.000020269632949e+00
6.781250000000001e-01 3.196714690853871e+00 1.000019952522149e+00
6.812500000000000e-01 3.247169124695383e+00 1.000019640466066e+00
6.843750000000001e-01 3.298416340565477e+00 1.000019335273714e+00
6.875000000000000e-01 3.350468850246008e+00 1.000019034018733e+00
6.906250000000000e-01 3.403339362127777e+00 1.000018736009436e+00
6.937500000000001e-01 3.457040784313211e+00 1.000018445183094e+00
6.968750000000000e-01 3.511586227767823e+00 1.000018159517858e+00
7.000000000000001e-01 3.566989009521205e+00 1.000017875502102e+00
7.031250000000000e-01 3.623262655918307e+00 1.000017598137223e+00
7.062500000000000e-01 3.680420905921852e+00 1.000017327582836e+00
7.093750000000001e-01 3.738477714466631e+00 1.000017057241348e+00
7.125000000000000e-01 3.797447255866536e+00 1.000016793018660e+00
7.156250000000001e-01 3.857343927275175e+00 1.000016537384259e+00
7.187500000000000e-01 3.918182352200844e+00 1.000016280034531e+00
7.218750000000000e-01 3.979977384076828e+00 1.000016029550528e+00
7.250000000000001e-01 4.042744109887770e+00 1.000015788802314e+00
7.281250000000000e-01 4.106497853853101e+00 1.000015542933054e+00
7.312500000000001e-01 4.171254181168399e+00 1.000015308431576e+00
7.343750000000000e-01 4.237028901805528e+00 1.000015081865045e+00
7.375000000000000e-01 4.303838074372613e+00 1.000014845956779e+00
7.406250000000001e-01 4.371698010034643e+00 1.000014632952822e+00
7.437500000000000e-01 4.440625276495786e+00 1.000014415784502e+00
7.468750000000001e-01 4.510636702044332e+00 1.000014193495133e+00
7.500000000000000e-01 4.581749379661216e+00 1.000014006546998e+00
7.531250000000000e-01 4.653980671193226e+00 1.000013789997847e+00
7.562500000000001e-01 4.727348211591802e+00 1.000013600010897e+00
7.593750000000000e-01 4.801869913218528e+00 1.000013422686025e+00
7.625000000000001e-01 4.877563970218381e+00 1.000013222063032e+00
7.656250000000000e-01 4.954448862961714e+00 1.000013076477732e+00
7.687500000000000e-01 5.032543362556198e+00 1.000012874673019e+00
7.718750000000001e-01 5.111866535429675e+00 1.000012761952779e+00
7.750000000000000e-01 5.192437747985146e+00 1.000012588342251e+00
7.781250000000001e-01 5.274276671329015e+00 1.000012450917018e+00
7.812500000000000e-01 5.357403286073669e+00 1.000012361382407e+00
7.843750000000000e-01 5.441837887215693e+00 1.000012220693216e+00
7.875000000000001e-01 5.527601089090773e+00 1.000012188109602e+00
7.906250000000000e-01 5.614713830406605e+00 1.000012012867179e+00
7.937500000000001e-01 5.703197379355005e+00 1.000012137236397e+00
7.968750000000000e-01 5.793073338804412e+00 1.000011966608587e+00
8.000000000000000e-01 5.884363651574169e+00 1.000012151474141e+00
8.031250000000001e-01 5.977090605791737e+00 1.000011966045831e+00
8.062500000000000e-01 6.071276840334257e+00 1.000012454293559e+00
8.093750000000001e-01 6.166945350355728e+00 1.000012316643242e+00
8.125000000000000e-01 6.264119492901173e+00 1.000012870958822e+00
8.156250000000000e-01 6.362822992609162e+00 1.000012787051743e+00
8.187500000000001e-01 6.463079947504072e+00 1.000013794162254e+00
8.218750000000000e-01 6.564914834879517e+00 1.000014390516670e+00
8.250000000000001e-01 6.668352517274371e+00 1.000014921985415e+00
8.281250000000000e-01 6.773418248542846e+00 1.000016468783921e+00
8.312500000000000e-01 6.880137680020114e+00 1.000016566535184e+00
8.343750000000001e-01 6.988536866784961e+00 1.000021242343227e+00
8.375000000000000e-01 7.098642274021019e+00 1.000021729976446e+00
8.406250000000001e-01 7.210480783478133e+00 1.000025086407648e+00
8.437500000000000e-01 7.324079700035414e+00 1.000030443541001e+00
8.468750000000000e-01 7.439466758367605e+00 1.000030476913083e+00
8.500000000000001e-01 7.556670129716381e+00 1.000047171985637e+00
8.531250000000000e-01 7.675718428768239e+00 1.000060252120098e+00
8.562500000000001e-01 7.796640720640633e+00 1.000060129151855e+00
8.593750000000000e-01 7.919466527978115e+00 1.000089857628829e+00
8.625000000000000e-01 8.044225838160141e+00 1.000116846805454e+00
8.656250000000001e-01 8.170949110622363e+00 1.000115768957875e+00
8.687500000000000e-01 8.299667284293170e+00 1.000202276969911e+00
8.718750000000001e-01 8.430411785147284e+00 1.000408487290879e+00
8.750000000000000e-01 8.563214533878281e+00 1.000544057433063e+00
8.781250000000000e-01 8.698107953691880e+00 1.000537589122777e+00
8.812500000000001e-01 8.835124978221932e+00 1.000719705673046e+00
8.843750000000000e-01 8.974299059571019e+00 1.001545589973451e+00
8.875000000000001e-01 9.115664176477637e+00 1.003108289919773e+00
8.906250000000000e-01 9.259254842611947e+00 1.005024502008600e+00
8.937500000000000e-01 9.405106115002161e+00 1.006738752412800e+00
8.968750000000001e-01 9.553253602593529e+00 1.007877715039658e+00
9.000000000000000e-01 9.703733474942130e+00 1.008383733610512e+00
9.031250000000001e-01 9.856582471045494e+00 1.008438405677294e+00
9.062500000000000e-01 1.001183790831228e+01 1.008312700948305e+00
9.093750000000000e-01 1.016953769167313e+01 1.008244612760292e+00
9.125000000000001e-01 1.032972032283505e+01 1.008380134679454e+00
9.156250000000000e-01 1.049242490968134e+01 1.008773532588314e+00
9.187500000000001e-01 1.065769117581972e+01 1.009420728670557e+00
9.218750000000000e-01 1.082555947028058e+01 1.010292886840151e+00
9.250000000000000e-01 1.099607077736805e+01 1.011348839094548e+00
9.281250000000001e-01 1.116926672666618e+01 1.012525006173874e+00
9.312500000000000e-01 1.134518960320255e+01 1.013717947426495e+00
9.343750000000001e-01 1.152388235777201e+01 1.014782988621725e+00
9.375000000000000e-01 1.170538861742293e+01 1.015567460807159e+00
9.406250000000000e-01 1.188975269610854e+01 1.015973662763861e+00
9.437500000000001e-01 1.207701960550600e+01 1.016015161630319e+00
9.468750000000000e-01 1.226723506600578e+01 1.015820450660604e+00
9.500000000000001e-01 1.246044551787411e+01 1.015570470899918e+00
9.531250000000000e-01 1.265669813259115e+01 1.015408490935459e+00
9.562500000000000e-01 1.285604082436773e+01 1.015382622637546e+00
9.593750000000001e-01 1.305852226184337e+01 1.015451709394755e+00
9.625000000000000e-01 1.326419187996850e+01 1.015535771619580e+00
9.656250000000001e-01 1.347309989207381e+01 1.015568106614153e+00
9.687500000000000e-01 1.368529730212962e+01 1.015519773324608e+00
9.718750000000000e-01 1.390083591719824e+01 1.015395449135503e+00
9.750000000000001e-01 1.411976836008246e+01 1.015216408917267e+00
9.781250000000000e-01 1.434214808217320e+01 1.015005457902614e+00
9.812500000000001e-01 1.456802937649935e+01 1.014779571464968e+00
9.843750000000000e-01 1.479746739098328e+01 1.014548872784978e+00
9.875000000000000e-01 1.503051814190487e+01 1.014318448025034e+00
9.906250000000001e-01 1.526723852757770e+01 1.014090497673332e+00
9.937500000000000e-01 1.550768634224049e+01 1.013865835689990e+00
9.968750000000001e-01 1.575192029016732e+01 1.013644704853951e+00
1.000000000000000e+00 1.600000000000000e+01 1.013427137379764e+00
