0.000000000000000e+00 0.000000000000000e+00 1.000000000000000e+00
3.125000000000000e-03 3.369263549427258e-03 1.000015767335150e+00
6.250000000000000e-03 6.739349689698711e-03 1.000052617050740e+00
9.375000000000001e-03 1.011108121249049e-02 1.000110614801199e+00
1.250000000000000e-02 1.348528131119160e-02 1.000189714794798e+00
1.562500000000000e-02 1.686277378188298e-02 1.000289999149571e+00
1.875000000000000e-02 2.024438322446370e-02 1.000411596545807e+00
2.187500000000000e-02 2.363093524397333e-02 1.000554580506197e+00
2.500000000000000e-02 2.702325665215984e-02 1.000719052265245e+00
2.812500000000000e-02 3.042217566934200e-02 1.000905173777217e+00
3.125000000000000e-02 3.382852212661575e-02 1.001113093953339e+00
3.437500000000000e-02 3.724312766845378e-02 1.001342958294787e+00
3.750000000000001e-02 4.066682595574785e-02 1.001594972052413e+00
4.062500000000000e-02 4.410045286934348e-02 1.001869359006230e+00
4.375000000000000e-02 4.754484671411652e-02 1.002166318578541e+00
4.687500000000000e-02 5.100084842364160e-02 1.002486084137690e+00
5.000000000000000e-02 5.446930176550237e-02 1.002828941979381e+00
5.312500000000001e-02 5.795105354729364e-02 1.003195167590032e+00
5.625000000000000e-02 6.144695382336569e-02 1.003585035969143e+00
5.937500000000000e-02 6.495785610236132e-02 1.003998873930883e+00
6.250000000000000e-02 6.848461755559625e-02 1.004437024765493e+00
6.562500000000000e-02 7.202809922633362e-02 1.004899819560377e+00
6.875000000000001e-02 7.558916624000402e-02 1.005387630425173e+00
7.187500000000001e-02 7.916868801542200e-02 1.005900866135710e+00
7.500000000000001e-02 8.276753847705080e-02 1.006439916001772e+00
7.812500000000000e-02 8.638659626836727e-02 1.007005186207435e+00
8.125000000000000e-02 9.002674496637868e-02 1.007597144758980e+00
8.437500000000001e-02 9.368887329734420e-02 1.008216261082248e+00
8.750000000000001e-02 9.737387535375355e-02 1.008862985354205e+00
9.062500000000001e-02 1.010826508126157e-01 1.009537816950534e+00
9.375000000000000e-02 1.048161051551108e-01 1.010241295076602e+00
9.687500000000000e-02 1.085751498876601e-01 1.010973939157366e+00
1.000000000000000e-01 1.123607027644654e-01 1.011736286508424e+00
1.031250000000000e-01 1.161736880115753e-01 1.012528927677944e+00
1.062500000000000e-01 1.200150365525305e-01 1.013352448738261e+00
1.093750000000000e-01 1.238856862356450e-01 1.014207427989958e+00
1.125000000000000e-01 1.277865820629775e-01 1.015094500336150e+00
1.156250000000000e-01 1.317186764210495e-01 1.016014326729184e+00
1.187500000000000e-01 1.356829293133661e-01 1.016967535976154e+00
1.218750000000000e-01 1.396803085947971e-01 1.017954781061973e+00
1.250000000000000e-01 1.437117902078738e-01 1.018976779179456e+00
1.281250000000000e-01 1.477783584210617e-01 1.020034238749254e+00
1.312500000000000e-01 1.518810060690650e-01 1.021127842699723e+00
1.343750000000000e-01 1.560207347952229e-01 1.022258322995935e+00
1.375000000000000e-01 1.601985552960564e-01 1.023426450732901e+00
1.406250000000000e-01 1.644154875680252e-01 1.024632968029185e+00
1.437500000000000e-01 1.686725611565558e-01 1.025878619497453e+00
1.468750000000000e-01 1.729708154074000e-01 1.027164202561723e+00
1.500000000000000e-01 1.773112997203869e-01 1.028490515983134e+00
1.531250000000000e-01 1.816950738056289e-01 1.029858327285813e+00
1.562500000000000e-01 1.861232079422458e-01 1.031268433910639e+00
1.593750000000000e-01 1.905967832396682e-01 1.032721672514030e+00
1.625000000000000e-01 1.951168919015860e-01 1.034218848026918e+00
1.656250000000000e-01 1.996846374926046e-01 1.035760740002846e+00
1.687500000000000e-01 2.043011352076760e-01 1.037348172390036e+00
1.718750000000000e-01 2.089675121443681e-01 1.038981988022837e+00
1.750000000000000e-01 2.136849075780412e-01 1.040662974600226e+00
1.781250000000000e-01 2.184544732399964e-01 1.042391896743978e+00
1.812500000000000e-01 2.232773735986666e-01 1.044169564311071e+00
1.843750000000000e-01 2.281547861439151e-01 1.045996787215597e+00
1.875000000000000e-01 2.330879016745160e-01 1.047874302244806e+00
1.906250000000000e-01 2.380779245888810e-01 1.049802815134987e+00
1.937500000000000e-01 2.431260731791094e-01 1.051783066941160e+00
1.968750000000000e-01 2.482335799284277e-01 1.053815784694826e+00
2.000000000000000e-01 2.534016918120952e-01 1.055901606570609e+00
2.031250000000000e-01 2.586316706018478e-01 1.058041117378671e+00
2.062500000000000e-01 2.639247931739538e-01 1.060234915548585e+00
2.093750000000000e-01 2.692823518209576e-01 1.062483576562947e+00
2.125000000000000e-01 2.747056545671873e-01 1.064787576790710e+00
2.156250000000000e-01 2.801960254881028e-01 1.067147303018599e+00
2.187500000000000e-01 2.857548050335636e-01 1.069563111387888e+00
2.218750000000000e-01 2.913833503550930e-01 1.072035325952762e+00
2.250000000000000e-01 2.970830356372213e-01 1.074564178914009e+00
2.281250000000000e-01 3.028552524329863e-01 1.077149772154463e+00
2.312500000000000e-01 3.087014100036755e-01 1.079792097753435e+00
2.343750000000000e-01 3.146229356628902e-01 1.082491086309825e+00
2.375000000000000e-01 3.206212751250189e-01 1.085246601966632e+00
2.406250000000000e-01 3.266978928582008e-01 1.088058358639014e+00
2.437500000000000e-01 3.328542724418705e-01 1.090925871164962e+00
2.468750000000000e-01 3.390919169289667e-01 1.093848517493026e+00
2.500000000000000e-01 3.454123492128958e-01 1.096825587838690e+00
2.531250000000000e-01 3.518171123993401e-01 1.099856230926492e+00
2.562500000000000e-01 3.583077701830001e-01 1.102939392847869e+00
2.593750000000000e-01 3.648859072293631e-01 1.106073796657136e+00
2.625000000000000e-01 3.715531295615936e-01 1.109257935588293e+00
2.656250000000000e-01 3.783110649526354e-01 1.112490117113822e+00
2.687500000000000e-01 3.851613633226258e-01 1.115768493722080e+00
2.718750000000000e-01 3.921056971417164e-01 1.119090990301576e+00
2.750000000000000e-01 3.991457618383991e-01 1.122455248339982e+00
2.781250000000000e-01 4.062832762134377e-01 1.125858623035817e+00
2.812500000000000e-01 4.135199828595055e-01 1.129298160122472e+00
2.843750000000000e-01 4.208576485866312e-01 1.132770634942028e+00
2.875000000000000e-01 4.282980648535585e-01 1.136272586259135e+00
2.906250000000000e-01 4.358430482051222e-01 1.139800268058301e+00
2.937500000000000e-01 4.434944407157500e-01 1.143349649130281e+00
2.968750000000000e-01 4.512541104391968e-01 1.146916374088754e+00
3.000000000000000e-01 4.591239518646220e-01 1.150495722284476e+00
3.031250000000000e-01 4.671058863791195e-01 1.154082641074705e+00
3.062500000000000e-01 4.752018627368176e-01 1.157671715385636e+00
3.093750000000000e-01 4.834138575346580e-01 1.161257208647928e+00
3.125000000000000e-01 4.917438756949728e-01 1.164833064287101e+00
3.156250000000000e-01 5.001939509549778e-01 1.168392912890413e+00
3.187500000000000e-01 5.087661463633005e-01 1.171930095146009e+00
3.218750000000000e-01 5.174625547836644e-01 1.175437654196661e+00
3.250000000000000e-01 5.262852994058529e-01 1.178908365858174e+00
3.281250000000000e-01 5.352365342640750e-01 1.182334741240245e+00
3.312500000000000e-01 5.443184447628656e-01 1.185709059170241e+00
3.343750000000000e-01 5.535332482106405e-01 1.189023385790354e+00
3.375000000000000e-01 5.628831943610435e-01 1.192269610302261e+00
3.406250000000000e-01 5.723705659622137e-01 1.195439478242450e+00
3.437500000000000e-01 5.819976793141081e-01 1.198524632948352e+00
3.468750000000000e-01 5.917668848340161e-01 1.201516658810036e+00
3.500000000000000e-01 6.016805676304035e-01 1.204407129374681e+00
3.531250000000000e-01 6.117411480852264e-01 1.207187658035942e+00
3.562500000000000e-01 6.219510824448572e-01 1.209849952024403e+00
3.593750000000000e-01 6.323128634197650e-01 1.212385868585442e+00
3.625000000000000e-01 6.428290207931012e-01 1.214787473101870e+00
3.656250000000000e-01 6.535021220383342e-01 1.217047098503097e+00
3.687500000000000e-01 6.643347729460869e-01 1.219157404685460e+00
3.718750000000000e-01 6.753296182603294e-01 1.221111438142347e+00
3.750000000000000e-01 6.864893423240808e-01 1.222902689960774e+00
3.781250000000000e-01 6.978166697347804e-01 1.224525152019626e+00
3.812500000000000e-01 7.093143660094854e-01 1.225973370301746e+00
3.843750000000000e-01 7.209852382600603e-01 1.227242494554303e+00
3.875000000000000e-01 7.328321358785219e-01 1.228328323403705e+00
3.906250000000000e-01 7.448579512327029e-01 1.229227344238581e+00
3.937500000000000e-01 7.570656203724140e-01 1.229936767654135e+00
3.968750000000000e-01 7.694581237462648e-01 1.230454555154710e+00
4.000000000000000e-01 7.820384869293291e-01 1.230779440356744e+00
4.031250000000000e-01 7.948097813618253e-01 1.230910943377166e+00
4.062500000000000e-01 8.077751250989945e-01 1.230849377997746e+00
4.093750000000000e-01 8.209376835723596e-01 1.230595851698289e+00
4.125000000000000e-01 8.343006703625532e-01 1.230152259089084e+00
4.156250000000000e-01 8.478673479838968e-01 1.229521268454620e+00
4.187500000000000e-01 8.616410286809313e-01 1.228706302214977e+00
4.218750000000000e-01 8.756250752370857e-01 1.227711511749267e+00
4.250000000000000e-01 8.898229017956865e-01 1.226541746989579e+00
4.281250000000000e-01 9.042379746935050e-01 1.225202521482844e+00
4.312500000000000e-01 9.188738133070491e-01 1.223699973899471e+00
4.343750000000000e-01 9.337339909118028e-01 1.222040825928711e+00
4.375000000000000e-01 9.488221355546261e-01 1.220232338087041e+00
4.406250000000000e-01 9.641419309395265e-01 1.218282263390073e+00
4.437500000000000e-01 9.796971173270190e-01 1.216198799953023e+00
4.468750000000000e-01 9.954914924472941e-01 1.213990542595028e+00
4.500000000000000e-01 1.011528912427417e+00 1.211666434298742e+00
4.531250000000000e-01 1.027813292732786e+00 1.209235717514917e+00
4.562500000000000e-01 1.044348609123070e+00 1.206707885810942e+00
4.593750000000000e-01 1.061138898622882e+00 1.204092635956032e+00
4.625000000000000e-01 1.078188260507393e+00 1.201399820586010e+00
4.656250000000000e-01 1.095500857303154e+00 1.198639401252710e+00
4.687500000000000e-01 1.113080915804360e+00 1.195821402100773e+00
4.718750000000000e-01 1.130932728104805e+00 1.192955864010444e+00
4.750000000000000e-01 1.149060652645771e+00 1.190052798712161e+00
4.781250000000000e-01 1.167469115280130e+00 1.187122143199167e+00
4.812500000000000e-01 1.186162610352890e+00 1.184173713914535e+00
4.843750000000000e-01 1.205145701798475e+00 1.181217160941292e+00
4.875000000000000e-01 1.224423024254985e+00 1.178261921326368e+00
4.906250000000000e-01 1.243999284195726e+00 1.175317172432279e+00
4.937500000000000e-01 1.263879261078271e+00 1.172391784411711e+00
4.968750000000000e-01 1.284067808511348e+00 1.169494272591737e+00
5.000000000000000e-01 1.304569855439823e+00 1.166632749204311e+00
5.031250000000000e-01 1.325390407348082e+00 1.163814875264357e+00
5.062500000000000e-01 1.346534547482100e+00 1.161047812677154e+00
5.093750000000000e-01 1.368007438090487e+00 1.158338177072832e+00
5.125000000000001e-01 1.389814321684837e+00 1.155691991655525e+00
5.156250000000000e-01 1.411960522319654e+00 1.153114643203598e+00
5.187500000000000e-01 1.434451446892208e+00 1.150610840341547e+00
5.218750000000000e-01 1.457292586462593e+00 1.148184575369495e+00
5.250000000000000e-01 1.480489517594354e+00 1.145839090117619e+00
5.281250000000001e-01 1.504047903715979e+00 1.143576846907269e+00
5.312500000000000e-01 1.527973496503592e+00 1.141399505391847e+00
5.343750000000000e-01 1.552272137285215e+00 1.139307906426476e+00
5.375000000000000e-01 1.576949758466886e+00 1.137302063332424e+00
5.406250000000000e-01 1.602012384981041e+00 1.135381162106609e+00
5.437500000000001e-01 1.627466135757470e+00 1.133543570560637e+00
5.468750000000000e-01 1.653317225217225e+00 1.131786857384975e+00
5.500000000000000e-01 1.679571964789851e+00 1.130107821979317e+00
5.531250000000000e-01 1.706236764454286e+00 1.128502534587918e+00
5.562500000000000e-01 1.733318134303830e+00 1.126966387952834e+00
5.593750000000001e-01 1.760822686135563e+00 1.125494159482099e+00
5.625000000000000e-01 1.788757135064574e+00 1.124080084473183e+00
5.656250000000000e-01 1.817128301163438e+00 1.122717939256441e+00
5.687500000000000e-01 1.845943111127301e+00 1.121401134104190e+00
5.718750000000000e-01 1.875208599965003e+00 1.120122814427458e+00
5.750000000000001e-01 1.904931912716643e+00 1.118875969023298e+00
5.781250000000000e-01 1.935120306198011e+00 1.117653543464775e+00
5.812500000000000e-01 1.965781150772311e+00 1.116448557251379e+00
5.843750000000000e-01 1.996921932149593e+00 1.115254221638444e+00
5.875000000000000e-01 2.028550253214365e+00 1.114064056306701e+00
5.906250000000001e-01 2.060673835881802e+00 1.112872001218557e+00
5.937500000000000e-01 2.093300522983012e+00 1.111672521792060e+00
5.968750000000000e-01 2.126438280179837e+00 1.110460703424678e+00
6.000000000000001e-01 2.160095197909630e+00 1.109232333019134e+00
6.031250000000000e-01 2.194279493360494e+00 1.107983964282453e+00
6.062500000000001e-01 2.228999512477486e+00 1.106712965084152e+00
6.093750000000000e-01 2.264263732000228e+00 1.105417543824527e+00
6.125000000000000e-01 2.300080761532477e+00 1.104096754659019e+00
6.156250000000001e-01 2.336459345644116e+00 1.102750480215589e+00
6.187500000000000e-01 2.373408366006099e+00 1.101379392559293e+00
6.218750000000001e-01 2.410936843558884e+00 1.099984893247044e+00
6.250000000000000e-01 2.449053940714840e+00 1.098569034932345e+00
6.281250000000000e-01 2.487768963595221e+00 1.097134427453236e+00
6.312500000000001e-01 2.527091364302215e+00 1.095684132206572e+00
6.343750000000000e-01 2.567030743226622e+00 1.094221548638945e+00
6.375000000000001e-01 2.607596851391758e+00 1.092750298224937e+00
6.406250000000000e-01 2.648799592834118e+00 1.091274109947475e+00
6.437500000000000e-01 2.690649027021411e+00 1.089796711994796e+00
6.468750000000001e-01 2.733155371308524e+00 1.088321733499916e+00
6.500000000000000e-01 2.776329003432049e+00 1.086852619736568e+00
6.531250000000001e-01 2.820180464043967e+00 1.085392562849501e+00
6.562500000000000e-01 2.864720459285089e+00 1.083944449637548e+00
6.593750000000000e-01 2.909959863398929e+00 1.082510826547768e+00
6.625000000000001e-01 2.955909721386590e+00 1.081093881686766e+00
6.656250000000000e-01 3.002581251703353e+00 1.079695441690579e+00
6.687500000000001e-01 3.049985848997626e+00 1.078316982133114e+00
6.718750000000000e-01 3.098135086892879e+00 1.076959648384278e+00
6.750000000000000e-01 3.147040720813310e+00 1.075624284388999e+00
6.781250000000001e-01 3.196714690853871e+00 1.074311466641953e+00
6.812500000000000e-01 3.247169124695383e+00 1.073021540782328e+00
6.843750000000001e-01 3.298416340565477e+00 1.071754658321074e+00
6.875000000000000e-01 3.350468850246008e+00 1.070510812303790e+00
6.906250000000000e-01 3.403339362127777e+00 1.069289869979724e+00
6.937500000000001e-01 3.457040784313211e+00 1.068091601711300e+00
6.968750000000000e-01 3.511586227767823e+00 1.066915705936885e+00
7.000000000000001e-01 3.566989009521205e+00 1.065761829999446e+00
7.031250000000000e-01 3.623262655918307e+00 1.064629586710494e+00
7.062500000000000e-01 3.680420905921852e+00 1.063518567430467e+00
7.093750000000001e-01 3.738477714466631e+00 1.062428351982026e+00
7.125000000000000e-01 3.797447255866536e+00 1.061358515879182e+00
7.156250000000001e-01 3.857343927275175e+00 1.060308635520252e+00
7.187500000000000e-01 3.918182352200844e+00 1.059278291645299e+00
7.218750000000000e-01 3.979977384076828e+00 1.058267071639228e+00
7.250000000000001e-01 4.042744109887770e+00 1.057274570972871e+00
7.281250000000000e-01 4.106497853853101e+00 1.056300393958395e+00
7.312500000000001e-01 4.171254181168399e+00 1.055344154106869e+00
7.343750000000000e-01 4.237028901805528e+00 1.054405474373482e+00
7.375000000000000e-01 4.303838074372613e+00 1.053483986952085e+00
7.406250000000001e-01 4.371698010034643e+00 1.052579333186427e+00
7.437500000000000e-01 4.440625276495786e+00 1.051691163371620e+00
7.468750000000001e-01 4.510636702044332e+00 1.050819136446374e+00
7.500000000000000e-01 4.581749379661216e+00 1.049962919914476e+00
7.531250000000000e-01 4.653980671193226e+00 1.049122189374999e+00
7.562500000000001e-01 4.727348211591802e+00 1.048296628394390e+00
7.593750000000000e-01 4.801869913218528e+00 1.047485928325065e+00
7.625000000000001e-01 4.877563970218381e+00 1.046689788014564e+00
7.656250000000000e-01 4.954448862961714e+00 1.045907913461848e+00
7.687500000000000e-01 5.032543362556198e+00 1.045140017869436e+00
7.718750000000001e-01 5.111866535429675e+00 1.044385821192820e+00
7.750000000000000e-01 5.192437747985146e+00 1.043645050029441e+00
7.781250000000001e-01 5.274276671329015e+00 1.042917437397832e+00
7.812500000000000e-01 5.357403286073669e+00 1.042202722686935e+00
7.843750000000000e-01 5.441837887215693e+00 1.041500651327744e+00
7.875000000000001e-01 5.527601089090773e+00 1.040810974635181e+00
7.906250000000000e-01 5.614713830406605e+00 1.040133449651932e+00
7.937500000000001e-01 5.703197379355005e+00 1.039467839049938e+00
7.968750000000000e-01 5.793073338804412e+00 1.038813910922032e+00
8.000000000000000e-01 5.884363651574169e+00 1.038171438631233e+00
8.031250000000001e-01 5.977090605791737e+00 1.037540200606063e+00
8.062500000000000e-01 6.071276840334257e+00 1.036919980360190e+00
8.093750000000001e-01 6.166945350355728e+00 1.036310566235057e+00
8.125000000000000e-01 6.264119492901173e+00 1.035711751199977e+00
8.156250000000000e-01 6.362822992609162e+00 1.035123332987043e+00
8.187500000000001e-01 6.463079947504072e+00 1.034545113615984e+00
8.218750000000000e-01 6.564914834879517e+00 1.033976899587125e+00
8.250000000000001e-01 6.668352517274371e+00 1.033418501631017e+00
8.281250000000000e-01 6.773418248542846e+00 1.032869734515093e+00
8.312500000000000e-01 6.880137680020114e+00 1.032330417073229e+00
8.343750000000001e-01 6.988536866784961e+00 1.031800372069883e+00
8.375000000000000e-01 7.098642274021019e+00 1.031279426065361e+00
8.406250000000001e-01 7.210480783478133e+00 1.030767409337465e+00
8.437500000000000e-01 7.324079700035414e+00 1.030264155748749e+00
8.468750000000000e-01 7.439466758367605e+00 1.029769502725280e+00
8.500000000000001e-01 7.556670129716381e+00 1.029283291125607e+00
8.531250000000000e-01 7.675718428768239e+00 1.028805365110696e+00
8.562500000000001e-01 7.796640720640633e+00 1.028335572180257e+00
8.593750000000000e-01 7.919466527978115e+00 1.027873762988946e+00
8.625000000000000e-01 8.044225838160141e+00 1.027419791218682e+00
8.656250000000001e-01 8.170949110622363e+00 1.026973513727260e+00
8.687500000000000e-01 8.299667284293170e+00 1.026534790201411e+00
8.718750000000001e-01 8.430411785147284e+00 1.026103483306628e+00
8.750000000000000e-01 8.563214533878281e+00 1.025679458451873e+00
8.781250000000000e-01 8.698107953691880e+00 1.025262583775303e+00
8.812500000000001e-01 8.835124978221932e+00 1.024852730185386e+00
8.843750000000000e-01 8.974299059571019e+00 1.024449771127538e+00
8.875000000000001e-01 9.115664176477637e+00 1.024053582626344e+00
8.906250000000000e-01 9.259254842611947e+00 1.023664043163303e+00
8.937500000000000e-01 9.405106115002161e+00 1.023281033719868e+00
8.968750000000001e-01 9.553253602593529e+00 1.022904437601223e+00
9.000000000000000e-01 9.703733474942130e+00 1.022534140480190e+00
9.031250000000001e-01 9.856582471045494e+00 1.022170030221991e+00
9.062500000000000e-01 1.001183790831228e+01 1.021811996983775e+00
9.093750000000000e-01 1.016953769167313e+01 1.021459933040209e+00
9.125000000000001e-01 1.032972032283505e+01 1.021113732828837e+00
9.156250000000000e-01 1.049242490968134e+01 1.020773292776550e+00
9.187500000000001e-01 1.065769117581972e+01 1.020438511400377e+00
9.218750000000000e-01 1.082555947028058e+01 1.020109289134687e+00
9.250000000000000e-01 1.099607077736805e+01 1.019785528377790e+00
9.281250000000001e-01 1.116926672666618e+01 1.019467133429298e+00
9.312500000000000e-01 1.134518960320255e+01 1.019154010427809e+00
9.343750000000001e-01 1.152388235777201e+01 1.018846067234272e+00
9.375000000000000e-01 1.170538861742293e+01 1.018543213588948e+00
9.406250000000000e-01 1.188975269610854e+01 1.018245360885924e+00
9.437500000000001e-01 1.207701960550600e+01 1.017952422221249e+00
9.468750000000000e-01 1.226723506600578e+01 1.017664312331980e+00
9.500000000000001e-01 1.246044551787411e+01 1.017380947590077e+00
9.531250000000000e-01 1.265669813259115e+01 1.017102245941922e+00
9.562500000000000e-01 1.285604082436773e+01 1.016828126902630e+00
9.593750000000001e-01 1.305852226184337e+01 1.016558511441472e+00
9.625000000000000e-01 1.326419187996850e+01 1.016293322031180e+00
9.656250000000001e-01 1.347309989207381e+01 1.016032482642809e+00
9.687500000000000e-01 1.368529730212962e+01 1.015775918577278e+00
9.718750000000000e-01 1.390083591719824e+01 1.015523556569684e+00
9.750000000000001e-01 1.411976836008246e+01 1.015275324730194e+00
9.781250000000000e-01 1.434214808217320e+01 1.015031152485155e+00
9.812500000000001e-01 1.456802937649935e+01 1.014790970518399e+00
9.843750000000000e-01 1.479746739098328e+01 1.014554710876033e+00
9.875000000000000e-01 1.503051814190487e+01 1.014322306799117e+00
9.906250000000001e-01 1.526723852757770e+01 1.014093692719892e+00
9.937500000000000e-01 1.550768634224049e+01 1.013868804312501e+00
9.968750000000001e-01 1.575192029016732e+01 1.013647578434984e+00
1.000000000000000e+00 1.600000000000000e+01 1.013429953071455e+00
