0.000000000000000e+00 0.000000000000000e+00 1.000000000000000e+00
3.125000000000000e-03 3.369263549427258e-03 1.034386690344079e+00
6.250000000000000e-03 6.739349689698711e-03 1.011821915989628e+00
9.375000000000001e-03 1.011108121249049e-02 1.007286166410602e+00
1.250000000000000e-02 1.348528131119160e-02 1.005278559431003e+00
1.562500000000000e-02 1.686277378188298e-02 1.004140327229450e+00
1.875000000000000e-02 2.024438322446370e-02 1.003406019660444e+00
2.187500000000000e-02 2.363093524397333e-02 1.002892605339139e+00
2.500000000000000e-02 2.702325665215984e-02 1.002513250619284e+00
2.812500000000000e-02 3.042217566934200e-02 1.002221402836065e+00
3.125000000000000e-02 3.382852212661575e-02 1.001989843823827e+00
3.437500000000000e-02 3.724312766845378e-02 1.001801589839245e+00
3.750000000000001e-02 4.066682595574785e-02 1.001645492217194e+00
4.062500000000000e-02 4.410045286934348e-02 1.001513928615816e+00
4.375000000000000e-02 4.754484671411652e-02 1.001401510487660e+00
4.687500000000000e-02 5.100084842364160e-02 1.001304320321819e+00
5.000000000000000e-02 5.446930176550237e-02 1.001219441601226e+00
5.312500000000001e-02 5.795105354729364e-02 1.001144658326739e+00
5.625000000000000e-02 6.144695382336569e-02 1.001078256487420e+00
5.937500000000000e-02 6.495785610236132e-02 1.001018889331033e+00
6.250000000000000e-02 6.848461755559625e-02 1.000965484309739e+00
6.562500000000000e-02 7.202809922633362e-02 1.000917176531670e+00
6.875000000000001e-02 7.558916624000402e-02 1.000873260736173e+00
7.187500000000001e-02 7.916868801542200e-02 1.000833156224445e+00
7.500000000000001e-02 8.276753847705080e-02 1.000796380426763e+00
7.812500000000000e-02 8.638659626836727e-02 1.000762529069728e+00
8.125000000000000e-02 9.002674496637868e-02 1.000731260867985e+00
8.437500000000001e-02 9.368887329734420e-02 1.000702285784759e+00
8.750000000000001e-02 9.737387535375355e-02 1.000675355823710e+00
9.062500000000001e-02 1.010826508126157e-01 1.000650257439596e+00
9.375000000000000e-02 1.048161051551108e-01 1.000626805897989e+00
9.687500000000000e-02 1.085751498876601e-01 1.000604840713657e+00
1.000000000000000e-01 1.123607027644654e-01 1.000584221545981e+00
1.031250000000000e-01 1.161736880115753e-01 1.000564825337777e+00
1.062500000000000e-01 1.200150365525305e-01 1.000546543662026e+00
1.093750000000000e-01 1.238856862356450e-01 1.000529280566187e+00
1.125000000000000e-01 1.277865820629775e-01 1.000512950872491e+00
1.156250000000000e-01 1.317186764210495e-01 1.000497478727090e+00
1.187500000000000e-01 1.356829293133661e-01 1.000482796232348e+00
1.218750000000000e-01 1.396803085947971e-01 1.000468842700438e+00
1.250000000000000e-01 1.437117902078738e-01 1.000455563493128e+00
1.281250000000000e-01 1.477783584210617e-01 1.000442909399972e+00
1.312500000000000e-01 1.518810060690650e-01 1.000430835809626e+00
1.343750000000000e-01 1.560207347952229e-01 1.000419302378100e+00
1.375000000000000e-01 1.601985552960564e-01 1.000408272490083e+00
1.406250000000000e-01 1.644154875680252e-01 1.000397712761759e+00
1.437500000000000e-01 1.686725611565558e-01 1.000387592792073e+00
1.468750000000000e-01 1.729708154074000e-01 1.000377884831259e+00
1.500000000000000e-01 1.773112997203869e-01 1.000368563366611e+00
1.531250000000000e-01 1.816950738056289e-01 1.000359604998083e+00
1.562500000000000e-01 1.861232079422458e-01 1.000350988272518e+00
1.593750000000000e-01 1.905967832396682e-01 1.000342693310917e+00
1.625000000000000e-01 1.951168919015860e-01 1.000334701932495e+00
1.656250000000000e-01 1.996846374926046e-01 1.000326997323387e+00
1.687500000000000e-01 2.043011352076760e-01 1.000319563788174e+00
1.718750000000000e-01 2.089675121443681e-01 1.000312386915377e+00
1.750000000000000e-01 2.136849075780412e-01 1.000305453370395e+00
1.781250000000000e-01 2.184544732399964e-01 1.000298750647069e+00
1.812500000000000e-01 2.232773735986666e-01 1.000292267150409e+00
1.843750000000000e-01 2.281547861439151e-01 1.000285992113755e+00
1.875000000000000e-01 2.330879016745160e-01 1.000279915391753e+00
1.906250000000000e-01 2.380779245888810e-01 1.000274027584499e+00
1.937500000000000e-01 2.431260731791094e-01 1.000268319913319e+00
1.968750000000000e-01 2.482335799284277e-01 1.000262784179337e+00
2.000000000000000e-01 2.534016918120952e-01 1.000257412680665e+00
2.031250000000000e-01 2.586316706018478e-01 1.000252198295157e+00
2.062500000000000e-01 2.639247931739538e-01 1.000247134149243e+00
2.093750000000000e-01 2.692823518209576e-01 1.000242213824879e+00
2.125000000000000e-01 2.747056545671873e-01 1.000237431359517e+00
2.156250000000000e-01 2.801960254881028e-01 1.000232781080525e+00
2.187500000000000e-01 2.857548050335636e-01 1.000228257687954e+00
2.218750000000000e-01 2.913833503550930e-01 1.000223856295911e+00
2.250000000000000e-01 2.970830356372213e-01 1.000219572184203e+00
2.281250000000000e-01 3.028552524329863e-01 1.000215400715538e+00
2.312500000000000e-01 3.087014100036755e-01 1.000211337708042e+00
2.343750000000000e-01 3.146229356628902e-01 1.000207379352458e+00
2.375000000000000e-01 3.206212751250189e-01 1.000203521839624e+00
2.406250000000000e-01 3.266978928582008e-01 1.000199761484639e+00
2.437500000000000e-01 3.328542724418705e-01 1.000196094892418e+00
2.468750000000000e-01 3.390919169289667e-01 1.000192518957680e+00
2.500000000000000e-01 3.454123492128958e-01 1.000189030657997e+00
2.531250000000000e-01 3.518171123993401e-01 1.000185627136562e+00
2.562500000000000e-01 3.583077701830001e-01 1.000182305578021e+00
2.593750000000000e-01 3.648859072293631e-01 1.000179063415412e+00
2.625000000000000e-01 3.715531295615936e-01 1.000175898164608e+00
2.656250000000000e-01 3.783110649526354e-01 1.000172807465695e+00
2.687500000000000e-01 3.851613633226258e-01 1.000169789165752e+00
2.718750000000000e-01 3.921056971417164e-01 1.000166841111902e+00
2.750000000000000e-01 3.991457618383991e-01 1.000163961358248e+00
2.781250000000000e-01 4.062832762134377e-01 1.000161147958935e+00
2.812500000000000e-01 4.135199828595055e-01 1.000158399050915e+00
2.843750000000000e-01 4.208576485866312e-01 1.000155712978120e+00
2.875000000000000e-01 4.282980648535585e-01 1.000153088001732e+00
2.906250000000000e-01 4.358430482051222e-01 1.000150522714071e+00
2.937500000000000e-01 4.434944407157500e-01 1.000148015541929e+00
2.968750000000000e-01 4.512541104391968e-01 1.000145565119062e+00
3.000000000000000e-01 4.591239518646220e-01 1.000143170120641e+00
3.031250000000000e-01 4.671058863791195e-01 1.000140829180469e+00
3.062500000000000e-01 4.752018627368176e-01 1.000138541222084e+00
3.093750000000000e-01 4.834138575346580e-01 1.000136305127656e+00
3.125000000000000e-01 4.917438756949728e-01 1.000134119820762e+00
3.156250000000000e-01 5.001939509549778e-01 1.000131984307769e+00
3.187500000000000e-01 5.087661463633005e-01 1.000129897553672e+00
3.218750000000000e-01 5.174625547836644e-01 1.000127858689035e+00
3.250000000000000e-01 5.262852994058529e-01 1.000125866968594e+00
3.281250000000000e-01 5.352365342640750e-01 1.000123921647099e+00
3.312500000000000e-01 5.443184447628656e-01 1.000122021896538e+00
3.343750000000000e-01 5.535332482106405e-01 1.000120167095847e+00
3.375000000000000e-01 5.628831943610435e-01 1.000118356623972e+00
3.406250000000000e-01 5.723705659622137e-01 1.000116590066804e+00
3.437500000000000e-01 5.819976793141081e-01 1.000114866761922e+00
3.468750000000000e-01 5.917668848340161e-01 1.000113186129688e+00
3.500000000000000e-01 6.016805676304035e-01 1.000111548045729e+00
3.531250000000000e-01 6.117411480852264e-01 1.000109952095968e+00
3.562500000000000e-01 6.219510824448572e-01 1.000108397907727e+00
3.593750000000000e-01 6.323128634197650e-01 1.000106885191105e+00
3.625000000000000e-01 6.428290207931012e-01 1.000105413863141e+00
3.656250000000000e-01 6.535021220383342e-01 1.000103983758108e+00
3.687500000000000e-01 6.643347729460869e-01 1.000102594710284e+00
3.718750000000000e-01 6.753296182603294e-01 1.000101246802269e+00
3.750000000000000e-01 6.864893423240808e-01 1.000099939951125e+00
3.781250000000000e-01 6.978166697347804e-01 1.000098674198079e+00
3.812500000000000e-01 7.093143660094854e-01 1.000097449708516e+00
3.843750000000000e-01 7.209852382600603e-01 1.000096266565059e+00
3.875000000000000e-01 7.328321358785219e-01 1.000095125015876e+00
3.906250000000000e-01 7.448579512327029e-01 1.000094025226367e+00
3.937500000000000e-01 7.570656203724140e-01 1.000092967444712e+00
3.968750000000000e-01 7.694581237462648e-01 1.000091952001862e+00
4.000000000000000e-01 7.820384869293291e-01 1.000090979063232e+00
4.031250000000000e-01 7.948097813618253e-01 1.000090049042555e+00
4.062500000000000e-01 8.077751250989945e-01 1.000089162105254e+00
4.093750000000000e-01 8.209376835723596e-01 1.000088318499529e+00
4.125000000000000e-01 8.343006703625532e-01 1.000087518473583e+00
4.156250000000000e-01 8.478673479838968e-01 1.000086761944541e+00
4.187500000000000e-01 8.616410286809313e-01 1.000086049036462e+00
4.218750000000000e-01 8.756250752370857e-01 1.000085379500937e+00
4.250000000000000e-01 8.898229017956865e-01 1.000084752799870e+00
4.281250000000000e-01 9.042379746935050e-01 1.000084168436552e+00
4.312500000000000e-01 9.188738133070491e-01 1.000083625169346e+00
4.343750000000000e-01 9.337339909118028e-01 1.000083121549695e+00
4.375000000000000e-01 9.488221355546261e-01 1.000082655632422e+00
4.406250000000000e-01 9.641419309395265e-01 1.000082224520497e+00
4.437500000000000e-01 9.796971173270190e-01 1.000081824903043e+00
4.468750000000000e-01 9.954914924472941e-01 1.000081452310401e+00
4.500000000000000e-01 1.011528912427417e+00 1.000081101114132e+00
4.531250000000000e-01 1.027813292732786e+00 1.000080764733941e+00
4.562500000000000e-01 1.044348609123070e+00 1.000080434809976e+00
4.593750000000000e-01 1.061138898622882e+00 1.000080101616680e+00
4.625000000000000e-01 1.078188260507393e+00 1.000079753855865e+00
4.656250000000000e-01 1.095500857303154e+00 1.000079378325639e+00
4.687500000000000e-01 1.113080915804360e+00 1.000078960665341e+00
4.718750000000000e-01 1.130932728104805e+00 1.000078485396939e+00
4.750000000000000e-01 1.149060652645771e+00 1.000077936669970e+00
4.781250000000000e-01 1.167469115280130e+00 1.000077300123887e+00
4.812500000000000e-01 1.186162610352890e+00 1.000076564915941e+00
4.843750000000000e-01 1.205145701798475e+00 1.000075727404458e+00
4.875000000000000e-01 1.224423024254985e+00 1.000074797108268e+00
4.906250000000000e-01 1.243999284195726e+00 1.000073804818117e+00
4.937500000000000e-01 1.263879261078271e+00 1.000072815343132e+00
4.968750000000000e-01 1.284067808511348e+00 1.000071945388960e+00
5.000000000000000e-01 1.304569855439823e+00 1.000071389671520e+00
5.031250000000000e-01 1.325390407348082e+00 1.000071457791171e+00
5.062500000000000e-01 1.346534547482100e+00 1.000072625634209e+00
5.093750000000000e-01 1.368007438090487e+00 1.000075607884173e+00
5.125000000000001e-01 1.389814321684837e+00 1.000081456655866e+00
5.156250000000000e-01 1.411960522319654e+00 1.000091693961344e+00
5.187500000000000e-01 1.434451446892208e+00 1.000108491855074e+00
5.218750000000000e-01 1.457292586462593e+00 1.000134904405027e+00
5.250000000000000e-01 1.480489517594354e+00 1.000175163877520e+00
5.281250000000001e-01 1.504047903715979e+00 1.000235053815379e+00
5.312500000000000e-01 1.527973496503592e+00 1.000322348118220e+00
5.343750000000000e-01 1.552272137285215e+00 1.000447299956789e+00
5.375000000000000e-01 1.576949758466886e+00 1.000623155297188e+00
5.406250000000000e-01 1.602012384981041e+00 1.000866602998403e+00
5.437500000000001e-01 1.627466135757470e+00 1.001198032594661e+00
5.468750000000000e-01 1.653317225217225e+00 1.001641446115040e+00
5.500000000000000e-01 1.679571964789851e+00 1.002223797378039e+00
5.531250000000000e-01 1.706236764454286e+00 1.002973528805452e+00
5.562500000000000e-01 1.733318134303830e+00 1.003918203967068e+00
5.593750000000001e-01 1.760822686135563e+00 1.005081267793223e+00
5.625000000000000e-01 1.788757135064574e+00 1.006478153158398e+00
5.656250000000000e-01 1.817128301163438e+00 1.008112285304962e+00
5.687500000000000e-01 1.845943111127301e+00 1.009971758307394e+00
5.718750000000000e-01 1.875208599965003e+00 1.012027439904164e+00
5.750000000000001e-01 1.904931912716643e+00 1.014233130930433e+00
5.781250000000000e-01 1.935120306198011e+00 1.016528092201328e+00
5.812500000000000e-01 1.965781150772311e+00 1.018841699068538e+00
5.843750000000000e-01 1.996921932149593e+00 1.021099465485930e+00
5.875000000000000e-01 2.028550253214365e+00 1.023229517532779e+00
5.906250000000001e-01 2.060673835881802e+00 1.025168545659247e+00
5.937500000000000e-01 2.093300522983012e+00 1.026866432889779e+00
5.968750000000000e-01 2.126438280179837e+00 1.028289057405413e+00
6.000000000000001e-01 2.160095197909630e+00 1.029419246886802e+00
6.031250000000000e-01 2.194279493360494e+00 1.030256078660873e+00
6.062500000000001e-01 2.228999512477486e+00 1.030812906348815e+00
6.093750000000000e-01 2.264263732000228e+00 1.031114552061028e+00
6.125000000000000e-01 2.300080761532477e+00 1.031194153293778e+00
6.156250000000001e-01 2.336459345644116e+00 1.031090029370294e+00
6.187500000000000e-01 2.373408366006099e+00 1.030842826521872e+00
6.218750000000001e-01 2.410936843558884e+00 1.030493104475859e+00
6.250000000000000e-01 2.449053940714840e+00 1.030079452467547e+00
6.281250000000000e-01 2.487768963595221e+00 1.029637145103528e+00
6.312500000000001e-01 2.527091364302215e+00 1.029197282004645e+00
6.343750000000000e-01 2.567030743226622e+00 1.028786346037758e+00
6.375000000000001e-01 2.607596851391758e+00 1.028426092506105e+00
6.406250000000000e-01 2.648799592834118e+00 1.028133692973783e+00
6.437500000000000e-01 2.690649027021411e+00 1.027922042974738e+00
6.468750000000001e-01 2.733155371308524e+00 1.027800178109378e+00
6.500000000000000e-01 2.776329003432049e+00 1.027773738500784e+00
6.531250000000001e-01 2.820180464043967e+00 1.027845449653179e+00
6.562500000000000e-01 2.864720459285089e+00 1.028015581319401e+00
6.593750000000000e-01 2.909959863398929e+00 1.028282375296727e+00
6.625000000000001e-01 2.955909721386590e+00 1.028642423582438e+00
6.656250000000000e-01 3.002581251703353e+00 1.029091000113838e+00
6.687500000000001e-01 3.049985848997626e+00 1.029622335875051e+00
6.718750000000000e-01 3.098135086892879e+00 1.030229844463297e+00
6.750000000000000e-01 3.147040720813310e+00 1.030906295905722e+00
6.781250000000001e-01 3.196714690853871e+00 1.031643953852752e+00
6.812500000000000e-01 3.247169124695383e+00 1.032434675537383e+00
6.843750000000001e-01 3.298416340565477e+00 1.033269984935514e+00
6.875000000000000e-01 3.350468850246008e+00 1.034141115374272e+00
6.906250000000000e-01 3.403339362127777e+00 1.035039027810758e+00
6.937500000000001e-01 3.457040784313211e+00 1.035954404654466e+00
6.968750000000000e-01 3.511586227767823e+00 1.036877627862437e+00
7.000000000000001e-01 3.566989009521205e+00 1.037798745195539e+00
7.031250000000000e-01 3.623262655918307e+00 1.038707433590622e+00
7.062500000000000e-01 3.680420905921852e+00 1.039592965803247e+00
7.093750000000001e-01 3.738477714466631e+00 1.040444188650168e+00
7.125000000000000e-01 3.797447255866536e+00 1.041249522459902e+00
7.156250000000001e-01 3.857343927275175e+00 1.041996994722197e+00
7.187500000000000e-01 3.918182352200844e+00 1.042674324469405e+00
7.218750000000000e-01 3.979977384076828e+00 1.043269078807908e+00
7.250000000000001e-01 4.042744109887770e+00 1.043768926280967e+00
7.281250000000000e-01 4.106497853853101e+00 1.044162016271499e+00
7.312500000000001e-01 4.171254181168399e+00 1.044437512792729e+00
7.343750000000000e-01 4.237028901805528e+00 1.044586306532207e+00
7.375000000000000e-01 4.303838074372613e+00 1.044601910976184e+00
7.406250000000001e-01 4.371698010034643e+00 1.044481512532152e+00
7.437500000000000e-01 4.440625276495786e+00 1.044227086351278e+00
7.468750000000001e-01 4.510636702044332e+00 1.043846417036181e+00
7.500000000000000e-01 4.581749379661216e+00 1.043353796112503e+00
7.531250000000000e-01 4.653980671193226e+00 1.042770136755075e+00
7.562500000000001e-01 4.727348211591802e+00 1.042122282507246e+00
7.593750000000000e-01 4.801869913218528e+00 1.041441402816216e+00
7.625000000000001e-01 4.877563970218381e+00 1.040760547072778e+00
7.656250000000000e-01 4.954448862961714e+00 1.040111627583299e+00
7.687500000000000e-01 5.032543362556198e+00 1.039522257093670e+00
7.718750000000001e-01 5.111866535429675e+00 1.039012931407431e+00
7.750000000000000e-01 5.192437747985146e+00 1.038595002350230e+00
7.781250000000001e-01 5.274276671329015e+00 1.038269750138188e+00
7.812500000000000e-01 5.357403286073669e+00 1.038028677674614e+00
7.843750000000000e-01 5.441837887215693e+00 1.037854959982927e+00
7.875000000000001e-01 5.527601089090773e+00 1.037725822366723e+00
7.906250000000000e-01 5.614713830406605e+00 1.037615504798598e+00
7.937500000000001e-01 5.703197379355005e+00 1.037498400931698e+00
7.968750000000000e-01 5.793073338804412e+00 1.037351941646999e+00
8.000000000000000e-01 5.884363651574169e+00 1.037158833019454e+00
8.031250000000001e-01 5.977090605791737e+00 1.036908363031861e+00
8.062500000000000e-01 6.071276840334257e+00 1.036596656292825e+00
8.093750000000001e-01 6.166945350355728e+00 1.036225950756677e+00
8.125000000000000e-01 6.264119492901173e+00 1.035803148874205e+00
8.156250000000000e-01 6.362822992609162e+00 1.035338007207886e+00
8.187500000000001e-01 6.463079947504072e+00 1.034841344570720e+00
8.218750000000000e-01 6.564914834879517e+00 1.034323570821643e+00
8.250000000000001e-01 6.668352517274371e+00 1.033793704145568e+00
8.281250000000000e-01 6.773418248542846e+00 1.033258899180637e+00
8.312500000000000e-01 6.880137680020114e+00 1.032724397763538e+00
8.343750000000001e-01 6.988536866784961e+00 1.032193757715000e+00
8.375000000000000e-01 7.098642274021019e+00 1.031669212245991e+00
8.406250000000001e-01 7.210480783478133e+00 1.031152045872791e+00
8.437500000000000e-01 7.324079700035414e+00 1.030642917497497e+00
8.468750000000000e-01 7.439466758367605e+00 1.030142104324381e+00
8.500000000000001e-01 7.556670129716381e+00 1.029649667250256e+00
8.531250000000000e-01 7.675718428768239e+00 1.029165553480678e+00
8.562500000000001e-01 7.796640720640633e+00 1.028689655160764e+00
8.593750000000000e-01 7.919466527978115e+00 1.028221840388459e+00
8.625000000000000e-01 8.044225838160141e+00 1.027761968529649e+00
8.656250000000001e-01 8.170949110622363e+00 1.027309897030391e+00
8.687500000000000e-01 8.299667284293170e+00 1.026865484428692e+00
8.718750000000001e-01 8.430411785147284e+00 1.026428591532076e+00
8.750000000000000e-01 8.563214533878281e+00 1.025999081785733e+00
8.781250000000000e-01 8.698107953691880e+00 1.025576821385483e+00
8.812500000000001e-01 8.835124978221932e+00 1.025161679136315e+00
8.843750000000000e-01 8.974299059571019e+00 1.024753526566100e+00
8.875000000000001e-01 9.115664176477637e+00 1.024352237785063e+00
8.906250000000000e-01 9.259254842611947e+00 1.023957689430704e+00
8.937500000000000e-01 9.405106115002161e+00 1.023569760613201e+00
8.968750000000001e-01 9.553253602593529e+00 1.023188332903607e+00
9.000000000000000e-01 9.703733474942130e+00 1.022813290195428e+00
9.031250000000001e-01 9.856582471045494e+00 1.022444518693753e+00
9.062500000000000e-01 1.001183790831228e+01 1.022081906862406e+00
9.093750000000000e-01 1.016953769167313e+01 1.021725345371503e+00
9.125000000000001e-01 1.032972032283505e+01 1.021374727045398e+00
9.156250000000000e-01 1.049242490968134e+01 1.021029946811006e+00
9.187500000000001e-01 1.065769117581972e+01 1.020690901604247e+00
9.218750000000000e-01 1.082555947028058e+01 1.020357490445826e+00
9.250000000000000e-01 1.099607077736805e+01 1.020029614263834e+00
9.281250000000001e-01 1.116926672666618e+01 1.019707175927917e+00
9.312500000000000e-01 1.134518960320255e+01 1.019390080157040e+00
9.343750000000001e-01 1.152388235777201e+01 1.019078233554158e+00
9.375000000000000e-01 1.170538861742293e+01 1.018771544472391e+00
9.406250000000000e-01 1.188975269610854e+01 1.018469923008075e+00
9.437500000000001e-01 1.207701960550600e+01 1.018173280994024e+00
9.468750000000000e-01 1.226723506600578e+01 1.017881531950857e+00
9.500000000000001e-01 1.246044551787411e+01 1.017594591038590e+00
9.531250000000000e-01 1.265669813259115e+01 1.017312375008482e+00
9.562500000000000e-01 1.285604082436773e+01 1.017034802197211e+00
9.593750000000001e-01 1.305852226184337e+01 1.016761792437067e+00
9.625000000000000e-01 1.326419187996850e+01 1.016493267134700e+00
9.656250000000001e-01 1.347309989207381e+01 1.016229149097568e+00
9.687500000000000e-01 1.368529730212962e+01 1.015969362613060e+00
9.718750000000000e-01 1.390083591719824e+01 1.015713833359497e+00
9.750000000000001e-01 1.411976836008246e+01 1.015462488443469e+00
9.781250000000000e-01 1.434214808217320e+01 1.015215256269201e+00
9.812500000000001e-01 1.456802937649935e+01 1.014972066576237e+00
9.843750000000000e-01 1.479746739098328e+01 1.014732850393196e+00
9.875000000000000e-01 1.503051814190487e+01 1.014497540033704e+00
9.906250000000001e-01 1.526723852757770e+01 1.014266069050456e+00
9.937500000000000e-01 1.550768634224049e+01 1.014038372231422e+00
9.968750000000001e-01 1.575192029016732e+01 1.013814385512242e+00
1.000000000000000e+00 1.600000000000000e+01 1.013594046014678e+00
