0.000000000000000e+00 0.000000000000000e+00 1.000000000000000e+00
3.125000000000000e-03 3.369263549427258e-03 1.034386690863912e+00
6.250000000000000e-03 6.739349689698711e-03 1.011821917685240e+00
9.375000000000001e-03 1.011108121249049e-02 1.007286166648049e+00
1.250000000000000e-02 1.348528131119160e-02 1.005278558654594e+00
1.562500000000000e-02 1.686277378188298e-02 1.004140325442485e+00
1.875000000000000e-02 2.024438322446370e-02 1.003406016669650e+00
2.187500000000000e-02 2.363093524397333e-02 1.002892600911454e+00
2.500000000000000e-02 2.702325665215984e-02 1.002513244651453e+00
2.812500000000000e-02 3.042217566934200e-02 1.002221395221952e+00
3.125000000000000e-02 3.382852212661575e-02 1.001989834267206e+00
3.437500000000000e-02 3.724312766845378e-02 1.001801578103621e+00
3.750000000000001e-02 4.066682595574785e-02 1.001645478113455e+00
4.062500000000000e-02 4.410045286934348e-02 1.001513911996281e+00
4.375000000000000e-02 4.754484671411652e-02 1.001401491188685e+00
4.687500000000000e-02 5.100084842364160e-02 1.001304298134216e+00
5.000000000000000e-02 5.446930176550237e-02 1.001219416329923e+00
5.312500000000001e-02 5.795105354729364e-02 1.001144629736144e+00
5.625000000000000e-02 6.144695382336569e-02 1.001078224294605e+00
5.937500000000000e-02 6.495785610236132e-02 1.001018853375535e+00
6.250000000000000e-02 6.848461755559625e-02 1.000965444386024e+00
6.562500000000000e-02 7.202809922633362e-02 1.000917132331335e+00
6.875000000000001e-02 7.558916624000402e-02 1.000873212040950e+00
7.187500000000001e-02 7.916868801542200e-02 1.000833102792855e+00
7.500000000000001e-02 8.276753847705080e-02 1.000796322004130e+00
7.812500000000000e-02 8.638659626836727e-02 1.000762465446436e+00
8.125000000000000e-02 9.002674496637868e-02 1.000731191797099e+00
8.437500000000001e-02 9.368887329734420e-02 1.000702211042102e+00
8.750000000000001e-02 9.737387535375355e-02 1.000675275024925e+00
9.062500000000001e-02 1.010826508126157e-01 1.000650170314554e+00
9.375000000000000e-02 1.048161051551108e-01 1.000626712255740e+00
9.687500000000000e-02 1.085751498876601e-01 1.000604740200806e+00
1.000000000000000e-01 1.123607027644654e-01 1.000584113922439e+00
1.031250000000000e-01 1.161736880115753e-01 1.000564710289743e+00
1.062500000000000e-01 1.200150365525305e-01 1.000546420818831e+00
1.093750000000000e-01 1.238856862356450e-01 1.000529149573546e+00
1.125000000000000e-01 1.277865820629775e-01 1.000512811416165e+00
1.156250000000000e-01 1.317186764210495e-01 1.000497330433241e+00
1.187500000000000e-01 1.356829293133661e-01 1.000482638798571e+00
1.218750000000000e-01 1.396803085947971e-01 1.000468675767462e+00
1.250000000000000e-01 1.437117902078738e-01 1.000455386671204e+00
1.281250000000000e-01 1.477783584210617e-01 1.000442722217463e+00
1.312500000000000e-01 1.518810060690650e-01 1.000430637921833e+00
1.343750000000000e-01 1.560207347952229e-01 1.000419093364806e+00
1.375000000000000e-01 1.601985552960564e-01 1.000408051929257e+00
1.406250000000000e-01 1.644154875680252e-01 1.000397480232283e+00
1.437500000000000e-01 1.686725611565558e-01 1.000387347862825e+00
1.468750000000000e-01 1.729708154074000e-01 1.000377626944653e+00
1.500000000000000e-01 1.773112997203869e-01 1.000368292005101e+00
1.531250000000000e-01 1.816950738056289e-01 1.000359319669149e+00
1.562500000000000e-01 1.861232079422458e-01 1.000350688440883e+00
1.593750000000000e-01 1.905967832396682e-01 1.000342378484979e+00
1.625000000000000e-01 1.951168919015860e-01 1.000334371539230e+00
1.656250000000000e-01 1.996846374926046e-01 1.000326650739737e+00
1.687500000000000e-01 2.043011352076760e-01 1.000319200489800e+00
1.718750000000000e-01 2.089675121443681e-01 1.000312006285146e+00
1.750000000000000e-01 2.136849075780412e-01 1.000305054670178e+00
1.781250000000000e-01 2.184544732399964e-01 1.000298333194241e+00
1.812500000000000e-01 2.232773735986666e-01 1.000291830236879e+00
1.843750000000000e-01 2.281547861439151e-01 1.000285535007782e+00
1.875000000000000e-01 2.330879016745160e-01 1.000279437372066e+00
1.906250000000000e-01 2.380779245888810e-01 1.000273527893898e+00
1.937500000000000e-01 2.431260731791094e-01 1.000267797792787e+00
1.968750000000000e-01 2.482335799284277e-01 1.000262238768886e+00
2.000000000000000e-01 2.534016918120952e-01 1.000256843090290e+00
2.031250000000000e-01 2.586316706018478e-01 1.000251603505679e+00
2.062500000000000e-01 2.639247931739538e-01 1.000246513244293e+00
2.093750000000000e-01 2.692823518209576e-01 1.000241565841239e+00
2.125000000000000e-01 2.747056545671873e-01 1.000236755268480e+00
2.156250000000000e-01 2.801960254881028e-01 1.000232075891143e+00
2.187500000000000e-01 2.857548050335636e-01 1.000227522336509e+00
2.218750000000000e-01 2.913833503550930e-01 1.000223089537664e+00
2.250000000000000e-01 2.970830356372213e-01 1.000218772734678e+00
2.281250000000000e-01 3.028552524329863e-01 1.000214567402617e+00
2.312500000000000e-01 3.087014100036755e-01 1.000210469295537e+00
2.343750000000000e-01 3.146229356628902e-01 1.000206474390186e+00
2.375000000000000e-01 3.206212751250189e-01 1.000202578842162e+00
2.406250000000000e-01 3.266978928582008e-01 1.000198778985903e+00
2.437500000000000e-01 3.328542724418705e-01 1.000195071424058e+00
2.468750000000000e-01 3.390919169289667e-01 1.000191452893415e+00
2.500000000000000e-01 3.454123492128958e-01 1.000187920264895e+00
2.531250000000000e-01 3.518171123993401e-01 1.000184470588235e+00
2.562500000000000e-01 3.583077701830001e-01 1.000181101047293e+00
2.593750000000000e-01 3.648859072293631e-01 1.000177809004736e+00
2.625000000000000e-01 3.715531295615936e-01 1.000174591867967e+00
2.656250000000000e-01 3.783110649526354e-01 1.000171447223189e+00
2.687500000000000e-01 3.851613633226258e-01 1.000168372746021e+00
2.718750000000000e-01 3.921056971417164e-01 1.000165366201502e+00
2.750000000000000e-01 3.991457618383991e-01 1.000162425488767e+00
2.781250000000000e-01 4.062832762134377e-01 1.000159548596365e+00
2.812500000000000e-01 4.135199828595055e-01 1.000156733557562e+00
2.843750000000000e-01 4.208576485866312e-01 1.000153978539720e+00
2.875000000000000e-01 4.282980648535585e-01 1.000151281754914e+00
2.906250000000000e-01 4.358430482051222e-01 1.000148641549308e+00
2.937500000000000e-01 4.434944407157500e-01 1.000146056269091e+00
2.968750000000000e-01 4.512541104391968e-01 1.000143524349851e+00
3.000000000000000e-01 4.591239518646220e-01 1.000141044271885e+00
3.031250000000000e-01 4.671058863791195e-01 1.000138614604884e+00
3.062500000000000e-01 4.752018627368176e-01 1.000136234007929e+00
3.093750000000000e-01 4.834138575346580e-01 1.000133901095438e+00
3.125000000000000e-01 4.917438756949728e-01 1.000131614615903e+00
3.156250000000000e-01 5.001939509549778e-01 1.000129373362519e+00
3.187500000000000e-01 5.087661463633005e-01 1.000127176128496e+00
3.218750000000000e-01 5.174625547836644e-01 1.000125021751747e+00
3.250000000000000e-01 5.262852994058529e-01 1.000122909159570e+00
3.281250000000000e-01 5.352365342640750e-01 1.000120837323959e+00
3.312500000000000e-01 5.443184447628656e-01 1.000118805172241e+00
3.343750000000000e-01 5.535332482106405e-01 1.000116811721122e+00
3.375000000000000e-01 5.628831943610435e-01 1.000114856076690e+00
3.406250000000000e-01 5.723705659622137e-01 1.000112937255674e+00
3.437500000000000e-01 5.819976793141081e-01 1.000111054408870e+00
3.468750000000000e-01 5.917668848340161e-01 1.000109206687083e+00
3.500000000000000e-01 6.016805676304035e-01 1.000107393285809e+00
3.531250000000000e-01 6.117411480852264e-01 1.000105613355874e+00
3.562500000000000e-01 6.219510824448572e-01 1.000103866137477e+00
3.593750000000000e-01 6.323128634197650e-01 1.000102150870829e+00
3.625000000000000e-01 6.428290207931012e-01 1.000100466840830e+00
3.656250000000000e-01 6.535021220383342e-01 1.000098813377072e+00
3.687500000000000e-01 6.643347729460869e-01 1.000097189764471e+00
3.718750000000000e-01 6.753296182603294e-01 1.000095595332635e+00
3.750000000000000e-01 6.864893423240808e-01 1.000094029455859e+00
3.781250000000000e-01 6.978166697347804e-01 1.000092491553129e+00
3.812500000000000e-01 7.093143660094854e-01 1.000090980998755e+00
3.843750000000000e-01 7.209852382600603e-01 1.000089497167053e+00
3.875000000000000e-01 7.328321358785219e-01 1.000088039521708e+00
3.906250000000000e-01 7.448579512327029e-01 1.000086607526412e+00
3.937500000000000e-01 7.570656203724140e-01 1.000085200644863e+00
3.968750000000000e-01 7.694581237462648e-01 1.000083818340762e+00
4.000000000000000e-01 7.820384869293291e-01 1.000082460122500e+00
4.031250000000000e-01 7.948097813618253e-01 1.000081125498469e+00
4.062500000000000e-01 8.077751250989945e-01 1.000079813977067e+00
4.093750000000000e-01 8.209376835723596e-01 1.000078525066698e+00
4.125000000000000e-01 8.343006703625532e-01 1.000077258365133e+00
4.156250000000000e-01 8.478673479838968e-01 1.000076013425462e+00
4.187500000000000e-01 8.616410286809313e-01 1.000074789800784e+00
4.218750000000000e-01 8.756250752370857e-01 1.000073587088879e+00
4.250000000000000e-01 8.898229017956865e-01 1.000072404887533e+00
4.281250000000000e-01 9.042379746935050e-01 1.000071242794534e+00
4.312500000000000e-01 9.188738133070491e-01 1.000070100407673e+00
4.343750000000000e-01 9.337339909118028e-01 1.000068977369427e+00
4.375000000000000e-01 9.488221355546261e-01 1.000067873322274e+00
4.406250000000000e-01 9.641419309395265e-01 1.000066787908698e+00
4.437500000000000e-01 9.796971173270190e-01 1.000065720771181e+00
4.468750000000000e-01 9.954914924472941e-01 1.000064671552211e+00
4.500000000000000e-01 1.011528912427417e+00 1.000063639938960e+00
4.531250000000000e-01 1.027813292732786e+00 1.000062625618600e+00
4.562500000000000e-01 1.044348609123070e+00 1.000061628278307e+00
4.593750000000000e-01 1.061138898622882e+00 1.000060647605260e+00
4.625000000000000e-01 1.078188260507393e+00 1.000059683286638e+00
4.656250000000000e-01 1.095500857303154e+00 1.000058735054303e+00
4.687500000000000e-01 1.113080915804360e+00 1.000057802595441e+00
4.718750000000000e-01 1.130932728104805e+00 1.000056885641917e+00
4.750000000000000e-01 1.149060652645771e+00 1.000055983970283e+00
4.781250000000000e-01 1.167469115280130e+00 1.000055097267727e+00
4.812500000000000e-01 1.186162610352890e+00 1.000054225266122e+00
4.843750000000000e-01 1.205145701798475e+00 1.000053367742021e+00
4.875000000000000e-01 1.224423024254985e+00 1.000052524471982e+00
4.906250000000000e-01 1.243999284195726e+00 1.000051695187881e+00
4.937500000000000e-01 1.263879261078271e+00 1.000050879666277e+00
4.968750000000000e-01 1.284067808511348e+00 1.000050077683732e+00
5.000000000000000e-01 1.304569855439823e+00 1.000049289016806e+00
5.031250000000000e-01 1.325390407348082e+00 1.000048513442062e+00
5.062500000000000e-01 1.346534547482100e+00 1.000047750780747e+00
5.093750000000000e-01 1.368007438090487e+00 1.000047000809424e+00
5.125000000000001e-01 1.389814321684837e+00 1.000046263349343e+00
5.156250000000000e-01 1.411960522319654e+00 1.000045538177069e+00
5.187500000000000e-01 1.434451446892208e+00 1.000044825158535e+00
5.218750000000000e-01 1.457292586462593e+00 1.000044124114990e+00
5.250000000000000e-01 1.480489517594354e+00 1.000043434867685e+00
5.281250000000001e-01 1.504047903715979e+00 1.000042757237872e+00
5.312500000000000e-01 1.527973496503592e+00 1.000042091136168e+00
5.343750000000000e-01 1.552272137285215e+00 1.000041436383824e+00
5.375000000000000e-01 1.576949758466886e+00 1.000040792802097e+00
5.406250000000000e-01 1.602012384981041e+00 1.000040160346284e+00
5.437500000000001e-01 1.627466135757470e+00 1.000039538837640e+00
5.468750000000000e-01 1.653317225217225e+00 1.000038928231465e+00
5.500000000000000e-01 1.679571964789851e+00 1.000038328393697e+00
5.531250000000000e-01 1.706236764454286e+00 1.000037739234956e+00
5.562500000000000e-01 1.733318134303830e+00 1.000037160710541e+00
5.593750000000001e-01 1.760822686135563e+00 1.000036592731074e+00
5.625000000000000e-01 1.788757135064574e+00 1.000036035296536e+00
5.656250000000000e-01 1.817128301163438e+00 1.000035488362229e+00
5.687500000000000e-01 1.845943111127301e+00 1.000034951972817e+00
5.718750000000000e-01 1.875208599965003e+00 1.000034426128282e+00
5.750000000000001e-01 1.904931912716643e+00 1.000033910873288e+00
5.781250000000000e-01 1.935120306198011e+00 1.000033406297180e+00
5.812500000000000e-01 1.965781150772311e+00 1.000032912533983e+00
5.843750000000000e-01 1.996921932149593e+00 1.000032429673042e+00
5.875000000000000e-01 2.028550253214365e+00 1.000031957937741e+00
5.906250000000001e-01 2.060673835881802e+00 1.000031497640830e+00
5.937500000000000e-01 2.093300522983012e+00 1.000031049005691e+00
5.968750000000000e-01 2.126438280179837e+00 1.000030612434434e+00
6.000000000000001e-01 2.160095197909630e+00 1.000030188418525e+00
6.031250000000000e-01 2.194279493360494e+00 1.000029777538791e+00
6.062500000000001e-01 2.228999512477486e+00 1.000029380420740e+00
6.093750000000000e-01 2.264263732000228e+00 1.000028997779238e+00
6.125000000000000e-01 2.300080761532477e+00 1.000028630820636e+00
6.156250000000001e-01 2.336459345644116e+00 1.000028280661919e+00
6.187500000000000e-01 2.373408366006099e+00 1.000027948420076e+00
6.218750000000001e-01 2.410936843558884e+00 1.000027635792934e+00
6.250000000000000e-01 2.449053940714840e+00 1.000027345327243e+00
6.281250000000000e-01 2.487768963595221e+00 1.000027079256991e+00
6.312500000000001e-01 2.527091364302215e+00 1.000026839414044e+00
6.343750000000000e-01 2.567030743226622e+00 1.000026629685553e+00
6.375000000000001e-01 2.607596851391758e+00 1.000026456013953e+00
6.406250000000000e-01 2.648799592834118e+00 1.000026322599156e+00
6.437500000000000e-01 2.690649027021411e+00 1.000026232032591e+00
6.468750000000001e-01 2.733155371308524e+00 1.000026192580064e+00
6.500000000000000e-01 2.776329003432049e+00 1.000026218986002e+00
6.531250000000001e-01 2.820180464043967e+00 1.000026320677911e+00
6.562500000000000e-01 2.864720459285089e+00 1.000026497343055e+00
6.593750000000000e-01 2.909959863398929e+00 1.000026759123860e+00
6.625000000000001e-01 2.955909721386590e+00 1.000027141630465e+00
6.656250000000000e-01 3.002581251703353e+00 1.000027676675283e+00
6.687500000000001e-01 3.049985848997626e+00 1.000028347503487e+00
6.718750000000000e-01 3.098135086892879e+00 1.000029112384017e+00
6.750000000000000e-01 3.147040720813310e+00 1.000029990753003e+00
6.781250000000001e-01 3.196714690853871e+00 1.000031072864979e+00
6.812500000000000e-01 3.247169124695383e+00 1.000032370114102e+00
6.843750000000001e-01 3.298416340565477e+00 1.000033630280150e+00
6.875000000000000e-01 3.350468850246008e+00 1.000034451015301e+00
6.906250000000000e-01 3.403339362127777e+00 1.000034672049593e+00
6.937500000000001e-01 3.457040784313211e+00 1.000034449362124e+00
6.968750000000000e-01 3.511586227767823e+00 1.000033974766323e+00
7.000000000000001e-01 3.566989009521205e+00 1.000033760657652e+00
7.031250000000000e-01 3.623262655918307e+00 1.000037972557146e+00
7.062500000000000e-01 3.680420905921852e+00 1.000066368166911e+00
7.093750000000001e-01 3.738477714466631e+00 1.000176692012319e+00
7.125000000000000e-01 3.797447255866536e+00 1.000482282953551e+00
7.156250000000001e-01 3.857343927275175e+00 1.001137426552942e+00
7.187500000000000e-01 3.918182352200844e+00 1.002280399201806e+00
7.218750000000000e-01 3.979977384076828e+00 1.003961063351105e+00
7.250000000000001e-01 4.042744109887770e+00 1.006098089391604e+00
7.281250000000000e-01 4.106497853853101e+00 1.008492109697579e+00
7.312500000000001e-01 4.171254181168399e+00 1.010885176488074e+00
7.343750000000000e-01 4.237028901805528e+00 1.013033946849006e+00
7.375000000000000e-01 4.303838074372613e+00 1.014765394351983e+00
7.406250000000001e-01 4.371698010034643e+00 1.016000383741707e+00
7.437500000000000e-01 4.440625276495786e+00 1.016747625386109e+00
7.468750000000001e-01 4.510636702044332e+00 1.017079747539695e+00
7.500000000000000e-01 4.581749379661216e+00 1.017104131072077e+00
7.531250000000000e-01 4.653980671193226e+00 1.016937301153229e+00
7.562500000000001e-01 4.727348211591802e+00 1.016686916662284e+00
7.593750000000000e-01 4.801869913218528e+00 1.016441769086620e+00
7.625000000000001e-01 4.877563970218381e+00 1.016268226206540e+00
7.656250000000000e-01 4.954448862961714e+00 1.016210941444566e+00
7.687500000000000e-01 5.032543362556198e+00 1.016295837333397e+00
7.718750000000001e-01 5.111866535429675e+00 1.016533919082591e+00
7.750000000000000e-01 5.192437747985146e+00 1.016925017194874e+00
7.781250000000001e-01 5.274276671329015e+00 1.017461005785087e+00
7.812500000000000e-01 5.357403286073669e+00 1.018128328642563e+00
7.843750000000000e-01 5.441837887215693e+00 1.018909848621145e+00
7.875000000000001e-01 5.527601089090773e+00 1.019786096704704e+00
7.906250000000000e-01 5.614713830406605e+00 1.020736018626706e+00
7.937500000000001e-01 5.703197379355005e+00 1.021737317796510e+00
7.968750000000000e-01 5.793073338804412e+00 1.022766537204489e+00
8.000000000000000e-01 5.884363651574169e+00 1.023799035651033e+00
8.031250000000001e-01 5.977090605791737e+00 1.024808966443139e+00
8.062500000000000e-01 6.071276840334257e+00 1.025769264086584e+00
8.093750000000001e-01 6.166945350355728e+00 1.026651622996814e+00
8.125000000000000e-01 6.264119492901173e+00 1.027426621134762e+00
8.156250000000000e-01 6.362822992609162e+00 1.028064471908188e+00
8.187500000000001e-01 6.463079947504072e+00 1.028537126837090e+00
8.218750000000000e-01 6.564914834879517e+00 1.028822262132874e+00
8.250000000000001e-01 6.668352517274371e+00 1.028908887220506e+00
8.281250000000000e-01 6.773418248542846e+00 1.028803140633447e+00
8.312500000000000e-01 6.880137680020114e+00 1.028531945268198e+00
8.343750000000001e-01 6.988536866784961e+00 1.028142282611436e+00
8.375000000000000e-01 7.098642274021019e+00 1.027695132262829e+00
8.406250000000001e-01 7.210480783478133e+00 1.027255069947394e+00
8.437500000000000e-01 7.324079700035414e+00 1.026878176341276e+00
8.468750000000000e-01 7.439466758367605e+00 1.026601551347155e+00
8.500000000000001e-01 7.556670129716381e+00 1.026437226267171e+00
8.531250000000000e-01 7.675718428768239e+00 1.026371960869798e+00
8.562500000000001e-01 7.796640720640633e+00 1.026372767865088e+00
8.593750000000000e-01 7.919466527978115e+00 1.026396449089164e+00
8.625000000000000e-01 8.044225838160141e+00 1.026400356589968e+00
8.656250000000001e-01 8.170949110622363e+00 1.026351381420304e+00
8.687500000000000e-01 8.299667284293170e+00 1.026230974894137e+00
8.718750000000001e-01 8.430411785147284e+00 1.026035538688788e+00
8.750000000000000e-01 8.563214533878281e+00 1.025773122498467e+00
8.781250000000000e-01 8.698107953691880e+00 1.025458345133665e+00
8.812500000000001e-01 8.835124978221932e+00 1.025107499261793e+00
8.843750000000000e-01 8.974299059571019e+00 1.024735109551594e+00
8.875000000000001e-01 9.115664176477637e+00 1.024352291729461e+00
8.906250000000000e-01 9.259254842611947e+00 1.023966564401518e+00
8.937500000000000e-01 9.405106115002161e+00 1.023582483583900e+00
8.968750000000001e-01 9.553253602593529e+00 1.023202532629118e+00
9.000000000000000e-01 9.703733474942130e+00 1.022827919525864e+00
9.031250000000001e-01 9.856582471045494e+00 1.022459149653838e+00
9.062500000000000e-01 1.001183790831228e+01 1.022096378494921e+00
9.093750000000000e-01 1.016953769167313e+01 1.021739603135737e+00
9.125000000000001e-01 1.032972032283505e+01 1.021388755643127e+00
9.156250000000000e-01 1.049242490968134e+01 1.021043744368207e+00
9.187500000000001e-01 1.065769117581972e+01 1.020704470490985e+00
9.218750000000000e-01 1.082555947028058e+01 1.020370834181945e+00
9.250000000000000e-01 1.099607077736805e+01 1.020042736695110e+00
9.281250000000001e-01 1.116926672666618e+01 1.019720080908090e+00
9.312500000000000e-01 1.134518960320255e+01 1.019402771496908e+00
9.343750000000001e-01 1.152388235777201e+01 1.019090714974103e+00
9.375000000000000e-01 1.170538861742293e+01 1.018783819590406e+00
9.406250000000000e-01 1.188975269610854e+01 1.018481995464326e+00
9.437500000000001e-01 1.207701960550600e+01 1.018185154302260e+00
9.468750000000000e-01 1.226723506600578e+01 1.017893209574069e+00
9.500000000000001e-01 1.246044551787411e+01 1.017606076324808e+00
9.531250000000000e-01 1.265669813259115e+01 1.017323671305102e+00
9.562500000000000e-01 1.285604082436773e+01 1.017045912737963e+00
9.593750000000001e-01 1.305852226184337e+01 1.016772720449563e+00
9.625000000000000e-01 1.326419187996850e+01 1.016504015727453e+00
9.656250000000001e-01 1.347309989207381e+01 1.016239721360778e+00
9.687500000000000e-01 1.368529730212962e+01 1.015979761589779e+00
9.718750000000000e-01 1.390083591719824e+01 1.015724062055510e+00
9.750000000000001e-01 1.411976836008246e+01 1.015472549749773e+00
9.781250000000000e-01 1.434214808217320e+01 1.015225153010599e+00
9.812500000000001e-01 1.456802937649935e+01 1.014981801563217e+00
9.843750000000000e-01 1.479746739098328e+01 1.014742426425066e+00
9.875000000000000e-01 1.503051814190487e+01 1.014506959811055e+00
9.906250000000001e-01 1.526723852757770e+01 1.014275335220340e+00
9.937500000000000e-01 1.550768634224049e+01 1.014047487387153e+00
9.968750000000001e-01 1.575192029016732e+01 1.013823352231818e+00
1.000000000000000e+00 1.600000000000000e+01 1.013602866811915e+00
