0.000000000000000e+00 0.000000000000000e+00 1.000000000000000e+00
3.125000000000000e-03 3.369263549427258e-03 1.036177628253009e+00
6.250000000000000e-03 6.739349689698711e-03 1.043016554676049e+00
9.375000000000001e-03 1.011108121249049e-02 1.045792805187155e+00
1.250000000000000e-02 1.348528131119160e-02 1.047275753399457e+00
1.562500000000000e-02 1.686277378188298e-02 1.048195953167354e+00
1.875000000000000e-02 2.024438322446370e-02 1.048822101442604e+00
2.187500000000000e-02 2.363093524397333e-02 1.049275589775756e+00
2.500000000000000e-02 2.702325665215984e-02 1.049619156867087e+00
2.812500000000000e-02 3.042217566934200e-02 1.049888459288614e+00
3.125000000000000e-02 3.382852212661575e-02 1.050105249458249e+00
3.437500000000000e-02 3.724312766845378e-02 1.050283546049846e+00
3.750000000000001e-02 4.066682595574785e-02 1.050432788619512e+00
4.062500000000000e-02 4.410045286934348e-02 1.050559565046153e+00
4.375000000000000e-02 4.754484671411652e-02 1.050668612331557e+00
4.687500000000000e-02 5.100084842364160e-02 1.050763423626070e+00
5.000000000000000e-02 5.446930176550237e-02 1.050846631253515e+00
5.312500000000001e-02 5.795105354729364e-02 1.050920256279249e+00
5.625000000000000e-02 6.144695382336569e-02 1.050985876282870e+00
5.937500000000000e-02 6.495785610236132e-02 1.051044740509177e+00
6.250000000000000e-02 6.848461755559625e-02 1.051097851160365e+00
6.562500000000000e-02 7.202809922633362e-02 1.051146021402787e+00
6.875000000000001e-02 7.558916624000402e-02 1.051189918109114e+00
7.187500000000001e-02 7.916868801542200e-02 1.051230093189427e+00
7.500000000000001e-02 8.276753847705080e-02 1.051267007363717e+00
7.812500000000000e-02 8.638659626836727e-02 1.051301048245409e+00
8.125000000000000e-02 9.002674496637868e-02 1.051332544277384e+00
8.437500000000001e-02 9.368887329734420e-02 1.051361775634655e+00
8.750000000000001e-02 9.737387535375355e-02 1.051388982757998e+00
9.062500000000001e-02 1.010826508126157e-01 1.051414373168008e+00
9.375000000000000e-02 1.048161051551108e-01 1.051438126828458e+00
9.687500000000000e-02 1.085751498876601e-01 1.051460400606149e+00
1.000000000000000e-01 1.123607027644654e-01 1.051481331991534e+00
1.031250000000000e-01 1.161736880115753e-01 1.051501041827384e+00
1.062500000000000e-01 1.200150365525305e-01 1.051519636775615e+00
1.093750000000000e-01 1.238856862356450e-01 1.051537211474217e+00
1.125000000000000e-01 1.277865820629775e-01 1.051553849985932e+00
1.156250000000000e-01 1.317186764210495e-01 1.051569627401709e+00
1.187500000000000e-01 1.356829293133661e-01 1.051584610867389e+00
1.218750000000000e-01 1.396803085947971e-01 1.051598860788669e+00
1.250000000000000e-01 1.437117902078738e-01 1.051612431439530e+00
1.281250000000000e-01 1.477783584210617e-01 1.051625371866839e+00
1.312500000000000e-01 1.518810060690650e-01 1.051637726411479e+00
1.343750000000000e-01 1.560207347952229e-01 1.051649535383710e+00
1.375000000000000e-01 1.601985552960564e-01 1.051660835417960e+00
1.406250000000000e-01 1.644154875680252e-01 1.051671659862731e+00
1.437500000000000e-01 1.686725611565558e-01 1.051682039231093e+00
1.468750000000000e-01 1.729708154074000e-01 1.051692001332112e+00
1.500000000000000e-01 1.773112997203869e-01 1.051701571829144e+00
1.531250000000000e-01 1.816950738056289e-01 1.051710774112415e+00
1.562500000000000e-01 1.861232079422458e-01 1.051719629839643e+00
1.593750000000000e-01 1.905967832396682e-01 1.051728158983081e+00
1.625000000000000e-01 1.951168919015860e-01 1.051736379882661e+00
1.656250000000000e-01 1.996846374926046e-01 1.051744309542163e+00
1.687500000000000e-01 2.043011352076760e-01 1.051751963670039e+00
1.718750000000000e-01 2.089675121443681e-01 1.051759356915939e+00
1.750000000000000e-01 2.136849075780412e-01 1.051766502858207e+00
1.781250000000000e-01 2.184544732399964e-01 1.051773414078182e+00
1.812500000000000e-01 2.232773735986666e-01 1.051780102328617e+00
1.843750000000000e-01 2.281547861439151e-01 1.051786578574145e+00
1.875000000000000e-01 2.330879016745160e-01 1.051792853014915e+00
1.906250000000000e-01 2.380779245888810e-01 1.051798935209212e+00
1.937500000000000e-01 2.431260731791094e-01 1.051804834072429e+00
1.968750000000000e-01 2.482335799284277e-01 1.051810558034440e+00
2.000000000000000e-01 2.534016918120952e-01 1.051816114849138e+00
2.031250000000000e-01 2.586316706018478e-01 1.051821511957076e+00
2.062500000000000e-01 2.639247931739538e-01 1.051826756282596e+00
2.093750000000000e-01 2.692823518209576e-01 1.051831854299807e+00
2.125000000000000e-01 2.747056545671873e-01 1.051836812151044e+00
2.156250000000000e-01 2.801960254881028e-01 1.051841635592092e+00
2.187500000000000e-01 2.857548050335636e-01 1.051846330100414e+00
2.218750000000000e-01 2.913833503550930e-01 1.051850900810966e+00
2.250000000000000e-01 2.970830356372213e-01 1.051855352558707e+00
2.281250000000000e-01 3.028552524329863e-01 1.051859689918373e+00
2.312500000000000e-01 3.087014100036755e-01 1.051863917298794e+00
2.343750000000000e-01 3.146229356628902e-01 1.051868038751882e+00
2.375000000000000e-01 3.206212751250189e-01 1.051872058227318e+00
2.406250000000000e-01 3.266978928582008e-01 1.051875979434692e+00
2.437500000000000e-01 3.328542724418705e-01 1.051879805811653e+00
2.468750000000000e-01 3.390919169289667e-01 1.051883540773550e+00
2.500000000000000e-01 3.454123492128958e-01 1.051887187456905e+00
2.531250000000000e-01 3.518171123993401e-01 1.051890748850278e+00
2.562500000000000e-01 3.583077701830001e-01 1.051894227871117e+00
2.593750000000000e-01 3.648859072293631e-01 1.051897627272598e+00
2.625000000000000e-01 3.715531295615936e-01 1.051900949602400e+00
2.656250000000000e-01 3.783110649526354e-01 1.051904197386523e+00
2.687500000000000e-01 3.851613633226258e-01 1.051907372976477e+00
2.718750000000000e-01 3.921056971417164e-01 1.051910478674551e+00
2.750000000000000e-01 3.991457618383991e-01 1.051913516634521e+00
2.781250000000000e-01 4.062832762134377e-01 1.051916488928648e+00
2.812500000000000e-01 4.135199828595055e-01 1.051919397502156e+00
2.843750000000000e-01 4.208576485866312e-01 1.051922244296090e+00
2.875000000000000e-01 4.282980648535585e-01 1.051925031088835e+00
2.906250000000000e-01 4.358430482051222e-01 1.051927759616048e+00
2.937500000000000e-01 4.434944407157500e-01 1.051930431580202e+00
2.968750000000000e-01 4.512541104391968e-01 1.051933048602778e+00
3.000000000000000e-01 4.591239518646220e-01 1.051935612174160e+00
3.031250000000000e-01 4.671058863791195e-01 1.051938123772092e+00
3.062500000000000e-01 4.752018627368176e-01 1.051940584869818e+00
3.093750000000000e-01 4.834138575346580e-01 1.051942996773131e+00
3.125000000000000e-01 4.917438756949728e-01 1.051945360792982e+00
3.156250000000000e-01 5.001939509549778e-01 1.051947678252820e+00
3.187500000000000e-01 5.087661463633005e-01 1.051949950324910e+00
3.218750000000000e-01 5.174625547836644e-01 1.051952178145349e+00
3.250000000000000e-01 5.262852994058529e-01 1.051954362875777e+00
3.281250000000000e-01 5.352365342640750e-01 1.051956505596036e+00
3.312500000000000e-01 5.443184447628656e-01 1.051958607363620e+00
3.343750000000000e-01 5.535332482106405e-01 1.051960669217944e+00
3.375000000000000e-01 5.628831943610435e-01 1.051962692070642e+00
3.406250000000000e-01 5.723705659622137e-01 1.051964676933431e+00
3.437500000000000e-01 5.819976793141081e-01 1.051966624641181e+00
3.468750000000000e-01 5.917668848340161e-01 1.051968536134557e+00
3.500000000000000e-01 6.016805676304035e-01 1.051970412239763e+00
3.531250000000000e-01 6.117411480852264e-01 1.051972253782122e+00
3.562500000000000e-01 6.219510824448572e-01 1.051974061589496e+00
3.593750000000000e-01 6.323128634197650e-01 1.051975836381802e+00
3.625000000000000e-01 6.428290207931012e-01 1.051977578941232e+00
3.656250000000000e-01 6.535021220383342e-01 1.051979289946569e+00
3.687500000000000e-01 6.643347729460869e-01 1.051980970143245e+00
3.718750000000000e-01 6.753296182603294e-01 1.051982620177510e+00
3.750000000000000e-01 6.864893423240808e-01 1.051984240766353e+00
3.781250000000000e-01 6.978166697347804e-01 1.051985832474649e+00
3.812500000000000e-01 7.093143660094854e-01 1.051987395996903e+00
3.843750000000000e-01 7.209852382600603e-01 1.051988931879230e+00
3.875000000000000e-01 7.328321358785219e-01 1.051990440744111e+00
3.906250000000000e-01 7.448579512327029e-01 1.051991923124212e+00
3.937500000000000e-01 7.570656203724140e-01 1.051993379575103e+00
3.968750000000000e-01 7.694581237462648e-01 1.051994810677815e+00
4.000000000000000e-01 7.820384869293291e-01 1.051996216927587e+00
4.031250000000000e-01 7.948097813618253e-01 1.051997598789592e+00
4.062500000000000e-01 8.077751250989945e-01 1.051998956813314e+00
4.093750000000000e-01 8.209376835723596e-01 1.052000291466128e+00
4.125000000000000e-01 8.343006703625532e-01 1.052001603245799e+00
4.156250000000000e-01 8.478673479838968e-01 1.052002892569065e+00
4.187500000000000e-01 8.616410286809313e-01 1.052004159884085e+00
4.218750000000000e-01 8.756250752370857e-01 1.052005405615838e+00
4.250000000000000e-01 8.898229017956865e-01 1.052006630166579e+00
4.281250000000000e-01 9.042379746935050e-01 1.052007833973137e+00
4.312500000000000e-01 9.188738133070491e-01 1.052009017452241e+00
4.343750000000000e-01 9.337339909118028e-01 1.052010181000903e+00
4.375000000000000e-01 9.488221355546261e-01 1.052011324939913e+00
4.406250000000000e-01 9.641419309395265e-01 1.052012449682993e+00
4.437500000000000e-01 9.796971173270190e-01 1.052013555626978e+00
4.468750000000000e-01 9.954914924472941e-01 1.052014643095253e+00
4.500000000000000e-01 1.011528912427417e+00 1.052015712393121e+00
4.531250000000000e-01 1.027813292732786e+00 1.052016763921824e+00
4.562500000000000e-01 1.044348609123070e+00 1.052017797954914e+00
4.593750000000000e-01 1.061138898622882e+00 1.052018814862393e+00
4.625000000000000e-01 1.078188260507393e+00 1.052019814887067e+00
4.656250000000000e-01 1.095500857303154e+00 1.052020798368657e+00
4.687500000000000e-01 1.113080915804360e+00 1.052021765633861e+00
4.718750000000000e-01 1.130932728104805e+00 1.052022716996552e+00
4.750000000000000e-01 1.149060652645771e+00 1.052023652701106e+00
4.781250000000000e-01 1.167469115280130e+00 1.052024573034537e+00
4.812500000000000e-01 1.186162610352890e+00 1.052025478271592e+00
4.843750000000000e-01 1.205145701798475e+00 1.052026368731771e+00
4.875000000000000e-01 1.224423024254985e+00 1.052027244610689e+00
4.906250000000000e-01 1.243999284195726e+00 1.052028106204107e+00
4.937500000000000e-01 1.263879261078271e+00 1.052028953741054e+00
4.968750000000000e-01 1.284067808511348e+00 1.052029787439044e+00
5.000000000000000e-01 1.304569855439823e+00 1.052030607617931e+00
5.031250000000000e-01 1.325390407348082e+00 1.052031414476132e+00
5.062500000000000e-01 1.346534547482100e+00 1.052032208257784e+00
5.093750000000000e-01 1.368007438090487e+00 1.052032989140903e+00
5.125000000000001e-01 1.389814321684837e+00 1.052033757406304e+00
5.156250000000000e-01 1.411960522319654e+00 1.052034513213799e+00
5.187500000000000e-01 1.434451446892208e+00 1.052035256826196e+00
5.218750000000000e-01 1.457292586462593e+00 1.052035988442348e+00
5.250000000000000e-01 1.480489517594354e+00 1.052036708252332e+00
5.281250000000001e-01 1.504047903715979e+00 1.052037416494389e+00
5.312500000000000e-01 1.527973496503592e+00 1.052038113343053e+00
5.343750000000000e-01 1.552272137285215e+00 1.052038798964320e+00
5.375000000000000e-01 1.576949758466886e+00 1.052039473572574e+00
5.406250000000000e-01 1.602012384981041e+00 1.052040137318708e+00
5.437500000000001e-01 1.627466135757470e+00 1.052040790458995e+00
5.468750000000000e-01 1.653317225217225e+00 1.052041433188108e+00
5.500000000000000e-01 1.679571964789851e+00 1.052042065637412e+00
5.531250000000000e-01 1.706236764454286e+00 1.052042687930113e+00
5.562500000000000e-01 1.733318134303830e+00 1.052043300238171e+00
5.593750000000001e-01 1.760822686135563e+00 1.052043902784110e+00
5.625000000000000e-01 1.788757135064574e+00 1.052044495729122e+00
5.656250000000000e-01 1.817128301163438e+00 1.052045079228201e+00
5.687500000000000e-01 1.845943111127301e+00 1.052045653487043e+00
5.718750000000000e-01 1.875208599965003e+00 1.052046218536429e+00
5.750000000000001e-01 1.904931912716643e+00 1.052046774568114e+00
5.781250000000000e-01 1.935120306198011e+00 1.052047321712725e+00
5.812500000000000e-01 1.965781150772311e+00 1.052047860208603e+00
5.843750000000000e-01 1.996921932149593e+00 1.052048390234792e+00
5.875000000000000e-01 2.028550253214365e+00 1.052048911852456e+00
5.906250000000001e-01 2.060673835881802e+00 1.052049425115100e+00
5.937500000000000e-01 2.093300522983012e+00 1.052049930182312e+00
5.968750000000000e-01 2.126438280179837e+00 1.052050427209599e+00
6.000000000000001e-01 2.160095197909630e+00 1.052050916518977e+00
6.031250000000000e-01 2.194279493360494e+00 1.052051398092584e+00
6.062500000000001e-01 2.228999512477486e+00 1.052051872016984e+00
6.093750000000000e-01 2.264263732000228e+00 1.052052338316151e+00
6.125000000000000e-01 2.300080761532477e+00 1.052052797234001e+00
6.156250000000001e-01 2.336459345644116e+00 1.052053249127734e+00
6.187500000000000e-01 2.373408366006099e+00 1.052053693902829e+00
6.218750000000001e-01 2.410936843558884e+00 1.052054131567548e+00
6.250000000000000e-01 2.449053940714840e+00 1.052054562122760e+00
6.281250000000000e-01 2.487768963595221e+00 1.052054986016787e+00
6.312500000000001e-01 2.527091364302215e+00 1.052055403534079e+00
6.343750000000000e-01 2.567030743226622e+00 1.052055814391994e+00
6.375000000000001e-01 2.607596851391758e+00 1.052056218462343e+00
6.406250000000000e-01 2.648799592834118e+00 1.052056616174647e+00
6.437500000000000e-01 2.690649027021411e+00 1.052057008078875e+00
6.468750000000001e-01 2.733155371308524e+00 1.052057393996179e+00
6.500000000000000e-01 2.776329003432049e+00 1.052057773280351e+00
6.531250000000001e-01 2.820180464043967e+00 1.052058146509383e+00
6.562500000000000e-01 2.864720459285089e+00 1.052058514614434e+00
6.593750000000000e-01 2.909959863398929e+00 1.052058877184795e+00
6.625000000000001e-01 2.955909721386590e+00 1.052059233221724e+00
6.656250000000000e-01 3.002581251703353e+00 1.052059583622428e+00
6.687500000000001e-01 3.049985848997626e+00 1.052059929761544e+00
6.718750000000000e-01 3.098135086892879e+00 1.052060270435154e+00
6.750000000000000e-01 3.147040720813310e+00 1.052060604509032e+00
6.781250000000001e-01 3.196714690853871e+00 1.052060934105878e+00
6.812500000000000e-01 3.247169124695383e+00 1.052061260045159e+00
6.843750000000001e-01 3.298416340565477e+00 1.052061579697499e+00
6.875000000000000e-01 3.350468850246008e+00 1.052061893358878e+00
6.906250000000000e-01 3.403339362127777e+00 1.052062204684666e+00
6.937500000000001e-01 3.457040784313211e+00 1.052062511412483e+00
6.968750000000000e-01 3.511586227767823e+00 1.052062810520473e+00
7.000000000000001e-01 3.566989009521205e+00 1.052063107416289e+00
7.031250000000000e-01 3.623262655918307e+00 1.052063402328148e+00
7.062500000000000e-01 3.680420905921852e+00 1.052063688207130e+00
7.093750000000001e-01 3.738477714466631e+00 1.052063971481171e+00
7.125000000000000e-01 3.797447255866536e+00 1.052064255649277e+00
7.156250000000001e-01 3.857343927275175e+00 1.052064529137515e+00
7.187500000000000e-01 3.918182352200844e+00 1.052064800151520e+00
7.218750000000000e-01 3.979977384076828e+00 1.052065075160217e+00
7.250000000000001e-01 4.042744109887770e+00 1.052065336389007e+00
7.281250000000000e-01 4.106497853853101e+00 1.052065597734070e+00
7.312500000000001e-01 4.171254181168399e+00 1.052065865166819e+00
7.343750000000000e-01 4.237028901805528e+00 1.052066113746680e+00
7.375000000000000e-01 4.303838074372613e+00 1.052066370546500e+00
7.406250000000001e-01 4.371698010034643e+00 1.052066629629921e+00
7.437500000000000e-01 4.440625276495786e+00 1.052066867604607e+00
7.468750000000001e-01 4.510636702044332e+00 1.052067127935846e+00
7.500000000000000e-01 4.581749379661216e+00 1.052067370776318e+00
7.531250000000000e-01 4.653980671193226e+00 1.052067613109521e+00
7.562500000000001e-01 4.727348211591802e+00 1.052067875939974e+00
7.593750000000000e-01 4.801869913218528e+00 1.052068096609058e+00
7.625000000000001e-01 4.877563970218381e+00 1.052068375261674e+00
7.656250000000000e-01 4.954448862961714e+00 1.052068608190113e+00
7.687500000000000e-01 5.032543362556198e+00 1.052068853851533e+00
7.718750000000001e-01 5.111866535429675e+00 1.052069144460836e+00
7.750000000000000e-01 5.192437747985146e+00 1.052069364202025e+00
7.781250000000001e-01 5.274276671329015e+00 1.052069689248768e+00
7.812500000000000e-01 5.357403286073669e+00 1.052069893454346e+00
7.843750000000000e-01 5.441837887215693e+00 1.052070287066739e+00
7.875000000000001e-01 5.527601089090773e+00 1.052070504806147e+00
7.906250000000000e-01 5.614713830406605e+00 1.052070890028255e+00
7.937500000000001e-01 5.703197379355005e+00 1.052071183371018e+00
7.968750000000000e-01 5.793073338804412e+00 1.052071661146972e+00
8.000000000000000e-01 5.884363651574169e+00 1.052071988251999e+00
8.031250000000001e-01 5.977090605791737e+00 1.052072476739240e+00
8.062500000000000e-01 6.071276840334257e+00 1.052072945779750e+00
8.093750000000001e-01 6.166945350355728e+00 1.052073738035408e+00
8.125000000000000e-01 6.264119492901173e+00 1.052074146567826e+00
8.156250000000000e-01 6.362822992609162e+00 1.052075165365610e+00
8.187500000000001e-01 6.463079947504072e+00 1.052075602420696e+00
8.218750000000000e-01 6.564914834879517e+00 1.052077700121124e+00
8.250000000000001e-01 6.668352517274371e+00 1.052077938633736e+00
8.281250000000000e-01 6.773418248542846e+00 1.052080500802115e+00
8.312500000000000e-01 6.880137680020114e+00 1.052081107710454e+00
8.343750000000001e-01 6.988536866784961e+00 1.052084570118892e+00
8.375000000000000e-01 7.098642274021019e+00 1.052089048728957e+00
8.406250000000001e-01 7.210480783478133e+00 1.052089815141172e+00
8.437500000000000e-01 7.324079700035414e+00 1.052098055525813e+00
8.468750000000000e-01 7.439466758367605e+00 1.052100019351229e+00
8.500000000000001e-01 7.556670129716381e+00 1.052108690515411e+00
8.531250000000000e-01 7.675718428768239e+00 1.052132185734176e+00
8.562500000000001e-01 7.796640720640633e+00 1.052136311017378e+00
8.593750000000000e-01 7.919466527978115e+00 1.052151771582881e+00
8.625000000000000e-01 8.044225838160141e+00 1.052195972711220e+00
8.656250000000001e-01 8.170949110622363e+00 1.052206571012234e+00
8.687500000000000e-01 8.299667284293170e+00 1.052238449179084e+00
8.718750000000001e-01 8.430411785147284e+00 1.052417269974549e+00
8.750000000000000e-01 8.563214533878281e+00 1.052642716134842e+00
8.781250000000000e-01 8.698107953691880e+00 1.052711135846989e+00
8.812500000000001e-01 8.835124978221932e+00 1.052759094970111e+00
8.843750000000000e-01 8.974299059571019e+00 1.053279024714286e+00
8.875000000000001e-01 9.115664176477637e+00 1.054622884425992e+00
8.906250000000000e-01 9.259254842611947e+00 1.056630280870431e+00
8.937500000000000e-01 9.405106115002161e+00 1.058759765544181e+00
8.968750000000001e-01 9.553253602593529e+00 1.060486022868269e+00
9.000000000000000e-01 9.703733474942130e+00 1.061572559898818e+00
9.031250000000001e-01 9.856582471045494e+00 1.062090899199721e+00
9.062500000000000e-01 1.001183790831228e+01 1.062288802469267e+00
9.093750000000000e-01 1.016953769167313e+01 1.062440691941778e+00
9.125000000000001e-01 1.032972032283505e+01 1.062750516886589e+00
9.156250000000000e-01 1.049242490968134e+01 1.063322851422074e+00
9.187500000000001e-01 1.065769117581972e+01 1.064184728877656e+00
9.218750000000000e-01 1.082555947028058e+01 1.065323449941943e+00
9.250000000000000e-01 1.099607077736805e+01 1.066709581704605e+00
9.281250000000001e-01 1.116926672666618e+01 1.068294031593566e+00
9.312500000000000e-01 1.134518960320255e+01 1.069988644454254e+00
9.343750000000001e-01 1.152388235777201e+01 1.071653421136098e+00
9.375000000000000e-01 1.170538861742293e+01 1.073115640522643e+00
9.406250000000000e-01 1.188975269610854e+01 1.074228894721502e+00
9.437500000000001e-01 1.207701960550600e+01 1.074945341563365e+00
9.468750000000000e-01 1.226723506600578e+01 1.075349284648838e+00
9.500000000000001e-01 1.246044551787411e+01 1.075617426435591e+00
9.531250000000000e-01 1.265669813259115e+01 1.075926152313925e+00
9.562500000000000e-01 1.285604082436773e+01 1.076368954267749e+00
9.593750000000001e-01 1.305852226184337e+01 1.076935257771767e+00
9.625000000000000e-01 1.326419187996850e+01 1.077550020706756e+00
9.656250000000001e-01 1.347309989207381e+01 1.078132927350892e+00
9.687500000000000e-01 1.368529730212962e+01 1.078636897376815e+00
9.718750000000000e-01 1.390083591719824e+01 1.079053865190148e+00
9.750000000000001e-01 1.411976836008246e+01 1.079400136877994e+00
9.781250000000000e-01 1.434214808217320e+01 1.079698899407057e+00
9.812500000000001e-01 1.456802937649935e+01 1.079969559815501e+00
9.843750000000000e-01 1.479746739098328e+01 1.080224631958242e+00
9.875000000000000e-01 1.503051814190487e+01 1.080470835101538e+00
9.906250000000001e-01 1.526723852757770e+01 1.080711297271835e+00
9.937500000000000e-01 1.550768634224049e+01 1.080947316665064e+00
9.968750000000001e-01 1.575192029016732e+01 1.081179400680206e+00
1.000000000000000e+00 1.600000000000000e+01 1.081407751450023e+00
