0.000000000000000e+00 0.000000000000000e+00 1.000000000000000e+00
3.125000000000000e-03 3.369263549427258e-03 1.036185302471929e+00
6.250000000000000e-03 6.739349689698711e-03 1.043036898899254e+00
9.375000000000001e-03 1.011108121249049e-02 1.045831668679594e+00
1.250000000000000e-02 1.348528131119160e-02 1.047339135922103e+00
1.562500000000000e-02 1.686277378188298e-02 1.048289931095586e+00
1.875000000000000e-02 2.024438322446370e-02 1.048952820375054e+00
2.187500000000000e-02 2.363093524397333e-02 1.049449252276425e+00
2.500000000000000e-02 2.702325665215984e-02 1.049842019955515e+00
2.812500000000000e-02 3.042217566934200e-02 1.050166835946228e+00
3.125000000000000e-02 3.382852212661575e-02 1.050445513781386e+00
3.437500000000000e-02 3.724312766845378e-02 1.050692139538803e+00
3.750000000000001e-02 4.066682595574785e-02 1.050916235038776e+00
4.062500000000000e-02 4.410045286934348e-02 1.051124473719337e+00
4.375000000000000e-02 4.754484671411652e-02 1.051321677830935e+00
4.687500000000000e-02 5.100084842364160e-02 1.051511432559412e+00
5.000000000000000e-02 5.446930176550237e-02 1.051696480076975e+00
5.312500000000001e-02 5.795105354729364e-02 1.051878959107359e+00
5.625000000000000e-02 6.144695382336569e-02 1.052060567803025e+00
5.937500000000000e-02 6.495785610236132e-02 1.052242679499892e+00
6.250000000000000e-02 6.848461755559625e-02 1.052426429847161e+00
6.562500000000000e-02 7.202809922633362e-02 1.052612778458569e+00
6.875000000000001e-02 7.558916624000402e-02 1.052802556327121e+00
7.187500000000001e-02 7.916868801542200e-02 1.052996482143845e+00
7.500000000000001e-02 8.276753847705080e-02 1.053195179060352e+00
7.812500000000000e-02 8.638659626836727e-02 1.053399209507969e+00
8.125000000000000e-02 9.002674496637868e-02 1.053609100293055e+00
8.437500000000001e-02 9.368887329734420e-02 1.053825338778631e+00
8.750000000000001e-02 9.737387535375355e-02 1.054048382650534e+00
9.062500000000001e-02 1.010826508126157e-01 1.054278664492310e+00
9.375000000000000e-02 1.048161051551108e-01 1.054516587780526e+00
9.687500000000000e-02 1.085751498876601e-01 1.054762546423403e+00
1.000000000000000e-01 1.123607027644654e-01 1.055016939580280e+00
1.031250000000000e-01 1.161736880115753e-01 1.055280159114726e+00
1.062500000000000e-01 1.200150365525305e-01 1.055552603721087e+00
1.093750000000000e-01 1.238856862356450e-01 1.055834671626381e+00
1.125000000000000e-01 1.277865820629775e-01 1.056126751776935e+00
1.156250000000000e-01 1.317186764210495e-01 1.056429242883618e+00
1.187500000000000e-01 1.356829293133661e-01 1.056742540848505e+00
1.218750000000000e-01 1.396803085947971e-01 1.057067052500040e+00
1.250000000000000e-01 1.437117902078738e-01 1.057403197168985e+00
1.281250000000000e-01 1.477783584210617e-01 1.057751402379701e+00
1.312500000000000e-01 1.518810060690650e-01 1.058112114192003e+00
1.343750000000000e-01 1.560207347952229e-01 1.058485787819688e+00
1.375000000000000e-01 1.601985552960564e-01 1.058872896505061e+00
1.406250000000000e-01 1.644154875680252e-01 1.059273926159600e+00
1.437500000000000e-01 1.686725611565558e-01 1.059689380139862e+00
1.468750000000000e-01 1.729708154074000e-01 1.060119778016061e+00
1.500000000000000e-01 1.773112997203869e-01 1.060565657916769e+00
1.531250000000000e-01 1.816950738056289e-01 1.061027576833603e+00
1.562500000000000e-01 1.861232079422458e-01 1.061506112174958e+00
1.593750000000000e-01 1.905967832396682e-01 1.062001862525611e+00
1.625000000000000e-01 1.951168919015860e-01 1.062515449007671e+00
1.656250000000000e-01 1.996846374926046e-01 1.063047516167707e+00
1.687500000000000e-01 2.043011352076760e-01 1.063598733165787e+00
1.718750000000000e-01 2.089675121443681e-01 1.064169794915424e+00
1.750000000000000e-01 2.136849075780412e-01 1.064761423281618e+00
1.781250000000000e-01 2.184544732399964e-01 1.065374368184029e+00
1.812500000000000e-01 2.232773735986666e-01 1.066009408815747e+00
1.843750000000000e-01 2.281547861439151e-01 1.066667354932806e+00
1.875000000000000e-01 2.330879016745160e-01 1.067349048166835e+00
1.906250000000000e-01 2.380779245888810e-01 1.068055363363703e+00
1.937500000000000e-01 2.431260731791094e-01 1.068787209791667e+00
1.968750000000000e-01 2.482335799284277e-01 1.069545532692941e+00
2.000000000000000e-01 2.534016918120952e-01 1.070331314611290e+00
2.031250000000000e-01 2.586316706018478e-01 1.071145577018420e+00
2.062500000000000e-01 2.639247931739538e-01 1.071989381668643e+00
2.093750000000000e-01 2.692823518209576e-01 1.072863832203122e+00
2.125000000000000e-01 2.747056545671873e-01 1.073770075856675e+00
2.156250000000000e-01 2.801960254881028e-01 1.074709304846014e+00
2.187500000000000e-01 2.857548050335636e-01 1.075682758226902e+00
2.218750000000000e-01 2.913833503550930e-01 1.076691723601975e+00
2.250000000000000e-01 2.970830356372213e-01 1.077737538726804e+00
2.281250000000000e-01 3.028552524329863e-01 1.078821593385670e+00
2.312500000000000e-01 3.087014100036755e-01 1.079945331122308e+00
2.343750000000000e-01 3.146229356628902e-01 1.081110251034856e+00
2.375000000000000e-01 3.206212751250189e-01 1.082317909585930e+00
2.406250000000000e-01 3.266978928582008e-01 1.083569922591480e+00
2.437500000000000e-01 3.328542724418705e-01 1.084867966806560e+00
2.468750000000000e-01 3.390919169289667e-01 1.086213782006873e+00
2.500000000000000e-01 3.454123492128958e-01 1.087609172620630e+00
2.531250000000000e-01 3.518171123993401e-01 1.089056009647587e+00
2.562500000000000e-01 3.583077701830001e-01 1.090556232394531e+00
2.593750000000000e-01 3.648859072293631e-01 1.092111850237347e+00
2.625000000000000e-01 3.715531295615936e-01 1.093724944142293e+00
2.656250000000000e-01 3.783110649526354e-01 1.095397668371932e+00
2.687500000000000e-01 3.851613633226258e-01 1.097132252060989e+00
2.718750000000000e-01 3.921056971417164e-01 1.098931000385967e+00
2.750000000000000e-01 3.991457618383991e-01 1.100796296020809e+00
2.781250000000000e-01 4.062832762134377e-01 1.102730600130176e+00
2.812500000000000e-01 4.135199828595055e-01 1.104736453372865e+00
2.843750000000000e-01 4.208576485866312e-01 1.106816476479615e+00
2.875000000000000e-01 4.282980648535585e-01 1.108973370881052e+00
2.906250000000000e-01 4.358430482051222e-01 1.111209918839872e+00
2.937500000000000e-01 4.434944407157500e-01 1.113528983395029e+00
2.968750000000000e-01 4.512541104391968e-01 1.115933507833450e+00
3.000000000000000e-01 4.591239518646220e-01 1.118426514943123e+00
3.031250000000000e-01 4.671058863791195e-01 1.121011105814699e+00
3.062500000000000e-01 4.752018627368176e-01 1.123690457945112e+00
3.093750000000000e-01 4.834138575346580e-01 1.126467823163591e+00
3.125000000000000e-01 4.917438756949728e-01 1.129346524753612e+00
3.156250000000000e-01 5.001939509549778e-01 1.132329953836808e+00
3.187500000000000e-01 5.087661463633005e-01 1.135421565481193e+00
3.218750000000000e-01 5.174625547836644e-01 1.138624873554775e+00
3.250000000000000e-01 5.262852994058529e-01 1.141943445096677e+00
3.281250000000000e-01 5.352365342640750e-01 1.145380893660382e+00
3.312500000000000e-01 5.443184447628656e-01 1.148940871788771e+00
3.343750000000000e-01 5.535332482106405e-01 1.152627062331533e+00
3.375000000000000e-01 5.628831943610435e-01 1.156443168811036e+00
3.406250000000000e-01 5.723705659622137e-01 1.160392904478636e+00
3.437500000000000e-01 5.819976793141081e-01 1.164479980197445e+00
3.468750000000000e-01 5.917668848340161e-01 1.168708091120490e+00
3.500000000000000e-01 6.016805676304035e-01 1.173080901780206e+00
3.531250000000000e-01 6.117411480852264e-01 1.177602029936040e+00
3.562500000000000e-01 6.219510824448572e-01 1.182275028845620e+00
3.593750000000000e-01 6.323128634197650e-01 1.187103367894500e+00
3.625000000000000e-01 6.428290207931012e-01 1.192090411927385e+00
3.656250000000000e-01 6.535021220383342e-01 1.197239398698139e+00
3.687500000000000e-01 6.643347729460869e-01 1.202553414767608e+00
3.718750000000000e-01 6.753296182603294e-01 1.208035370023582e+00
3.750000000000000e-01 6.864893423240808e-01 1.213687970290109e+00
3.781250000000000e-01 6.978166697347804e-01 1.219513688483781e+00
3.812500000000000e-01 7.093143660094854e-01 1.225514734570702e+00
3.843750000000000e-01 7.209852382600603e-01 1.231693023687096e+00
3.875000000000000e-01 7.328321358785219e-01 1.238050143462021e+00
3.906250000000000e-01 7.448579512327029e-01 1.244587320067570e+00
3.937500000000000e-01 7.570656203724140e-01 1.251305383486448e+00
3.968750000000000e-01 7.694581237462648e-01 1.258204732039549e+00
4.000000000000000e-01 7.820384869293291e-01 1.265285296860479e+00
4.031250000000000e-01 7.948097813618253e-01 1.272546506003635e+00
4.062500000000000e-01 8.077751250989945e-01 1.279987249321797e+00
4.093750000000000e-01 8.209376835723596e-01 1.287605844022971e+00
4.125000000000000e-01 8.343006703625532e-01 1.295400001403875e+00
4.156250000000000e-01 8.478673479838968e-01 1.303366795577418e+00
4.187500000000000e-01 8.616410286809313e-01 1.311502634385479e+00
4.218750000000000e-01 8.756250752370857e-01 1.319803233441025e+00
4.250000000000000e-01 8.898229017956865e-01 1.328263593288059e+00
4.281250000000000e-01 9.042379746935050e-01 1.336877981335229e+00
4.312500000000000e-01 9.188738133070491e-01 1.345639917973981e+00
4.343750000000000e-01 9.337339909118028e-01 1.354542168455593e+00
4.375000000000000e-01 9.488221355546261e-01 1.363576740484521e+00
4.406250000000000e-01 9.641419309395265e-01 1.372734888626488e+00
4.437500000000000e-01 9.796971173270190e-01 1.382007125547189e+00
4.468750000000000e-01 9.954914924472941e-01 1.391383240759608e+00
4.500000000000000e-01 1.011528912427417e+00 1.400852327306460e+00
4.531250000000000e-01 1.027813292732786e+00 1.410402816166640e+00
4.562500000000000e-01 1.044348609123070e+00 1.420022519295888e+00
4.593750000000000e-01 1.061138898622882e+00 1.429698680175617e+00
4.625000000000000e-01 1.078188260507393e+00 1.439418032920335e+00
4.656250000000000e-01 1.095500857303154e+00 1.449166868571015e+00
4.687500000000000e-01 1.113080915804360e+00 1.458931108796283e+00
4.718750000000000e-01 1.130932728104805e+00 1.468696385848244e+00
4.750000000000000e-01 1.149060652645771e+00 1.478448128672956e+00
4.781250000000000e-01 1.167469115280130e+00 1.488171653507591e+00
4.812500000000000e-01 1.186162610352890e+00 1.497852258252613e+00
4.843750000000000e-01 1.205145701798475e+00 1.507475319926811e+00
4.875000000000000e-01 1.224423024254985e+00 1.517026393113109e+00
4.906250000000000e-01 1.243999284195726e+00 1.526491308963978e+00
4.937500000000000e-01 1.263879261078271e+00 1.535856272901525e+00
4.968750000000000e-01 1.284067808511348e+00 1.545107960275466e+00
5.000000000000000e-01 1.304569855439823e+00 1.554233608495394e+00
5.031250000000000e-01 1.325390407348082e+00 1.563221104207065e+00
5.062500000000000e-01 1.346534547482100e+00 1.572059065100916e+00
5.093750000000000e-01 1.368007438090487e+00 1.580736914953363e+00
5.125000000000001e-01 1.389814321684837e+00 1.589244950777958e+00
5.156250000000000e-01 1.411960522319654e+00 1.597574402236301e+00
5.187500000000000e-01 1.434451446892208e+00 1.605717481586314e+00
5.218750000000000e-01 1.457292586462593e+00 1.613667424742029e+00
5.250000000000000e-01 1.480489517594354e+00 1.621418522096365e+00
5.281250000000001e-01 1.504047903715979e+00 1.628966139714718e+00
5.312500000000000e-01 1.527973496503592e+00 1.636306729731130e+00
5.343750000000000e-01 1.552272137285215e+00 1.643437831012674e+00
5.375000000000000e-01 1.576949758466886e+00 1.650358059063187e+00
5.406250000000000e-01 1.602012384981041e+00 1.657067085895539e+00
5.437500000000001e-01 1.627466135757470e+00 1.663565609602147e+00
5.468750000000000e-01 1.653317225217225e+00 1.669855314418672e+00
5.500000000000000e-01 1.679571964789851e+00 1.675938820963654e+00
5.531250000000000e-01 1.706236764454286e+00 1.681819627799347e+00
5.562500000000000e-01 1.733318134303830e+00 1.687502044502621e+00
5.593750000000001e-01 1.760822686135563e+00 1.692991117324943e+00
5.625000000000000e-01 1.788757135064574e+00 1.698292547772904e+00
5.656250000000000e-01 1.817128301163438e+00 1.703412606162375e+00
5.687500000000000e-01 1.845943111127301e+00 1.708358040375957e+00
5.718750000000000e-01 1.875208599965003e+00 1.713135981831349e+00
5.750000000000001e-01 1.904931912716643e+00 1.717753850250184e+00
5.781250000000000e-01 1.935120306198011e+00 1.722219258183249e+00
5.812500000000000e-01 1.965781150772311e+00 1.726539917448304e+00
5.843750000000000e-01 1.996921932149593e+00 1.730723549357777e+00
5.875000000000000e-01 2.028550253214365e+00 1.734777799961835e+00
5.906250000000001e-01 2.060673835881802e+00 1.738710161525209e+00
5.937500000000000e-01 2.093300522983012e+00 1.742527902658085e+00
5.968750000000000e-01 2.126438280179837e+00 1.746238006807086e+00
6.000000000000001e-01 2.160095197909630e+00 1.749847121321678e+00
6.031250000000000e-01 2.194279493360494e+00 1.753361516579502e+00
6.062500000000001e-01 2.228999512477486e+00 1.756787055864493e+00
6.093750000000000e-01 2.264263732000228e+00 1.760129176147197e+00
6.125000000000000e-01 2.300080761532477e+00 1.763392878560785e+00
6.156250000000001e-01 2.336459345644116e+00 1.766582728748553e+00
6.187500000000000e-01 2.373408366006099e+00 1.769702865743058e+00
6.218750000000001e-01 2.410936843558884e+00 1.772757017677060e+00
6.250000000000000e-01 2.449053940714840e+00 1.775748524107115e+00
6.281250000000000e-01 2.487768963595221e+00 1.778680362682540e+00
6.312500000000001e-01 2.527091364302215e+00 1.781555179363429e+00
6.343750000000000e-01 2.567030743226622e+00 1.784375320205249e+00
6.375000000000001e-01 2.607596851391758e+00 1.787142864408321e+00
6.406250000000000e-01 2.648799592834118e+00 1.789859656642451e+00
6.437500000000000e-01 2.690649027021411e+00 1.792527338083556e+00
6.468750000000001e-01 2.733155371308524e+00 1.795147375945664e+00
6.500000000000000e-01 2.776329003432049e+00 1.797721089873439e+00
6.531250000000001e-01 2.820180464043967e+00 1.800249676176257e+00
6.562500000000000e-01 2.864720459285089e+00 1.802734228628421e+00
6.593750000000000e-01 2.909959863398929e+00 1.805175756841585e+00
6.625000000000001e-01 2.955909721386590e+00 1.807575201040720e+00
6.656250000000000e-01 3.002581251703353e+00 1.809933444904018e+00
6.687500000000001e-01 3.049985848997626e+00 1.812251325704518e+00
6.718750000000000e-01 3.098135086892879e+00 1.814529642584049e+00
6.750000000000000e-01 3.147040720813310e+00 1.816769162668332e+00
6.781250000000001e-01 3.196714690853871e+00 1.818970626258310e+00
6.812500000000000e-01 3.247169124695383e+00 1.821134750591499e+00
6.843750000000001e-01 3.298416340565477e+00 1.823262232461084e+00
6.875000000000000e-01 3.350468850246008e+00 1.825353750540474e+00
6.906250000000000e-01 3.403339362127777e+00 1.827409966944237e+00
6.937500000000001e-01 3.457040784313211e+00 1.829431528352350e+00
6.968750000000000e-01 3.511586227767823e+00 1.831419067131855e+00
7.000000000000001e-01 3.566989009521205e+00 1.833373201638872e+00
7.031250000000000e-01 3.623262655918307e+00 1.835294537211793e+00
7.062500000000000e-01 3.680420905921852e+00 1.837183666340054e+00
7.093750000000001e-01 3.738477714466631e+00 1.839041169249455e+00
7.125000000000000e-01 3.797447255866536e+00 1.840867614194297e+00
7.156250000000001e-01 3.857343927275175e+00 1.842663557719087e+00
7.187500000000000e-01 3.918182352200844e+00 1.844429545072965e+00
7.218750000000000e-01 3.979977384076828e+00 1.846166110510533e+00
7.250000000000001e-01 4.042744109887770e+00 1.847873777384260e+00
7.281250000000000e-01 4.106497853853101e+00 1.849553058662388e+00
7.312500000000001e-01 4.171254181168399e+00 1.851204456974838e+00
7.343750000000000e-01 4.237028901805528e+00 1.852828464902715e+00
7.375000000000000e-01 4.303838074372613e+00 1.854425565431070e+00
7.406250000000001e-01 4.371698010034643e+00 1.855996231837546e+00
7.437500000000000e-01 4.440625276495786e+00 1.857540928190550e+00
7.468750000000001e-01 4.510636702044332e+00 1.859060109470643e+00
7.500000000000000e-01 4.581749379661216e+00 1.860554221761239e+00
7.531250000000000e-01 4.653980671193226e+00 1.862023702420390e+00
7.562500000000001e-01 4.727348211591802e+00 1.863468980418380e+00
7.593750000000000e-01 4.801869913218528e+00 1.864890476387046e+00
7.625000000000001e-01 4.877563970218381e+00 1.866288602924477e+00
7.656250000000000e-01 4.954448862961714e+00 1.867663764611467e+00
7.687500000000000e-01 5.032543362556198e+00 1.869016358469173e+00
7.718750000000001e-01 5.111866535429675e+00 1.870346773857841e+00
7.750000000000000e-01 5.192437747985146e+00 1.871655392721646e+00
7.781250000000001e-01 5.274276671329015e+00 1.872942589916008e+00
7.812500000000000e-01 5.357403286073669e+00 1.874208733157319e+00
7.843750000000000e-01 5.441837887215693e+00 1.875454183230754e+00
7.875000000000001e-01 5.527601089090773e+00 1.876679294188336e+00
7.906250000000000e-01 5.614713830406605e+00 1.877884413444425e+00
7.937500000000001e-01 5.703197379355005e+00 1.879069882044249e+00
7.968750000000000e-01 5.793073338804412e+00 1.880236034647365e+00
8.000000000000000e-01 5.884363651574169e+00 1.881383199681206e+00
8.031250000000001e-01 5.977090605791737e+00 1.882511699485488e+00
8.062500000000000e-01 6.071276840334257e+00 1.883621850634009e+00
8.093750000000001e-01 6.166945350355728e+00 1.884713963788089e+00
8.125000000000000e-01 6.264119492901173e+00 1.885788343810890e+00
8.156250000000000e-01 6.362822992609162e+00 1.886845290246442e+00
8.187500000000001e-01 6.463079947504072e+00 1.887885097056392e+00
8.218750000000000e-01 6.564914834879517e+00 1.888908052801936e+00
8.250000000000001e-01 6.668352517274371e+00 1.889914440914193e+00
8.281250000000000e-01 6.773418248542846e+00 1.890904539682324e+00
8.312500000000000e-01 6.880137680020114e+00 1.891878622417187e+00
8.343750000000001e-01 6.988536866784961e+00 1.892836957422867e+00
8.375000000000000e-01 7.098642274021019e+00 1.893779808331461e+00
8.406250000000001e-01 7.210480783478133e+00 1.894707433877478e+00
8.437500000000000e-01 7.324079700035414e+00 1.895620088404389e+00
8.468750000000000e-01 7.439466758367605e+00 1.896518021441792e+00
8.500000000000001e-01 7.556670129716381e+00 1.897401478384337e+00
8.531250000000000e-01 7.675718428768239e+00 1.898270700059334e+00
8.562500000000001e-01 7.796640720640633e+00 1.899125923115479e+00
8.593750000000000e-01 7.919466527978115e+00 1.899967379947246e+00
8.625000000000000e-01 8.044225838160141e+00 1.900795298984406e+00
8.656250000000001e-01 8.170949110622363e+00 1.901609904513577e+00
8.687500000000000e-01 8.299667284293170e+00 1.902411417050218e+00
8.718750000000001e-01 8.430411785147284e+00 1.903200053057357e+00
8.750000000000000e-01 8.563214533878281e+00 1.903976025306230e+00
8.781250000000000e-01 8.698107953691880e+00 1.904739542865807e+00
8.812500000000001e-01 8.835124978221932e+00 1.905490811179206e+00
8.843750000000000e-01 8.974299059571019e+00 1.906230032041784e+00
8.875000000000001e-01 9.115664176477637e+00 1.906957403760588e+00
8.906250000000000e-01 9.259254842611947e+00 1.907673121218739e+00
8.937500000000000e-01 9.405106115002161e+00 1.908377376030267e+00
8.968750000000001e-01 9.553253602593529e+00 1.909070356316606e+00
9.000000000000000e-01 9.703733474942130e+00 1.909752247130617e+00
9.031250000000001e-01 9.856582471045494e+00 1.910423230228366e+00
9.062500000000000e-01 1.001183790831228e+01 1.911083484205410e+00
9.093750000000000e-01 1.016953769167313e+01 1.911733184727060e+00
9.125000000000001e-01 1.032972032283505e+01 1.912372504450103e+00
9.156250000000000e-01 1.049242490968134e+01 1.913001612877707e+00
9.187500000000001e-01 1.065769117581972e+01 1.913620676896271e+00
9.218750000000000e-01 1.082555947028058e+01 1.914229860270958e+00
9.250000000000000e-01 1.099607077736805e+01 1.914829324209001e+00
9.281250000000001e-01 1.116926672666618e+01 1.915419227083960e+00
9.312500000000000e-01 1.134518960320255e+01 1.915999724548788e+00
9.343750000000001e-01 1.152388235777201e+01 1.916570969648508e+00
9.375000000000000e-01 1.170538861742293e+01 1.917133112831692e+00
9.406250000000000e-01 1.188975269610854e+01 1.917686301958174e+00
9.437500000000001e-01 1.207701960550600e+01 1.918230682504667e+00
9.468750000000000e-01 1.226723506600578e+01 1.918766397369958e+00
9.500000000000001e-01 1.246044551787411e+01 1.919293587073176e+00
9.531250000000000e-01 1.265669813259115e+01 1.919812389854181e+00
9.562500000000000e-01 1.285604082436773e+01 1.920322941571764e+00
9.593750000000001e-01 1.305852226184337e+01 1.920825375796720e+00
9.625000000000000e-01 1.326419187996850e+01 1.921319823904627e+00
9.656250000000001e-01 1.347309989207381e+01 1.921806414966310e+00
9.687500000000000e-01 1.368529730212962e+01 1.922285276035470e+00
9.718750000000000e-01 1.390083591719824e+01 1.922756531937446e+00
9.750000000000001e-01 1.411976836008246e+01 1.923220305451999e+00
9.781250000000000e-01 1.434214808217320e+01 1.923676717296991e+00
9.812500000000001e-01 1.456802937649935e+01 1.924125886108474e+00
9.843750000000000e-01 1.479746739098328e+01 1.924567928720676e+00
9.875000000000000e-01 1.503051814190487e+01 1.925002959946563e+00
9.906250000000001e-01 1.526723852757770e+01 1.925431092651758e+00
9.937500000000000e-01 1.550768634224049e+01 1.925852437828267e+00
9.968750000000001e-01 1.575192029016732e+01 1.926267104769251e+00
1.000000000000000e+00 1.600000000000000e+01 1.926675200740618e+00
