0.000000000000000e+00 0.000000000000000e+00 1.000000000000000e+00
3.125000000000000e-03 3.369263549427258e-03 1.000000000193821e+00
6.250000000000000e-03 6.739349689698711e-03 1.000000000333048e+00
9.375000000000001e-03 1.011108121249049e-02 1.000000000365662e+00
1.250000000000000e-02 1.348528131119160e-02 1.000000000443562e+00
1.562500000000000e-02 1.686277378188298e-02 1.000000000486497e+00
1.875000000000000e-02 2.024438322446370e-02 1.000000000559297e+00
2.187500000000000e-02 2.363093524397333e-02 1.000000000635660e+00
2.500000000000000e-02 2.702325665215984e-02 1.000000000714659e+00
2.812500000000000e-02 3.042217566934200e-02 1.000000000795700e+00
3.125000000000000e-02 3.382852212661575e-02 1.000000000878377e+00
3.437500000000000e-02 3.724312766845378e-02 1.000000000997305e+00
3.750000000000001e-02 4.066682595574785e-02 1.000000001122711e+00
4.062500000000000e-02 4.410045286934348e-02 1.000000001253606e+00
4.375000000000000e-02 4.754484671411652e-02 1.000000001389225e+00
4.687500000000000e-02 5.100084842364160e-02 1.000000001528965e+00
5.000000000000000e-02 5.446930176550237e-02 1.000000001672344e+00
5.312500000000001e-02 5.795105354729364e-02 1.000000001852783e+00
5.625000000000000e-02 6.144695382336569e-02 1.000000002039771e+00
5.937500000000000e-02 6.495785610236132e-02 1.000000002232672e+00
6.250000000000000e-02 6.848461755559625e-02 1.000000002430952e+00
6.562500000000000e-02 7.202809922633362e-02 1.000000002634159e+00
6.875000000000001e-02 7.558916624000402e-02 1.000000002841909e+00
7.187500000000001e-02 7.916868801542200e-02 1.000000003087185e+00
7.500000000000001e-02 8.276753847705080e-02 1.000000003339165e+00
7.812500000000000e-02 8.638659626836727e-02 1.000000003564194e+00
8.125000000000000e-02 9.002674496637868e-02 1.000000003825655e+00
8.437500000000001e-02 9.368887329734420e-02 1.000000004125827e+00
8.750000000000001e-02 9.737387535375355e-02 1.000000004433707e+00
9.062500000000001e-02 1.010826508126157e-01 1.000000004748872e+00
9.375000000000000e-02 1.048161051551108e-01 1.000000005070945e+00
9.687500000000000e-02 1.085751498876601e-01 1.000000005399596e+00
1.000000000000000e-01 1.123607027644654e-01 1.000000005767455e+00
1.031250000000000e-01 1.161736880115753e-01 1.000000006143424e+00
1.062500000000000e-01 1.200150365525305e-01 1.000000006527159e+00
1.093750000000000e-01 1.238856862356450e-01 1.000000006918351e+00
1.125000000000000e-01 1.277865820629775e-01 1.000000007316722e+00
1.156250000000000e-01 1.317186764210495e-01 1.000000007754827e+00
1.187500000000000e-01 1.356829293133661e-01 1.000000008201501e+00
1.218750000000000e-01 1.396803085947971e-01 1.000000008689227e+00
1.250000000000000e-01 1.437117902078738e-01 1.000000009186776e+00
1.281250000000000e-01 1.477783584210617e-01 1.000000009661121e+00
1.312500000000000e-01 1.518810060690650e-01 1.000000010175698e+00
1.343750000000000e-01 1.560207347952229e-01 1.000000010699303e+00
1.375000000000000e-01 1.601985552960564e-01 1.000000011264386e+00
1.406250000000000e-01 1.644154875680252e-01 1.000000011839697e+00
1.437500000000000e-01 1.686725611565558e-01 1.000000012457644e+00
1.468750000000000e-01 1.729708154074000e-01 1.000000013086937e+00
1.500000000000000e-01 1.773112997203869e-01 1.000000013727325e+00
1.531250000000000e-01 1.816950738056289e-01 1.000000014378572e+00
1.562500000000000e-01 1.861232079422458e-01 1.000000015073072e+00
1.593750000000000e-01 1.905967832396682e-01 1.000000015779522e+00
1.625000000000000e-01 1.951168919015860e-01 1.000000016530289e+00
1.656250000000000e-01 1.996846374926046e-01 1.000000017294048e+00
1.687500000000000e-01 2.043011352076760e-01 1.000000018070575e+00
1.718750000000000e-01 2.089675121443681e-01 1.000000018892224e+00
1.750000000000000e-01 2.136849075780412e-01 1.000000019760209e+00
1.781250000000000e-01 2.184544732399964e-01 1.000000020643170e+00
1.812500000000000e-01 2.232773735986666e-01 1.000000021540888e+00
1.843750000000000e-01 2.281547861439151e-01 1.000000022485685e+00
1.875000000000000e-01 2.330879016745160e-01 1.000000023478720e+00
1.906250000000000e-01 2.380779245888810e-01 1.000000024488612e+00
1.937500000000000e-01 2.431260731791094e-01 1.000000025515150e+00
1.968750000000000e-01 2.482335799284277e-01 1.000000026590638e+00
2.000000000000000e-01 2.534016918120952e-01 1.000000027716194e+00
2.031250000000000e-01 2.586316706018478e-01 1.000000028892915e+00
2.062500000000000e-01 2.639247931739538e-01 1.000000030089398e+00
2.093750000000000e-01 2.692823518209576e-01 1.000000031305437e+00
2.125000000000000e-01 2.747056545671873e-01 1.000000032605788e+00
2.156250000000000e-01 2.801960254881028e-01 1.000000033927836e+00
2.187500000000000e-01 2.857548050335636e-01 1.000000035303845e+00
2.218750000000000e-01 2.913833503550930e-01 1.000000036734859e+00
2.250000000000000e-01 2.970830356372213e-01 1.000000038189456e+00
2.281250000000000e-01 3.028552524329863e-01 1.000000039667441e+00
2.312500000000000e-01 3.087014100036755e-01 1.000000041233529e+00
2.343750000000000e-01 3.146229356628902e-01 1.000000042889955e+00
2.375000000000000e-01 3.206212751250189e-01 1.000000044574042e+00
2.406250000000000e-01 3.266978928582008e-01 1.000000046318027e+00
2.437500000000000e-01 3.328542724418705e-01 1.000000048122903e+00
2.468750000000000e-01 3.390919169289667e-01 1.000000050022088e+00
2.500000000000000e-01 3.454123492128958e-01 1.000000051985306e+00
2.531250000000000e-01 3.518171123993401e-01 1.000000053981096e+00
2.562500000000000e-01 3.583077701830001e-01 1.000000056041682e+00
2.593750000000000e-01 3.648859072293631e-01 1.000000058168032e+00
2.625000000000000e-01 3.715531295615936e-01 1.000000060361108e+00
2.656250000000000e-01 3.783110649526354e-01 1.000000062654286e+00
2.687500000000000e-01 3.851613633226258e-01 1.000000065049660e+00
2.718750000000000e-01 3.921056971417164e-01 1.000000067516900e+00
2.750000000000000e-01 3.991457618383991e-01 1.000000070089347e+00
2.781250000000000e-01 4.062832762134377e-01 1.000000072736655e+00
2.812500000000000e-01 4.135199828595055e-01 1.000000075492149e+00
2.843750000000000e-01 4.208576485866312e-01 1.000000078325471e+00
2.875000000000000e-01 4.282980648535585e-01 1.000000081269933e+00
2.906250000000000e-01 4.358430482051222e-01 1.000000084327563e+00
2.937500000000000e-01 4.434944407157500e-01 1.000000087500374e+00
2.968750000000000e-01 4.512541104391968e-01 1.000000090822764e+00
3.000000000000000e-01 4.591239518646220e-01 1.000000094233047e+00
3.031250000000000e-01 4.671058863791195e-01 1.000000097764502e+00
3.062500000000000e-01 4.752018627368176e-01 1.000000101451495e+00
3.093750000000000e-01 4.834138575346580e-01 1.000000105297093e+00
3.125000000000000e-01 4.917438756949728e-01 1.000000109271960e+00
3.156250000000000e-01 5.001939509549778e-01 1.000000113378050e+00
3.187500000000000e-01 5.087661463633005e-01 1.000000117617313e+00
3.218750000000000e-01 5.174625547836644e-01 1.000000122056451e+00
3.250000000000000e-01 5.262852994058529e-01 1.000000126667179e+00
3.281250000000000e-01 5.352365342640750e-01 1.000000131452496e+00
3.312500000000000e-01 5.443184447628656e-01 1.000000136415396e+00
3.343750000000000e-01 5.535332482106405e-01 1.000000141591235e+00
3.375000000000000e-01 5.628831943610435e-01 1.000000146951680e+00
3.406250000000000e-01 5.723705659622137e-01 1.000000152532067e+00
3.437500000000000e-01 5.819976793141081e-01 1.000000158336414e+00
3.468750000000000e-01 5.917668848340161e-01 1.000000164368728e+00
3.500000000000000e-01 6.016805676304035e-01 1.000000170665372e+00
3.531250000000000e-01 6.117411480852264e-01 1.000000177199019e+00
3.562500000000000e-01 6.219510824448572e-01 1.000000184006008e+00
3.593750000000000e-01 6.323128634197650e-01 1.000000191091354e+00
3.625000000000000e-01 6.428290207931012e-01 1.000000198460060e+00
3.656250000000000e-01 6.535021220383342e-01 1.000000206149482e+00
3.687500000000000e-01 6.643347729460869e-01 1.000000214165644e+00
3.718750000000000e-01 6.753296182603294e-01 1.000000222546920e+00
3.750000000000000e-01 6.864893423240808e-01 1.000000231267990e+00
3.781250000000000e-01 6.978166697347804e-01 1.000000240367196e+00
3.812500000000000e-01 7.093143660094854e-01 1.000000249851550e+00
3.843750000000000e-01 7.209852382600603e-01 1.000000259760409e+00
3.875000000000000e-01 7.328321358785219e-01 1.000000270134149e+00
3.906250000000000e-01 7.448579512327029e-01 1.000000280949455e+00
3.937500000000000e-01 7.570656203724140e-01 1.000000292246668e+00
3.968750000000000e-01 7.694581237462648e-01 1.000000304034796e+00
4.000000000000000e-01 7.820384869293291e-01 1.000000316387541e+00
4.031250000000000e-01 7.948097813618253e-01 1.000000329348295e+00
4.062500000000000e-01 8.077751250989945e-01 1.000000342896749e+00
4.093750000000000e-01 8.209376835723596e-01 1.000000357076253e+00
4.125000000000000e-01 8.343006703625532e-01 1.000000371931168e+00
4.156250000000000e-01 8.478673479838968e-01 1.000000387506859e+00
4.187500000000000e-01 8.616410286809313e-01 1.000000403849699e+00
4.218750000000000e-01 8.756250752370857e-01 1.000000421039413e+00
4.250000000000000e-01 8.898229017956865e-01 1.000000439028344e+00
4.281250000000000e-01 9.042379746935050e-01 1.000000457928520e+00
4.312500000000000e-01 9.188738133070491e-01 1.000000477822664e+00
4.343750000000000e-01 9.337339909118028e-01 1.000000498730813e+00
4.375000000000000e-01 9.488221355546261e-01 1.000000520737676e+00
4.406250000000000e-01 9.641419309395265e-01 1.000000543929975e+00
4.437500000000000e-01 9.796971173270190e-01 1.000000568331740e+00
4.468750000000000e-01 9.954914924472941e-01 1.000000594064017e+00
4.500000000000000e-01 1.011528912427417e+00 1.000000621218525e+00
4.531250000000000e-01 1.027813292732786e+00 1.000000649921333e+00
4.562500000000000e-01 1.044348609123070e+00 1.000000680204474e+00
4.593750000000000e-01 1.061138898622882e+00 1.000000712229339e+00
4.625000000000000e-01 1.078188260507393e+00 1.000000746128989e+00
4.656250000000000e-01 1.095500857303154e+00 1.000000782007142e+00
4.687500000000000e-01 1.113080915804360e+00 1.000000820066539e+00
4.718750000000000e-01 1.130932728104805e+00 1.000000860417902e+00
4.750000000000000e-01 1.149060652645771e+00 1.000000903270968e+00
4.781250000000000e-01 1.167469115280130e+00 1.000000948808138e+00
4.812500000000000e-01 1.186162610352890e+00 1.000000997215802e+00
4.843750000000000e-01 1.205145701798475e+00 1.000001048781378e+00
4.875000000000000e-01 1.224423024254985e+00 1.000001103734604e+00
4.906250000000000e-01 1.243999284195726e+00 1.000001162342548e+00
4.937500000000000e-01 1.263879261078271e+00 1.000001224942960e+00
4.968750000000000e-01 1.284067808511348e+00 1.000001291816897e+00
5.000000000000000e-01 1.304569855439823e+00 1.000001363413118e+00
5.031250000000000e-01 1.325390407348082e+00 1.000001440159041e+00
5.062500000000000e-01 1.346534547482100e+00 1.000001522427393e+00
5.093750000000000e-01 1.368007438090487e+00 1.000001610857610e+00
5.125000000000001e-01 1.389814321684837e+00 1.000001705911085e+00
5.156250000000000e-01 1.411960522319654e+00 1.000001808253226e+00
5.187500000000000e-01 1.434451446892208e+00 1.000001918662459e+00
5.218750000000000e-01 1.457292586462593e+00 1.000002037839170e+00
5.250000000000000e-01 1.480489517594354e+00 1.000002166693757e+00
5.281250000000001e-01 1.504047903715979e+00 1.000002306287962e+00
5.312500000000000e-01 1.527973496503592e+00 1.000002457612477e+00
5.343750000000000e-01 1.552272137285215e+00 1.000002622004351e+00
5.375000000000000e-01 1.576949758466886e+00 1.000002800865943e+00
5.406250000000000e-01 1.602012384981041e+00 1.000002995698237e+00
5.437500000000001e-01 1.627466135757470e+00 1.000003208458583e+00
5.468750000000000e-01 1.653317225217225e+00 1.000003440991567e+00
5.500000000000000e-01 1.679571964789851e+00 1.000003695638445e+00
5.531250000000000e-01 1.706236764454286e+00 1.000003975089448e+00
5.562500000000000e-01 1.733318134303830e+00 1.000004282037014e+00
5.593750000000001e-01 1.760822686135563e+00 1.000004619917577e+00
5.625000000000000e-01 1.788757135064574e+00 1.000004992609169e+00
5.656250000000000e-01 1.817128301163438e+00 1.000005403957275e+00
5.687500000000000e-01 1.845943111127301e+00 1.000005858838007e+00
5.718750000000000e-01 1.875208599965003e+00 1.000006362831354e+00
5.750000000000001e-01 1.904931912716643e+00 1.000006921301262e+00
5.781250000000000e-01 1.935120306198011e+00 1.000007540807529e+00
5.812500000000000e-01 1.965781150772311e+00 1.000008228783031e+00
5.843750000000000e-01 1.996921932149593e+00 1.000008992456094e+00
5.875000000000000e-01 2.028550253214365e+00 1.000009839517552e+00
5.906250000000001e-01 2.060673835881802e+00 1.000010777935647e+00
5.937500000000000e-01 2.093300522983012e+00 1.000011814859405e+00
5.968750000000000e-01 2.126438280179837e+00 1.000012956490562e+00
6.000000000000001e-01 2.160095197909630e+00 1.000014206044463e+00
6.031250000000000e-01 2.194279493360494e+00 1.000015561487301e+00
6.062500000000001e-01 2.228999512477486e+00 1.000017015243862e+00
6.093750000000000e-01 2.264263732000228e+00 1.000018550796743e+00
6.125000000000000e-01 2.300080761532477e+00 1.000020135401973e+00
6.156250000000001e-01 2.336459345644116e+00 1.000021716339347e+00
6.187500000000000e-01 2.373408366006099e+00 1.000023220748851e+00
6.218750000000001e-01 2.410936843558884e+00 1.000024557097425e+00
6.250000000000000e-01 2.449053940714840e+00 1.000025624858626e+00
6.281250000000000e-01 2.487768963595221e+00 1.000026345463356e+00
6.312500000000001e-01 2.527091364302215e+00 1.000026748801592e+00
6.343750000000000e-01 2.567030743226622e+00 1.000027173747676e+00
6.375000000000001e-01 2.607596851391758e+00 1.000028641802386e+00
6.406250000000000e-01 2.648799592834118e+00 1.000033513828182e+00
6.437500000000000e-01 2.690649027021411e+00 1.000046761829008e+00
6.468750000000001e-01 2.733155371308524e+00 1.000078522685895e+00
6.500000000000000e-01 2.776329003432049e+00 1.000148726740388e+00
6.531250000000001e-01 2.820180464043967e+00 1.000293877142511e+00
6.562500000000000e-01 2.864720459285089e+00 1.000573838179120e+00
6.593750000000000e-01 2.909959863398929e+00 1.001073405209569e+00
6.625000000000001e-01 2.955909721386590e+00 1.001892442329009e+00
6.656250000000000e-01 3.002581251703353e+00 1.003122541134857e+00
6.687500000000001e-01 3.049985848997626e+00 1.004816338997934e+00
6.718750000000000e-01 3.098135086892879e+00 1.006962112643085e+00
6.750000000000000e-01 3.147040720813310e+00 1.009475641530638e+00
6.781250000000001e-01 3.196714690853871e+00 1.012213487667029e+00
6.812500000000000e-01 3.247169124695383e+00 1.015002106669145e+00
6.843750000000001e-01 3.298416340565477e+00 1.017671686225484e+00
6.875000000000000e-01 3.350468850246008e+00 1.020084271473819e+00
6.906250000000000e-01 3.403339362127777e+00 1.022150239151749e+00
6.937500000000001e-01 3.457040784313211e+00 1.023832212189996e+00
6.968750000000000e-01 3.511586227767823e+00 1.025139106692519e+00
7.000000000000001e-01 3.566989009521205e+00 1.026114558169643e+00
7.031250000000000e-01 3.623262655918307e+00 1.026823724264967e+00
7.062500000000000e-01 3.680420905921852e+00 1.027341233202731e+00
7.093750000000001e-01 3.738477714466631e+00 1.027741710217686e+00
7.125000000000000e-01 3.797447255866536e+00 1.028093313624391e+00
7.156250000000001e-01 3.857343927275175e+00 1.028454069794167e+00
7.187500000000000e-01 3.918182352200844e+00 1.028870436586090e+00
7.218750000000000e-01 3.979977384076828e+00 1.029377406287146e+00
7.250000000000001e-01 4.042744109887770e+00 1.029999526745514e+00
7.281250000000000e-01 4.106497853853101e+00 1.030752375611341e+00
7.312500000000001e-01 4.171254181168399e+00 1.031644169808109e+00
7.343750000000000e-01 4.237028901805528e+00 1.032677300875205e+00
7.375000000000000e-01 4.303838074372613e+00 1.033849669705848e+00
7.406250000000001e-01 4.371698010034643e+00 1.035155764665225e+00
7.437500000000000e-01 4.440625276495786e+00 1.036587479244592e+00
7.468750000000001e-01 4.510636702044332e+00 1.038134698536033e+00
7.500000000000000e-01 4.581749379661216e+00 1.039785693209901e+00
7.531250000000000e-01 4.653980671193226e+00 1.041527357772109e+00
7.562500000000001e-01 4.727348211591802e+00 1.043345323523325e+00
7.593750000000000e-01 4.801869913218528e+00 1.045223969968561e+00
7.625000000000001e-01 4.877563970218381e+00 1.047146358456533e+00
7.656250000000000e-01 4.954448862961714e+00 1.049094120011649e+00
7.687500000000000e-01 5.032543362556198e+00 1.051047340750203e+00
7.718750000000001e-01 5.111866535429675e+00 1.052984496452669e+00
7.750000000000000e-01 5.192437747985146e+00 1.054882486930470e+00
7.781250000000001e-01 5.274276671329015e+00 1.056716830525088e+00
7.812500000000000e-01 5.357403286073669e+00 1.058462119864026e+00
7.843750000000000e-01 5.441837887215693e+00 1.060092914276770e+00
7.875000000000001e-01 5.527601089090773e+00 1.061585300911887e+00
7.906250000000000e-01 5.614713830406605e+00 1.062919307217598e+00
7.937500000000001e-01 5.703197379355005e+00 1.064082108428571e+00
7.968750000000000e-01 5.793073338804412e+00 1.065071560057869e+00
8.000000000000000e-01 5.884363651574169e+00 1.065899140534155e+00
8.031250000000001e-01 5.977090605791737e+00 1.066591160954614e+00
8.062500000000000e-01 6.071276840334257e+00 1.067187304002300e+00
8.093750000000001e-01 6.166945350355728e+00 1.067736217090567e+00
8.125000000000000e-01 6.264119492901173e+00 1.068288780177349e+00
8.156250000000000e-01 6.362822992609162e+00 1.068890427539624e+00
8.187500000000001e-01 6.463079947504072e+00 1.069574221183060e+00
8.218750000000000e-01 6.564914834879517e+00 1.070356175349743e+00
8.250000000000001e-01 6.668352517274371e+00 1.071233755071322e+00
8.281250000000000e-01 6.773418248542846e+00 1.072187739585173e+00
8.312500000000000e-01 6.880137680020114e+00 1.073186936160268e+00
8.343750000000001e-01 6.988536866784961e+00 1.074194660309619e+00
8.375000000000000e-01 7.098642274021019e+00 1.075175554182162e+00
8.406250000000001e-01 7.210480783478133e+00 1.076101286846846e+00
8.437500000000000e-01 7.324079700035414e+00 1.076954024908582e+00
8.468750000000000e-01 7.439466758367605e+00 1.077727216542150e+00
8.500000000000001e-01 7.556670129716381e+00 1.078423989723430e+00
8.531250000000000e-01 7.675718428768239e+00 1.079054053295679e+00
8.562500000000001e-01 7.796640720640633e+00 1.079630205702476e+00
8.593750000000000e-01 7.919466527978115e+00 1.080165378041076e+00
8.625000000000000e-01 8.044225838160141e+00 1.080670714840639e+00
8.656250000000001e-01 8.170949110622363e+00 1.081154744005375e+00
8.687500000000000e-01 8.299667284293170e+00 1.081623378922410e+00
8.718750000000001e-01 8.430411785147284e+00 1.082080385457036e+00
8.750000000000000e-01 8.563214533878281e+00 1.082527993104801e+00
8.781250000000000e-01 8.698107953691880e+00 1.082967448417978e+00
8.812500000000001e-01 8.835124978221932e+00 1.083399427555227e+00
8.843750000000000e-01 8.974299059571019e+00 1.083824303422833e+00
8.875000000000001e-01 9.115664176477637e+00 1.084242300127053e+00
8.906250000000000e-01 9.259254842611947e+00 1.084653573675981e+00
8.937500000000000e-01 9.405106115002161e+00 1.085058250577589e+00
8.968750000000001e-01 9.553253602593529e+00 1.085456444810632e+00
9.000000000000000e-01 9.703733474942130e+00 1.085848264554965e+00
9.031250000000001e-01 9.856582471045494e+00 1.086233814945681e+00
9.062500000000000e-01 1.001183790831228e+01 1.086613198849064e+00
9.093750000000000e-01 1.016953769167313e+01 1.086986517276658e+00
9.125000000000001e-01 1.032972032283505e+01 1.087353869494411e+00
9.156250000000000e-01 1.049242490968134e+01 1.087715353062319e+00
9.187500000000001e-01 1.065769117581972e+01 1.088071063837377e+00
9.218750000000000e-01 1.082555947028058e+01 1.088421096079512e+00
9.250000000000000e-01 1.099607077736805e+01 1.088765542382290e+00
9.281250000000001e-01 1.116926672666618e+01 1.089104493845271e+00
9.312500000000000e-01 1.134518960320255e+01 1.089438039932433e+00
9.343750000000001e-01 1.152388235777201e+01 1.089766268675812e+00
9.375000000000000e-01 1.170538861742293e+01 1.090089266530966e+00
9.406250000000000e-01 1.188975269610854e+01 1.090407118577890e+00
9.437500000000001e-01 1.207701960550600e+01 1.090719908373553e+00
9.468750000000000e-01 1.226723506600578e+01 1.091027718114821e+00
9.500000000000001e-01 1.246044551787411e+01 1.091330628628182e+00
9.531250000000000e-01 1.265669813259115e+01 1.091628719321594e+00
9.562500000000000e-01 1.285604082436773e+01 1.091922068309239e+00
9.593750000000001e-01 1.305852226184337e+01 1.092210752397119e+00
9.625000000000000e-01 1.326419187996850e+01 1.092494847066110e+00
9.656250000000001e-01 1.347309989207381e+01 1.092774426558568e+00
9.687500000000000e-01 1.368529730212962e+01 1.093049563895222e+00
9.718750000000000e-01 1.390083591719824e+01 1.093320330819990e+00
9.750000000000001e-01 1.411976836008246e+01 1.093586797918028e+00
9.781250000000000e-01 1.434214808217320e+01 1.093849034594429e+00
9.812500000000001e-01 1.456802937649935e+01 1.094107109121229e+00
9.843750000000000e-01 1.479746739098328e+01 1.094361088578071e+00
9.875000000000000e-01 1.503051814190487e+01 1.094611038930874e+00
9.906250000000001e-01 1.526723852757770e+01 1.094857025111556e+00
9.937500000000000e-01 1.550768634224049e+01 1.095099110921661e+00
9.968750000000001e-01 1.575192029016732e+01 1.095337359143818e+00
1.000000000000000e+00 1.600000000000000e+01 1.095571831478202e+00
