0.000000000000000e+00 0.000000000000000e+00 1.000000000000000e+00
3.125000000000000e-03 3.369263549427258e-03 1.036238279249699e+00
6.250000000000000e-03 6.739349689698711e-03 1.043177241999287e+00
9.375000000000001e-03 1.011108121249049e-02 1.046097852162525e+00
1.250000000000000e-02 1.348528131119160e-02 1.047771725877908e+00
1.562500000000000e-02 1.686277378188298e-02 1.048930094017969e+00
1.875000000000000e-02 2.024438322446370e-02 1.049842181896274e+00
2.187500000000000e-02 2.363093524397333e-02 1.050629769918036e+00
2.500000000000000e-02 2.702325665215984e-02 1.051355959726095e+00
2.812500000000000e-02 3.042217566934200e-02 1.052056810794855e+00
3.125000000000000e-02 3.382852212661575e-02 1.052754549278930e+00
3.437500000000000e-02 3.724312766845378e-02 1.053463658936080e+00
3.750000000000001e-02 4.066682595574785e-02 1.054194102193610e+00
4.062500000000000e-02 4.410045286934348e-02 1.054953051159347e+00
4.375000000000000e-02 4.754484671411652e-02 1.055745865679246e+00
4.687500000000000e-02 5.100084842364160e-02 1.056576683931713e+00
5.000000000000000e-02 5.446930176550237e-02 1.057448876971669e+00
5.312500000000001e-02 5.795105354729364e-02 1.058365247590638e+00
5.625000000000000e-02 6.144695382336569e-02 1.059328176615034e+00
5.937500000000000e-02 6.495785610236132e-02 1.060339777614616e+00
6.250000000000000e-02 6.848461755559625e-02 1.061402010230078e+00
6.562500000000000e-02 7.202809922633362e-02 1.062516664084371e+00
6.875000000000001e-02 7.558916624000402e-02 1.063685431687430e+00
7.187500000000001e-02 7.916868801542200e-02 1.064909973325640e+00
7.500000000000001e-02 8.276753847705080e-02 1.066191912578181e+00
7.812500000000000e-02 8.638659626836727e-02 1.067532827331950e+00
8.125000000000000e-02 9.002674496637868e-02 1.068934332950834e+00
8.437500000000001e-02 9.368887329734420e-02 1.070398061549178e+00
8.750000000000001e-02 9.737387535375355e-02 1.071925632272237e+00
9.062500000000001e-02 1.010826508126157e-01 1.073518699504529e+00
9.375000000000000e-02 1.048161051551108e-01 1.075178998423021e+00
9.687500000000000e-02 1.085751498876601e-01 1.076908275994516e+00
1.000000000000000e-01 1.123607027644654e-01 1.078708310148244e+00
1.031250000000000e-01 1.161736880115753e-01 1.080580960765912e+00
1.062500000000000e-01 1.200150365525305e-01 1.082528147648333e+00
1.093750000000000e-01 1.238856862356450e-01 1.084551813665662e+00
1.125000000000000e-01 1.277865820629775e-01 1.086653993900116e+00
1.156250000000000e-01 1.317186764210495e-01 1.088836804284275e+00
1.187500000000000e-01 1.356829293133661e-01 1.091102393089368e+00
1.218750000000000e-01 1.396803085947971e-01 1.093452973089263e+00
1.250000000000000e-01 1.437117902078738e-01 1.095890880857042e+00
1.281250000000000e-01 1.477783584210617e-01 1.098418508749013e+00
1.312500000000000e-01 1.518810060690650e-01 1.101038291811023e+00
1.343750000000000e-01 1.560207347952229e-01 1.103752770614608e+00
1.375000000000000e-01 1.601985552960564e-01 1.106564596738304e+00
1.406250000000000e-01 1.644154875680252e-01 1.109476464860765e+00
1.437500000000000e-01 1.686725611565558e-01 1.112491155167483e+00
1.468750000000000e-01 1.729708154074000e-01 1.115611568674945e+00
1.500000000000000e-01 1.773112997203869e-01 1.118840684889228e+00
1.531250000000000e-01 1.816950738056289e-01 1.122181539152232e+00
1.562500000000000e-01 1.861232079422458e-01 1.125637295909034e+00
1.593750000000000e-01 1.905967832396682e-01 1.129211231748219e+00
1.625000000000000e-01 1.951168919015860e-01 1.132906678396555e+00
1.656250000000000e-01 1.996846374926046e-01 1.136727049351047e+00
1.687500000000000e-01 2.043011352076760e-01 1.140675911506002e+00
1.718750000000000e-01 2.089675121443681e-01 1.144756926604659e+00
1.750000000000000e-01 2.136849075780412e-01 1.148973805021670e+00
1.781250000000000e-01 2.184544732399964e-01 1.153330361531573e+00
1.812500000000000e-01 2.232773735986666e-01 1.157830569482755e+00
1.843750000000000e-01 2.281547861439151e-01 1.162478481745967e+00
1.875000000000000e-01 2.330879016745160e-01 1.167278201013027e+00
1.906250000000000e-01 2.380779245888810e-01 1.172233945129019e+00
1.937500000000000e-01 2.431260731791094e-01 1.177350085273596e+00
1.968750000000000e-01 2.482335799284277e-01 1.182631060304340e+00
2.000000000000000e-01 2.534016918120952e-01 1.188081354657980e+00
2.031250000000000e-01 2.586316706018478e-01 1.193705563651574e+00
2.062500000000000e-01 2.639247931739538e-01 1.199508427301484e+00
2.093750000000000e-01 2.692823518209576e-01 1.205494741658457e+00
2.125000000000000e-01 2.747056545671873e-01 1.211669329444677e+00
2.156250000000000e-01 2.801960254881028e-01 1.218037101856702e+00
2.187500000000000e-01 2.857548050335636e-01 1.224603101234552e+00
2.218750000000000e-01 2.913833503550930e-01 1.231372412349610e+00
2.250000000000000e-01 2.970830356372213e-01 1.238350111796504e+00
2.281250000000000e-01 3.028552524329863e-01 1.245541317020676e+00
2.312500000000000e-01 3.087014100036755e-01 1.252951244564160e+00
2.343750000000000e-01 3.146229356628902e-01 1.260585134954524e+00
2.375000000000000e-01 3.206212751250189e-01 1.268448182982974e+00
2.406250000000000e-01 3.266978928582008e-01 1.276545547619005e+00
2.437500000000000e-01 3.328542724418705e-01 1.284882403789489e+00
2.468750000000000e-01 3.390919169289667e-01 1.293463912036652e+00
2.500000000000000e-01 3.454123492128958e-01 1.302295169742945e+00
2.531250000000000e-01 3.518171123993401e-01 1.311381149279474e+00
2.562500000000000e-01 3.583077701830001e-01 1.320726684973469e+00
2.593750000000000e-01 3.648859072293631e-01 1.330336497214823e+00
2.625000000000000e-01 3.715531295615936e-01 1.340215212428256e+00
2.656250000000000e-01 3.783110649526354e-01 1.350367258608462e+00
2.687500000000000e-01 3.851613633226258e-01 1.360796786458877e+00
2.718750000000000e-01 3.921056971417164e-01 1.371507663437993e+00
2.750000000000000e-01 3.991457618383991e-01 1.382503478383794e+00
2.781250000000000e-01 4.062832762134377e-01 1.393787507770530e+00
2.812500000000000e-01 4.135199828595055e-01 1.405362707257342e+00
2.843750000000000e-01 4.208576485866312e-01 1.417231604437579e+00
2.875000000000000e-01 4.282980648535585e-01 1.429396215802024e+00
2.906250000000000e-01 4.358430482051222e-01 1.441858031551690e+00
2.937500000000000e-01 4.434944407157500e-01 1.454617983015773e+00
2.968750000000000e-01 4.512541104391968e-01 1.467676403384177e+00
3.000000000000000e-01 4.591239518646220e-01 1.481033032263747e+00
3.031250000000000e-01 4.671058863791195e-01 1.494686905298032e+00
3.062500000000000e-01 4.752018627368176e-01 1.508636313385468e+00
3.093750000000000e-01 4.834138575346580e-01 1.522878739114896e+00
3.125000000000000e-01 4.917438756949728e-01 1.537410780752782e+00
3.156250000000000e-01 5.001939509549778e-01 1.552228144142421e+00
3.187500000000000e-01 5.087661463633005e-01 1.567325583669507e+00
3.218750000000000e-01 5.174625547836644e-01 1.582696880165634e+00
3.250000000000000e-01 5.262852994058529e-01 1.598334815774943e+00
3.281250000000000e-01 5.352365342640750e-01 1.614231125925521e+00
3.312500000000000e-01 5.443184447628656e-01 1.630376495783001e+00
3.343750000000000e-01 5.535332482106405e-01 1.646760517023724e+00
3.375000000000000e-01 5.628831943610435e-01 1.663371695093707e+00
3.406250000000000e-01 5.723705659622137e-01 1.680197431298911e+00
3.437500000000000e-01 5.819976793141081e-01 1.697224040095886e+00
3.468750000000000e-01 5.917668848340161e-01 1.714436759675920e+00
3.500000000000000e-01 6.016805676304035e-01 1.731819783815749e+00
3.531250000000000e-01 6.117411480852264e-01 1.749356298064271e+00
3.562500000000000e-01 6.219510824448572e-01 1.767028530196887e+00
3.593750000000000e-01 6.323128634197650e-01 1.784817809489241e+00
3.625000000000000e-01 6.428290207931012e-01 1.802704637232094e+00
3.656250000000000e-01 6.535021220383342e-01 1.820668767430212e+00
3.687500000000000e-01 6.643347729460869e-01 1.838689296777656e+00
3.718750000000000e-01 6.753296182603294e-01 1.856744763516989e+00
3.750000000000000e-01 6.864893423240808e-01 1.874813254282135e+00
3.781250000000000e-01 6.978166697347804e-01 1.892872517235971e+00
3.812500000000000e-01 7.093143660094854e-01 1.910900081201226e+00
3.843750000000000e-01 7.209852382600603e-01 1.928873378549922e+00
3.875000000000000e-01 7.328321358785219e-01 1.946769870668696e+00
3.906250000000000e-01 7.448579512327029e-01 1.964567174655118e+00
3.937500000000000e-01 7.570656203724140e-01 1.982243189510815e+00
3.968750000000000e-01 7.694581237462648e-01 1.999776220517129e+00
4.000000000000000e-01 7.820384869293291e-01 2.017145100629747e+00
4.031250000000000e-01 7.948097813618253e-01 2.034329306963322e+00
4.062500000000000e-01 8.077751250989945e-01 2.051309072393543e+00
4.093750000000000e-01 8.209376835723596e-01 2.068065489759520e+00
4.125000000000000e-01 8.343006703625532e-01 2.084580609715525e+00
4.156250000000000e-01 8.478673479838968e-01 2.100837530096742e+00
4.187500000000000e-01 8.616410286809313e-01 2.116820477352229e+00
4.218750000000000e-01 8.756250752370857e-01 2.132514879710771e+00
4.250000000000000e-01 8.898229017956865e-01 2.147907431631417e+00
4.281250000000000e-01 9.042379746935050e-01 2.162986149983729e+00
4.312500000000000e-01 9.188738133070491e-01 2.177740422358812e+00
4.343750000000000e-01 9.337339909118028e-01 2.192161047456146e+00
4.375000000000000e-01 9.488221355546261e-01 2.206240268143996e+00
4.406250000000000e-01 9.641419309395265e-01 2.219971797449444e+00
4.437500000000000e-01 9.796971173270190e-01 2.233350838129465e+00
4.468750000000000e-01 9.954914924472941e-01 2.246374095964030e+00
4.500000000000000e-01 1.011528912427417e+00 2.259039786733077e+00
4.531250000000000e-01 1.027813292732786e+00 2.271347638376784e+00
4.562500000000000e-01 1.044348609123070e+00 2.283298886111583e+00
4.593750000000000e-01 1.061138898622882e+00 2.294896263403490e+00
4.625000000000000e-01 1.078188260507393e+00 2.306143985860265e+00
4.656250000000000e-01 1.095500857303154e+00 2.317047729389234e+00
4.687500000000000e-01 1.113080915804360e+00 2.327614602049103e+00
4.718750000000000e-01 1.130932728104805e+00 2.337853108164648e+00
4.750000000000000e-01 1.149060652645771e+00 2.347773105533598e+00
4.781250000000000e-01 1.167469115280130e+00 2.357385753298984e+00
4.812500000000000e-01 1.186162610352890e+00 2.366703451378893e+00
4.843750000000000e-01 1.205145701798475e+00 2.375739769627530e+00
4.875000000000000e-01 1.224423024254985e+00 2.384509366322399e+00
4.906250000000000e-01 1.243999284195726e+00 2.393027895554868e+00
4.937500000000000e-01 1.263879261078271e+00 2.401311903217212e+00
4.968750000000000e-01 1.284067808511348e+00 2.409378709974490e+00
5.000000000000000e-01 1.304569855439823e+00 2.417246283052546e+00
5.031250000000000e-01 1.325390407348082e+00 2.424933095349207e+00
5.062500000000000e-01 1.346534547482100e+00 2.432457972821418e+00
5.093750000000000e-01 1.368007438090487e+00 2.439839931268577e+00
5.125000000000001e-01 1.389814321684837e+00 2.447098002784124e+00
5.156250000000000e-01 1.411960522319654e+00 2.454251053977407e+00
5.187500000000000e-01 1.434451446892208e+00 2.461317597400728e+00
5.218750000000000e-01 1.457292586462593e+00 2.468315598055416e+00
5.250000000000000e-01 1.480489517594354e+00 2.475262277896906e+00
5.281250000000001e-01 1.504047903715979e+00 2.482173920760185e+00
5.312500000000000e-01 1.527973496503592e+00 2.489065680766483e+00
5.343750000000000e-01 1.552272137285215e+00 2.495951397662962e+00
5.375000000000000e-01 1.576949758466886e+00 2.502843421642067e+00
5.406250000000000e-01 1.602012384981041e+00 2.509752452338361e+00
5.437500000000001e-01 1.627466135757470e+00 2.516687394408508e+00
5.468750000000000e-01 1.653317225217225e+00 2.523655233684855e+00
5.500000000000000e-01 1.679571964789851e+00 2.530660937212441e+00
5.531250000000000e-01 1.706236764454286e+00 2.537707380364616e+00
5.562500000000000e-01 1.733318134303830e+00 2.544795303522357e+00
5.593750000000001e-01 1.760822686135563e+00 2.551923301557673e+00
5.625000000000000e-01 1.788757135064574e+00 2.559087847456472e+00
5.656250000000000e-01 1.817128301163438e+00 2.566283352407876e+00
5.687500000000000e-01 1.845943111127301e+00 2.573502262856911e+00
5.718750000000000e-01 1.875208599965003e+00 2.580735195030722e+00
5.750000000000001e-01 1.904931912716643e+00 2.587971106531690e+00
5.781250000000000e-01 1.935120306198011e+00 2.595197503288221e+00
5.812500000000000e-01 1.965781150772311e+00 2.602400679512038e+00
5.843750000000000e-01 1.996921932149593e+00 2.609565987608176e+00
5.875000000000000e-01 2.028550253214365e+00 2.616678133449112e+00
5.906250000000001e-01 2.060673835881802e+00 2.623721490009554e+00
5.937500000000000e-01 2.093300522983012e+00 2.630680425059132e+00
5.968750000000000e-01 2.126438280179837e+00 2.637539632177222e+00
6.000000000000001e-01 2.160095197909630e+00 2.644284458595599e+00
6.031250000000000e-01 2.194279493360494e+00 2.650901219498190e+00
6.062500000000001e-01 2.228999512477486e+00 2.657377488565237e+00
6.093750000000000e-01 2.264263732000228e+00 2.663702356510785e+00
6.125000000000000e-01 2.300080761532477e+00 2.669866647270016e+00
6.156250000000001e-01 2.336459345644116e+00 2.675863084544615e+00
6.187500000000000e-01 2.373408366006099e+00 2.681686402033724e+00
6.218750000000001e-01 2.410936843558884e+00 2.687333392812106e+00
6.250000000000000e-01 2.449053940714840e+00 2.692802896565589e+00
6.281250000000000e-01 2.487768963595221e+00 2.698095724462060e+00
6.312500000000001e-01 2.527091364302215e+00 2.703214527011684e+00
6.343750000000000e-01 2.567030743226622e+00 2.708163609907206e+00
6.375000000000001e-01 2.607596851391758e+00 2.712948707983512e+00
6.406250000000000e-01 2.648799592834118e+00 2.717576727835333e+00
6.437500000000000e-01 2.690649027021411e+00 2.722055471409279e+00
6.468750000000001e-01 2.733155371308524e+00 2.726393353870293e+00
6.500000000000000e-01 2.776329003432049e+00 2.730599128227893e+00
6.531250000000001e-01 2.820180464043967e+00 2.734681628117454e+00
6.562500000000000e-01 2.864720459285089e+00 2.738649538769096e+00
6.593750000000000e-01 2.909959863398929e+00 2.742511203113263e+00
6.625000000000001e-01 2.955909721386590e+00 2.746274468490961e+00
6.656250000000000e-01 3.002581251703353e+00 2.749946574643703e+00
6.687500000000001e-01 3.049985848997626e+00 2.753534083823249e+00
6.718750000000000e-01 3.098135086892879e+00 2.757042848543165e+00
6.750000000000000e-01 3.147040720813310e+00 2.760478012791023e+00
6.781250000000001e-01 3.196714690853871e+00 2.763844041077121e+00
6.812500000000000e-01 3.247169124695383e+00 2.767144767238546e+00
6.843750000000001e-01 3.298416340565477e+00 2.770383458077672e+00
6.875000000000000e-01 3.350468850246008e+00 2.773562883727400e+00
6.906250000000000e-01 3.403339362127777e+00 2.776685391158636e+00
6.937500000000001e-01 3.457040784313211e+00 2.779752974643353e+00
6.968750000000000e-01 3.511586227767823e+00 2.782767341802590e+00
7.000000000000001e-01 3.566989009521205e+00 2.785729971381663e+00
7.031250000000000e-01 3.623262655918307e+00 2.788642163347475e+00
7.062500000000000e-01 3.680420905921852e+00 2.791505079995488e+00
7.093750000000001e-01 3.738477714466631e+00 2.794319778700241e+00
7.125000000000000e-01 3.797447255866536e+00 2.797087238153049e+00
7.156250000000001e-01 3.857343927275175e+00 2.799808377074465e+00
7.187500000000000e-01 3.918182352200844e+00 2.802484068979516e+00
7.218750000000000e-01 3.979977384076828e+00 2.805115151800148e+00
7.250000000000001e-01 4.042744109887770e+00 2.807702435916535e+00
7.281250000000000e-01 4.106497853853101e+00 2.810246708034955e+00
7.312500000000001e-01 4.171254181168399e+00 2.812748735025676e+00
7.343750000000000e-01 4.237028901805528e+00 2.815209266223929e+00
7.375000000000000e-01 4.303838074372613e+00 2.817629034457499e+00
7.406250000000001e-01 4.371698010034643e+00 2.820008757570184e+00
7.437500000000000e-01 4.440625276495786e+00 2.822349138802712e+00
7.468750000000001e-01 4.510636702044332e+00 2.824650867312696e+00
7.500000000000000e-01 4.581749379661216e+00 2.826914618674485e+00
7.531250000000000e-01 4.653980671193226e+00 2.829141055525377e+00
7.562500000000001e-01 4.727348211591802e+00 2.831330827367055e+00
7.593750000000000e-01 4.801869913218528e+00 2.833484571321001e+00
7.625000000000001e-01 4.877563970218381e+00 2.835602912211493e+00
7.656250000000000e-01 4.954448862961714e+00 2.837686463117381e+00
7.687500000000000e-01 5.032543362556198e+00 2.839735825077855e+00
7.718750000000001e-01 5.111866535429675e+00 2.841751587756485e+00
7.750000000000000e-01 5.192437747985146e+00 2.843734329766087e+00
7.781250000000001e-01 5.274276671329015e+00 2.845684618808955e+00
7.812500000000000e-01 5.357403286073669e+00 2.847603011793548e+00
7.843750000000000e-01 5.441837887215693e+00 2.849490055262670e+00
7.875000000000001e-01 5.527601089090773e+00 2.851346285476162e+00
7.906250000000000e-01 5.614713830406605e+00 2.853172228638389e+00
7.937500000000001e-01 5.703197379355005e+00 2.854968401109370e+00
7.968750000000000e-01 5.793073338804412e+00 2.856735309935303e+00
8.000000000000000e-01 5.884363651574169e+00 2.858473452536114e+00
8.031250000000001e-01 5.977090605791737e+00 2.860183317366492e+00
8.062500000000000e-01 6.071276840334257e+00 2.861865383739481e+00
8.093750000000001e-01 6.166945350355728e+00 2.863520122126785e+00
8.125000000000000e-01 6.264119492901173e+00 2.865147994618180e+00
8.156250000000000e-01 6.362822992609162e+00 2.866749454704644e+00
8.187500000000001e-01 6.463079947504072e+00 2.868324947707995e+00
8.218750000000000e-01 6.564914834879517e+00 2.869874910702306e+00
8.250000000000001e-01 6.668352517274371e+00 2.871399773088949e+00
8.281250000000000e-01 6.773418248542846e+00 2.872899956331802e+00
8.312500000000000e-01 6.880137680020114e+00 2.874375874509725e+00
8.343750000000001e-01 6.988536866784961e+00 2.875827934028559e+00
8.375000000000000e-01 7.098642274021019e+00 2.877256534151493e+00
8.406250000000001e-01 7.210480783478133e+00 2.878662067026351e+00
8.437500000000000e-01 7.324079700035414e+00 2.880044917529746e+00
8.468750000000000e-01 7.439466758367605e+00 2.881405464106366e+00
8.500000000000001e-01 7.556670129716381e+00 2.882744078101173e+00
8.531250000000000e-01 7.675718428768239e+00 2.884061124577829e+00
8.562500000000001e-01 7.796640720640633e+00 2.885356961967610e+00
8.593750000000000e-01 7.919466527978115e+00 2.886631942370691e+00
8.625000000000000e-01 8.044225838160141e+00 2.887886411686368e+00
8.656250000000001e-01 8.170949110622363e+00 2.889120709905436e+00
8.687500000000000e-01 8.299667284293170e+00 2.890335170892099e+00
8.718750000000001e-01 8.430411785147284e+00 2.891530122655965e+00
8.750000000000000e-01 8.563214533878281e+00 2.892705887452907e+00
8.781250000000000e-01 8.698107953691880e+00 2.893862782048640e+00
8.812500000000001e-01 8.835124978221932e+00 2.895001117471239e+00
8.843750000000000e-01 8.974299059571019e+00 2.896121199594847e+00
8.875000000000001e-01 9.115664176477637e+00 2.897223328883674e+00
8.906250000000000e-01 9.259254842611947e+00 2.898307800627682e+00
8.937500000000000e-01 9.405106115002161e+00 2.899374904836849e+00
8.968750000000001e-01 9.553253602593529e+00 2.900424926803728e+00
9.000000000000000e-01 9.703733474942130e+00 2.901458146654887e+00
9.031250000000001e-01 9.856582471045494e+00 2.902474839729889e+00
9.062500000000000e-01 1.001183790831228e+01 2.903475276794803e+00
9.093750000000000e-01 1.016953769167313e+01 2.904459723913895e+00
9.125000000000001e-01 1.032972032283505e+01 2.905428442479386e+00
9.156250000000000e-01 1.049242490968134e+01 2.906381689575799e+00
9.187500000000001e-01 1.065769117581972e+01 2.907319717837416e+00
9.218750000000000e-01 1.082555947028058e+01 2.908242775464111e+00
9.250000000000000e-01 1.099607077736805e+01 2.909151106572174e+00
9.281250000000001e-01 1.116926672666618e+01 2.910044951037870e+00
9.312500000000000e-01 1.134518960320255e+01 2.910924544841312e+00
9.343750000000001e-01 1.152388235777201e+01 2.911790119731899e+00
9.375000000000000e-01 1.170538861742293e+01 2.912641903730587e+00
9.406250000000000e-01 1.188975269610854e+01 2.913480120788130e+00
9.437500000000001e-01 1.207701960550600e+01 2.914304991280709e+00
9.468750000000000e-01 1.226723506600578e+01 2.915116731832168e+00
9.500000000000001e-01 1.246044551787411e+01 2.915915555295379e+00
9.531250000000000e-01 1.265669813259115e+01 2.916701671069740e+00
9.562500000000000e-01 1.285604082436773e+01 2.917475285081464e+00
9.593750000000001e-01 1.305852226184337e+01 2.918236599586440e+00
9.625000000000000e-01 1.326419187996850e+01 2.918985813475123e+00
9.656250000000001e-01 1.347309989207381e+01 2.919723122582710e+00
9.687500000000000e-01 1.368529730212962e+01 2.920448719147667e+00
9.718750000000000e-01 1.390083591719824e+01 2.921162792447057e+00
9.750000000000001e-01 1.411976836008246e+01 2.921865528419756e+00
9.781250000000000e-01 1.434214808217320e+01 2.922557110129776e+00
9.812500000000001e-01 1.456802937649935e+01 2.923237717382857e+00
9.843750000000000e-01 1.479746739098328e+01 2.923907526840450e+00
9.875000000000000e-01 1.503051814190487e+01 2.924566712648236e+00
9.906250000000001e-01 1.526723852757770e+01 2.925215445879708e+00
9.937500000000000e-01 1.550768634224049e+01 2.925853894643569e+00
9.968750000000001e-01 1.575192029016732e+01 2.926482224362584e+00
1.000000000000000e+00 1.600000000000000e+01 2.927100597714257e+00
