0.000000000000000e+00 0.000000000000000e+00 1.000000000000000e+00
3.125000000000000e-03 3.369263549427258e-03 1.036177647144215e+00
6.250000000000000e-03 6.739349689698711e-03 1.043016601850513e+00
9.375000000000001e-03 1.011108121249049e-02 1.045792856722802e+00
1.250000000000000e-02 1.348528131119160e-02 1.047275807860479e+00
1.562500000000000e-02 1.686277378188298e-02 1.048196009188768e+00
1.875000000000000e-02 2.024438322446370e-02 1.048822158614954e+00
2.187500000000000e-02 2.363093524397333e-02 1.049275647681179e+00
2.500000000000000e-02 2.702325665215984e-02 1.049619215400168e+00
2.812500000000000e-02 3.042217566934200e-02 1.049888518295214e+00
3.125000000000000e-02 3.382852212661575e-02 1.050105308816224e+00
3.437500000000000e-02 3.724312766845378e-02 1.050283605700546e+00
3.750000000000001e-02 4.066682595574785e-02 1.050432848528457e+00
4.062500000000000e-02 4.410045286934348e-02 1.050559625189505e+00
4.375000000000000e-02 4.754484671411652e-02 1.050668672688415e+00
4.687500000000000e-02 5.100084842364160e-02 1.050763484130688e+00
5.000000000000000e-02 5.446930176550237e-02 1.050846691887312e+00
5.312500000000001e-02 5.795105354729364e-02 1.050920317030575e+00
5.625000000000000e-02 6.144695382336569e-02 1.050985937115256e+00
5.937500000000000e-02 6.495785610236132e-02 1.051044801439805e+00
6.250000000000000e-02 6.848461755559625e-02 1.051097912143706e+00
6.562500000000000e-02 7.202809922633362e-02 1.051146082483880e+00
6.875000000000001e-02 7.558916624000402e-02 1.051189979278107e+00
7.187500000000001e-02 7.916868801542200e-02 1.051230154424225e+00
7.500000000000001e-02 8.276753847705080e-02 1.051267068616006e+00
7.812500000000000e-02 8.638659626836727e-02 1.051301109538078e+00
8.125000000000000e-02 9.002674496637868e-02 1.051332605607174e+00
8.437500000000001e-02 9.368887329734420e-02 1.051361837030748e+00
8.750000000000001e-02 9.737387535375355e-02 1.051389044223775e+00
9.062500000000001e-02 1.010826508126157e-01 1.051414434643032e+00
9.375000000000000e-02 1.048161051551108e-01 1.051438188308921e+00
9.687500000000000e-02 1.085751498876601e-01 1.051460462138701e+00
1.000000000000000e-01 1.123607027644654e-01 1.051481393533203e+00
1.031250000000000e-01 1.161736880115753e-01 1.051501103353610e+00
1.062500000000000e-01 1.200150365525305e-01 1.051519698332049e+00
1.093750000000000e-01 1.238856862356450e-01 1.051537273036679e+00
1.125000000000000e-01 1.277865820629775e-01 1.051553911563147e+00
1.156250000000000e-01 1.317186764210495e-01 1.051569688992971e+00
1.187500000000000e-01 1.356829293133661e-01 1.051584672480385e+00
1.218750000000000e-01 1.396803085947971e-01 1.051598922390447e+00
1.250000000000000e-01 1.437117902078738e-01 1.051612493025796e+00
1.281250000000000e-01 1.477783584210617e-01 1.051625433476180e+00
1.312500000000000e-01 1.518810060690650e-01 1.051637788056078e+00
1.343750000000000e-01 1.560207347952229e-01 1.051649597090480e+00
1.375000000000000e-01 1.601985552960564e-01 1.051660897163672e+00
1.406250000000000e-01 1.644154875680252e-01 1.051671721619978e+00
1.437500000000000e-01 1.686725611565558e-01 1.051682100958639e+00
1.468750000000000e-01 1.729708154074000e-01 1.051692063086877e+00
1.500000000000000e-01 1.773112997203869e-01 1.051701633587961e+00
1.531250000000000e-01 1.816950738056289e-01 1.051710835920144e+00
1.562500000000000e-01 1.861232079422458e-01 1.051719691702202e+00
1.593750000000000e-01 1.905967832396682e-01 1.051728220852990e+00
1.625000000000000e-01 1.951168919015860e-01 1.051736441733728e+00
1.656250000000000e-01 1.996846374926046e-01 1.051744371398500e+00
1.687500000000000e-01 2.043011352076760e-01 1.051752025570199e+00
1.718750000000000e-01 2.089675121443681e-01 1.051759418826137e+00
1.750000000000000e-01 2.136849075780412e-01 1.051766564761497e+00
1.781250000000000e-01 2.184544732399964e-01 1.051773475985550e+00
1.812500000000000e-01 2.232773735986666e-01 1.051780164241350e+00
1.843750000000000e-01 2.281547861439151e-01 1.051786640509769e+00
1.875000000000000e-01 2.330879016745160e-01 1.051792914952169e+00
1.906250000000000e-01 2.380779245888810e-01 1.051798997128894e+00
1.937500000000000e-01 2.431260731791094e-01 1.051804896016145e+00
1.968750000000000e-01 2.482335799284277e-01 1.051810619961350e+00
2.000000000000000e-01 2.534016918120952e-01 1.051816176821474e+00
2.031250000000000e-01 2.586316706018478e-01 1.051821573949574e+00
2.062500000000000e-01 2.639247931739538e-01 1.051826818269672e+00
2.093750000000000e-01 2.692823518209576e-01 1.051831916297328e+00
2.125000000000000e-01 2.747056545671873e-01 1.051836874153595e+00
2.156250000000000e-01 2.801960254881028e-01 1.051841697621872e+00
2.187500000000000e-01 2.857548050335636e-01 1.051846392102951e+00
2.218750000000000e-01 2.913833503550930e-01 1.051850962807969e+00
2.250000000000000e-01 2.970830356372213e-01 1.051855414561825e+00
2.281250000000000e-01 3.028552524329863e-01 1.051859751937539e+00
2.312500000000000e-01 3.087014100036755e-01 1.051863979293875e+00
2.343750000000000e-01 3.146229356628902e-01 1.051868100761681e+00
2.375000000000000e-01 3.206212751250189e-01 1.051872120226343e+00
2.406250000000000e-01 3.266978928582008e-01 1.051876041404554e+00
2.437500000000000e-01 3.328542724418705e-01 1.051879867823237e+00
2.468750000000000e-01 3.390919169289667e-01 1.051883602795142e+00
2.500000000000000e-01 3.454123492128958e-01 1.051887249489210e+00
2.531250000000000e-01 3.518171123993401e-01 1.051890810903527e+00
2.562500000000000e-01 3.583077701830001e-01 1.051894289933257e+00
2.593750000000000e-01 3.648859072293631e-01 1.051897689341361e+00
2.625000000000000e-01 3.715531295615936e-01 1.051901011677635e+00
2.656250000000000e-01 3.783110649526354e-01 1.051904259487072e+00
2.687500000000000e-01 3.851613633226258e-01 1.051907435083871e+00
2.718750000000000e-01 3.921056971417164e-01 1.051910540756506e+00
2.750000000000000e-01 3.991457618383991e-01 1.051913578685389e+00
2.781250000000000e-01 4.062832762134377e-01 1.051916550954324e+00
2.812500000000000e-01 4.135199828595055e-01 1.051919459512450e+00
2.843750000000000e-01 4.208576485866312e-01 1.051922306280754e+00
2.875000000000000e-01 4.282980648535585e-01 1.051925093065776e+00
2.906250000000000e-01 4.358430482051222e-01 1.051927821616242e+00
2.937500000000000e-01 4.434944407157500e-01 1.051930493583136e+00
2.968750000000000e-01 4.512541104391968e-01 1.051933110575536e+00
3.000000000000000e-01 4.591239518646220e-01 1.051935674168849e+00
3.031250000000000e-01 4.671058863791195e-01 1.051938185765984e+00
3.062500000000000e-01 4.752018627368176e-01 1.051940646844506e+00
3.093750000000000e-01 4.834138575346580e-01 1.051943058771631e+00
3.125000000000000e-01 4.917438756949728e-01 1.051945422807966e+00
3.156250000000000e-01 5.001939509549778e-01 1.051947740257715e+00
3.187500000000000e-01 5.087661463633005e-01 1.051950012330187e+00
3.218750000000000e-01 5.174625547836644e-01 1.051952240142873e+00
3.250000000000000e-01 5.262852994058529e-01 1.051954424871012e+00
3.281250000000000e-01 5.352365342640750e-01 1.051956567608503e+00
3.312500000000000e-01 5.443184447628656e-01 1.051958669370446e+00
3.343750000000000e-01 5.535332482106405e-01 1.051960731193295e+00
3.375000000000000e-01 5.628831943610435e-01 1.051962754042564e+00
3.406250000000000e-01 5.723705659622137e-01 1.051964738863814e+00
3.437500000000000e-01 5.819976793141081e-01 1.051966686586241e+00
3.468750000000000e-01 5.917668848340161e-01 1.051968598077262e+00
3.500000000000000e-01 6.016805676304035e-01 1.051970474193144e+00
3.531250000000000e-01 6.117411480852264e-01 1.051972315733380e+00
3.562500000000000e-01 6.219510824448572e-01 1.051974123539992e+00
3.593750000000000e-01 6.323128634197650e-01 1.051975898306684e+00
3.625000000000000e-01 6.428290207931012e-01 1.051977640870281e+00
3.656250000000000e-01 6.535021220383342e-01 1.051979351876278e+00
3.687500000000000e-01 6.643347729460869e-01 1.051981032068531e+00
3.718750000000000e-01 6.753296182603294e-01 1.051982682148557e+00
3.750000000000000e-01 6.864893423240808e-01 1.051984302727752e+00
3.781250000000000e-01 6.978166697347804e-01 1.051985894473449e+00
3.812500000000000e-01 7.093143660094854e-01 1.051987457966448e+00
3.843750000000000e-01 7.209852382600603e-01 1.051988993846952e+00
3.875000000000000e-01 7.328321358785219e-01 1.051990502720853e+00
3.906250000000000e-01 7.448579512327029e-01 1.051991985111686e+00
3.937500000000000e-01 7.570656203724140e-01 1.051993441606425e+00
3.968750000000000e-01 7.694581237462648e-01 1.051994872712766e+00
4.000000000000000e-01 7.820384869293291e-01 1.051996278955978e+00
4.031250000000000e-01 7.948097813618253e-01 1.051997660832263e+00
4.062500000000000e-01 8.077751250989945e-01 1.051999018858235e+00
4.093750000000000e-01 8.209376835723596e-01 1.052000353524209e+00
4.125000000000000e-01 8.343006703625532e-01 1.052001665294755e+00
4.156250000000000e-01 8.478673479838968e-01 1.052002954609229e+00
4.187500000000000e-01 8.616410286809313e-01 1.052004221931123e+00
4.218750000000000e-01 8.756250752370857e-01 1.052005467652386e+00
4.250000000000000e-01 8.898229017956865e-01 1.052006692238884e+00
4.281250000000000e-01 9.042379746935050e-01 1.052007896087359e+00
4.312500000000000e-01 9.188738133070491e-01 1.052009079573141e+00
4.343750000000000e-01 9.337339909118028e-01 1.052010243099381e+00
4.375000000000000e-01 9.488221355546261e-01 1.052011387050110e+00
4.406250000000000e-01 9.641419309395265e-01 1.052012511790576e+00
4.437500000000000e-01 9.796971173270190e-01 1.052013617716426e+00
4.468750000000000e-01 9.954914924472941e-01 1.052014705157853e+00
4.500000000000000e-01 1.011528912427417e+00 1.052015774476049e+00
4.531250000000000e-01 1.027813292732786e+00 1.052016825967325e+00
4.562500000000000e-01 1.044348609123070e+00 1.052017860008385e+00
4.593750000000000e-01 1.061138898622882e+00 1.052018876864257e+00
4.625000000000000e-01 1.078188260507393e+00 1.052019876929698e+00
4.656250000000000e-01 1.095500857303154e+00 1.052020860440941e+00
4.687500000000000e-01 1.113080915804360e+00 1.052021827715546e+00
4.718750000000000e-01 1.130932728104805e+00 1.052022779057972e+00
4.750000000000000e-01 1.149060652645771e+00 1.052023714759778e+00
4.781250000000000e-01 1.167469115280130e+00 1.052024635099801e+00
4.812500000000000e-01 1.186162610352890e+00 1.052025540344333e+00
4.843750000000000e-01 1.205145701798475e+00 1.052026430796133e+00
4.875000000000000e-01 1.224423024254985e+00 1.052027306649583e+00
4.906250000000000e-01 1.243999284195726e+00 1.052028168231999e+00
4.937500000000000e-01 1.263879261078271e+00 1.052029015764140e+00
4.968750000000000e-01 1.284067808511348e+00 1.052029849503818e+00
5.000000000000000e-01 1.304569855439823e+00 1.052030669649874e+00
5.031250000000000e-01 1.325390407348082e+00 1.052031476487297e+00
5.062500000000000e-01 1.346534547482100e+00 1.052032270243866e+00
5.093750000000000e-01 1.368007438090487e+00 1.052033051137579e+00
5.125000000000001e-01 1.389814321684837e+00 1.052033819376758e+00
5.156250000000000e-01 1.411960522319654e+00 1.052034575208993e+00
5.187500000000000e-01 1.434451446892208e+00 1.052035318825078e+00
5.218750000000000e-01 1.457292586462593e+00 1.052036050455259e+00
5.250000000000000e-01 1.480489517594354e+00 1.052036770273164e+00
5.281250000000001e-01 1.504047903715979e+00 1.052037478492046e+00
5.312500000000000e-01 1.527973496503592e+00 1.052038175317538e+00
5.343750000000000e-01 1.552272137285215e+00 1.052038860947733e+00
5.375000000000000e-01 1.576949758466886e+00 1.052039535573250e+00
5.406250000000000e-01 1.602012384981041e+00 1.052040199377304e+00
5.437500000000001e-01 1.627466135757470e+00 1.052040852535772e+00
5.468750000000000e-01 1.653317225217225e+00 1.052041495217252e+00
5.500000000000000e-01 1.679571964789851e+00 1.052042127583125e+00
5.531250000000000e-01 1.706236764454286e+00 1.052042749885283e+00
5.562500000000000e-01 1.733318134303830e+00 1.052043362225027e+00
5.593750000000001e-01 1.760822686135563e+00 1.052043964792759e+00
5.625000000000000e-01 1.788757135064574e+00 1.052044557724546e+00
5.656250000000000e-01 1.817128301163438e+00 1.052045141198330e+00
5.687500000000000e-01 1.845943111127301e+00 1.052045715386645e+00
5.718750000000000e-01 1.875208599965003e+00 1.052046280407824e+00
5.750000000000001e-01 1.904931912716643e+00 1.052046836422196e+00
5.781250000000000e-01 1.935120306198011e+00 1.052047383633642e+00
5.812500000000000e-01 1.965781150772311e+00 1.052047922095791e+00
5.843750000000000e-01 1.996921932149593e+00 1.052048452049378e+00
5.875000000000000e-01 2.028550253214365e+00 1.052048973586466e+00
5.906250000000001e-01 2.060673835881802e+00 1.052049486792451e+00
5.937500000000000e-01 2.093300522983012e+00 1.052049991941444e+00
5.968750000000000e-01 2.126438280179837e+00 1.052050489013971e+00
6.000000000000001e-01 2.160095197909630e+00 1.052050978225139e+00
6.031250000000000e-01 2.194279493360494e+00 1.052051459739198e+00
6.062500000000001e-01 2.228999512477486e+00 1.052051933570380e+00
6.093750000000000e-01 2.264263732000228e+00 1.052052399969083e+00
6.125000000000000e-01 2.300080761532477e+00 1.052052858989917e+00
6.156250000000001e-01 2.336459345644116e+00 1.052053310681029e+00
6.187500000000000e-01 2.373408366006099e+00 1.052053755377145e+00
6.218750000000001e-01 2.410936843558884e+00 1.052054192976097e+00
6.250000000000000e-01 2.449053940714840e+00 1.052054623608972e+00
6.281250000000000e-01 2.487768963595221e+00 1.052055047647663e+00
6.312500000000001e-01 2.527091364302215e+00 1.052055464833397e+00
6.343750000000000e-01 2.567030743226622e+00 1.052055875429187e+00
6.375000000000001e-01 2.607596851391758e+00 1.052056279845757e+00
6.406250000000000e-01 2.648799592834118e+00 1.052056677620540e+00
6.437500000000000e-01 2.690649027021411e+00 1.052057069148616e+00
6.468750000000001e-01 2.733155371308524e+00 1.052057454928502e+00
6.500000000000000e-01 2.776329003432049e+00 1.052057834246636e+00
6.531250000000001e-01 2.820180464043967e+00 1.052058207679117e+00
6.562500000000000e-01 2.864720459285089e+00 1.052058575862711e+00
6.593750000000000e-01 2.909959863398929e+00 1.052058937591804e+00
6.625000000000001e-01 2.955909721386590e+00 1.052059293716770e+00
6.656250000000000e-01 3.002581251703353e+00 1.052059645304218e+00
6.687500000000001e-01 3.049985848997626e+00 1.052059990419938e+00
6.718750000000000e-01 3.098135086892879e+00 1.052060330042165e+00
6.750000000000000e-01 3.147040720813310e+00 1.052060666004758e+00
6.781250000000001e-01 3.196714690853871e+00 1.052060995553345e+00
6.812500000000000e-01 3.247169124695383e+00 1.052061319406437e+00
6.843750000000001e-01 3.298416340565477e+00 1.052061640595690e+00
6.875000000000000e-01 3.350468850246008e+00 1.052061956185997e+00
6.906250000000000e-01 3.403339362127777e+00 1.052062264999944e+00
6.937500000000001e-01 3.457040784313211e+00 1.052062571386446e+00
6.968750000000000e-01 3.511586227767823e+00 1.052062875674368e+00
7.000000000000001e-01 3.566989009521205e+00 1.052063170577317e+00
7.031250000000000e-01 3.623262655918307e+00 1.052063461615695e+00
7.062500000000000e-01 3.680420905921852e+00 1.052063756775105e+00
7.093750000000001e-01 3.738477714466631e+00 1.052064041329825e+00
7.125000000000000e-01 3.797447255866536e+00 1.052064318058386e+00
7.156250000000001e-01 3.857343927275175e+00 1.052064598860849e+00
7.187500000000000e-01 3.918182352200844e+00 1.052064885210553e+00
7.218750000000000e-01 3.979977384076828e+00 1.052065150534267e+00
7.250000000000001e-01 4.042744109887770e+00 1.052065411279454e+00
7.281250000000000e-01 4.106497853853101e+00 1.052065696230501e+00
7.312500000000001e-01 4.171254181168399e+00 1.052065977821524e+00
7.343750000000000e-01 4.237028901805528e+00 1.052066226922637e+00
7.375000000000000e-01 4.303838074372613e+00 1.052066474007935e+00
7.406250000000001e-01 4.371698010034643e+00 1.052066788165312e+00
7.437500000000000e-01 4.440625276495786e+00 1.052067092638592e+00
7.468750000000001e-01 4.510636702044332e+00 1.052067328599548e+00
7.500000000000000e-01 4.581749379661216e+00 1.052067561012486e+00
7.531250000000000e-01 4.653980671193226e+00 1.052067932741582e+00
7.562500000000001e-01 4.727348211591802e+00 1.052068404941938e+00
7.593750000000000e-01 4.801869913218528e+00 1.052068643111050e+00
7.625000000000001e-01 4.877563970218381e+00 1.052068890597561e+00
7.656250000000000e-01 4.954448862961714e+00 1.052069197858641e+00
7.687500000000000e-01 5.032543362556198e+00 1.052070261300978e+00
7.718750000000001e-01 5.111866535429675e+00 1.052071085967986e+00
7.750000000000000e-01 5.192437747985146e+00 1.052071326378451e+00
7.781250000000001e-01 5.274276671329015e+00 1.052071741045377e+00
7.812500000000000e-01 5.357403286073669e+00 1.052072234032292e+00
7.843750000000000e-01 5.441837887215693e+00 1.052076230522582e+00
7.875000000000001e-01 5.527601089090773e+00 1.052081308945461e+00
7.906250000000000e-01 5.614713830406605e+00 1.052082073878853e+00
7.937500000000001e-01 5.703197379355005e+00 1.052084227225234e+00
7.968750000000000e-01 5.793073338804412e+00 1.052086804534524e+00
8.000000000000000e-01 5.884363651574169e+00 1.052088908444416e+00
8.031250000000001e-01 5.977090605791737e+00 1.052122067151091e+00
8.062500000000000e-01 6.071276840334257e+00 1.052198538451401e+00
8.093750000000001e-01 6.166945350355728e+00 1.052252457980912e+00
8.125000000000000e-01 6.264119492901173e+00 1.052255294873073e+00
8.156250000000000e-01 6.362822992609162e+00 1.052397323598429e+00
8.187500000000001e-01 6.463079947504072e+00 1.053048918178532e+00
8.218750000000000e-01 6.564914834879517e+00 1.054484146161272e+00
8.250000000000001e-01 6.668352517274371e+00 1.056644410049502e+00
8.281250000000000e-01 6.773418248542846e+00 1.059153369880751e+00
8.312500000000000e-01 6.880137680020114e+00 1.061531388887107e+00
8.343750000000001e-01 6.988536866784961e+00 1.063420440546298e+00
8.375000000000000e-01 7.098642274021019e+00 1.064688552431434e+00
8.406250000000001e-01 7.210480783478133e+00 1.065406256708068e+00
8.437500000000000e-01 7.324079700035414e+00 1.065758477840647e+00
8.468750000000000e-01 7.439466758367605e+00 1.065955494322733e+00
8.500000000000001e-01 7.556670129716381e+00 1.066175228152995e+00
8.531250000000000e-01 7.675718428768239e+00 1.066540559413990e+00
8.562500000000001e-01 7.796640720640633e+00 1.067120550126684e+00
8.593750000000000e-01 7.919466527978115e+00 1.067941688506539e+00
8.625000000000000e-01 8.044225838160141e+00 1.068999933815032e+00
8.656250000000001e-01 8.170949110622363e+00 1.070270861413559e+00
8.687500000000000e-01 8.299667284293170e+00 1.071718480771221e+00
8.718750000000001e-01 8.430411785147284e+00 1.073302233649143e+00
8.750000000000000e-01 8.563214533878281e+00 1.074979628502511e+00
8.781250000000000e-01 8.698107953691880e+00 1.076702865692807e+00
8.812500000000001e-01 8.835124978221932e+00 1.078411893373951e+00
8.843750000000000e-01 8.974299059571019e+00 1.080030507910093e+00
8.875000000000001e-01 9.115664176477637e+00 1.081472764839298e+00
8.906250000000000e-01 9.259254842611947e+00 1.082662320947132e+00
8.937500000000000e-01 9.405106115002161e+00 1.083559026899645e+00
8.968750000000001e-01 9.553253602593529e+00 1.084180136364806e+00
9.000000000000000e-01 9.703733474942130e+00 1.084603087096681e+00
9.031250000000001e-01 9.856582471045494e+00 1.084944408926135e+00
9.062500000000000e-01 1.001183790831228e+01 1.085321415904281e+00
9.093750000000000e-01 1.016953769167313e+01 1.085813225528951e+00
9.125000000000001e-01 1.032972032283505e+01 1.086438968847565e+00
9.156250000000000e-01 1.049242490968134e+01 1.087162120801791e+00
9.187500000000001e-01 1.065769117581972e+01 1.087915867626882e+00
9.218750000000000e-01 1.082555947028058e+01 1.088634392855969e+00
9.250000000000000e-01 1.099607077736805e+01 1.089274954367093e+00
9.281250000000001e-01 1.116926672666618e+01 1.089824039502698e+00
9.312500000000000e-01 1.134518960320255e+01 1.090290625216165e+00
9.343750000000001e-01 1.152388235777201e+01 1.090694433620382e+00
9.375000000000000e-01 1.170538861742293e+01 1.091055997753644e+00
9.406250000000000e-01 1.188975269610854e+01 1.091391386106790e+00
9.437500000000001e-01 1.207701960550600e+01 1.091711043289324e+00
9.468750000000000e-01 1.226723506600578e+01 1.092020849938361e+00
9.500000000000001e-01 1.246044551787411e+01 1.092323748347996e+00
9.531250000000000e-01 1.265669813259115e+01 1.092621079533740e+00
9.562500000000000e-01 1.285604082436773e+01 1.092913422763755e+00
9.593750000000001e-01 1.305852226184337e+01 1.093201035362429e+00
9.625000000000000e-01 1.326419187996850e+01 1.093484051992576e+00
9.656250000000001e-01 1.347309989207381e+01 1.093762564494261e+00
9.687500000000000e-01 1.368529730212962e+01 1.094036650519961e+00
9.718750000000000e-01 1.390083591719824e+01 1.094306382791915e+00
9.750000000000001e-01 1.411976836008246e+01 1.094571831920189e+00
9.781250000000000e-01 1.434214808217320e+01 1.094833067079817e+00
9.812500000000001e-01 1.456802937649935e+01 1.095090156252067e+00
9.843750000000000e-01 1.479746739098328e+01 1.095343166268855e+00
9.875000000000000e-01 1.503051814190487e+01 1.095592162857038e+00
9.906250000000001e-01 1.526723852757770e+01 1.095837210682583e+00
9.937500000000000e-01 1.550768634224049e+01 1.096078373292821e+00
9.968750000000001e-01 1.575192029016732e+01 1.096315713157054e+00
1.000000000000000e+00 1.600000000000000e+01 1.096549291808889e+00
