0.000000000000000e+00 0.000000000000000e+00 1.000000000000000e+00
3.125000000000000e-03 3.369263549427258e-03 1.036177649381101e+00
6.250000000000000e-03 6.739349689698711e-03 1.043016611004230e+00
9.375000000000001e-03 1.011108121249049e-02 1.045792867357383e+00
1.250000000000000e-02 1.348528131119160e-02 1.047275819113064e+00
1.562500000000000e-02 1.686277378188298e-02 1.048196020796243e+00
1.875000000000000e-02 2.024438322446370e-02 1.048822170440284e+00
2.187500000000000e-02 2.363093524397333e-02 1.049275659671215e+00
2.500000000000000e-02 2.702325665215984e-02 1.049619227509732e+00
2.812500000000000e-02 3.042217566934200e-02 1.049888530506450e+00
3.125000000000000e-02 3.382852212661575e-02 1.050105321099197e+00
3.437500000000000e-02 3.724312766845378e-02 1.050283618057990e+00
3.750000000000001e-02 4.066682595574785e-02 1.050432860954705e+00
4.062500000000000e-02 4.410045286934348e-02 1.050559637655223e+00
4.375000000000000e-02 4.754484671411652e-02 1.050668685175761e+00
4.687500000000000e-02 5.100084842364160e-02 1.050763496695016e+00
5.000000000000000e-02 5.446930176550237e-02 1.050846704467868e+00
5.312500000000001e-02 5.795105354729364e-02 1.050920329658284e+00
5.625000000000000e-02 6.144695382336569e-02 1.050985949787409e+00
5.937500000000000e-02 6.495785610236132e-02 1.051044814121762e+00
6.250000000000000e-02 6.848461755559625e-02 1.051097924862666e+00
6.562500000000000e-02 7.202809922633362e-02 1.051146095238565e+00
6.875000000000001e-02 7.558916624000402e-02 1.051189992037271e+00
7.187500000000001e-02 7.916868801542200e-02 1.051230167196375e+00
7.500000000000001e-02 8.276753847705080e-02 1.051267081399347e+00
7.812500000000000e-02 8.638659626836727e-02 1.051301122327915e+00
8.125000000000000e-02 9.002674496637868e-02 1.051332618412307e+00
8.437500000000001e-02 9.368887329734420e-02 1.051361849851819e+00
8.750000000000001e-02 9.737387535375355e-02 1.051389057023712e+00
9.062500000000001e-02 1.010826508126157e-01 1.051414447438161e+00
9.375000000000000e-02 1.048161051551108e-01 1.051438201143428e+00
9.687500000000000e-02 1.085751498876601e-01 1.051460474967149e+00
1.000000000000000e-01 1.123607027644654e-01 1.051481406410959e+00
1.031250000000000e-01 1.161736880115753e-01 1.051501116267868e+00
1.062500000000000e-01 1.200150365525305e-01 1.051519711282600e+00
1.093750000000000e-01 1.238856862356450e-01 1.051537285990168e+00
1.125000000000000e-01 1.277865820629775e-01 1.051553924522157e+00
1.156250000000000e-01 1.317186764210495e-01 1.051569701947077e+00
1.187500000000000e-01 1.356829293133661e-01 1.051584685453645e+00
1.218750000000000e-01 1.396803085947971e-01 1.051598935359442e+00
1.250000000000000e-01 1.437117902078738e-01 1.051612506013307e+00
1.281250000000000e-01 1.477783584210617e-01 1.051625446435047e+00
1.312500000000000e-01 1.518810060690650e-01 1.051637801049193e+00
1.343750000000000e-01 1.560207347952229e-01 1.051649610079830e+00
1.375000000000000e-01 1.601985552960564e-01 1.051660910155377e+00
1.406250000000000e-01 1.644154875680252e-01 1.051671734629874e+00
1.437500000000000e-01 1.686725611565558e-01 1.051682114001675e+00
1.468750000000000e-01 1.729708154074000e-01 1.051692076134581e+00
1.500000000000000e-01 1.773112997203869e-01 1.051701646606759e+00
1.531250000000000e-01 1.816950738056289e-01 1.051710848941313e+00
1.562500000000000e-01 1.861232079422458e-01 1.051719704723848e+00
1.593750000000000e-01 1.905967832396682e-01 1.051728233877086e+00
1.625000000000000e-01 1.951168919015860e-01 1.051736454789292e+00
1.656250000000000e-01 1.996846374926046e-01 1.051744384455684e+00
1.687500000000000e-01 2.043011352076760e-01 1.051752038639354e+00
1.718750000000000e-01 2.089675121443681e-01 1.051759431898291e+00
1.750000000000000e-01 2.136849075780412e-01 1.051766577848309e+00
1.781250000000000e-01 2.184544732399964e-01 1.051773489092359e+00
1.812500000000000e-01 2.232773735986666e-01 1.051780177388126e+00
1.843750000000000e-01 2.281547861439151e-01 1.051786653643023e+00
1.875000000000000e-01 2.330879016745160e-01 1.051792928102588e+00
1.906250000000000e-01 2.380779245888810e-01 1.051799010318482e+00
1.937500000000000e-01 2.431260731791094e-01 1.051804909206499e+00
1.968750000000000e-01 2.482335799284277e-01 1.051810633147118e+00
2.000000000000000e-01 2.534016918120952e-01 1.051816190025675e+00
2.031250000000000e-01 2.586316706018478e-01 1.051821587157869e+00
2.062500000000000e-01 2.639247931739538e-01 1.051826831467871e+00
2.093750000000000e-01 2.692823518209576e-01 1.051831929506568e+00
2.125000000000000e-01 2.747056545671873e-01 1.051836887357094e+00
2.156250000000000e-01 2.801960254881028e-01 1.051841710794640e+00
2.187500000000000e-01 2.857548050335636e-01 1.051846405287844e+00
2.218750000000000e-01 2.913833503550930e-01 1.051850975994691e+00
2.250000000000000e-01 2.970830356372213e-01 1.051855427753335e+00
2.281250000000000e-01 3.028552524329863e-01 1.051859765121075e+00
2.312500000000000e-01 3.087014100036755e-01 1.051863992516650e+00
2.343750000000000e-01 3.146229356628902e-01 1.051868113993969e+00
2.375000000000000e-01 3.206212751250189e-01 1.051872133479910e+00
2.406250000000000e-01 3.266978928582008e-01 1.051876054647977e+00
2.437500000000000e-01 3.328542724418705e-01 1.051879881048777e+00
2.468750000000000e-01 3.390919169289667e-01 1.051883616031353e+00
2.500000000000000e-01 3.454123492128958e-01 1.051887262712132e+00
2.531250000000000e-01 3.518171123993401e-01 1.051890824152146e+00
2.562500000000000e-01 3.583077701830001e-01 1.051894303168835e+00
2.593750000000000e-01 3.648859072293631e-01 1.051897702561984e+00
2.625000000000000e-01 3.715531295615936e-01 1.051901024923479e+00
2.656250000000000e-01 3.783110649526354e-01 1.051904272702853e+00
2.687500000000000e-01 3.851613633226258e-01 1.051907448326767e+00
2.718750000000000e-01 3.921056971417164e-01 1.051910554004434e+00
2.750000000000000e-01 3.991457618383991e-01 1.051913591947597e+00
2.781250000000000e-01 4.062832762134377e-01 1.051916564227480e+00
2.812500000000000e-01 4.135199828595055e-01 1.051919472784089e+00
2.843750000000000e-01 4.208576485866312e-01 1.051922319540651e+00
2.875000000000000e-01 4.282980648535585e-01 1.051925106362747e+00
2.906250000000000e-01 4.358430482051222e-01 1.051927834909542e+00
2.937500000000000e-01 4.434944407157500e-01 1.051930506901638e+00
2.968750000000000e-01 4.512541104391968e-01 1.051933123922346e+00
3.000000000000000e-01 4.591239518646220e-01 1.051935687528169e+00
3.031250000000000e-01 4.671058863791195e-01 1.051938199151383e+00
3.062500000000000e-01 4.752018627368176e-01 1.051940660262701e+00
3.093750000000000e-01 4.834138575346580e-01 1.051943072169451e+00
3.125000000000000e-01 4.917438756949728e-01 1.051945436228709e+00
3.156250000000000e-01 5.001939509549778e-01 1.051947753697754e+00
3.187500000000000e-01 5.087661463633005e-01 1.051950025737349e+00
3.218750000000000e-01 5.174625547836644e-01 1.051952253573181e+00
3.250000000000000e-01 5.262852994058529e-01 1.051954438345672e+00
3.281250000000000e-01 5.352365342640750e-01 1.051956581112680e+00
3.312500000000000e-01 5.443184447628656e-01 1.051958682904818e+00
3.343750000000000e-01 5.535332482106405e-01 1.051960744729598e+00
3.375000000000000e-01 5.628831943610435e-01 1.051962767628187e+00
3.406250000000000e-01 5.723705659622137e-01 1.051964752469891e+00
3.437500000000000e-01 5.819976793141081e-01 1.051966700214527e+00
3.468750000000000e-01 5.917668848340161e-01 1.051968611708404e+00
3.500000000000000e-01 6.016805676304035e-01 1.051970487842647e+00
3.531250000000000e-01 6.117411480852264e-01 1.051972329400002e+00
3.562500000000000e-01 6.219510824448572e-01 1.051974137212960e+00
3.593750000000000e-01 6.323128634197650e-01 1.051975912010369e+00
3.625000000000000e-01 6.428290207931012e-01 1.051977654575388e+00
3.656250000000000e-01 6.535021220383342e-01 1.051979365591931e+00
3.687500000000000e-01 6.643347729460869e-01 1.051981045802459e+00
3.718750000000000e-01 6.753296182603294e-01 1.051982695854282e+00
3.750000000000000e-01 6.864893423240808e-01 1.051984316457213e+00
3.781250000000000e-01 6.978166697347804e-01 1.051985908176981e+00
3.812500000000000e-01 7.093143660094854e-01 1.051987471696581e+00
3.843750000000000e-01 7.209852382600603e-01 1.051989007611269e+00
3.875000000000000e-01 7.328321358785219e-01 1.051990516480487e+00
3.906250000000000e-01 7.448579512327029e-01 1.051991998881438e+00
3.937500000000000e-01 7.570656203724140e-01 1.051993455358807e+00
3.968750000000000e-01 7.694581237462648e-01 1.051994886478236e+00
4.000000000000000e-01 7.820384869293291e-01 1.051996292723217e+00
4.031250000000000e-01 7.948097813618253e-01 1.051997674599553e+00
4.062500000000000e-01 8.077751250989945e-01 1.051999032637668e+00
4.093750000000000e-01 8.209376835723596e-01 1.052000367289381e+00
4.125000000000000e-01 8.343006703625532e-01 1.052001679032277e+00
4.156250000000000e-01 8.478673479838968e-01 1.052002968371909e+00
4.187500000000000e-01 8.616410286809313e-01 1.052004235685739e+00
4.218750000000000e-01 8.756250752370857e-01 1.052005481431241e+00
4.250000000000000e-01 8.898229017956865e-01 1.052006705991471e+00
4.281250000000000e-01 9.042379746935050e-01 1.052007909832038e+00
4.312500000000000e-01 9.188738133070491e-01 1.052009093346630e+00
4.343750000000000e-01 9.337339909118028e-01 1.052010256908465e+00
4.375000000000000e-01 9.488221355546261e-01 1.052011400870654e+00
4.406250000000000e-01 9.641419309395265e-01 1.052012525619287e+00
4.437500000000000e-01 9.796971173270190e-01 1.052013631575421e+00
4.468750000000000e-01 9.954914924472941e-01 1.052014719038838e+00
4.500000000000000e-01 1.011528912427417e+00 1.052015788343226e+00
4.531250000000000e-01 1.027813292732786e+00 1.052016839858125e+00
4.562500000000000e-01 1.044348609123070e+00 1.052017873885372e+00
4.593750000000000e-01 1.061138898622882e+00 1.052018890763168e+00
4.625000000000000e-01 1.078188260507393e+00 1.052019890815238e+00
4.656250000000000e-01 1.095500857303154e+00 1.052020874351060e+00
4.687500000000000e-01 1.113080915804360e+00 1.052021841666072e+00
4.718750000000000e-01 1.130932728104805e+00 1.052022793041888e+00
4.750000000000000e-01 1.149060652645771e+00 1.052023728746482e+00
4.781250000000000e-01 1.167469115280130e+00 1.052024649087115e+00
4.812500000000000e-01 1.186162610352890e+00 1.052025554359423e+00
4.843750000000000e-01 1.205145701798475e+00 1.052026444794851e+00
4.875000000000000e-01 1.224423024254985e+00 1.052027320664630e+00
4.906250000000000e-01 1.243999284195726e+00 1.052028182281573e+00
4.937500000000000e-01 1.263879261078271e+00 1.052029029843671e+00
4.968750000000000e-01 1.284067808511348e+00 1.052029863589131e+00
5.000000000000000e-01 1.304569855439823e+00 1.052030683798150e+00
5.031250000000000e-01 1.325390407348082e+00 1.052031490689226e+00
5.062500000000000e-01 1.346534547482100e+00 1.052032284470356e+00
5.093750000000000e-01 1.368007438090487e+00 1.052033065391880e+00
5.125000000000001e-01 1.389814321684837e+00 1.052033833695502e+00
5.156250000000000e-01 1.411960522319654e+00 1.052034589561658e+00
5.187500000000000e-01 1.434451446892208e+00 1.052035333213432e+00
5.218750000000000e-01 1.457292586462593e+00 1.052036064865558e+00
5.250000000000000e-01 1.480489517594354e+00 1.052036784724505e+00
5.281250000000001e-01 1.504047903715979e+00 1.052037492988565e+00
5.312500000000000e-01 1.527973496503592e+00 1.052038189847927e+00
5.343750000000000e-01 1.552272137285215e+00 1.052038875537480e+00
5.375000000000000e-01 1.576949758466886e+00 1.052039550233070e+00
5.406250000000000e-01 1.602012384981041e+00 1.052040214049930e+00
5.437500000000001e-01 1.627466135757470e+00 1.052040867252011e+00
5.468750000000000e-01 1.653317225217225e+00 1.052041509993328e+00
5.500000000000000e-01 1.679571964789851e+00 1.052042142420192e+00
5.531250000000000e-01 1.706236764454286e+00 1.052042764776720e+00
5.562500000000000e-01 1.733318134303830e+00 1.052043377197260e+00
5.593750000000001e-01 1.760822686135563e+00 1.052043979808615e+00
5.625000000000000e-01 1.788757135064574e+00 1.052044572835548e+00
5.656250000000000e-01 1.817128301163438e+00 1.052045156393193e+00
5.687500000000000e-01 1.845943111127301e+00 1.052045730642007e+00
5.718750000000000e-01 1.875208599965003e+00 1.052046295789447e+00
5.750000000000001e-01 1.904931912716643e+00 1.052046851933464e+00
5.781250000000000e-01 1.935120306198011e+00 1.052047399270177e+00
5.812500000000000e-01 1.965781150772311e+00 1.052047937886275e+00
5.843750000000000e-01 1.996921932149593e+00 1.052048467913962e+00
5.875000000000000e-01 2.028550253214365e+00 1.052048989585342e+00
5.906250000000001e-01 2.060673835881802e+00 1.052049502972099e+00
5.937500000000000e-01 2.093300522983012e+00 1.052050008244243e+00
5.968750000000000e-01 2.126438280179837e+00 1.052050505567964e+00
6.000000000000001e-01 2.160095197909630e+00 1.052050994947477e+00
6.031250000000000e-01 2.194279493360494e+00 1.052051476641954e+00
6.062500000000001e-01 2.228999512477486e+00 1.052051950751906e+00
6.093750000000000e-01 2.264263732000228e+00 1.052052417319765e+00
6.125000000000000e-01 2.300080761532477e+00 1.052052876644616e+00
6.156250000000001e-01 2.336459345644116e+00 1.052053328710413e+00
6.187500000000000e-01 2.373408366006099e+00 1.052053773545279e+00
6.218750000000001e-01 2.410936843558884e+00 1.052054211592223e+00
6.250000000000000e-01 2.449053940714840e+00 1.052054642667726e+00
6.281250000000000e-01 2.487768963595221e+00 1.052055066891226e+00
6.312500000000001e-01 2.527091364302215e+00 1.052055484747629e+00
6.343750000000000e-01 2.567030743226622e+00 1.052055895938824e+00
6.375000000000001e-01 2.607596851391758e+00 1.052056300571897e+00
6.406250000000000e-01 2.648799592834118e+00 1.052056699277611e+00
6.437500000000000e-01 2.690649027021411e+00 1.052057091592306e+00
6.468750000000001e-01 2.733155371308524e+00 1.052057477558122e+00
6.500000000000000e-01 2.776329003432049e+00 1.052057858213789e+00
6.531250000000001e-01 2.820180464043967e+00 1.052058232725833e+00
6.562500000000000e-01 2.864720459285089e+00 1.052058601018840e+00
6.593750000000000e-01 2.909959863398929e+00 1.052058964590710e+00
6.625000000000001e-01 2.955909721386590e+00 1.052059322501863e+00
6.656250000000000e-01 3.002581251703353e+00 1.052059673987624e+00
6.687500000000001e-01 3.049985848997626e+00 1.052060021364447e+00
6.718750000000000e-01 3.098135086892879e+00 1.052060364221024e+00
6.750000000000000e-01 3.147040720813310e+00 1.052060700017483e+00
6.781250000000001e-01 3.196714690853871e+00 1.052061031717741e+00
6.812500000000000e-01 3.247169124695383e+00 1.052061361266210e+00
6.843750000000001e-01 3.298416340565477e+00 1.052061683174308e+00
6.875000000000000e-01 3.350468850246008e+00 1.052061999526195e+00
6.906250000000000e-01 3.403339362127777e+00 1.052062316579960e+00
6.937500000000001e-01 3.457040784313211e+00 1.052062628603425e+00
6.968750000000000e-01 3.511586227767823e+00 1.052062930942672e+00
7.000000000000001e-01 3.566989009521205e+00 1.052063233188749e+00
7.031250000000000e-01 3.623262655918307e+00 1.052063541326991e+00
7.062500000000000e-01 3.680420905921852e+00 1.052063835842757e+00
7.093750000000001e-01 3.738477714466631e+00 1.052064121595375e+00
7.125000000000000e-01 3.797447255866536e+00 1.052064419467613e+00
7.156250000000001e-01 3.857343927275175e+00 1.052064726944619e+00
7.187500000000000e-01 3.918182352200844e+00 1.052065006512380e+00
7.218750000000000e-01 3.979977384076828e+00 1.052065278742553e+00
7.250000000000001e-01 4.042744109887770e+00 1.052065588637165e+00
7.281250000000000e-01 4.106497853853101e+00 1.052065922217978e+00
7.312500000000001e-01 4.171254181168399e+00 1.052066195071112e+00
7.343750000000000e-01 4.237028901805528e+00 1.052066453484759e+00
7.375000000000000e-01 4.303838074372613e+00 1.052066790881883e+00
7.406250000000001e-01 4.371698010034643e+00 1.052067250110690e+00
7.437500000000000e-01 4.440625276495786e+00 1.052067571108143e+00
7.468750000000001e-01 4.510636702044332e+00 1.052067815818980e+00
7.500000000000000e-01 4.581749379661216e+00 1.052068119979983e+00
7.531250000000000e-01 4.653980671193226e+00 1.052068896882851e+00
7.562500000000001e-01 4.727348211591802e+00 1.052069789787776e+00
7.593750000000000e-01 4.801869913218528e+00 1.052070122197848e+00
7.625000000000001e-01 4.877563970218381e+00 1.052070374890789e+00
7.656250000000000e-01 4.954448862961714e+00 1.052070796365876e+00
7.687500000000000e-01 5.032543362556198e+00 1.052073336568443e+00
7.718750000000001e-01 5.111866535429675e+00 1.052077604259609e+00
7.750000000000000e-01 5.192437747985146e+00 1.052079195521032e+00
7.781250000000001e-01 5.274276671329015e+00 1.052079701825407e+00
7.812500000000000e-01 5.357403286073669e+00 1.052080770748284e+00
7.843750000000000e-01 5.441837887215693e+00 1.052081996386409e+00
7.875000000000001e-01 5.527601089090773e+00 1.052101128089795e+00
7.906250000000000e-01 5.614713830406605e+00 1.052150870300382e+00
7.937500000000001e-01 5.703197379355005e+00 1.052191323168820e+00
7.968750000000000e-01 5.793073338804412e+00 1.052193564669558e+00
8.000000000000000e-01 5.884363651574169e+00 1.052291003698113e+00
8.031250000000001e-01 5.977090605791737e+00 1.052800949931497e+00
8.062500000000000e-01 6.071276840334257e+00 1.054026795524895e+00
8.093750000000001e-01 6.166945350355728e+00 1.056019101028671e+00
8.125000000000000e-01 6.264119492901173e+00 1.058512398904948e+00
8.156250000000000e-01 6.362822992609162e+00 1.061066018804671e+00
8.187500000000001e-01 6.463079947504072e+00 1.063275055287041e+00
8.218750000000000e-01 6.564914834879517e+00 1.064912659798770e+00
8.250000000000001e-01 6.668352517274371e+00 1.065956036445775e+00
8.281250000000000e-01 6.773418248542846e+00 1.066529490003863e+00
8.312500000000000e-01 6.880137680020114e+00 1.066822418597976e+00
8.343750000000001e-01 6.988536866784961e+00 1.067022841198747e+00
8.375000000000000e-01 7.098642274021019e+00 1.067280256238503e+00
8.406250000000001e-01 7.210480783478133e+00 1.067694205574420e+00
8.437500000000000e-01 7.324079700035414e+00 1.068318720117167e+00
8.468750000000000e-01 7.439466758367605e+00 1.069173070999984e+00
8.500000000000001e-01 7.556670129716381e+00 1.070252321795608e+00
8.531250000000000e-01 7.675718428768239e+00 1.071535227040710e+00
8.562500000000001e-01 7.796640720640633e+00 1.072990056480093e+00
8.593750000000000e-01 7.919466527978115e+00 1.074579397717223e+00
8.625000000000000e-01 8.044225838160141e+00 1.076263365513451e+00
8.656250000000001e-01 8.170949110622363e+00 1.077999485164066e+00
8.687500000000000e-01 8.299667284293170e+00 1.079738833782357e+00
8.718750000000001e-01 8.430411785147284e+00 1.081421297415250e+00
8.750000000000000e-01 8.563214533878281e+00 1.082975425923443e+00
8.781250000000000e-01 8.698107953691880e+00 1.084327700330576e+00
8.812500000000001e-01 8.835124978221932e+00 1.085421261196697e+00
8.843750000000000e-01 8.974299059571019e+00 1.086237511197369e+00
8.875000000000001e-01 9.115664176477637e+00 1.086809872625923e+00
8.906250000000000e-01 9.259254842611947e+00 1.087220690041407e+00
8.937500000000000e-01 9.405106115002161e+00 1.087579473106710e+00
8.968750000000001e-01 9.553253602593529e+00 1.087989704494005e+00
9.000000000000000e-01 9.703733474942130e+00 1.088517564980582e+00
9.031250000000001e-01 9.856582471045494e+00 1.089175675824574e+00
9.062500000000000e-01 1.001183790831228e+01 1.089927934884909e+00
9.093750000000000e-01 1.016953769167313e+01 1.090711283451559e+00
9.125000000000001e-01 1.032972032283505e+01 1.091462703879901e+00
9.156250000000000e-01 1.049242490968134e+01 1.092139244358188e+00
9.187500000000001e-01 1.065769117581972e+01 1.092724860851903e+00
9.218750000000000e-01 1.082555947028058e+01 1.093225627096378e+00
9.250000000000000e-01 1.099607077736805e+01 1.093659496908164e+00
9.281250000000001e-01 1.116926672666618e+01 1.094046732119358e+00
9.312500000000000e-01 1.134518960320255e+01 1.094404149483470e+00
9.343750000000001e-01 1.152388235777201e+01 1.094743278984993e+00
9.375000000000000e-01 1.170538861742293e+01 1.095070955476985e+00
9.406250000000000e-01 1.188975269610854e+01 1.095390773956866e+00
9.437500000000001e-01 1.207701960550600e+01 1.095704449845404e+00
9.468750000000000e-01 1.226723506600578e+01 1.096012749774386e+00
9.500000000000001e-01 1.246044551787411e+01 1.096316015192355e+00
9.531250000000000e-01 1.265669813259115e+01 1.096614416107766e+00
9.562500000000000e-01 1.285604082436773e+01 1.096908059473261e+00
9.593750000000001e-01 1.305852226184337e+01 1.097197030600974e+00
9.625000000000000e-01 1.326419187996850e+01 1.097481407310808e+00
9.656250000000001e-01 1.347309989207381e+01 1.097761264446098e+00
9.687500000000000e-01 1.368529730212962e+01 1.098036675242091e+00
9.718750000000000e-01 1.390083591719824e+01 1.098307711528713e+00
9.750000000000001e-01 1.411976836008246e+01 1.098574443938686e+00
9.781250000000000e-01 1.434214808217320e+01 1.098836941955731e+00
9.812500000000001e-01 1.456802937649935e+01 1.099095273907523e+00
9.843750000000000e-01 1.479746739098328e+01 1.099349506901571e+00
9.875000000000000e-01 1.503051814190487e+01 1.099599706977850e+00
9.906250000000001e-01 1.526723852757770e+01 1.099845939154661e+00
9.937500000000000e-01 1.550768634224049e+01 1.100088267253774e+00
9.968750000000001e-01 1.575192029016732e+01 1.100326754104321e+00
1.000000000000000e+00 1.600000000000000e+01 1.100561461476165e+00
