0.000000000000000e+00 0.000000000000000e+00 1.000000000000000e+00
3.125000000000000e-03 3.369263549427258e-03 1.000000000315496e+00
6.250000000000000e-03 6.739349689698711e-03 1.000000000630002e+00
9.375000000000001e-03 1.011108121249049e-02 1.000000000651467e+00
1.250000000000000e-02 1.348528131119160e-02 1.000000000644396e+00
1.562500000000000e-02 1.686277378188298e-02 1.000000000667941e+00
1.875000000000000e-02 2.024438322446370e-02 1.000000000687221e+00
2.187500000000000e-02 2.363093524397333e-02 1.000000000703550e+00
2.500000000000000e-02 2.702325665215984e-02 1.000000000717718e+00
2.812500000000000e-02 3.042217566934200e-02 1.000000000730236e+00
3.125000000000000e-02 3.382852212661575e-02 1.000000000741452e+00
3.437500000000000e-02 3.724312766845378e-02 1.000000000751617e+00
3.750000000000001e-02 4.066682595574785e-02 1.000000000760914e+00
4.062500000000000e-02 4.410045286934348e-02 1.000000000769483e+00
4.375000000000000e-02 4.754484671411652e-02 1.000000000777435e+00
4.687500000000000e-02 5.100084842364160e-02 1.000000000840795e+00
5.000000000000000e-02 5.446930176550237e-02 1.000000000910342e+00
5.312500000000001e-02 5.795105354729364e-02 1.000000000985359e+00
5.625000000000000e-02 6.144695382336569e-02 1.000000001065257e+00
5.937500000000000e-02 6.495785610236132e-02 1.000000001149543e+00
6.250000000000000e-02 6.848461755559625e-02 1.000000001237804e+00
6.562500000000000e-02 7.202809922633362e-02 1.000000001329689e+00
6.875000000000001e-02 7.558916624000402e-02 1.000000001370103e+00
7.187500000000001e-02 7.916868801542200e-02 1.000000001408852e+00
7.500000000000001e-02 8.276753847705080e-02 1.000000001500682e+00
7.812500000000000e-02 8.638659626836727e-02 1.000000001540998e+00
8.125000000000000e-02 9.002674496637868e-02 1.000000001634313e+00
8.437500000000001e-02 9.368887329734420e-02 1.000000001730403e+00
8.750000000000001e-02 9.737387535375355e-02 1.000000001829104e+00
9.062500000000001e-02 1.010826508126157e-01 1.000000001930271e+00
9.375000000000000e-02 1.048161051551108e-01 1.000000002033776e+00
9.687500000000000e-02 1.085751498876601e-01 1.000000002139505e+00
1.000000000000000e-01 1.123607027644654e-01 1.000000002247355e+00
1.031250000000000e-01 1.161736880115753e-01 1.000000002357236e+00
1.062500000000000e-01 1.200150365525305e-01 1.000000002469065e+00
1.093750000000000e-01 1.238856862356450e-01 1.000000002582770e+00
1.125000000000000e-01 1.277865820629775e-01 1.000000002698283e+00
1.156250000000000e-01 1.317186764210495e-01 1.000000002815547e+00
1.187500000000000e-01 1.356829293133661e-01 1.000000002934508e+00
1.218750000000000e-01 1.396803085947971e-01 1.000000003055116e+00
1.250000000000000e-01 1.437117902078738e-01 1.000000003177331e+00
1.281250000000000e-01 1.477783584210617e-01 1.000000003301111e+00
1.312500000000000e-01 1.518810060690650e-01 1.000000003426421e+00
1.343750000000000e-01 1.560207347952229e-01 1.000000003553231e+00
1.375000000000000e-01 1.601985552960564e-01 1.000000003681510e+00
1.406250000000000e-01 1.644154875680252e-01 1.000000003864866e+00
1.437500000000000e-01 1.686725611565558e-01 1.000000004052293e+00
1.468750000000000e-01 1.729708154074000e-01 1.000000004243688e+00
1.500000000000000e-01 1.773112997203869e-01 1.000000004438955e+00
1.531250000000000e-01 1.816950738056289e-01 1.000000004638007e+00
1.562500000000000e-01 1.861232079422458e-01 1.000000004840764e+00
1.593750000000000e-01 1.905967832396682e-01 1.000000005047150e+00
1.625000000000000e-01 1.951168919015860e-01 1.000000005257097e+00
1.656250000000000e-01 1.996846374926046e-01 1.000000005470541e+00
1.687500000000000e-01 2.043011352076760e-01 1.000000005687425e+00
1.718750000000000e-01 2.089675121443681e-01 1.000000005907694e+00
1.750000000000000e-01 2.136849075780412e-01 1.000000006131299e+00
1.781250000000000e-01 2.184544732399964e-01 1.000000006358193e+00
1.812500000000000e-01 2.232773735986666e-01 1.000000006641752e+00
1.843750000000000e-01 2.281547861439151e-01 1.000000006877362e+00
1.875000000000000e-01 2.330879016745160e-01 1.000000007169515e+00
1.906250000000000e-01 2.380779245888810e-01 1.000000007466990e+00
1.937500000000000e-01 2.431260731791094e-01 1.000000007769716e+00
1.968750000000000e-01 2.482335799284277e-01 1.000000008077627e+00
2.000000000000000e-01 2.534016918120952e-01 1.000000008390662e+00
2.031250000000000e-01 2.586316706018478e-01 1.000000008708764e+00
2.062500000000000e-01 2.639247931739538e-01 1.000000009031881e+00
2.093750000000000e-01 2.692823518209576e-01 1.000000009359963e+00
2.125000000000000e-01 2.747056545671873e-01 1.000000009746282e+00
2.156250000000000e-01 2.801960254881028e-01 1.000000010139539e+00
2.187500000000000e-01 2.857548050335636e-01 1.000000010539666e+00
2.218750000000000e-01 2.913833503550930e-01 1.000000010946598e+00
2.250000000000000e-01 2.970830356372213e-01 1.000000011360276e+00
2.281250000000000e-01 3.028552524329863e-01 1.000000011780642e+00
2.312500000000000e-01 3.087014100036755e-01 1.000000012207646e+00
2.343750000000000e-01 3.146229356628902e-01 1.000000012694505e+00
2.375000000000000e-01 3.206212751250189e-01 1.000000013189876e+00
2.406250000000000e-01 3.266978928582008e-01 1.000000013693693e+00
2.437500000000000e-01 3.328542724418705e-01 1.000000014205896e+00
2.468750000000000e-01 3.390919169289667e-01 1.000000014726428e+00
2.500000000000000e-01 3.454123492128958e-01 1.000000015255235e+00
2.531250000000000e-01 3.518171123993401e-01 1.000000015845504e+00
2.562500000000000e-01 3.583077701830001e-01 1.000000016445859e+00
2.593750000000000e-01 3.648859072293631e-01 1.000000017056240e+00
2.625000000000000e-01 3.715531295615936e-01 1.000000017676588e+00
2.656250000000000e-01 3.783110649526354e-01 1.000000018306850e+00
2.687500000000000e-01 3.851613633226258e-01 1.000000019000189e+00
2.718750000000000e-01 3.921056971417164e-01 1.000000019705209e+00
2.750000000000000e-01 3.991457618383991e-01 1.000000020421852e+00
2.781250000000000e-01 4.062832762134377e-01 1.000000021150061e+00
2.812500000000000e-01 4.135199828595055e-01 1.000000021942983e+00
2.843750000000000e-01 4.208576485866312e-01 1.000000022749207e+00
2.875000000000000e-01 4.282980648535585e-01 1.000000023568674e+00
2.906250000000000e-01 4.358430482051222e-01 1.000000024401330e+00
2.937500000000000e-01 4.434944407157500e-01 1.000000025300309e+00
2.968750000000000e-01 4.512541104391968e-01 1.000000026214186e+00
3.000000000000000e-01 4.591239518646220e-01 1.000000027196086e+00
3.031250000000000e-01 4.671058863791195e-01 1.000000028194576e+00
3.062500000000000e-01 4.752018627368176e-01 1.000000029209594e+00
3.093750000000000e-01 4.834138575346580e-01 1.000000030241086e+00
3.125000000000000e-01 4.917438756949728e-01 1.000000031342165e+00
3.156250000000000e-01 5.001939509549778e-01 1.000000032461392e+00
3.187500000000000e-01 5.087661463633005e-01 1.000000033651876e+00
3.218750000000000e-01 5.174625547836644e-01 1.000000034915330e+00
3.250000000000000e-01 5.262852994058529e-01 1.000000036200302e+00
3.281250000000000e-01 5.352365342640750e-01 1.000000037506728e+00
3.312500000000000e-01 5.443184447628656e-01 1.000000038887704e+00
3.343750000000000e-01 5.535332482106405e-01 1.000000040291773e+00
3.375000000000000e-01 5.628831943610435e-01 1.000000041772026e+00
3.406250000000000e-01 5.723705659622137e-01 1.000000043330151e+00
3.437500000000000e-01 5.819976793141081e-01 1.000000044914681e+00
3.468750000000000e-01 5.917668848340161e-01 1.000000046578699e+00
3.500000000000000e-01 6.016805676304035e-01 1.000000048323879e+00
3.531250000000000e-01 6.117411480852264e-01 1.000000050098746e+00
3.562500000000000e-01 6.219510824448572e-01 1.000000051956378e+00
3.593750000000000e-01 6.323128634197650e-01 1.000000053898437e+00
3.625000000000000e-01 6.428290207931012e-01 1.000000055926582e+00
3.656250000000000e-01 6.535021220383342e-01 1.000000058042467e+00
3.687500000000000e-01 6.643347729460869e-01 1.000000060247741e+00
3.718750000000000e-01 6.753296182603294e-01 1.000000062544049e+00
3.750000000000000e-01 6.864893423240808e-01 1.000000064933035e+00
3.781250000000000e-01 6.978166697347804e-01 1.000000067416336e+00
3.812500000000000e-01 7.093143660094854e-01 1.000000069995587e+00
3.843750000000000e-01 7.209852382600603e-01 1.000000072672423e+00
3.875000000000000e-01 7.328321358785219e-01 1.000000075448471e+00
3.906250000000000e-01 7.448579512327029e-01 1.000000078378487e+00
3.937500000000000e-01 7.570656203724140e-01 1.000000081412669e+00
3.968750000000000e-01 7.694581237462648e-01 1.000000084552636e+00
4.000000000000000e-01 7.820384869293291e-01 1.000000087853130e+00
4.031250000000000e-01 7.948097813618253e-01 1.000000091264336e+00
4.062500000000000e-01 8.077751250989945e-01 1.000000094840989e+00
4.093750000000000e-01 8.209376835723596e-01 1.000000098586385e+00
4.125000000000000e-01 8.343006703625532e-01 1.000000102503821e+00
4.156250000000000e-01 8.478673479838968e-01 1.000000106596582e+00
4.187500000000000e-01 8.616410286809313e-01 1.000000110867951e+00
4.218750000000000e-01 8.756250752370857e-01 1.000000115374324e+00
4.250000000000000e-01 8.898229017956865e-01 1.000000120067538e+00
4.281250000000000e-01 9.042379746935050e-01 1.000000125003975e+00
4.312500000000000e-01 9.188738133070491e-01 1.000000130188576e+00
4.343750000000000e-01 9.337339909118028e-01 1.000000135626275e+00
4.375000000000000e-01 9.488221355546261e-01 1.000000141321998e+00
4.406250000000000e-01 9.641419309395265e-01 1.000000147280665e+00
4.437500000000000e-01 9.796971173270190e-01 1.000000153560303e+00
4.468750000000000e-01 9.954914924472941e-01 1.000000160114381e+00
4.500000000000000e-01 1.011528912427417e+00 1.000000167000913e+00
4.531250000000000e-01 1.027813292732786e+00 1.000000174279573e+00
4.562500000000000e-01 1.044348609123070e+00 1.000000181905480e+00
4.593750000000000e-01 1.061138898622882e+00 1.000000189938292e+00
4.625000000000000e-01 1.078188260507393e+00 1.000000198439328e+00
4.656250000000000e-01 1.095500857303154e+00 1.000000207418452e+00
4.687500000000000e-01 1.113080915804360e+00 1.000000216885520e+00
4.718750000000000e-01 1.130932728104805e+00 1.000000226850376e+00
4.750000000000000e-01 1.149060652645771e+00 1.000000237375961e+00
4.781250000000000e-01 1.167469115280130e+00 1.000000248526869e+00
4.812500000000000e-01 1.186162610352890e+00 1.000000260316237e+00
4.843750000000000e-01 1.205145701798475e+00 1.000000272810293e+00
4.875000000000000e-01 1.224423024254985e+00 1.000000286023811e+00
4.906250000000000e-01 1.243999284195726e+00 1.000000300077756e+00
4.937500000000000e-01 1.263879261078271e+00 1.000000314990189e+00
4.968750000000000e-01 1.284067808511348e+00 1.000000330832259e+00
5.000000000000000e-01 1.304569855439823e+00 1.000000347676756e+00
5.031250000000000e-01 1.325390407348082e+00 1.000000365598108e+00
5.062500000000000e-01 1.346534547482100e+00 1.000000384725484e+00
5.093750000000000e-01 1.368007438090487e+00 1.000000405085137e+00
5.125000000000001e-01 1.389814321684837e+00 1.000000426809506e+00
5.156250000000000e-01 1.411960522319654e+00 1.000000450034313e+00
5.187500000000000e-01 1.434451446892208e+00 1.000000474898566e+00
5.218750000000000e-01 1.457292586462593e+00 1.000000501544550e+00
5.250000000000000e-01 1.480489517594354e+00 1.000000530117828e+00
5.281250000000001e-01 1.504047903715979e+00 1.000000560767236e+00
5.312500000000000e-01 1.527973496503592e+00 1.000000593751084e+00
5.343750000000000e-01 1.552272137285215e+00 1.000000629174948e+00
5.375000000000000e-01 1.576949758466886e+00 1.000000667411518e+00
5.406250000000000e-01 1.602012384981041e+00 1.000000708684044e+00
5.437500000000001e-01 1.627466135757470e+00 1.000000753220683e+00
5.468750000000000e-01 1.653317225217225e+00 1.000000801466886e+00
5.500000000000000e-01 1.679571964789851e+00 1.000000853773396e+00
5.531250000000000e-01 1.706236764454286e+00 1.000000910552241e+00
5.562500000000000e-01 1.733318134303830e+00 1.000000972331470e+00
5.593750000000001e-01 1.760822686135563e+00 1.000001039599146e+00
5.625000000000000e-01 1.788757135064574e+00 1.000001112960988e+00
5.656250000000000e-01 1.817128301163438e+00 1.000001193249842e+00
5.687500000000000e-01 1.845943111127301e+00 1.000001281160577e+00
5.718750000000000e-01 1.875208599965003e+00 1.000001377616815e+00
5.750000000000001e-01 1.904931912716643e+00 1.000001483671302e+00
5.781250000000000e-01 1.935120306198011e+00 1.000001600456092e+00
5.812500000000000e-01 1.965781150772311e+00 1.000001729502747e+00
5.843750000000000e-01 1.996921932149593e+00 1.000001872222865e+00
5.875000000000000e-01 2.028550253214365e+00 1.000002030434093e+00
5.906250000000001e-01 2.060673835881802e+00 1.000002206424699e+00
5.937500000000000e-01 2.093300522983012e+00 1.000002402541926e+00
5.968750000000000e-01 2.126438280179837e+00 1.000002621351242e+00
6.000000000000001e-01 2.160095197909630e+00 1.000002866490778e+00
6.031250000000000e-01 2.194279493360494e+00 1.000003141852951e+00
6.062500000000001e-01 2.228999512477486e+00 1.000003451376966e+00
6.093750000000000e-01 2.264263732000228e+00 1.000003800427612e+00
6.125000000000000e-01 2.300080761532477e+00 1.000004195305290e+00
6.156250000000001e-01 2.336459345644116e+00 1.000004642898898e+00
6.187500000000000e-01 2.373408366006099e+00 1.000005150964367e+00
6.218750000000001e-01 2.410936843558884e+00 1.000005728199018e+00
6.250000000000000e-01 2.449053940714840e+00 1.000006385273259e+00
6.281250000000000e-01 2.487768963595221e+00 1.000007135256292e+00
6.312500000000001e-01 2.527091364302215e+00 1.000007989699499e+00
6.343750000000000e-01 2.567030743226622e+00 1.000008957676356e+00
6.375000000000001e-01 2.607596851391758e+00 1.000010051909222e+00
6.406250000000000e-01 2.648799592834118e+00 1.000011289194427e+00
6.437500000000000e-01 2.690649027021411e+00 1.000012675811340e+00
6.468750000000001e-01 2.733155371308524e+00 1.000014193857886e+00
6.500000000000000e-01 2.776329003432049e+00 1.000015809421595e+00
6.531250000000001e-01 2.820180464043967e+00 1.000017489893047e+00
6.562500000000000e-01 2.864720459285089e+00 1.000019188007010e+00
6.593750000000000e-01 2.909959863398929e+00 1.000020781850972e+00
6.625000000000001e-01 2.955909721386590e+00 1.000022052538342e+00
6.656250000000000e-01 3.002581251703353e+00 1.000022815185625e+00
6.687500000000001e-01 3.049985848997626e+00 1.000023159413007e+00
6.718750000000000e-01 3.098135086892879e+00 1.000023669931578e+00
6.750000000000000e-01 3.147040720813310e+00 1.000025965118360e+00
6.781250000000001e-01 3.196714690853871e+00 1.000034817796608e+00
6.812500000000000e-01 3.247169124695383e+00 1.000064107932157e+00
6.843750000000001e-01 3.298416340565477e+00 1.000148557824166e+00
6.875000000000000e-01 3.350468850246008e+00 1.000358375484544e+00
6.906250000000000e-01 3.403339362127777e+00 1.000805099631880e+00
6.937500000000001e-01 3.457040784313211e+00 1.001624019750350e+00
6.968750000000000e-01 3.511586227767823e+00 1.002930839485568e+00
7.000000000000001e-01 3.566989009521205e+00 1.004770560395055e+00
7.031250000000000e-01 3.623262655918307e+00 1.007086057010453e+00
7.062500000000000e-01 3.680420905921852e+00 1.009723497262728e+00
7.093750000000001e-01 3.738477714466631e+00 1.012471004583718e+00
7.125000000000000e-01 3.797447255866536e+00 1.015111538588207e+00
7.156250000000001e-01 3.857343927275175e+00 1.017468885634153e+00
7.187500000000000e-01 3.918182352200844e+00 1.019434013643933e+00
7.218750000000000e-01 3.979977384076828e+00 1.020969956725375e+00
7.250000000000001e-01 4.042744109887770e+00 1.022100795540144e+00
7.281250000000000e-01 4.106497853853101e+00 1.022892690228449e+00
7.312500000000001e-01 4.171254181168399e+00 1.023433828263128e+00
7.343750000000000e-01 4.237028901805528e+00 1.023817628813589e+00
7.375000000000000e-01 4.303838074372613e+00 1.024131014874669e+00
7.406250000000001e-01 4.371698010034643e+00 1.024447714314529e+00
7.437500000000000e-01 4.440625276495786e+00 1.024825578384963e+00
7.468750000000001e-01 4.510636702044332e+00 1.025306639673517e+00
7.500000000000000e-01 4.581749379661216e+00 1.025918762511469e+00
7.531250000000000e-01 4.653980671193226e+00 1.026678008060554e+00
7.562500000000001e-01 4.727348211591802e+00 1.027591116241888e+00
7.593750000000000e-01 4.801869913218528e+00 1.028657750703980e+00
7.625000000000001e-01 4.877563970218381e+00 1.029872339830054e+00
7.656250000000000e-01 4.954448862961714e+00 1.031225478965437e+00
7.687500000000000e-01 5.032543362556198e+00 1.032704932524057e+00
7.718750000000001e-01 5.111866535429675e+00 1.034296301594503e+00
7.750000000000000e-01 5.192437747985146e+00 1.035983419473153e+00
7.781250000000001e-01 5.274276671329015e+00 1.037748521764051e+00
7.812500000000000e-01 5.357403286073669e+00 1.039572242341544e+00
7.843750000000000e-01 5.441837887215693e+00 1.041433505847944e+00
7.875000000000001e-01 5.527601089090773e+00 1.043309400096903e+00
7.906250000000000e-01 5.614713830406605e+00 1.045175092283250e+00
7.937500000000001e-01 5.703197379355005e+00 1.047003823923897e+00
7.968750000000000e-01 5.793073338804412e+00 1.048767043818609e+00
8.000000000000000e-01 5.884363651574169e+00 1.050434871486800e+00
8.031250000000001e-01 5.977090605791737e+00 1.051977271664666e+00
8.062500000000000e-01 6.071276840334257e+00 1.053366405740717e+00
8.093750000000001e-01 6.166945350355728e+00 1.054580406935836e+00
8.125000000000000e-01 6.264119492901173e+00 1.055608223379249e+00
8.156250000000000e-01 6.362822992609162e+00 1.056454365515515e+00
8.187500000000001e-01 6.463079947504072e+00 1.057141808734763e+00
8.218750000000000e-01 6.564914834879517e+00 1.057711395404855e+00
8.250000000000001e-01 6.668352517274371e+00 1.058216995481155e+00
8.281250000000000e-01 6.773418248542846e+00 1.058717093241524e+00
8.312500000000000e-01 6.880137680020114e+00 1.059264723579729e+00
8.343750000000001e-01 6.988536866784961e+00 1.059898255064047e+00
8.375000000000000e-01 7.098642274021019e+00 1.060635257750753e+00
8.406250000000001e-01 7.210480783478133e+00 1.061470822154989e+00
8.437500000000000e-01 7.324079700035414e+00 1.062380552143606e+00
8.468750000000000e-01 7.439466758367605e+00 1.063327324427198e+00
8.500000000000001e-01 7.556670129716381e+00 1.064270014635130e+00
8.531250000000000e-01 7.675718428768239e+00 1.065171955831424e+00
8.562500000000001e-01 7.796640720640633e+00 1.066007096770747e+00
8.593750000000000e-01 7.919466527978115e+00 1.066762659226841e+00
8.625000000000000e-01 8.044225838160141e+00 1.067438269708405e+00
8.656250000000001e-01 8.170949110622363e+00 1.068042591909101e+00
8.687500000000000e-01 8.299667284293170e+00 1.068589002021232e+00
8.718750000000001e-01 8.430411785147284e+00 1.069091713193358e+00
8.750000000000000e-01 8.563214533878281e+00 1.069563175559856e+00
8.781250000000000e-01 8.698107953691880e+00 1.070012903866289e+00
8.812500000000001e-01 8.835124978221932e+00 1.070447411820915e+00
8.843750000000000e-01 8.974299059571019e+00 1.070870758891874e+00
8.875000000000001e-01 9.115664176477637e+00 1.071285279941790e+00
8.906250000000000e-01 9.259254842611947e+00 1.071692235572540e+00
8.937500000000000e-01 9.405106115002161e+00 1.072092283330323e+00
8.968750000000001e-01 9.553253602593529e+00 1.072485772455826e+00
9.000000000000000e-01 9.703733474942130e+00 1.072872907204163e+00
9.031250000000001e-01 9.856582471045494e+00 1.073253828598639e+00
9.062500000000000e-01 1.001183790831228e+01 1.073628651488807e+00
9.093750000000000e-01 1.016953769167313e+01 1.073997480016824e+00
9.125000000000001e-01 1.032972032283505e+01 1.074360413595419e+00
9.156250000000000e-01 1.049242490968134e+01 1.074717548987553e+00
9.187500000000001e-01 1.065769117581972e+01 1.075068980972989e+00
9.218750000000000e-01 1.082555947028058e+01 1.075414802750360e+00
9.250000000000000e-01 1.099607077736805e+01 1.075755105779126e+00
9.281250000000001e-01 1.116926672666618e+01 1.076089980070868e+00
9.312500000000000e-01 1.134518960320255e+01 1.076419514030602e+00
9.343750000000001e-01 1.152388235777201e+01 1.076743794576126e+00
9.375000000000000e-01 1.170538861742293e+01 1.077062907201856e+00
9.406250000000000e-01 1.188975269610854e+01 1.077376935927970e+00
9.437500000000001e-01 1.207701960550600e+01 1.077685963302730e+00
9.468750000000000e-01 1.226723506600578e+01 1.077990070517220e+00
9.500000000000001e-01 1.246044551787411e+01 1.078289337464517e+00
9.531250000000000e-01 1.265669813259115e+01 1.078583842569491e+00
9.562500000000000e-01 1.285604082436773e+01 1.078873663011929e+00
9.593750000000001e-01 1.305852226184337e+01 1.079158874668597e+00
9.625000000000000e-01 1.326419187996850e+01 1.079439552108653e+00
9.656250000000001e-01 1.347309989207381e+01 1.079715768701687e+00
9.687500000000000e-01 1.368529730212962e+01 1.079987596555409e+00
9.718750000000000e-01 1.390083591719824e+01 1.080255106564133e+00
9.750000000000001e-01 1.411976836008246e+01 1.080518368514513e+00
9.781250000000000e-01 1.434214808217320e+01 1.080777450905997e+00
9.812500000000001e-01 1.456802937649935e+01 1.081032421222905e+00
9.843750000000000e-01 1.479746739098328e+01 1.081283345697078e+00
9.875000000000000e-01 1.503051814190487e+01 1.081530289577917e+00
9.906250000000001e-01 1.526723852757770e+01 1.081773316950227e+00
9.937500000000000e-01 1.550768634224049e+01 1.082012490889182e+00
9.968750000000001e-01 1.575192029016732e+01 1.082247873389033e+00
1.000000000000000e+00 1.600000000000000e+01 1.082479525402910e+00
