0.000000000000000e+00 0.000000000000000e+00 1.000000000000000e+00
3.125000000000000e-03 3.369263549427258e-03 1.000000000289341e+00
6.250000000000000e-03 6.739349689698711e-03 1.000000000524097e+00
9.375000000000001e-03 1.011108121249049e-02 1.000000000607680e+00
1.250000000000000e-02 1.348528131119160e-02 1.000000000722004e+00
1.562500000000000e-02 1.686277378188298e-02 1.000000000910068e+00
1.875000000000000e-02 2.024438322446370e-02 1.000000001116185e+00
2.187500000000000e-02 2.363093524397333e-02 1.000000001298115e+00
2.500000000000000e-02 2.702325665215984e-02 1.000000001553662e+00
2.812500000000000e-02 3.042217566934200e-02 1.000000001860023e+00
3.125000000000000e-02 3.382852212661575e-02 1.000000002184845e+00
3.437500000000000e-02 3.724312766845378e-02 1.000000002524730e+00
3.750000000000001e-02 4.066682595574785e-02 1.000000002877179e+00
4.062500000000000e-02 4.410045286934348e-02 1.000000003240303e+00
4.375000000000000e-02 4.754484671411652e-02 1.000000003646881e+00
4.687500000000000e-02 5.100084842364160e-02 1.000000004133986e+00
5.000000000000000e-02 5.446930176550237e-02 1.000000004640123e+00
5.312500000000001e-02 5.795105354729364e-02 1.000000005163176e+00
5.625000000000000e-02 6.144695382336569e-02 1.000000005701406e+00
5.937500000000000e-02 6.495785610236132e-02 1.000000006286978e+00
6.250000000000000e-02 6.848461755559625e-02 1.000000006921876e+00
6.562500000000000e-02 7.202809922633362e-02 1.000000007607836e+00
6.875000000000001e-02 7.558916624000402e-02 1.000000008313021e+00
7.187500000000001e-02 7.916868801542200e-02 1.000000009035986e+00
7.500000000000001e-02 8.276753847705080e-02 1.000000009808742e+00
7.812500000000000e-02 8.638659626836727e-02 1.000000010632828e+00
8.125000000000000e-02 9.002674496637868e-02 1.000000011476492e+00
8.437500000000001e-02 9.368887329734420e-02 1.000000012404787e+00
8.750000000000001e-02 9.737387535375355e-02 1.000000013355303e+00
9.062500000000001e-02 1.010826508126157e-01 1.000000014326838e+00
9.375000000000000e-02 1.048161051551108e-01 1.000000015351323e+00
9.687500000000000e-02 1.085751498876601e-01 1.000000016429988e+00
1.000000000000000e-01 1.123607027644654e-01 1.000000017563989e+00
1.031250000000000e-01 1.161736880115753e-01 1.000000018754422e+00
1.062500000000000e-01 1.200150365525305e-01 1.000000020002326e+00
1.093750000000000e-01 1.238856862356450e-01 1.000000021275845e+00
1.125000000000000e-01 1.277865820629775e-01 1.000000022606832e+00
1.156250000000000e-01 1.317186764210495e-01 1.000000023996293e+00
1.187500000000000e-01 1.356829293133661e-01 1.000000025445199e+00
1.218750000000000e-01 1.396803085947971e-01 1.000000026954488e+00
1.250000000000000e-01 1.437117902078738e-01 1.000000028525073e+00
1.281250000000000e-01 1.477783584210617e-01 1.000000030125111e+00
1.312500000000000e-01 1.518810060690650e-01 1.000000031786473e+00
1.343750000000000e-01 1.560207347952229e-01 1.000000033510070e+00
1.375000000000000e-01 1.601985552960564e-01 1.000000035296796e+00
1.406250000000000e-01 1.644154875680252e-01 1.000000037147527e+00
1.437500000000000e-01 1.686725611565558e-01 1.000000039063126e+00
1.468750000000000e-01 1.729708154074000e-01 1.000000041109724e+00
1.500000000000000e-01 1.773112997203869e-01 1.000000043193384e+00
1.531250000000000e-01 1.816950738056289e-01 1.000000045345932e+00
1.562500000000000e-01 1.861232079422458e-01 1.000000047568151e+00
1.593750000000000e-01 1.905967832396682e-01 1.000000049893419e+00
1.625000000000000e-01 1.951168919015860e-01 1.000000052323985e+00
1.656250000000000e-01 1.996846374926046e-01 1.000000054829471e+00
1.687500000000000e-01 2.043011352076760e-01 1.000000057410582e+00
1.718750000000000e-01 2.089675121443681e-01 1.000000060068032e+00
1.750000000000000e-01 2.136849075780412e-01 1.000000062802538e+00
1.781250000000000e-01 2.184544732399964e-01 1.000000065647367e+00
1.812500000000000e-01 2.232773735986666e-01 1.000000068604623e+00
1.843750000000000e-01 2.281547861439151e-01 1.000000071676374e+00
1.875000000000000e-01 2.330879016745160e-01 1.000000074864657e+00
1.906250000000000e-01 2.380779245888810e-01 1.000000078171477e+00
1.937500000000000e-01 2.431260731791094e-01 1.000000081566306e+00
1.968750000000000e-01 2.482335799284277e-01 1.000000085114792e+00
2.000000000000000e-01 2.534016918120952e-01 1.000000088755203e+00
2.031250000000000e-01 2.586316706018478e-01 1.000000092553144e+00
2.062500000000000e-01 2.639247931739538e-01 1.000000096446848e+00
2.093750000000000e-01 2.692823518209576e-01 1.000000100469409e+00
2.125000000000000e-01 2.747056545671873e-01 1.000000104655192e+00
2.156250000000000e-01 2.801960254881028e-01 1.000000108974859e+00
2.187500000000000e-01 2.857548050335636e-01 1.000000113462725e+00
2.218750000000000e-01 2.913833503550930e-01 1.000000118154327e+00
2.250000000000000e-01 2.970830356372213e-01 1.000000122989019e+00
2.281250000000000e-01 3.028552524329863e-01 1.000000127968584e+00
2.312500000000000e-01 3.087014100036755e-01 1.000000133127249e+00
2.343750000000000e-01 3.146229356628902e-01 1.000000138467994e+00
2.375000000000000e-01 3.206212751250189e-01 1.000000143993778e+00
2.406250000000000e-01 3.266978928582008e-01 1.000000149707539e+00
2.437500000000000e-01 3.328542724418705e-01 1.000000155644631e+00
2.468750000000000e-01 3.390919169289667e-01 1.000000161809135e+00
2.500000000000000e-01 3.454123492128958e-01 1.000000168205098e+00
2.531250000000000e-01 3.518171123993401e-01 1.000000174836541e+00
2.562500000000000e-01 3.583077701830001e-01 1.000000181675032e+00
2.593750000000000e-01 3.648859072293631e-01 1.000000188788224e+00
2.625000000000000e-01 3.715531295615936e-01 1.000000196148804e+00
2.656250000000000e-01 3.783110649526354e-01 1.000000203793111e+00
2.687500000000000e-01 3.851613633226258e-01 1.000000211693781e+00
2.718750000000000e-01 3.921056971417164e-01 1.000000219919511e+00
2.750000000000000e-01 3.991457618383991e-01 1.000000228411616e+00
2.781250000000000e-01 4.062832762134377e-01 1.000000237206338e+00
2.812500000000000e-01 4.135199828595055e-01 1.000000246341028e+00
2.843750000000000e-01 4.208576485866312e-01 1.000000255854129e+00
2.875000000000000e-01 4.282980648535585e-01 1.000000265720369e+00
2.906250000000000e-01 4.358430482051222e-01 1.000000275913331e+00
2.937500000000000e-01 4.434944407157500e-01 1.000000286502649e+00
2.968750000000000e-01 4.512541104391968e-01 1.000000297495362e+00
3.000000000000000e-01 4.591239518646220e-01 1.000000308930867e+00
3.031250000000000e-01 4.671058863791195e-01 1.000000320784848e+00
3.062500000000000e-01 4.752018627368176e-01 1.000000333096637e+00
3.093750000000000e-01 4.834138575346580e-01 1.000000345906631e+00
3.125000000000000e-01 4.917438756949728e-01 1.000000359191510e+00
3.156250000000000e-01 5.001939509549778e-01 1.000000373023987e+00
3.187500000000000e-01 5.087661463633005e-01 1.000000387381762e+00
3.218750000000000e-01 5.174625547836644e-01 1.000000402306180e+00
3.250000000000000e-01 5.262852994058529e-01 1.000000417839632e+00
3.281250000000000e-01 5.352365342640750e-01 1.000000433993169e+00
3.312500000000000e-01 5.443184447628656e-01 1.000000450810180e+00
3.343750000000000e-01 5.535332482106405e-01 1.000000468302711e+00
3.375000000000000e-01 5.628831943610435e-01 1.000000486515145e+00
3.406250000000000e-01 5.723705659622137e-01 1.000000505460518e+00
3.437500000000000e-01 5.819976793141081e-01 1.000000525216568e+00
3.468750000000000e-01 5.917668848340161e-01 1.000000545830744e+00
3.500000000000000e-01 6.016805676304035e-01 1.000000567286768e+00
3.531250000000000e-01 6.117411480852264e-01 1.000000589664366e+00
3.562500000000000e-01 6.219510824448572e-01 1.000000612980594e+00
3.593750000000000e-01 6.323128634197650e-01 1.000000637284832e+00
3.625000000000000e-01 6.428290207931012e-01 1.000000662659829e+00
3.656250000000000e-01 6.535021220383342e-01 1.000000689190387e+00
3.687500000000000e-01 6.643347729460869e-01 1.000000716866253e+00
3.718750000000000e-01 6.753296182603294e-01 1.000000745805531e+00
3.750000000000000e-01 6.864893423240808e-01 1.000000776032316e+00
3.781250000000000e-01 6.978166697347804e-01 1.000000807635370e+00
3.812500000000000e-01 7.093143660094854e-01 1.000000840737841e+00
3.843750000000000e-01 7.209852382600603e-01 1.000000875336496e+00
3.875000000000000e-01 7.328321358785219e-01 1.000000911588795e+00
3.906250000000000e-01 7.448579512327029e-01 1.000000949494495e+00
3.937500000000000e-01 7.570656203724140e-01 1.000000989246396e+00
3.968750000000000e-01 7.694581237462648e-01 1.000001031010046e+00
4.000000000000000e-01 7.820384869293291e-01 1.000001074760912e+00
4.031250000000000e-01 7.948097813618253e-01 1.000001120634100e+00
4.062500000000000e-01 8.077751250989945e-01 1.000001168832445e+00
4.093750000000000e-01 8.209376835723596e-01 1.000001219531499e+00
4.125000000000000e-01 8.343006703625532e-01 1.000001272781423e+00
4.156250000000000e-01 8.478673479838968e-01 1.000001328761707e+00
4.187500000000000e-01 8.616410286809313e-01 1.000001387720563e+00
4.218750000000000e-01 8.756250752370857e-01 1.000001449782855e+00
4.250000000000000e-01 8.898229017956865e-01 1.000001515204802e+00
4.281250000000000e-01 9.042379746935050e-01 1.000001584183960e+00
4.312500000000000e-01 9.188738133070491e-01 1.000001656954223e+00
4.343750000000000e-01 9.337339909118028e-01 1.000001733819177e+00
4.375000000000000e-01 9.488221355546261e-01 1.000001815024742e+00
4.406250000000000e-01 9.641419309395265e-01 1.000001900951212e+00
4.437500000000000e-01 9.796971173270190e-01 1.000001991858529e+00
4.468750000000000e-01 9.954914924472941e-01 1.000002088140984e+00
4.500000000000000e-01 1.011528912427417e+00 1.000002190234238e+00
4.531250000000000e-01 1.027813292732786e+00 1.000002298486927e+00
4.562500000000000e-01 1.044348609123070e+00 1.000002413481079e+00
4.593750000000000e-01 1.061138898622882e+00 1.000002535683383e+00
4.625000000000000e-01 1.078188260507393e+00 1.000002665635201e+00
4.656250000000000e-01 1.095500857303154e+00 1.000002804083961e+00
4.687500000000000e-01 1.113080915804360e+00 1.000002951536369e+00
4.718750000000000e-01 1.130932728104805e+00 1.000003108897213e+00
4.750000000000000e-01 1.149060652645771e+00 1.000003276931609e+00
4.781250000000000e-01 1.167469115280130e+00 1.000003456518679e+00
4.812500000000000e-01 1.186162610352890e+00 1.000003648751604e+00
4.843750000000000e-01 1.205145701798475e+00 1.000003854620205e+00
4.875000000000000e-01 1.224423024254985e+00 1.000004075395014e+00
4.906250000000000e-01 1.243999284195726e+00 1.000004312473601e+00
4.937500000000000e-01 1.263879261078271e+00 1.000004567189500e+00
4.968750000000000e-01 1.284067808511348e+00 1.000004841326654e+00
5.000000000000000e-01 1.304569855439823e+00 1.000005136647330e+00
5.031250000000000e-01 1.325390407348082e+00 1.000005454987090e+00
5.062500000000000e-01 1.346534547482100e+00 1.000005798773254e+00
5.093750000000000e-01 1.368007438090487e+00 1.000006170265740e+00
5.125000000000001e-01 1.389814321684837e+00 1.000006572132136e+00
5.156250000000000e-01 1.411960522319654e+00 1.000007007458721e+00
5.187500000000000e-01 1.434451446892208e+00 1.000007479179310e+00
5.218750000000000e-01 1.457292586462593e+00 1.000007990941398e+00
5.250000000000000e-01 1.480489517594354e+00 1.000008546608735e+00
5.281250000000001e-01 1.504047903715979e+00 1.000009149974193e+00
5.312500000000000e-01 1.527973496503592e+00 1.000009805692607e+00
5.343750000000000e-01 1.552272137285215e+00 1.000010518334552e+00
5.375000000000000e-01 1.576949758466886e+00 1.000011292315565e+00
5.406250000000000e-01 1.602012384981041e+00 1.000012132890647e+00
5.437500000000001e-01 1.627466135757470e+00 1.000013044624894e+00
5.468750000000000e-01 1.653317225217225e+00 1.000014031433036e+00
5.500000000000000e-01 1.679571964789851e+00 1.000015097300192e+00
5.531250000000000e-01 1.706236764454286e+00 1.000016244438403e+00
5.562500000000000e-01 1.733318134303830e+00 1.000017472809042e+00
5.593750000000001e-01 1.760822686135563e+00 1.000018780182076e+00
5.625000000000000e-01 1.788757135064574e+00 1.000020159773800e+00
5.656250000000000e-01 1.817128301163438e+00 1.000021599171845e+00
5.687500000000000e-01 1.845943111127301e+00 1.000023079328277e+00
5.718750000000000e-01 1.875208599965003e+00 1.000024571230599e+00
5.750000000000001e-01 1.904931912716643e+00 1.000026035095396e+00
5.781250000000000e-01 1.935120306198011e+00 1.000027420969222e+00
5.812500000000000e-01 1.965781150772311e+00 1.000028668193488e+00
5.843750000000000e-01 1.996921932149593e+00 1.000029712235272e+00
5.875000000000000e-01 2.028550253214365e+00 1.000030502896037e+00
5.906250000000001e-01 2.060673835881802e+00 1.000031037509451e+00
5.937500000000000e-01 2.093300522983012e+00 1.000031425743922e+00
5.968750000000000e-01 2.126438280179837e+00 1.000032010563289e+00
6.000000000000001e-01 2.160095197909630e+00 1.000033580848548e+00
6.031250000000000e-01 2.194279493360494e+00 1.000037734160617e+00
6.062500000000001e-01 2.228999512477486e+00 1.000047467786678e+00
6.093750000000000e-01 2.264263732000228e+00 1.000068121810938e+00
6.125000000000000e-01 2.300080761532477e+00 1.000108868185399e+00
6.156250000000001e-01 2.336459345644116e+00 1.000184941260747e+00
6.187500000000000e-01 2.373408366006099e+00 1.000320646446037e+00
6.218750000000001e-01 2.410936843558884e+00 1.000552724698835e+00
6.250000000000000e-01 2.449053940714840e+00 1.000932744779455e+00
6.281250000000000e-01 2.487768963595221e+00 1.001526206052734e+00
6.312500000000001e-01 2.527091364302215e+00 1.002405970531825e+00
6.343750000000000e-01 2.567030743226622e+00 1.003639251951786e+00
6.375000000000001e-01 2.607596851391758e+00 1.005270357115861e+00
6.406250000000000e-01 2.648799592834118e+00 1.007304354068403e+00
6.437500000000000e-01 2.690649027021411e+00 1.009697870760709e+00
6.468750000000001e-01 2.733155371308524e+00 1.012361032301233e+00
6.500000000000000e-01 2.776329003432049e+00 1.015170236596350e+00
6.531250000000001e-01 2.820180464043967e+00 1.017987733360733e+00
6.562500000000000e-01 2.864720459285089e+00 1.020682442574586e+00
6.593750000000000e-01 2.909959863398929e+00 1.023147028361561e+00
6.625000000000001e-01 2.955909721386590e+00 1.025308224763011e+00
6.656250000000000e-01 3.002581251703353e+00 1.027129902067941e+00
6.687500000000001e-01 3.049985848997626e+00 1.028610258704237e+00
6.718750000000000e-01 3.098135086892879e+00 1.029775268811542e+00
6.750000000000000e-01 3.147040720813310e+00 1.030670435070927e+00
6.781250000000001e-01 3.196714690853871e+00 1.031352505671859e+00
6.812500000000000e-01 3.247169124695383e+00 1.031882303921302e+00
6.843750000000001e-01 3.298416340565477e+00 1.032319230062787e+00
6.875000000000000e-01 3.350468850246008e+00 1.032717505630879e+00
6.906250000000000e-01 3.403339362127777e+00 1.033123963904432e+00
6.937500000000001e-01 3.457040784313211e+00 1.033577096670889e+00
6.968750000000000e-01 3.511586227767823e+00 1.034107032119596e+00
7.000000000000001e-01 3.566989009521205e+00 1.034736113397181e+00
7.031250000000000e-01 3.623262655918307e+00 1.035479794764715e+00
7.062500000000000e-01 3.680420905921852e+00 1.036347656153007e+00
7.093750000000001e-01 3.738477714466631e+00 1.037344419216630e+00
7.125000000000000e-01 3.797447255866536e+00 1.038470893820771e+00
7.156250000000001e-01 3.857343927275175e+00 1.039724804331151e+00
7.187500000000000e-01 3.918182352200844e+00 1.041101464116877e+00
7.218750000000000e-01 3.979977384076828e+00 1.042594291813675e+00
7.250000000000001e-01 4.042744109887770e+00 1.044195184426019e+00
7.281250000000000e-01 4.106497853853101e+00 1.045894772099909e+00
7.312500000000001e-01 4.171254181168399e+00 1.047682579319593e+00
7.343750000000000e-01 4.237028901805528e+00 1.049547109049969e+00
7.375000000000000e-01 4.303838074372613e+00 1.051475863236675e+00
7.406250000000001e-01 4.371698010034643e+00 1.053455311145824e+00
7.437500000000000e-01 4.440625276495786e+00 1.055470818653357e+00
7.468750000000001e-01 4.510636702044332e+00 1.057506556138503e+00
7.500000000000000e-01 4.581749379661216e+00 1.059545408969549e+00
7.531250000000000e-01 4.653980671193226e+00 1.061568923035747e+00
7.562500000000001e-01 4.727348211591802e+00 1.063557325579362e+00
7.593750000000000e-01 4.801869913218528e+00 1.065489669595897e+00
7.625000000000001e-01 4.877563970218381e+00 1.067344163715044e+00
7.656250000000000e-01 4.954448862961714e+00 1.069098773264183e+00
7.687500000000000e-01 5.032543362556198e+00 1.070732206970470e+00
7.718750000000001e-01 5.111866535429675e+00 1.072225405895939e+00
7.750000000000000e-01 5.192437747985146e+00 1.073563585110918e+00
7.781250000000001e-01 5.274276671329015e+00 1.074738710977994e+00
7.812500000000000e-01 5.357403286073669e+00 1.075752042776472e+00
7.843750000000000e-01 5.441837887215693e+00 1.076616115852110e+00
7.875000000000001e-01 5.527601089090773e+00 1.077355425750566e+00
7.906250000000000e-01 5.614713830406605e+00 1.078005207644893e+00
7.937500000000001e-01 5.703197379355005e+00 1.078608113109683e+00
7.968750000000000e-01 5.793073338804412e+00 1.079209151399401e+00
8.000000000000000e-01 5.884363651574169e+00 1.079849778620467e+00
8.031250000000001e-01 5.977090605791737e+00 1.080562291238151e+00
8.062500000000000e-01 6.071276840334257e+00 1.081365625769590e+00
8.093750000000001e-01 6.166945350355728e+00 1.082263337131359e+00
8.125000000000000e-01 6.264119492901173e+00 1.083244058910537e+00
8.156250000000000e-01 6.362822992609162e+00 1.084284270882877e+00
8.187500000000001e-01 6.463079947504072e+00 1.085352793626484e+00
8.218750000000000e-01 6.564914834879517e+00 1.086416140735073e+00
8.250000000000001e-01 6.668352517274371e+00 1.087443719469346e+00
8.281250000000000e-01 6.773418248542846e+00 1.088411927227816e+00
8.312500000000000e-01 6.880137680020114e+00 1.089306464495047e+00
8.343750000000001e-01 6.988536866784961e+00 1.090122632906732e+00
8.375000000000000e-01 7.098642274021019e+00 1.090863883391199e+00
8.406250000000001e-01 7.210480783478133e+00 1.091539263678269e+00
8.437500000000000e-01 7.324079700035414e+00 1.092160561580388e+00
8.468750000000000e-01 7.439466758367605e+00 1.092739830758090e+00
8.500000000000001e-01 7.556670129716381e+00 1.093287702496405e+00
8.531250000000000e-01 7.675718428768239e+00 1.093812565511144e+00
8.562500000000001e-01 7.796640720640633e+00 1.094320453548569e+00
8.593750000000000e-01 7.919466527978115e+00 1.094815371241609e+00
8.625000000000000e-01 8.044225838160141e+00 1.095299797402972e+00
8.656250000000001e-01 8.170949110622363e+00 1.095775182015035e+00
8.687500000000000e-01 8.299667284293170e+00 1.096242343852104e+00
8.718750000000001e-01 8.430411785147284e+00 1.096701745887966e+00
8.750000000000000e-01 8.563214533878281e+00 1.097153665503323e+00
8.781250000000000e-01 8.698107953691880e+00 1.097598289882675e+00
8.812500000000001e-01 8.835124978221932e+00 1.098035764769287e+00
8.843750000000000e-01 8.974299059571019e+00 1.098466217550664e+00
8.875000000000001e-01 9.115664176477637e+00 1.098889767182217e+00
8.906250000000000e-01 9.259254842611947e+00 1.099306528353468e+00
8.937500000000000e-01 9.405106115002161e+00 1.099716613027158e+00
8.968750000000001e-01 9.553253602593529e+00 1.100120130998481e+00
9.000000000000000e-01 9.703733474942130e+00 1.100517190043787e+00
9.031250000000001e-01 9.856582471045494e+00 1.100907896142648e+00
9.062500000000000e-01 1.001183790831228e+01 1.101292353383729e+00
9.093750000000000e-01 1.016953769167313e+01 1.101670664078122e+00
9.125000000000001e-01 1.032972032283505e+01 1.102042928802262e+00
9.156250000000000e-01 1.049242490968134e+01 1.102409246403640e+00
9.187500000000001e-01 1.065769117581972e+01 1.102769714039476e+00
9.218750000000000e-01 1.082555947028058e+01 1.103124427178197e+00
9.250000000000000e-01 1.099607077736805e+01 1.103473479741042e+00
9.281250000000001e-01 1.116926672666618e+01 1.103816963960090e+00
9.312500000000000e-01 1.134518960320255e+01 1.104154970550318e+00
9.343750000000001e-01 1.152388235777201e+01 1.104487588670628e+00
9.375000000000000e-01 1.170538861742293e+01 1.104814905988242e+00
9.406250000000000e-01 1.188975269610854e+01 1.105137008671371e+00
9.437500000000001e-01 1.207701960550600e+01 1.105453981450791e+00
9.468750000000000e-01 1.226723506600578e+01 1.105765907573863e+00
9.500000000000001e-01 1.246044551787411e+01 1.106072868969493e+00
9.531250000000000e-01 1.265669813259115e+01 1.106374946094310e+00
9.562500000000000e-01 1.285604082436773e+01 1.106672218129532e+00
9.593750000000001e-01 1.305852226184337e+01 1.106964762860101e+00
9.625000000000000e-01 1.326419187996850e+01 1.107252656834266e+00
9.656250000000001e-01 1.347309989207381e+01 1.107535975275737e+00
9.687500000000000e-01 1.368529730212962e+01 1.107814792134285e+00
9.718750000000000e-01 1.390083591719824e+01 1.108089180136176e+00
9.750000000000001e-01 1.411976836008246e+01 1.108359210834463e+00
9.781250000000000e-01 1.434214808217320e+01 1.108624954551525e+00
9.812500000000001e-01 1.456802937649935e+01 1.108886480425532e+00
9.843750000000000e-01 1.479746739098328e+01 1.109143856492655e+00
9.875000000000000e-01 1.503051814190487e+01 1.109397149590881e+00
9.906250000000001e-01 1.526723852757770e+01 1.109646425510247e+00
9.937500000000000e-01 1.550768634224049e+01 1.109891748895175e+00
9.968750000000001e-01 1.575192029016732e+01 1.110133183357424e+00
1.000000000000000e+00 1.600000000000000e+01 1.110370791447623e+00
