0.000000000000000e+00 0.000000000000000e+00 1.000000000000000e+00
3.125000000000000e-03 3.369263549427258e-03 1.000000000825260e+00
6.250000000000000e-03 6.739349689698711e-03 1.000000002572329e+00
9.375000000000001e-03 1.011108121249049e-02 1.000000002900773e+00
1.250000000000000e-02 1.348528131119160e-02 1.000000003073745e+00
1.562500000000000e-02 1.686277378188298e-02 1.000000003176349e+00
1.875000000000000e-02 2.024438322446370e-02 1.000000003243991e+00
2.187500000000000e-02 2.363093524397333e-02 1.000000003309594e+00
2.500000000000000e-02 2.702325665215984e-02 1.000000003352104e+00
2.812500000000000e-02 3.042217566934200e-02 1.000000003376946e+00
3.125000000000000e-02 3.382852212661575e-02 1.000000003387827e+00
3.437500000000000e-02 3.724312766845378e-02 1.000000003387392e+00
3.750000000000001e-02 4.066682595574785e-02 1.000000003416760e+00
4.062500000000000e-02 4.410045286934348e-02 1.000000003443831e+00
4.375000000000000e-02 4.754484671411652e-02 1.000000003468949e+00
4.687500000000000e-02 5.100084842364160e-02 1.000000003492387e+00
5.000000000000000e-02 5.446930176550237e-02 1.000000003514364e+00
5.312500000000001e-02 5.795105354729364e-02 1.000000003535062e+00
5.625000000000000e-02 6.144695382336569e-02 1.000000003554630e+00
5.937500000000000e-02 6.495785610236132e-02 1.000000003573193e+00
6.250000000000000e-02 6.848461755559625e-02 1.000000003590855e+00
6.562500000000000e-02 7.202809922633362e-02 1.000000003607709e+00
6.875000000000001e-02 7.558916624000402e-02 1.000000003623831e+00
7.187500000000001e-02 7.916868801542200e-02 1.000000003639289e+00
7.500000000000001e-02 8.276753847705080e-02 1.000000003654142e+00
7.812500000000000e-02 8.638659626836727e-02 1.000000003668440e+00
8.125000000000000e-02 9.002674496637868e-02 1.000000003682230e+00
8.437500000000001e-02 9.368887329734420e-02 1.000000003695552e+00
8.750000000000001e-02 9.737387535375355e-02 1.000000003708442e+00
9.062500000000001e-02 1.010826508126157e-01 1.000000003720931e+00
9.375000000000000e-02 1.048161051551108e-01 1.000000003733049e+00
9.687500000000000e-02 1.085751498876601e-01 1.000000003744822e+00
1.000000000000000e-01 1.123607027644654e-01 1.000000003756273e+00
1.031250000000000e-01 1.161736880115753e-01 1.000000003767423e+00
1.062500000000000e-01 1.200150365525305e-01 1.000000003778293e+00
1.093750000000000e-01 1.238856862356450e-01 1.000000003788899e+00
1.125000000000000e-01 1.277865820629775e-01 1.000000003799258e+00
1.156250000000000e-01 1.317186764210495e-01 1.000000003809384e+00
1.187500000000000e-01 1.356829293133661e-01 1.000000003819292e+00
1.218750000000000e-01 1.396803085947971e-01 1.000000003828993e+00
1.250000000000000e-01 1.437117902078738e-01 1.000000003838501e+00
1.281250000000000e-01 1.477783584210617e-01 1.000000003847824e+00
1.312500000000000e-01 1.518810060690650e-01 1.000000003856974e+00
1.343750000000000e-01 1.560207347952229e-01 1.000000003865960e+00
1.375000000000000e-01 1.601985552960564e-01 1.000000003874789e+00
1.406250000000000e-01 1.644154875680252e-01 1.000000003883471e+00
1.437500000000000e-01 1.686725611565558e-01 1.000000003892012e+00
1.468750000000000e-01 1.729708154074000e-01 1.000000003900421e+00
1.500000000000000e-01 1.773112997203869e-01 1.000000003908702e+00
1.531250000000000e-01 1.816950738056289e-01 1.000000003916863e+00
1.562500000000000e-01 1.861232079422458e-01 1.000000003924908e+00
1.593750000000000e-01 1.905967832396682e-01 1.000000003932845e+00
1.625000000000000e-01 1.951168919015860e-01 1.000000003940677e+00
1.656250000000000e-01 1.996846374926046e-01 1.000000003948409e+00
1.687500000000000e-01 2.043011352076760e-01 1.000000003956046e+00
1.718750000000000e-01 2.089675121443681e-01 1.000000003963592e+00
1.750000000000000e-01 2.136849075780412e-01 1.000000003971051e+00
1.781250000000000e-01 2.184544732399964e-01 1.000000003978428e+00
1.812500000000000e-01 2.232773735986666e-01 1.000000003985724e+00
1.843750000000000e-01 2.281547861439151e-01 1.000000003992945e+00
1.875000000000000e-01 2.330879016745160e-01 1.000000004000093e+00
1.906250000000000e-01 2.380779245888810e-01 1.000000004007171e+00
1.937500000000000e-01 2.431260731791094e-01 1.000000004014182e+00
1.968750000000000e-01 2.482335799284277e-01 1.000000004021129e+00
2.000000000000000e-01 2.534016918120952e-01 1.000000004028014e+00
2.031250000000000e-01 2.586316706018478e-01 1.000000004034840e+00
2.062500000000000e-01 2.639247931739538e-01 1.000000004041610e+00
2.093750000000000e-01 2.692823518209576e-01 1.000000004048325e+00
2.125000000000000e-01 2.747056545671873e-01 1.000000004054987e+00
2.156250000000000e-01 2.801960254881028e-01 1.000000004061600e+00
2.187500000000000e-01 2.857548050335636e-01 1.000000004068164e+00
2.218750000000000e-01 2.913833503550930e-01 1.000000004074682e+00
2.250000000000000e-01 2.970830356372213e-01 1.000000004081155e+00
2.281250000000000e-01 3.028552524329863e-01 1.000000004087585e+00
2.312500000000000e-01 3.087014100036755e-01 1.000000004093973e+00
2.343750000000000e-01 3.146229356628902e-01 1.000000004100322e+00
2.375000000000000e-01 3.206212751250189e-01 1.000000004106633e+00
2.406250000000000e-01 3.266978928582008e-01 1.000000004112906e+00
2.437500000000000e-01 3.328542724418705e-01 1.000000004119145e+00
2.468750000000000e-01 3.390919169289667e-01 1.000000004125349e+00
2.500000000000000e-01 3.454123492128958e-01 1.000000004131520e+00
2.531250000000000e-01 3.518171123993401e-01 1.000000004137659e+00
2.562500000000000e-01 3.583077701830001e-01 1.000000004143767e+00
2.593750000000000e-01 3.648859072293631e-01 1.000000004149846e+00
2.625000000000000e-01 3.715531295615936e-01 1.000000004155897e+00
2.656250000000000e-01 3.783110649526354e-01 1.000000004161919e+00
2.687500000000000e-01 3.851613633226258e-01 1.000000004167916e+00
2.718750000000000e-01 3.921056971417164e-01 1.000000004173887e+00
2.750000000000000e-01 3.991457618383991e-01 1.000000004179833e+00
2.781250000000000e-01 4.062832762134377e-01 1.000000004185756e+00
2.812500000000000e-01 4.135199828595055e-01 1.000000004191655e+00
2.843750000000000e-01 4.208576485866312e-01 1.000000004197532e+00
2.875000000000000e-01 4.282980648535585e-01 1.000000004203388e+00
2.906250000000000e-01 4.358430482051222e-01 1.000000004209223e+00
2.937500000000000e-01 4.434944407157500e-01 1.000000004215039e+00
2.968750000000000e-01 4.512541104391968e-01 1.000000004220835e+00
3.000000000000000e-01 4.591239518646220e-01 1.000000004226612e+00
3.031250000000000e-01 4.671058863791195e-01 1.000000004232371e+00
3.062500000000000e-01 4.752018627368176e-01 1.000000004238113e+00
3.093750000000000e-01 4.834138575346580e-01 1.000000004243838e+00
3.125000000000000e-01 4.917438756949728e-01 1.000000004249547e+00
3.156250000000000e-01 5.001939509549778e-01 1.000000004255240e+00
3.187500000000000e-01 5.087661463633005e-01 1.000000004260919e+00
3.218750000000000e-01 5.174625547836644e-01 1.000000004266582e+00
3.250000000000000e-01 5.262852994058529e-01 1.000000004272231e+00
3.281250000000000e-01 5.352365342640750e-01 1.000000004277867e+00
3.312500000000000e-01 5.443184447628656e-01 1.000000004283489e+00
3.343750000000000e-01 5.535332482106405e-01 1.000000004289098e+00
3.375000000000000e-01 5.628831943610435e-01 1.000000004294695e+00
3.406250000000000e-01 5.723705659622137e-01 1.000000004300281e+00
3.437500000000000e-01 5.819976793141081e-01 1.000000004305854e+00
3.468750000000000e-01 5.917668848340161e-01 1.000000004311416e+00
3.500000000000000e-01 6.016805676304035e-01 1.000000004316968e+00
3.531250000000000e-01 6.117411480852264e-01 1.000000004322509e+00
3.562500000000000e-01 6.219510824448572e-01 1.000000004328040e+00
3.593750000000000e-01 6.323128634197650e-01 1.000000004333561e+00
3.625000000000000e-01 6.428290207931012e-01 1.000000004339072e+00
3.656250000000000e-01 6.535021220383342e-01 1.000000004344575e+00
3.687500000000000e-01 6.643347729460869e-01 1.000000004350069e+00
3.718750000000000e-01 6.753296182603294e-01 1.000000004355553e+00
3.750000000000000e-01 6.864893423240808e-01 1.000000004361030e+00
3.781250000000000e-01 6.978166697347804e-01 1.000000004366498e+00
3.812500000000000e-01 7.093143660094854e-01 1.000000004371959e+00
3.843750000000000e-01 7.209852382600603e-01 1.000000004377413e+00
3.875000000000000e-01 7.328321358785219e-01 1.000000004382859e+00
3.906250000000000e-01 7.448579512327029e-01 1.000000004388298e+00
3.937500000000000e-01 7.570656203724140e-01 1.000000004393730e+00
3.968750000000000e-01 7.694581237462648e-01 1.000000004399155e+00
4.000000000000000e-01 7.820384869293291e-01 1.000000004404574e+00
4.031250000000000e-01 7.948097813618253e-01 1.000000004409987e+00
4.062500000000000e-01 8.077751250989945e-01 1.000000004415394e+00
4.093750000000000e-01 8.209376835723596e-01 1.000000004420795e+00
4.125000000000000e-01 8.343006703625532e-01 1.000000004426190e+00
4.156250000000000e-01 8.478673479838968e-01 1.000000004431580e+00
4.187500000000000e-01 8.616410286809313e-01 1.000000004436965e+00
4.218750000000000e-01 8.756250752370857e-01 1.000000004442344e+00
4.250000000000000e-01 8.898229017956865e-01 1.000000004447719e+00
4.281250000000000e-01 9.042379746935050e-01 1.000000004453089e+00
4.312500000000000e-01 9.188738133070491e-01 1.000000004458454e+00
4.343750000000000e-01 9.337339909118028e-01 1.000000004463814e+00
4.375000000000000e-01 9.488221355546261e-01 1.000000004469171e+00
4.406250000000000e-01 9.641419309395265e-01 1.000000004474523e+00
4.437500000000000e-01 9.796971173270190e-01 1.000000004479871e+00
4.468750000000000e-01 9.954914924472941e-01 1.000000004485215e+00
4.500000000000000e-01 1.011528912427417e+00 1.000000004490555e+00
4.531250000000000e-01 1.027813292732786e+00 1.000000004495892e+00
4.562500000000000e-01 1.044348609123070e+00 1.000000004501225e+00
4.593750000000000e-01 1.061138898622882e+00 1.000000004506555e+00
4.625000000000000e-01 1.078188260507393e+00 1.000000004511881e+00
4.656250000000000e-01 1.095500857303154e+00 1.000000004517204e+00
4.687500000000000e-01 1.113080915804360e+00 1.000000004522523e+00
4.718750000000000e-01 1.130932728104805e+00 1.000000004527840e+00
4.750000000000000e-01 1.149060652645771e+00 1.000000004533154e+00
4.781250000000000e-01 1.167469115280130e+00 1.000000004538464e+00
4.812500000000000e-01 1.186162610352890e+00 1.000000004543772e+00
4.843750000000000e-01 1.205145701798475e+00 1.000000004549078e+00
4.875000000000000e-01 1.224423024254985e+00 1.000000004554381e+00
4.906250000000000e-01 1.243999284195726e+00 1.000000004559681e+00
4.937500000000000e-01 1.263879261078271e+00 1.000000004564979e+00
4.968750000000000e-01 1.284067808511348e+00 1.000000004570274e+00
5.000000000000000e-01 1.304569855439823e+00 1.000000004575567e+00
5.031250000000000e-01 1.325390407348082e+00 1.000000004580858e+00
5.062500000000000e-01 1.346534547482100e+00 1.000000004586147e+00
5.093750000000000e-01 1.368007438090487e+00 1.000000004591433e+00
5.125000000000001e-01 1.389814321684837e+00 1.000000004596718e+00
5.156250000000000e-01 1.411960522319654e+00 1.000000004602000e+00
5.187500000000000e-01 1.434451446892208e+00 1.000000004607281e+00
5.218750000000000e-01 1.457292586462593e+00 1.000000004612560e+00
5.250000000000000e-01 1.480489517594354e+00 1.000000004617837e+00
5.281250000000001e-01 1.504047903715979e+00 1.000000004623112e+00
5.312500000000000e-01 1.527973496503592e+00 1.000000004628386e+00
5.343750000000000e-01 1.552272137285215e+00 1.000000004633658e+00
5.375000000000000e-01 1.576949758466886e+00 1.000000004638928e+00
5.406250000000000e-01 1.602012384981041e+00 1.000000004644197e+00
5.437500000000001e-01 1.627466135757470e+00 1.000000004649464e+00
5.468750000000000e-01 1.653317225217225e+00 1.000000004654730e+00
5.500000000000000e-01 1.679571964789851e+00 1.000000004659995e+00
5.531250000000000e-01 1.706236764454286e+00 1.000000004701829e+00
5.562500000000000e-01 1.733318134303830e+00 1.000000004708224e+00
5.593750000000001e-01 1.760822686135563e+00 1.000000004714619e+00
5.625000000000000e-01 1.788757135064574e+00 1.000000004721012e+00
5.656250000000000e-01 1.817128301163438e+00 1.000000004727403e+00
5.687500000000000e-01 1.845943111127301e+00 1.000000004770363e+00
5.718750000000000e-01 1.875208599965003e+00 1.000000004814454e+00
5.750000000000001e-01 1.904931912716643e+00 1.000000004823106e+00
5.781250000000000e-01 1.935120306198011e+00 1.000000004831756e+00
5.812500000000000e-01 1.965781150772311e+00 1.000000004840405e+00
5.843750000000000e-01 1.996921932149593e+00 1.000000004885621e+00
5.875000000000000e-01 2.028550253214365e+00 1.000000004931967e+00
5.906250000000001e-01 2.060673835881802e+00 1.000000004942874e+00
5.937500000000000e-01 2.093300522983012e+00 1.000000004953779e+00
5.968750000000000e-01 2.126438280179837e+00 1.000000005001251e+00
6.000000000000001e-01 2.160095197909630e+00 1.000000005086420e+00
6.031250000000000e-01 2.194279493360494e+00 1.000000005173849e+00
6.062500000000001e-01 2.228999512477486e+00 1.000000005190399e+00
6.093750000000000e-01 2.264263732000228e+00 1.000000005206947e+00
6.125000000000000e-01 2.300080761532477e+00 1.000000005296629e+00
6.156250000000001e-01 2.336459345644116e+00 1.000000005461705e+00
6.187500000000000e-01 2.373408366006099e+00 1.000000005558161e+00
6.218750000000001e-01 2.410936843558884e+00 1.000000005583737e+00
6.250000000000000e-01 2.449053940714840e+00 1.000000005682446e+00
6.281250000000000e-01 2.487768963595221e+00 1.000000005929682e+00
6.312500000000001e-01 2.527091364302215e+00 1.000000006110554e+00
6.343750000000000e-01 2.567030743226622e+00 1.000000006149668e+00
6.375000000000001e-01 2.607596851391758e+00 1.000000006261913e+00
6.406250000000000e-01 2.648799592834118e+00 1.000000006559249e+00
6.437500000000000e-01 2.690649027021411e+00 1.000000006864482e+00
6.468750000000001e-01 2.733155371308524e+00 1.000000006885070e+00
6.500000000000000e-01 2.776329003432049e+00 1.000000007050794e+00
6.531250000000001e-01 2.820180464043967e+00 1.000000007622139e+00
6.562500000000000e-01 2.864720459285089e+00 1.000000007916736e+00
6.593750000000000e-01 2.909959863398929e+00 1.000000007962124e+00
6.625000000000001e-01 2.955909721386590e+00 1.000000008518319e+00
6.656250000000000e-01 3.002581251703353e+00 1.000000009235440e+00
6.687500000000001e-01 3.049985848997626e+00 1.000000009496354e+00
6.718750000000000e-01 3.098135086892879e+00 1.000000009834905e+00
6.750000000000000e-01 3.147040720813310e+00 1.000000010838421e+00
6.781250000000001e-01 3.196714690853871e+00 1.000000011686156e+00
6.812500000000000e-01 3.247169124695383e+00 1.000000011823965e+00
6.843750000000001e-01 3.298416340565477e+00 1.000000012984509e+00
6.875000000000000e-01 3.350468850246008e+00 1.000000014723986e+00
6.906250000000000e-01 3.403339362127777e+00 1.000000014865288e+00
6.937500000000001e-01 3.457040784313211e+00 1.000000016209899e+00
6.968750000000000e-01 3.511586227767823e+00 1.000000019050985e+00
7.000000000000001e-01 3.566989009521205e+00 1.000000019265012e+00
7.031250000000000e-01 3.623262655918307e+00 1.000000021083448e+00
7.062500000000000e-01 3.680420905921852e+00 1.000000025323783e+00
7.093750000000001e-01 3.738477714466631e+00 1.000000025586958e+00
7.125000000000000e-01 3.797447255866536e+00 1.000000028621284e+00
7.156250000000001e-01 3.857343927275175e+00 1.000000034402703e+00
7.187500000000000e-01 3.918182352200844e+00 1.000000034859106e+00
7.218750000000000e-01 3.979977384076828e+00 1.000000040791449e+00
7.250000000000001e-01 4.042744109887770e+00 1.000000047139715e+00
7.281250000000000e-01 4.106497853853101e+00 1.000000049670059e+00
7.312500000000001e-01 4.171254181168399e+00 1.000000060363187e+00
7.343750000000000e-01 4.237028901805528e+00 1.000000064074695e+00
7.375000000000000e-01 4.303838074372613e+00 1.000000075974873e+00
7.406250000000001e-01 4.371698010034643e+00 1.000000088707966e+00
7.437500000000000e-01 4.440625276495786e+00 1.000000090003402e+00
7.468750000000001e-01 4.510636702044332e+00 1.000000121549838e+00
7.500000000000000e-01 4.581749379661216e+00 1.000000125407992e+00
7.531250000000000e-01 4.653980671193226e+00 1.000000145381150e+00
7.562500000000001e-01 4.727348211591802e+00 1.000000177979130e+00
7.593750000000000e-01 4.801869913218528e+00 1.000000195747702e+00
7.625000000000001e-01 4.877563970218381e+00 1.000000242703762e+00
7.656250000000000e-01 4.954448862961714e+00 1.000000245759944e+00
7.687500000000000e-01 5.032543362556198e+00 1.000000348875279e+00
7.718750000000001e-01 5.111866535429675e+00 1.000000353946510e+00
7.750000000000000e-01 5.192437747985146e+00 1.000000448884308e+00
7.781250000000001e-01 5.274276671329015e+00 1.000000484965895e+00
7.812500000000000e-01 5.357403286073669e+00 1.000000666530769e+00
7.843750000000000e-01 5.441837887215693e+00 1.000000703677416e+00
7.875000000000001e-01 5.527601089090773e+00 1.000000871164080e+00
7.906250000000000e-01 5.614713830406605e+00 1.000000984669578e+00
7.937500000000001e-01 5.703197379355005e+00 1.000001379859512e+00
7.968750000000000e-01 5.793073338804412e+00 1.000001440038913e+00
8.000000000000000e-01 5.884363651574169e+00 1.000001888133031e+00
8.031250000000001e-01 5.977090605791737e+00 1.000001983896814e+00
8.062500000000000e-01 6.071276840334257e+00 1.000003123891790e+00
8.093750000000001e-01 6.166945350355728e+00 1.000003207573953e+00
8.125000000000000e-01 6.264119492901173e+00 1.000004342524075e+00
8.156250000000000e-01 6.362822992609162e+00 1.000004676888001e+00
8.187500000000001e-01 6.463079947504072e+00 1.000006400279561e+00
8.218750000000000e-01 6.564914834879517e+00 1.000009432216634e+00
8.250000000000001e-01 6.668352517274371e+00 1.000009603224085e+00
8.281250000000000e-01 6.773418248542846e+00 1.000013936697355e+00
8.312500000000000e-01 6.880137680020114e+00 1.000015255213047e+00
8.343750000000001e-01 6.988536866784961e+00 1.000020039178167e+00
8.375000000000000e-01 7.098642274021019e+00 1.000036052456079e+00
8.406250000000001e-01 7.210480783478133e+00 1.000040069729194e+00
8.437500000000000e-01 7.324079700035414e+00 1.000047614156564e+00
8.468750000000000e-01 7.439466758367605e+00 1.000075499312182e+00
8.500000000000001e-01 7.556670129716381e+00 1.000083220148441e+00
8.531250000000000e-01 7.675718428768239e+00 1.000104256144334e+00
8.562500000000001e-01 7.796640720640633e+00 1.000236944902568e+00
8.593750000000000e-01 7.919466527978115e+00 1.000418052947479e+00
8.625000000000000e-01 8.044225838160141e+00 1.000480199628624e+00
8.656250000000001e-01 8.170949110622363e+00 1.000512018014322e+00
8.687500000000000e-01 8.299667284293170e+00 1.000933945004008e+00
8.718750000000001e-01 8.430411785147284e+00 1.002115453433595e+00
8.750000000000000e-01 8.563214533878281e+00 1.004002325294562e+00
8.781250000000000e-01 8.698107953691880e+00 1.006143184198632e+00
8.812500000000001e-01 8.835124978221932e+00 1.008013595951901e+00
8.843750000000000e-01 8.974299059571019e+00 1.009307157570394e+00
8.875000000000001e-01 9.115664176477637e+00 1.010010738232956e+00
8.906250000000000e-01 9.259254842611947e+00 1.010310189137209e+00
8.937500000000000e-01 9.405106115002161e+00 1.010455108670041e+00
8.968750000000001e-01 9.553253602593529e+00 1.010661843841536e+00
9.000000000000000e-01 9.703733474942130e+00 1.011069403111619e+00
9.031250000000001e-01 9.856582471045494e+00 1.011736944965895e+00
9.062500000000000e-01 1.001183790831228e+01 1.012666784088728e+00
9.093750000000000e-01 1.016953769167313e+01 1.013833705372589e+00
9.125000000000001e-01 1.032972032283505e+01 1.015202729867732e+00
9.156250000000000e-01 1.049242490968134e+01 1.016727832459161e+00
9.187500000000001e-01 1.065769117581972e+01 1.018337654514233e+00
9.218750000000000e-01 1.082555947028058e+01 1.019923943788897e+00
9.250000000000000e-01 1.099607077736805e+01 1.021350438212544e+00
9.281250000000001e-01 1.116926672666618e+01 1.022490448141621e+00
9.312500000000000e-01 1.134518960320255e+01 1.023280705912933e+00
9.343750000000001e-01 1.152388235777201e+01 1.023759218737331e+00
9.375000000000000e-01 1.170538861742293e+01 1.024055712777195e+00
9.406250000000000e-01 1.188975269610854e+01 1.024332270200788e+00
9.437500000000001e-01 1.207701960550600e+01 1.024708673980280e+00
9.468750000000000e-01 1.226723506600578e+01 1.025218628824332e+00
9.500000000000001e-01 1.246044551787411e+01 1.025818228427198e+00
9.531250000000000e-01 1.265669813259115e+01 1.026430297702237e+00
9.562500000000000e-01 1.285604082436773e+01 1.026989907019435e+00
9.593750000000001e-01 1.305852226184337e+01 1.027466712892249e+00
9.625000000000000e-01 1.326419187996850e+01 1.027862324323405e+00
9.656250000000001e-01 1.347309989207381e+01 1.028195398136341e+00
9.687500000000000e-01 1.368529730212962e+01 1.028487488007295e+00
9.718750000000000e-01 1.390083591719824e+01 1.028755454026133e+00
9.750000000000001e-01 1.411976836008246e+01 1.029009830276759e+00
9.781250000000000e-01 1.434214808217320e+01 1.029256193343030e+00
9.812500000000001e-01 1.456802937649935e+01 1.029497128400492e+00
9.843750000000000e-01 1.479746739098328e+01 1.029733717317100e+00
9.875000000000000e-01 1.503051814190487e+01 1.029966389674891e+00
9.906250000000001e-01 1.526723852757770e+01 1.030195325689481e+00
9.937500000000000e-01 1.550768634224049e+01 1.030420619996620e+00
9.968750000000001e-01 1.575192029016732e+01 1.030642340506546e+00
1.000000000000000e+00 1.600000000000000e+01 1.030860546944079e+00
