0.000000000000000e+00 0.000000000000000e+00 1.000000000000000e+00
3.125000000000000e-03 3.369263549427258e-03 1.036177935161406e+00
6.250000000000000e-03 6.739349689698711e-03 1.043017379799579e+00
9.375000000000001e-03 1.011108121249049e-02 1.045794343602819e+00
1.250000000000000e-02 1.348528131119160e-02 1.047278234838243e+00
1.562500000000000e-02 1.686277378188298e-02 1.048199605859926e+00
1.875000000000000e-02 2.024438322446370e-02 1.048827164016746e+00
2.187500000000000e-02 2.363093524397333e-02 1.049282305950421e+00
2.500000000000000e-02 2.702325665215984e-02 1.049627775855688e+00
2.812500000000000e-02 3.042217566934200e-02 1.049899230006679e+00
3.125000000000000e-02 3.382852212661575e-02 1.050118432350181e+00
3.437500000000000e-02 3.724312766845378e-02 1.050299409326703e+00
3.750000000000001e-02 4.066682595574785e-02 1.050451607298140e+00
4.062500000000000e-02 4.410045286934348e-02 1.050581622148951e+00
4.375000000000000e-02 4.754484671411652e-02 1.050694201550014e+00
4.687500000000000e-02 5.100084842364160e-02 1.050792847775027e+00
5.000000000000000e-02 5.446930176550237e-02 1.050880204223561e+00
5.312500000000001e-02 5.795105354729364e-02 1.050958305000816e+00
5.625000000000000e-02 6.144695382336569e-02 1.051028742534858e+00
5.937500000000000e-02 6.495785610236132e-02 1.051092780599757e+00
6.250000000000000e-02 6.848461755559625e-02 1.051151438074362e+00
6.562500000000000e-02 7.202809922633362e-02 1.051205545516517e+00
6.875000000000001e-02 7.558916624000402e-02 1.051255787327537e+00
7.187500000000001e-02 7.916868801542200e-02 1.051302733361272e+00
7.500000000000001e-02 8.276753847705080e-02 1.051346870365298e+00
7.812500000000000e-02 8.638659626836727e-02 1.051388609479356e+00
8.125000000000000e-02 9.002674496637868e-02 1.051428304165521e+00
8.437500000000001e-02 9.368887329734420e-02 1.051466262392211e+00
8.750000000000001e-02 9.737387535375355e-02 1.051502753497690e+00
9.062500000000001e-02 1.010826508126157e-01 1.051538013892098e+00
9.375000000000000e-02 1.048161051551108e-01 1.051572258459801e+00
9.687500000000000e-02 1.085751498876601e-01 1.051605684407836e+00
1.000000000000000e-01 1.123607027644654e-01 1.051638469753319e+00
1.031250000000000e-01 1.161736880115753e-01 1.051670774235058e+00
1.062500000000000e-01 1.200150365525305e-01 1.051702749101268e+00
1.093750000000000e-01 1.238856862356450e-01 1.051734541048145e+00
1.125000000000000e-01 1.277865820629775e-01 1.051766288220202e+00
1.156250000000000e-01 1.317186764210495e-01 1.051798120511614e+00
1.187500000000000e-01 1.356829293133661e-01 1.051830166800799e+00
1.218750000000000e-01 1.396803085947971e-01 1.051862553130751e+00
1.250000000000000e-01 1.437117902078738e-01 1.051895406490942e+00
1.281250000000000e-01 1.477783584210617e-01 1.051928851687000e+00
1.312500000000000e-01 1.518810060690650e-01 1.051963014773630e+00
1.343750000000000e-01 1.560207347952229e-01 1.051998023856410e+00
1.375000000000000e-01 1.601985552960564e-01 1.052034013583799e+00
1.406250000000000e-01 1.644154875680252e-01 1.052071120490791e+00
1.437500000000000e-01 1.686725611565558e-01 1.052109485941464e+00
1.468750000000000e-01 1.729708154074000e-01 1.052149259316938e+00
1.500000000000000e-01 1.773112997203869e-01 1.052190592872500e+00
1.531250000000000e-01 1.816950738056289e-01 1.052233650311453e+00
1.562500000000000e-01 1.861232079422458e-01 1.052278604905041e+00
1.593750000000000e-01 1.905967832396682e-01 1.052325637516187e+00
1.625000000000000e-01 1.951168919015860e-01 1.052374944633969e+00
1.656250000000000e-01 1.996846374926046e-01 1.052426731196866e+00
1.687500000000000e-01 2.043011352076760e-01 1.052481219004809e+00
1.718750000000000e-01 2.089675121443681e-01 1.052538642621405e+00
1.750000000000000e-01 2.136849075780412e-01 1.052599256875804e+00
1.781250000000000e-01 2.184544732399964e-01 1.052663333834400e+00
1.812500000000000e-01 2.232773735986666e-01 1.052731161388683e+00
1.843750000000000e-01 2.281547861439151e-01 1.052803055298894e+00
1.875000000000000e-01 2.330879016745160e-01 1.052879350528911e+00
1.906250000000000e-01 2.380779245888810e-01 1.052960409152679e+00
1.937500000000000e-01 2.431260731791094e-01 1.053046627647968e+00
1.968750000000000e-01 2.482335799284277e-01 1.053138426706921e+00
2.000000000000000e-01 2.534016918120952e-01 1.053236260185351e+00
2.031250000000000e-01 2.586316706018478e-01 1.053340617584938e+00
2.062500000000000e-01 2.639247931739538e-01 1.053452031959935e+00
2.093750000000000e-01 2.692823518209576e-01 1.053571074063134e+00
2.125000000000000e-01 2.747056545671873e-01 1.053698363271574e+00
2.156250000000000e-01 2.801960254881028e-01 1.053834570854929e+00
2.187500000000000e-01 2.857548050335636e-01 1.053980415780637e+00
2.218750000000000e-01 2.913833503550930e-01 1.054136678745508e+00
2.250000000000000e-01 2.970830356372213e-01 1.054304197865188e+00
2.281250000000000e-01 3.028552524329863e-01 1.054483881333716e+00
2.312500000000000e-01 3.087014100036755e-01 1.054676716516699e+00
2.343750000000000e-01 3.146229356628902e-01 1.054883756821721e+00
2.375000000000000e-01 3.206212751250189e-01 1.055106143357661e+00
2.406250000000000e-01 3.266978928582008e-01 1.055345104227287e+00
2.437500000000000e-01 3.328542724418705e-01 1.055601966156481e+00
2.468750000000000e-01 3.390919169289667e-01 1.055878157809001e+00
2.500000000000000e-01 3.454123492128958e-01 1.056175207905280e+00
2.531250000000000e-01 3.518171123993401e-01 1.056494768529407e+00
2.562500000000000e-01 3.583077701830001e-01 1.056838608562753e+00
2.593750000000000e-01 3.648859072293631e-01 1.057208623861604e+00
2.625000000000000e-01 3.715531295615936e-01 1.057606851700674e+00
2.656250000000000e-01 3.783110649526354e-01 1.058035460072203e+00
2.687500000000000e-01 3.851613633226258e-01 1.058496774960921e+00
2.718750000000000e-01 3.921056971417164e-01 1.058993270248567e+00
2.750000000000000e-01 3.991457618383991e-01 1.059527575679640e+00
2.781250000000000e-01 4.062832762134377e-01 1.060102492782859e+00
2.812500000000000e-01 4.135199828595055e-01 1.060720977116110e+00
2.843750000000000e-01 4.208576485866312e-01 1.061386159145868e+00
2.875000000000000e-01 4.282980648535585e-01 1.062101337709540e+00
2.906250000000000e-01 4.358430482051222e-01 1.062869966274661e+00
2.937500000000000e-01 4.434944407157500e-01 1.063695674361393e+00
2.968750000000000e-01 4.512541104391968e-01 1.064582231844350e+00
3.000000000000000e-01 4.591239518646220e-01 1.065533553270042e+00
3.031250000000000e-01 4.671058863791195e-01 1.066553689449337e+00
3.062500000000000e-01 4.752018627368176e-01 1.067646782810314e+00
3.093750000000000e-01 4.834138575346580e-01 1.068817072176051e+00
3.125000000000000e-01 4.917438756949728e-01 1.070068848691808e+00
3.156250000000000e-01 5.001939509549778e-01 1.071406407520225e+00
3.187500000000000e-01 5.087661463633005e-01 1.072834039492272e+00
3.218750000000000e-01 5.174625547836644e-01 1.074355944161151e+00
3.250000000000000e-01 5.262852994058529e-01 1.075976189201504e+00
3.281250000000000e-01 5.352365342640750e-01 1.077698660455395e+00
3.312500000000000e-01 5.443184447628656e-01 1.079526952244907e+00
3.343750000000000e-01 5.535332482106405e-01 1.081464319598650e+00
3.375000000000000e-01 5.628831943610435e-01 1.083513589034359e+00
3.406250000000000e-01 5.723705659622137e-01 1.085677030618570e+00
3.437500000000000e-01 5.819976793141081e-01 1.087956308972614e+00
3.468750000000000e-01 5.917668848340161e-01 1.090352349959349e+00
3.500000000000000e-01 6.016805676304035e-01 1.092865226295265e+00
3.531250000000000e-01 6.117411480852264e-01 1.095494096802477e+00
3.562500000000000e-01 6.219510824448572e-01 1.098237069973405e+00
3.593750000000000e-01 6.323128634197650e-01 1.101091110026480e+00
3.625000000000000e-01 6.428290207931012e-01 1.104052004880721e+00
3.656250000000000e-01 6.535021220383342e-01 1.107114243122908e+00
3.687500000000000e-01 6.643347729460869e-01 1.110270995060152e+00
3.718750000000000e-01 6.753296182603294e-01 1.113514119412301e+00
3.750000000000000e-01 6.864893423240808e-01 1.116834125422856e+00
3.781250000000000e-01 6.978166697347804e-01 1.120220234357615e+00
3.812500000000000e-01 7.093143660094854e-01 1.123660495196867e+00
3.843750000000000e-01 7.209852382600603e-01 1.127141834272758e+00
3.875000000000000e-01 7.328321358785219e-01 1.130650251095430e+00
3.906250000000000e-01 7.448579512327029e-01 1.134171025495577e+00
3.937500000000000e-01 7.570656203724140e-01 1.137688897464975e+00
3.968750000000000e-01 7.694581237462648e-01 1.141188341458904e+00
4.000000000000000e-01 7.820384869293291e-01 1.144653883106633e+00
4.031250000000000e-01 7.948097813618253e-01 1.148070324272198e+00
4.062500000000000e-01 8.077751250989945e-01 1.151423071004888e+00
4.093750000000000e-01 8.209376835723596e-01 1.154698443765588e+00
4.125000000000000e-01 8.343006703625532e-01 1.157883909633087e+00
4.156250000000000e-01 8.478673479838968e-01 1.160968324591340e+00
4.187500000000000e-01 8.616410286809313e-01 1.163942190059473e+00
4.218750000000000e-01 8.756250752370857e-01 1.166797768154333e+00
4.250000000000000e-01 8.898229017956865e-01 1.169529197703014e+00
4.281250000000000e-01 9.042379746935050e-01 1.172132592353315e+00
4.312500000000000e-01 9.188738133070491e-01 1.174606039050302e+00
4.343750000000000e-01 9.337339909118028e-01 1.176949535601206e+00
4.375000000000000e-01 9.488221355546261e-01 1.179164948402589e+00
4.406250000000000e-01 9.641419309395265e-01 1.181255887517608e+00
4.437500000000000e-01 9.796971173270190e-01 1.183227529594766e+00
4.468750000000000e-01 9.954914924472941e-01 1.185086457521097e+00
4.500000000000000e-01 1.011528912427417e+00 1.186840481409424e+00
4.531250000000000e-01 1.027813292732786e+00 1.188498414501022e+00
4.562500000000000e-01 1.044348609123070e+00 1.190069864052260e+00
4.593750000000000e-01 1.061138898622882e+00 1.191565046888329e+00
4.625000000000000e-01 1.078188260507393e+00 1.192994586411919e+00
4.656250000000000e-01 1.095500857303154e+00 1.194369325237581e+00
4.687500000000000e-01 1.113080915804360e+00 1.195700162946838e+00
4.718750000000000e-01 1.130932728104805e+00 1.196997913236136e+00
4.750000000000000e-01 1.149060652645771e+00 1.198273165215058e+00
4.781250000000000e-01 1.167469115280130e+00 1.199536180869917e+00
4.812500000000000e-01 1.186162610352890e+00 1.200796800068590e+00
4.843750000000000e-01 1.205145701798475e+00 1.202064368140386e+00
4.875000000000000e-01 1.224423024254985e+00 1.203347678362840e+00
4.906250000000000e-01 1.243999284195726e+00 1.204654941930768e+00
4.937500000000000e-01 1.263879261078271e+00 1.205993749669272e+00
4.968750000000000e-01 1.284067808511348e+00 1.207371058116265e+00
5.000000000000000e-01 1.304569855439823e+00 1.208793190766569e+00
5.031250000000000e-01 1.325390407348082e+00 1.210265852932973e+00
5.062500000000000e-01 1.346534547482100e+00 1.211794127535809e+00
5.093750000000000e-01 1.368007438090487e+00 1.213382491543623e+00
5.125000000000001e-01 1.389814321684837e+00 1.215034846915541e+00
5.156250000000000e-01 1.411960522319654e+00 1.216754558789839e+00
5.187500000000000e-01 1.434451446892208e+00 1.218544466117718e+00
5.218750000000000e-01 1.457292586462593e+00 1.220406903327777e+00
5.250000000000000e-01 1.480489517594354e+00 1.222343736061681e+00
5.281250000000001e-01 1.504047903715979e+00 1.224356408699794e+00
5.312500000000000e-01 1.527973496503592e+00 1.226445963608110e+00
5.343750000000000e-01 1.552272137285215e+00 1.228613056345573e+00
5.375000000000000e-01 1.576949758466886e+00 1.230857975878451e+00
5.406250000000000e-01 1.602012384981041e+00 1.233180684776271e+00
5.437500000000001e-01 1.627466135757470e+00 1.235580847381354e+00
5.468750000000000e-01 1.653317225217225e+00 1.238057846668851e+00
5.500000000000000e-01 1.679571964789851e+00 1.240610785354074e+00
5.531250000000000e-01 1.706236764454286e+00 1.243238499379676e+00
5.562500000000000e-01 1.733318134303830e+00 1.245939577510814e+00
5.593750000000001e-01 1.760822686135563e+00 1.248712383542300e+00
5.625000000000000e-01 1.788757135064574e+00 1.251555060113442e+00
5.656250000000000e-01 1.817128301163438e+00 1.254465527969460e+00
5.687500000000000e-01 1.845943111127301e+00 1.257441479177653e+00
5.718750000000000e-01 1.875208599965003e+00 1.260480377817559e+00
5.750000000000001e-01 1.904931912716643e+00 1.263579460432587e+00
5.781250000000000e-01 1.935120306198011e+00 1.266735736153202e+00
5.812500000000000e-01 1.965781150772311e+00 1.269945976417132e+00
5.843750000000000e-01 1.996921932149593e+00 1.273206703564483e+00
5.875000000000000e-01 2.028550253214365e+00 1.276514173867376e+00
5.906250000000001e-01 2.060673835881802e+00 1.279864363286420e+00
5.937500000000000e-01 2.093300522983012e+00 1.283252950870979e+00
5.968750000000000e-01 2.126438280179837e+00 1.286675301822578e+00
6.000000000000001e-01 2.160095197909630e+00 1.290126445898493e+00
6.031250000000000e-01 2.194279493360494e+00 1.293601053809991e+00
6.062500000000001e-01 2.228999512477486e+00 1.297093410152741e+00
6.093750000000000e-01 2.264263732000228e+00 1.300597387053961e+00
6.125000000000000e-01 2.300080761532477e+00 1.304106418403521e+00
6.156250000000001e-01 2.336459345644116e+00 1.307613477144975e+00
6.187500000000000e-01 2.373408366006099e+00 1.311111057021500e+00
6.218750000000001e-01 2.410936843558884e+00 1.314591160144921e+00
6.250000000000000e-01 2.449053940714840e+00 1.318045292796138e+00
6.281250000000000e-01 2.487768963595221e+00 1.321464472152731e+00
6.312500000000001e-01 2.527091364302215e+00 1.324839247418080e+00
6.343750000000000e-01 2.567030743226622e+00 1.328159740013817e+00
6.375000000000001e-01 2.607596851391758e+00 1.331415707484978e+00
6.406250000000000e-01 2.648799592834118e+00 1.334596637518616e+00
6.437500000000000e-01 2.690649027021411e+00 1.337691878058457e+00
6.468750000000001e-01 2.733155371308524e+00 1.340690810266286e+00
6.500000000000000e-01 2.776329003432049e+00 1.343583070528079e+00
6.531250000000001e-01 2.820180464043967e+00 1.346358826735387e+00
6.562500000000000e-01 2.864720459285089e+00 1.349009111351989e+00
6.593750000000000e-01 2.909959863398929e+00 1.351526210485556e+00
6.625000000000001e-01 2.955909721386590e+00 1.353904102449575e+00
6.656250000000000e-01 3.002581251703353e+00 1.356138931095024e+00
6.687500000000001e-01 3.049985848997626e+00 1.358229490838452e+00
6.718750000000000e-01 3.098135086892879e+00 1.360177688519183e+00
6.750000000000000e-01 3.147040720813310e+00 1.361988937953835e+00
6.781250000000001e-01 3.196714690853871e+00 1.363672433534864e+00
6.812500000000000e-01 3.247169124695383e+00 1.365241246360503e+00
6.843750000000001e-01 3.298416340565477e+00 1.366712190132037e+00
6.875000000000000e-01 3.350468850246008e+00 1.368105416135002e+00
6.906250000000000e-01 3.403339362127777e+00 1.369443719300409e+00
6.937500000000001e-01 3.457040784313211e+00 1.370751568024122e+00
6.968750000000000e-01 3.511586227767823e+00 1.372053904848813e+00
7.000000000000001e-01 3.566989009521205e+00 1.373374797443437e+00
7.031250000000000e-01 3.623262655918307e+00 1.374736046771790e+00
7.062500000000000e-01 3.680420905921852e+00 1.376155871598159e+00
7.093750000000001e-01 3.738477714466631e+00 1.377647787762777e+00
7.125000000000000e-01 3.797447255866536e+00 1.379219785483384e+00
7.156250000000001e-01 3.857343927275175e+00 1.380873879129637e+00
7.187500000000000e-01 3.918182352200844e+00 1.382606070718960e+00
7.218750000000000e-01 3.979977384076828e+00 1.384406730211838e+00
7.250000000000001e-01 4.042744109887770e+00 1.386261361759286e+00
7.281250000000000e-01 4.106497853853101e+00 1.388151694730324e+00
7.312500000000001e-01 4.171254181168399e+00 1.390057013597137e+00
7.343750000000000e-01 4.237028901805528e+00 1.391955622431739e+00
7.375000000000000e-01 4.303838074372613e+00 1.393826328705035e+00
7.406250000000001e-01 4.371698010034643e+00 1.395649825837770e+00
7.437500000000000e-01 4.440625276495786e+00 1.397409859373842e+00
7.468750000000001e-01 4.510636702044332e+00 1.399094079589012e+00
7.500000000000000e-01 4.581749379661216e+00 1.400694511211848e+00
7.531250000000000e-01 4.653980671193226e+00 1.402207613575186e+00
7.562500000000001e-01 4.727348211591802e+00 1.403633951396059e+00
7.593750000000000e-01 4.801869913218528e+00 1.404977543944669e+00
7.625000000000001e-01 4.877563970218381e+00 1.406244996833639e+00
7.656250000000000e-01 4.954448862961714e+00 1.407444540651025e+00
7.687500000000000e-01 5.032543362556198e+00 1.408585100077715e+00
7.718750000000001e-01 5.111866535429675e+00 1.409675494444289e+00
7.750000000000000e-01 5.192437747985146e+00 1.410723835953962e+00
7.781250000000001e-01 5.274276671329015e+00 1.411737151275774e+00
7.812500000000000e-01 5.357403286073669e+00 1.412721213760700e+00
7.843750000000000e-01 5.441837887215693e+00 1.413680547576211e+00
7.875000000000001e-01 5.527601089090773e+00 1.414618550793228e+00
7.906250000000000e-01 5.614713830406605e+00 1.415537683413131e+00
7.937500000000001e-01 5.703197379355005e+00 1.416439675195171e+00
7.968750000000000e-01 5.793073338804412e+00 1.417325720775827e+00
8.000000000000000e-01 5.884363651574169e+00 1.418196643990999e+00
8.031250000000001e-01 5.977090605791737e+00 1.419053024702637e+00
8.062500000000000e-01 6.071276840334257e+00 1.419895289874158e+00
8.093750000000001e-01 6.166945350355728e+00 1.420723774667075e+00
8.125000000000000e-01 6.264119492901173e+00 1.421538761130089e+00
8.156250000000000e-01 6.362822992609162e+00 1.422340500892924e+00
8.187500000000001e-01 6.463079947504072e+00 1.423129228503610e+00
8.218750000000000e-01 6.564914834879517e+00 1.423905167981050e+00
8.250000000000001e-01 6.668352517274371e+00 1.424668536485431e+00
8.281250000000000e-01 6.773418248542846e+00 1.425419546150352e+00
8.312500000000000e-01 6.880137680020114e+00 1.426158404700244e+00
8.343750000000001e-01 6.988536866784961e+00 1.426885315909324e+00
8.375000000000000e-01 7.098642274021019e+00 1.427600479837618e+00
8.406250000000001e-01 7.210480783478133e+00 1.428304092893699e+00
8.437500000000000e-01 7.324079700035414e+00 1.428996348124842e+00
8.468750000000000e-01 7.439466758367605e+00 1.429677434928711e+00
8.500000000000001e-01 7.556670129716381e+00 1.430347539504080e+00
8.531250000000000e-01 7.675718428768239e+00 1.431006844612386e+00
8.562500000000001e-01 7.796640720640633e+00 1.431655529906437e+00
8.593750000000000e-01 7.919466527978115e+00 1.432293771740075e+00
8.625000000000000e-01 8.044225838160141e+00 1.432921743431072e+00
8.656250000000001e-01 8.170949110622363e+00 1.433539615294115e+00
8.687500000000000e-01 8.299667284293170e+00 1.434147554493956e+00
8.718750000000001e-01 8.430411785147284e+00 1.434745725412931e+00
8.750000000000000e-01 8.563214533878281e+00 1.435334289500496e+00
8.781250000000000e-01 8.698107953691880e+00 1.435913405403982e+00
8.812500000000001e-01 8.835124978221932e+00 1.436483228981885e+00
8.843750000000000e-01 8.974299059571019e+00 1.437043913370953e+00
8.875000000000001e-01 9.115664176477637e+00 1.437595609109160e+00
8.906250000000000e-01 9.259254842611947e+00 1.438138464082640e+00
8.937500000000000e-01 9.405106115002161e+00 1.438672623583082e+00
8.968750000000001e-01 9.553253602593529e+00 1.439198230479667e+00
9.000000000000000e-01 9.703733474942130e+00 1.439715425099755e+00
9.031250000000001e-01 9.856582471045494e+00 1.440224345393945e+00
9.062500000000000e-01 1.001183790831228e+01 1.440725126926904e+00
9.093750000000000e-01 1.016953769167313e+01 1.441217902922376e+00
9.125000000000001e-01 1.032972032283505e+01 1.441702804364397e+00
9.156250000000000e-01 1.049242490968134e+01 1.442179959980818e+00
9.187500000000001e-01 1.065769117581972e+01 1.442649496281102e+00
9.218750000000000e-01 1.082555947028058e+01 1.443111537591777e+00
9.250000000000000e-01 1.099607077736805e+01 1.443566206206947e+00
9.281250000000001e-01 1.116926672666618e+01 1.444013622246819e+00
9.312500000000000e-01 1.134518960320255e+01 1.444453903801677e+00
9.343750000000001e-01 1.152388235777201e+01 1.444887167018759e+00
9.375000000000000e-01 1.170538861742293e+01 1.445313526071270e+00
9.406250000000000e-01 1.188975269610854e+01 1.445733093181937e+00
9.437500000000001e-01 1.207701960550600e+01 1.446145978644302e+00
9.468750000000000e-01 1.226723506600578e+01 1.446552290900594e+00
9.500000000000001e-01 1.246044551787411e+01 1.446952136619344e+00
9.531250000000000e-01 1.265669813259115e+01 1.447345620596167e+00
9.562500000000000e-01 1.285604082436773e+01 1.447732845942757e+00
9.593750000000001e-01 1.305852226184337e+01 1.448113913985150e+00
9.625000000000000e-01 1.326419187996850e+01 1.448488924391465e+00
9.656250000000001e-01 1.347309989207381e+01 1.448857975124649e+00
9.687500000000000e-01 1.368529730212962e+01 1.449221162508949e+00
9.718750000000000e-01 1.390083591719824e+01 1.449578581296177e+00
9.750000000000001e-01 1.411976836008246e+01 1.449930324613875e+00
9.781250000000000e-01 1.434214808217320e+01 1.450276484027310e+00
9.812500000000001e-01 1.456802937649935e+01 1.450617149601306e+00
9.843750000000000e-01 1.479746739098328e+01 1.450952409961888e+00
9.875000000000000e-01 1.503051814190487e+01 1.451282352180730e+00
9.906250000000001e-01 1.526723852757770e+01 1.451607061830662e+00
9.937500000000000e-01 1.550768634224049e+01 1.451926623218141e+00
9.968750000000001e-01 1.575192029016732e+01 1.452241119149011e+00
1.000000000000000e+00 1.600000000000000e+01 1.452550631097824e+00
