0.000000000000000e+00 0.000000000000000e+00 1.000000000000000e+00
3.125000000000000e-03 3.369263549427258e-03 1.036177647689309e+00
6.250000000000000e-03 6.739349689698711e-03 1.043016603822434e+00
9.375000000000001e-03 1.011108121249049e-02 1.045792859020529e+00
1.250000000000000e-02 1.348528131119160e-02 1.047275810544086e+00
1.562500000000000e-02 1.686277378188298e-02 1.048196012035771e+00
1.875000000000000e-02 2.024438322446370e-02 1.048822161539531e+00
2.187500000000000e-02 2.363093524397333e-02 1.049275650688731e+00
2.500000000000000e-02 2.702325665215984e-02 1.049619218460523e+00
2.812500000000000e-02 3.042217566934200e-02 1.049888521377392e+00
3.125000000000000e-02 3.382852212661575e-02 1.050105311915251e+00
3.437500000000000e-02 3.724312766845378e-02 1.050283608839338e+00
3.750000000000001e-02 4.066682595574785e-02 1.050432851718011e+00
4.062500000000000e-02 4.410045286934348e-02 1.050559628414487e+00
4.375000000000000e-02 4.754484671411652e-02 1.050668675942917e+00
4.687500000000000e-02 5.100084842364160e-02 1.050763487424878e+00
5.000000000000000e-02 5.446930176550237e-02 1.050846695162809e+00
5.312500000000001e-02 5.795105354729364e-02 1.050920320320379e+00
5.625000000000000e-02 6.144695382336569e-02 1.050985940418487e+00
5.937500000000000e-02 6.495785610236132e-02 1.051044804778193e+00
6.250000000000000e-02 6.848461755559625e-02 1.051097915496651e+00
6.562500000000000e-02 7.202809922633362e-02 1.051146085851155e+00
6.875000000000001e-02 7.558916624000402e-02 1.051189982629414e+00
7.187500000000001e-02 7.916868801542200e-02 1.051230157768930e+00
7.500000000000001e-02 8.276753847705080e-02 1.051267072007276e+00
7.812500000000000e-02 8.638659626836727e-02 1.051301112922201e+00
8.125000000000000e-02 9.002674496637868e-02 1.051332608993447e+00
8.437500000000001e-02 9.368887329734420e-02 1.051361840420271e+00
8.750000000000001e-02 9.737387535375355e-02 1.051389047579898e+00
9.062500000000001e-02 1.010826508126157e-01 1.051414437982469e+00
9.375000000000000e-02 1.048161051551108e-01 1.051438191676220e+00
9.687500000000000e-02 1.085751498876601e-01 1.051460465488759e+00
1.000000000000000e-01 1.123607027644654e-01 1.051481396921702e+00
1.031250000000000e-01 1.161736880115753e-01 1.051501106768033e+00
1.062500000000000e-01 1.200150365525305e-01 1.051519701772459e+00
1.093750000000000e-01 1.238856862356450e-01 1.051537276469978e+00
1.125000000000000e-01 1.277865820629775e-01 1.051553914992156e+00
1.156250000000000e-01 1.317186764210495e-01 1.051569692407488e+00
1.187500000000000e-01 1.356829293133661e-01 1.051584675904682e+00
1.218750000000000e-01 1.396803085947971e-01 1.051598925854695e+00
1.250000000000000e-01 1.437117902078738e-01 1.051612496502527e+00
1.281250000000000e-01 1.477783584210617e-01 1.051625436918354e+00
1.312500000000000e-01 1.518810060690650e-01 1.051637791526700e+00
1.343750000000000e-01 1.560207347952229e-01 1.051649600551644e+00
1.375000000000000e-01 1.601985552960564e-01 1.051660900621600e+00
1.406250000000000e-01 1.644154875680252e-01 1.051671725090602e+00
1.437500000000000e-01 1.686725611565558e-01 1.051682104456999e+00
1.468750000000000e-01 1.729708154074000e-01 1.051692066584588e+00
1.500000000000000e-01 1.773112997203869e-01 1.051701637051531e+00
1.531250000000000e-01 1.816950738056289e-01 1.051710839380928e+00
1.562500000000000e-01 1.861232079422458e-01 1.051719695158382e+00
1.593750000000000e-01 1.905967832396682e-01 1.051728224306609e+00
1.625000000000000e-01 1.951168919015860e-01 1.051736445213872e+00
1.656250000000000e-01 1.996846374926046e-01 1.051744374875385e+00
1.687500000000000e-01 2.043011352076760e-01 1.051752029054239e+00
1.718750000000000e-01 2.089675121443681e-01 1.051759422308417e+00
1.750000000000000e-01 2.136849075780412e-01 1.051766568253733e+00
1.781250000000000e-01 2.184544732399964e-01 1.051773479493135e+00
1.812500000000000e-01 2.232773735986666e-01 1.051780167784306e+00
1.843750000000000e-01 2.281547861439151e-01 1.051786644034656e+00
1.875000000000000e-01 2.330879016745160e-01 1.051792918489721e+00
1.906250000000000e-01 2.380779245888810e-01 1.051799000701160e+00
1.937500000000000e-01 2.431260731791094e-01 1.051804899584765e+00
1.968750000000000e-01 2.482335799284277e-01 1.051810623521013e+00
2.000000000000000e-01 2.534016918120952e-01 1.051816180395240e+00
2.031250000000000e-01 2.586316706018478e-01 1.051821577523142e+00
2.062500000000000e-01 2.639247931739538e-01 1.051826821828888e+00
2.093750000000000e-01 2.692823518209576e-01 1.051831919863365e+00
2.125000000000000e-01 2.747056545671873e-01 1.051836877709704e+00
2.156250000000000e-01 2.801960254881028e-01 1.051841701143096e+00
2.187500000000000e-01 2.857548050335636e-01 1.051846395632177e+00
2.218750000000000e-01 2.913833503550930e-01 1.051850966334931e+00
2.250000000000000e-01 2.970830356372213e-01 1.051855418089511e+00
2.281250000000000e-01 3.028552524329863e-01 1.051859755453214e+00
2.312500000000000e-01 3.087014100036755e-01 1.051863982844780e+00
2.343750000000000e-01 3.146229356628902e-01 1.051868104318116e+00
2.375000000000000e-01 3.206212751250189e-01 1.051872123800097e+00
2.406250000000000e-01 3.266978928582008e-01 1.051876044964229e+00
2.437500000000000e-01 3.328542724418705e-01 1.051879871361117e+00
2.468750000000000e-01 3.390919169289667e-01 1.051883606339803e+00
2.500000000000000e-01 3.454123492128958e-01 1.051887253016712e+00
2.531250000000000e-01 3.518171123993401e-01 1.051890814452878e+00
2.562500000000000e-01 3.583077701830001e-01 1.051894293465739e+00
2.593750000000000e-01 3.648859072293631e-01 1.051897692855078e+00
2.625000000000000e-01 3.715531295615936e-01 1.051901015212781e+00
2.656250000000000e-01 3.783110649526354e-01 1.051904262988383e+00
2.687500000000000e-01 3.851613633226258e-01 1.051907438608540e+00
2.718750000000000e-01 3.921056971417164e-01 1.051910544282467e+00
2.750000000000000e-01 3.991457618383991e-01 1.051913582221907e+00
2.781250000000000e-01 4.062832762134377e-01 1.051916554498082e+00
2.812500000000000e-01 4.135199828595055e-01 1.051919463050998e+00
2.843750000000000e-01 4.208576485866312e-01 1.051922309803881e+00
2.875000000000000e-01 4.282980648535585e-01 1.051925096622312e+00
2.906250000000000e-01 4.358430482051222e-01 1.051927825165454e+00
2.937500000000000e-01 4.434944407157500e-01 1.051930497153912e+00
2.968750000000000e-01 4.512541104391968e-01 1.051933114170993e+00
3.000000000000000e-01 4.591239518646220e-01 1.051935677773202e+00
3.031250000000000e-01 4.671058863791195e-01 1.051938189392813e+00
3.062500000000000e-01 4.752018627368176e-01 1.051940650500539e+00
3.093750000000000e-01 4.834138575346580e-01 1.051943062403709e+00
3.125000000000000e-01 4.917438756949728e-01 1.051945426459397e+00
3.156250000000000e-01 5.001939509549778e-01 1.051947743924883e+00
3.187500000000000e-01 5.087661463633005e-01 1.051950015960928e+00
3.218750000000000e-01 5.174625547836644e-01 1.051952243793220e+00
3.250000000000000e-01 5.262852994058529e-01 1.051954428562180e+00
3.281250000000000e-01 5.352365342640750e-01 1.051956571325665e+00
3.312500000000000e-01 5.443184447628656e-01 1.051958673114290e+00
3.343750000000000e-01 5.535332482106405e-01 1.051960734935565e+00
3.375000000000000e-01 5.628831943610435e-01 1.051962757830656e+00
3.406250000000000e-01 5.723705659622137e-01 1.051964742668871e+00
3.437500000000000e-01 5.819976793141081e-01 1.051966690410025e+00
3.468750000000000e-01 5.917668848340161e-01 1.051968601900427e+00
3.500000000000000e-01 6.016805676304035e-01 1.051970478031203e+00
3.531250000000000e-01 6.117411480852264e-01 1.051972319585097e+00
3.562500000000000e-01 6.219510824448572e-01 1.051974127394601e+00
3.593750000000000e-01 6.323128634197650e-01 1.051975902188562e+00
3.625000000000000e-01 6.428290207931012e-01 1.051977644750140e+00
3.656250000000000e-01 6.535021220383342e-01 1.051979355763247e+00
3.687500000000000e-01 6.643347729460869e-01 1.051981035970345e+00
3.718750000000000e-01 6.753296182603294e-01 1.051982686018744e+00
3.750000000000000e-01 6.864893423240808e-01 1.051984306618256e+00
3.781250000000000e-01 6.978166697347804e-01 1.051985898334611e+00
3.812500000000000e-01 7.093143660094854e-01 1.051987461850802e+00
3.843750000000000e-01 7.209852382600603e-01 1.051988997762087e+00
3.875000000000000e-01 7.328321358785219e-01 1.051990506627906e+00
3.906250000000000e-01 7.448579512327029e-01 1.051991989025464e+00
3.937500000000000e-01 7.570656203724140e-01 1.051993445499443e+00
3.968750000000000e-01 7.694581237462648e-01 1.051994876615488e+00
4.000000000000000e-01 7.820384869293291e-01 1.051996282857087e+00
4.031250000000000e-01 7.948097813618253e-01 1.051997664730046e+00
4.062500000000000e-01 8.077751250989945e-01 1.051999022764788e+00
4.093750000000000e-01 8.209376835723596e-01 1.052000357413133e+00
4.125000000000000e-01 8.343006703625532e-01 1.052001669152664e+00
4.156250000000000e-01 8.478673479838968e-01 1.052002958488933e+00
4.187500000000000e-01 8.616410286809313e-01 1.052004225799405e+00
4.218750000000000e-01 8.756250752370857e-01 1.052005471541553e+00
4.250000000000000e-01 8.898229017956865e-01 1.052006696098431e+00
4.281250000000000e-01 9.042379746935050e-01 1.052007899935649e+00
4.312500000000000e-01 9.188738133070491e-01 1.052009083446896e+00
4.343750000000000e-01 9.337339909118028e-01 1.052010247005389e+00
4.375000000000000e-01 9.488221355546261e-01 1.052011390964239e+00
4.406250000000000e-01 9.641419309395265e-01 1.052012515709535e+00
4.437500000000000e-01 9.796971173270190e-01 1.052013621662335e+00
4.468750000000000e-01 9.954914924472941e-01 1.052014709122421e+00
4.500000000000000e-01 1.011528912427417e+00 1.052015778423480e+00
4.531250000000000e-01 1.027813292732786e+00 1.052016829935053e+00
4.562500000000000e-01 1.044348609123070e+00 1.052017863958976e+00
4.593750000000000e-01 1.061138898622882e+00 1.052018880833450e+00
4.625000000000000e-01 1.078188260507393e+00 1.052019880882201e+00
4.656250000000000e-01 1.095500857303154e+00 1.052020864414705e+00
4.687500000000000e-01 1.113080915804360e+00 1.052021831726403e+00
4.718750000000000e-01 1.130932728104805e+00 1.052022783098906e+00
4.750000000000000e-01 1.149060652645771e+00 1.052023718800189e+00
4.781250000000000e-01 1.167469115280130e+00 1.052024639137513e+00
4.812500000000000e-01 1.186162610352890e+00 1.052025544406514e+00
4.843750000000000e-01 1.205145701798475e+00 1.052026434838637e+00
4.875000000000000e-01 1.224423024254985e+00 1.052027310705113e+00
4.906250000000000e-01 1.243999284195726e+00 1.052028172266023e+00
4.937500000000000e-01 1.263879261078271e+00 1.052029019823174e+00
4.968750000000000e-01 1.284067808511348e+00 1.052029853563690e+00
5.000000000000000e-01 1.304569855439823e+00 1.052030673767768e+00
5.031250000000000e-01 1.325390407348082e+00 1.052031480653905e+00
5.062500000000000e-01 1.346534547482100e+00 1.052032274430097e+00
5.093750000000000e-01 1.368007438090487e+00 1.052033055346686e+00
5.125000000000001e-01 1.389814321684837e+00 1.052033823592646e+00
5.156250000000000e-01 1.411960522319654e+00 1.052034579452230e+00
5.187500000000000e-01 1.434451446892208e+00 1.052035323097434e+00
5.218750000000000e-01 1.457292586462593e+00 1.052036054742991e+00
5.250000000000000e-01 1.480489517594354e+00 1.052036774595373e+00
5.281250000000001e-01 1.504047903715979e+00 1.052037482852870e+00
5.312500000000000e-01 1.527973496503592e+00 1.052038179705670e+00
5.343750000000000e-01 1.552272137285215e+00 1.052038865388664e+00
5.375000000000000e-01 1.576949758466886e+00 1.052039540024971e+00
5.406250000000000e-01 1.602012384981041e+00 1.052040203833639e+00
5.437500000000001e-01 1.627466135757470e+00 1.052040857027531e+00
5.468750000000000e-01 1.653317225217225e+00 1.052041499760660e+00
5.500000000000000e-01 1.679571964789851e+00 1.052042132179339e+00
5.531250000000000e-01 1.706236764454286e+00 1.052042754474959e+00
5.562500000000000e-01 1.733318134303830e+00 1.052043366832958e+00
5.593750000000001e-01 1.760822686135563e+00 1.052043969432865e+00
5.625000000000000e-01 1.788757135064574e+00 1.052044562395628e+00
5.656250000000000e-01 1.817128301163438e+00 1.052045145940196e+00
5.687500000000000e-01 1.845943111127301e+00 1.052045720175937e+00
5.718750000000000e-01 1.875208599965003e+00 1.052046285257582e+00
5.750000000000001e-01 1.904931912716643e+00 1.052046841386898e+00
5.781250000000000e-01 1.935120306198011e+00 1.052047388656189e+00
5.812500000000000e-01 1.965781150772311e+00 1.052047927255961e+00
5.843750000000000e-01 1.996921932149593e+00 1.052048457267324e+00
5.875000000000000e-01 2.028550253214365e+00 1.052048978869660e+00
5.906250000000001e-01 2.060673835881802e+00 1.052049492238468e+00
5.937500000000000e-01 2.093300522983012e+00 1.052049997439943e+00
5.968750000000000e-01 2.126438280179837e+00 1.052050494638643e+00
6.000000000000001e-01 2.160095197909630e+00 1.052050984048049e+00
6.031250000000000e-01 2.194279493360494e+00 1.052051465615881e+00
6.062500000000001e-01 2.228999512477486e+00 1.052051939648656e+00
6.093750000000000e-01 2.264263732000228e+00 1.052052406243158e+00
6.125000000000000e-01 2.300080761532477e+00 1.052052865332671e+00
6.156250000000001e-01 2.336459345644116e+00 1.052053317314784e+00
6.187500000000000e-01 2.373408366006099e+00 1.052053762169788e+00
6.218750000000001e-01 2.410936843558884e+00 1.052054199922166e+00
6.250000000000000e-01 2.449053940714840e+00 1.052054630958578e+00
6.281250000000000e-01 2.487768963595221e+00 1.052055055195714e+00
6.312500000000001e-01 2.527091364302215e+00 1.052055472592882e+00
6.343750000000000e-01 2.567030743226622e+00 1.052055883786326e+00
6.375000000000001e-01 2.607596851391758e+00 1.052056288423281e+00
6.406250000000000e-01 2.648799592834118e+00 1.052056686501842e+00
6.437500000000000e-01 2.690649027021411e+00 1.052057078856877e+00
6.468750000000001e-01 2.733155371308524e+00 1.052057464866293e+00
6.500000000000000e-01 2.776329003432049e+00 1.052057844567100e+00
6.531250000000001e-01 2.820180464043967e+00 1.052058219045629e+00
6.562500000000000e-01 2.864720459285089e+00 1.052058587570366e+00
6.593750000000000e-01 2.909959863398929e+00 1.052058949802072e+00
6.625000000000001e-01 2.955909721386590e+00 1.052059307441193e+00
6.656250000000000e-01 3.002581251703353e+00 1.052059659651768e+00
6.687500000000001e-01 3.049985848997626e+00 1.052060005354229e+00
6.718750000000000e-01 3.098135086892879e+00 1.052060346856719e+00
6.750000000000000e-01 3.147040720813310e+00 1.052060684266844e+00
6.781250000000001e-01 3.196714690853871e+00 1.052061014472760e+00
6.812500000000000e-01 3.247169124695383e+00 1.052061340323032e+00
6.843750000000001e-01 3.298416340565477e+00 1.052061664539737e+00
6.875000000000000e-01 3.350468850246008e+00 1.052061981171038e+00
6.906250000000000e-01 3.403339362127777e+00 1.052062291770494e+00
6.937500000000001e-01 3.457040784313211e+00 1.052062603103777e+00
6.968750000000000e-01 3.511586227767823e+00 1.052062910437038e+00
7.000000000000001e-01 3.566989009521205e+00 1.052063207298623e+00
7.031250000000000e-01 3.623262655918307e+00 1.052063503039333e+00
7.062500000000000e-01 3.680420905921852e+00 1.052063806350153e+00
7.093750000000001e-01 3.738477714466631e+00 1.052064096236164e+00
7.125000000000000e-01 3.797447255866536e+00 1.052064375871152e+00
7.156250000000001e-01 3.857343927275175e+00 1.052064665876536e+00
7.187500000000000e-01 3.918182352200844e+00 1.052064970217936e+00
7.218750000000000e-01 3.979977384076828e+00 1.052065244935691e+00
7.250000000000001e-01 4.042744109887770e+00 1.052065509646655e+00
7.281250000000000e-01 4.106497853853101e+00 1.052065808475848e+00
7.312500000000001e-01 4.171254181168399e+00 1.052066142201848e+00
7.343750000000000e-01 4.237028901805528e+00 1.052066410731084e+00
7.375000000000000e-01 4.303838074372613e+00 1.052066660680033e+00
7.406250000000001e-01 4.371698010034643e+00 1.052066976324687e+00
7.437500000000000e-01 4.440625276495786e+00 1.052067439381076e+00
7.468750000000001e-01 4.510636702044332e+00 1.052067765333353e+00
7.500000000000000e-01 4.581749379661216e+00 1.052068004023193e+00
7.531250000000000e-01 4.653980671193226e+00 1.052068273965801e+00
7.562500000000001e-01 4.727348211591802e+00 1.052069009777762e+00
7.593750000000000e-01 4.801869913218528e+00 1.052069964297619e+00
7.625000000000001e-01 4.877563970218381e+00 1.052070307799124e+00
7.656250000000000e-01 4.954448862961714e+00 1.052070575479003e+00
7.687500000000000e-01 5.032543362556198e+00 1.052070894627431e+00
7.718750000000001e-01 5.111866535429675e+00 1.052073215350489e+00
7.750000000000000e-01 5.192437747985146e+00 1.052077768270634e+00
7.781250000000001e-01 5.274276671329015e+00 1.052079669265260e+00
7.812500000000000e-01 5.357403286073669e+00 1.052080171593406e+00
7.843750000000000e-01 5.441837887215693e+00 1.052081682393786e+00
7.875000000000001e-01 5.527601089090773e+00 1.052082359603578e+00
7.906250000000000e-01 5.614713830406605e+00 1.052099399996389e+00
7.937500000000001e-01 5.703197379355005e+00 1.052151235362244e+00
7.968750000000000e-01 5.793073338804412e+00 1.052200610570140e+00
8.000000000000000e-01 5.884363651574169e+00 1.052205408685465e+00
8.031250000000001e-01 5.977090605791737e+00 1.052278815771467e+00
8.062500000000000e-01 6.071276840334257e+00 1.052733465479145e+00
8.093750000000001e-01 6.166945350355728e+00 1.053890757284411e+00
8.125000000000000e-01 6.264119492901173e+00 1.055826574580468e+00
8.156250000000000e-01 6.362822992609162e+00 1.058289376542476e+00
8.187500000000001e-01 6.463079947504072e+00 1.060835795269456e+00
8.218750000000000e-01 6.564914834879517e+00 1.063049086146882e+00
8.250000000000001e-01 6.668352517274371e+00 1.064691353249792e+00
8.281250000000000e-01 6.773418248542846e+00 1.065734634413799e+00
8.312500000000000e-01 6.880137680020114e+00 1.066303675286779e+00
8.343750000000001e-01 6.988536866784961e+00 1.066591128752416e+00
8.375000000000000e-01 7.098642274021019e+00 1.066788371519844e+00
8.406250000000001e-01 7.210480783478133e+00 1.067046902298836e+00
8.437500000000000e-01 7.324079700035414e+00 1.067466733272492e+00
8.468750000000000e-01 7.439466758367605e+00 1.068101328874355e+00
8.500000000000001e-01 7.556670129716381e+00 1.068968791036567e+00
8.531250000000000e-01 7.675718428768239e+00 1.070062573168057e+00
8.562500000000001e-01 7.796640720640633e+00 1.071359555024437e+00
8.593750000000000e-01 7.919466527978115e+00 1.072826308372809e+00
8.625000000000000e-01 8.044225838160141e+00 1.074424290180532e+00
8.656250000000001e-01 8.170949110622363e+00 1.076112818928581e+00
8.687500000000000e-01 8.299667284293170e+00 1.077847997170401e+00
8.718750000000001e-01 8.430411785147284e+00 1.079577897520474e+00
8.750000000000000e-01 8.563214533878281e+00 1.081237972916697e+00
8.781250000000000e-01 8.698107953691880e+00 1.082752786151603e+00
8.812500000000001e-01 8.835124978221932e+00 1.084048309730462e+00
8.843750000000000e-01 8.974299059571019e+00 1.085073146487070e+00
8.875000000000001e-01 9.115664176477637e+00 1.085820200478004e+00
8.906250000000000e-01 9.259254842611947e+00 1.086337290560218e+00
8.937500000000000e-01 9.405106115002161e+00 1.086718671268286e+00
8.968750000000001e-01 9.553253602593529e+00 1.087078049951217e+00
9.000000000000000e-01 9.703733474942130e+00 1.087513018599618e+00
9.031250000000001e-01 9.856582471045494e+00 1.088075808295882e+00
9.062500000000000e-01 1.001183790831228e+01 1.088762771864364e+00
9.093750000000000e-01 1.016953769167313e+01 1.089525811781426e+00
9.125000000000001e-01 1.032972032283505e+01 1.090298190233793e+00
9.156250000000000e-01 1.049242490968134e+01 1.091021262544628e+00
9.187500000000001e-01 1.065769117581972e+01 1.091660827422242e+00
9.218750000000000e-01 1.082555947028058e+01 1.092209488833497e+00
9.250000000000000e-01 1.099607077736805e+01 1.092678928224567e+00
9.281250000000001e-01 1.116926672666618e+01 1.093089049998017e+00
9.312500000000000e-01 1.134518960320255e+01 1.093459430272092e+00
9.343750000000001e-01 1.152388235777201e+01 1.093805044672294e+00
9.375000000000000e-01 1.170538861742293e+01 1.094135541758758e+00
9.406250000000000e-01 1.188975269610854e+01 1.094456348919943e+00
9.437500000000001e-01 1.207701960550600e+01 1.094770195200794e+00
9.468750000000000e-01 1.226723506600578e+01 1.095078337376771e+00
9.500000000000001e-01 1.246044551787411e+01 1.095381327598222e+00
9.531250000000000e-01 1.265669813259115e+01 1.095679417382152e+00
9.562500000000000e-01 1.285604082436773e+01 1.095972742190084e+00
9.593750000000001e-01 1.305852226184337e+01 1.096261396294121e+00
9.625000000000000e-01 1.326419187996850e+01 1.096545460140841e+00
9.656250000000001e-01 1.347309989207381e+01 1.096825009207039e+00
9.687500000000000e-01 1.368529730212962e+01 1.097100116728049e+00
9.718750000000000e-01 1.390083591719824e+01 1.097370854593757e+00
9.750000000000001e-01 1.411976836008246e+01 1.097637293338227e+00
9.781250000000000e-01 1.434214808217320e+01 1.097899502402591e+00
9.812500000000001e-01 1.456802937649935e+01 1.098157549964654e+00
9.843750000000000e-01 1.479746739098328e+01 1.098411503091484e+00
9.875000000000000e-01 1.503051814190487e+01 1.098661427785364e+00
9.906250000000001e-01 1.526723852757770e+01 1.098907388919424e+00
9.937500000000000e-01 1.550768634224049e+01 1.099149450279744e+00
9.968750000000001e-01 1.575192029016732e+01 1.099387674662442e+00
1.000000000000000e+00 1.600000000000000e+01 1.099622123696846e+00
