0.000000000000000e+00 0.000000000000000e+00 1.000000000000000e+00
3.125000000000000e-03 3.369263549427258e-03 1.036177648717619e+00
6.250000000000000e-03 6.739349689698711e-03 1.043016607208385e+00
9.375000000000001e-03 1.011108121249049e-02 1.045792862806748e+00
1.250000000000000e-02 1.348528131119160e-02 1.047275814468484e+00
1.562500000000000e-02 1.686277378188298e-02 1.048196016099380e+00
1.875000000000000e-02 2.024438322446370e-02 1.048822165686267e+00
2.187500000000000e-02 2.363093524397333e-02 1.049275654874037e+00
2.500000000000000e-02 2.702325665215984e-02 1.049619222665405e+00
2.812500000000000e-02 3.042217566934200e-02 1.049888525605269e+00
3.125000000000000e-02 3.382852212661575e-02 1.050105316197064e+00
3.437500000000000e-02 3.724312766845378e-02 1.050283613137273e+00
3.750000000000001e-02 4.066682595574785e-02 1.050432856023563e+00
4.062500000000000e-02 4.410045286934348e-02 1.050559632737558e+00
4.375000000000000e-02 4.754484671411652e-02 1.050668680255038e+00
4.687500000000000e-02 5.100084842364160e-02 1.050763491747529e+00
5.000000000000000e-02 5.446930176550237e-02 1.050846699525569e+00
5.312500000000001e-02 5.795105354729364e-02 1.050920324688824e+00
5.625000000000000e-02 6.144695382336569e-02 1.050985944797023e+00
5.937500000000000e-02 6.495785610236132e-02 1.051044809162073e+00
6.250000000000000e-02 6.848461755559625e-02 1.051097919918211e+00
6.562500000000000e-02 7.202809922633362e-02 1.051146090270171e+00
6.875000000000001e-02 7.558916624000402e-02 1.051189987082512e+00
7.187500000000001e-02 7.916868801542200e-02 1.051230162237695e+00
7.500000000000001e-02 8.276753847705080e-02 1.051267076464336e+00
7.812500000000000e-02 8.638659626836727e-02 1.051301117419608e+00
8.125000000000000e-02 9.002674496637868e-02 1.051332613521647e+00
8.437500000000001e-02 9.368887329734420e-02 1.051361844949595e+00
8.750000000000001e-02 9.737387535375355e-02 1.051389052158874e+00
9.062500000000001e-02 1.010826508126157e-01 1.051414442611118e+00
9.375000000000000e-02 1.048161051551108e-01 1.051438196287142e+00
9.687500000000000e-02 1.085751498876601e-01 1.051460470142032e+00
1.000000000000000e-01 1.123607027644654e-01 1.051481401556982e+00
1.031250000000000e-01 1.161736880115753e-01 1.051501111415151e+00
1.062500000000000e-01 1.200150365525305e-01 1.051519706405354e+00
1.093750000000000e-01 1.238856862356450e-01 1.051537281130386e+00
1.125000000000000e-01 1.277865820629775e-01 1.051553919689471e+00
1.156250000000000e-01 1.317186764210495e-01 1.051569697117575e+00
1.187500000000000e-01 1.356829293133661e-01 1.051584680648946e+00
1.218750000000000e-01 1.396803085947971e-01 1.051598930596704e+00
1.250000000000000e-01 1.437117902078738e-01 1.051612501274117e+00
1.281250000000000e-01 1.477783584210617e-01 1.051625441728340e+00
1.312500000000000e-01 1.518810060690650e-01 1.051637796327058e+00
1.343750000000000e-01 1.560207347952229e-01 1.051649605379202e+00
1.375000000000000e-01 1.601985552960564e-01 1.051660905457258e+00
1.406250000000000e-01 1.644154875680252e-01 1.051671729949106e+00
1.437500000000000e-01 1.686725611565558e-01 1.051682109322468e+00
1.468750000000000e-01 1.729708154074000e-01 1.051692071474185e+00
1.500000000000000e-01 1.773112997203869e-01 1.051701642000922e+00
1.531250000000000e-01 1.816950738056289e-01 1.051710844363983e+00
1.562500000000000e-01 1.861232079422458e-01 1.051719700175037e+00
1.593750000000000e-01 1.905967832396682e-01 1.051728229324193e+00
1.625000000000000e-01 1.951168919015860e-01 1.051736450244698e+00
1.656250000000000e-01 1.996846374926046e-01 1.051744379923575e+00
1.687500000000000e-01 2.043011352076760e-01 1.051752034129500e+00
1.718750000000000e-01 2.089675121443681e-01 1.051759427432631e+00
1.750000000000000e-01 2.136849075780412e-01 1.051766573414743e+00
1.781250000000000e-01 2.184544732399964e-01 1.051773484678429e+00
1.812500000000000e-01 2.232773735986666e-01 1.051780172979582e+00
1.843750000000000e-01 2.281547861439151e-01 1.051786649271430e+00
1.875000000000000e-01 2.330879016745160e-01 1.051792923768606e+00
1.906250000000000e-01 2.380779245888810e-01 1.051799005997594e+00
1.937500000000000e-01 2.431260731791094e-01 1.051804904908055e+00
1.968750000000000e-01 2.482335799284277e-01 1.051810628902586e+00
2.000000000000000e-01 2.534016918120952e-01 1.051816185782832e+00
2.031250000000000e-01 2.586316706018478e-01 1.051821582939455e+00
2.062500000000000e-01 2.639247931739538e-01 1.051826827284388e+00
2.093750000000000e-01 2.692823518209576e-01 1.051831925355011e+00
2.125000000000000e-01 2.747056545671873e-01 1.051836883268702e+00
2.156250000000000e-01 2.801960254881028e-01 1.051841706778663e+00
2.187500000000000e-01 2.857548050335636e-01 1.051846401325999e+00
2.218750000000000e-01 2.913833503550930e-01 1.051850972088384e+00
2.250000000000000e-01 2.970830356372213e-01 1.051855423879344e+00
2.281250000000000e-01 3.028552524329863e-01 1.051859761331794e+00
2.312500000000000e-01 3.087014100036755e-01 1.051863988755520e+00
2.343750000000000e-01 3.146229356628902e-01 1.051868110314580e+00
2.375000000000000e-01 3.206212751250189e-01 1.051872129879103e+00
2.406250000000000e-01 3.266978928582008e-01 1.051876051124339e+00
2.437500000000000e-01 3.328542724418705e-01 1.051879877594182e+00
2.468750000000000e-01 3.390919169289667e-01 1.051883612618309e+00
2.500000000000000e-01 3.454123492128958e-01 1.051887259370073e+00
2.531250000000000e-01 3.518171123993401e-01 1.051890820887933e+00
2.562500000000000e-01 3.583077701830001e-01 1.051894300022643e+00
2.593750000000000e-01 3.648859072293631e-01 1.051897699490365e+00
2.625000000000000e-01 3.715531295615936e-01 1.051901021926130e+00
2.656250000000000e-01 3.783110649526354e-01 1.051904269791589e+00
2.687500000000000e-01 3.851613633226258e-01 1.051907445497215e+00
2.718750000000000e-01 3.921056971417164e-01 1.051910551308493e+00
2.750000000000000e-01 3.991457618383991e-01 1.051913589357131e+00
2.781250000000000e-01 4.062832762134377e-01 1.051916561724689e+00
2.812500000000000e-01 4.135199828595055e-01 1.051919470418637e+00
2.843750000000000e-01 4.208576485866312e-01 1.051922317310076e+00
2.875000000000000e-01 4.282980648535585e-01 1.051925104214498e+00
2.906250000000000e-01 4.358430482051222e-01 1.051927832901592e+00
2.937500000000000e-01 4.434944407157500e-01 1.051930504995118e+00
2.968750000000000e-01 4.512541104391968e-01 1.051933122124160e+00
3.000000000000000e-01 4.591239518646220e-01 1.051935685823512e+00
3.031250000000000e-01 4.671058863791195e-01 1.051938197575989e+00
3.062500000000000e-01 4.752018627368176e-01 1.051940658819171e+00
3.093750000000000e-01 4.834138575346580e-01 1.051943070878885e+00
3.125000000000000e-01 4.917438756949728e-01 1.051945435082427e+00
3.156250000000000e-01 5.001939509549778e-01 1.051947752692766e+00
3.187500000000000e-01 5.087661463633005e-01 1.051950024913048e+00
3.218750000000000e-01 5.174625547836644e-01 1.051952252927381e+00
3.250000000000000e-01 5.262852994058529e-01 1.051954437833182e+00
3.281250000000000e-01 5.352365342640750e-01 1.051956580753338e+00
3.312500000000000e-01 5.443184447628656e-01 1.051958682732927e+00
3.343750000000000e-01 5.535332482106405e-01 1.051960744778082e+00
3.375000000000000e-01 5.628831943610435e-01 1.051962767859437e+00
3.406250000000000e-01 5.723705659622137e-01 1.051964752915439e+00
3.437500000000000e-01 5.819976793141081e-01 1.051966700855526e+00
3.468750000000000e-01 5.917668848340161e-01 1.051968612563193e+00
3.500000000000000e-01 6.016805676304035e-01 1.051970488898935e+00
3.531250000000000e-01 6.117411480852264e-01 1.051972330703089e+00
3.562500000000000e-01 6.219510824448572e-01 1.051974138762102e+00
3.593750000000000e-01 6.323128634197650e-01 1.051975913809997e+00
3.625000000000000e-01 6.428290207931012e-01 1.051977656639171e+00
3.656250000000000e-01 6.535021220383342e-01 1.051979367959366e+00
3.687500000000000e-01 6.643347729460869e-01 1.051981048470645e+00
3.718750000000000e-01 6.753296182603294e-01 1.051982698829271e+00
3.750000000000000e-01 6.864893423240808e-01 1.051984319721732e+00
3.781250000000000e-01 6.978166697347804e-01 1.051985911795191e+00
3.812500000000000e-01 7.093143660094854e-01 1.051987475658456e+00
3.843750000000000e-01 7.209852382600603e-01 1.051989011919369e+00
3.875000000000000e-01 7.328321358785219e-01 1.051990521150381e+00
3.906250000000000e-01 7.448579512327029e-01 1.051992003925839e+00
3.937500000000000e-01 7.570656203724140e-01 1.051993460823927e+00
3.968750000000000e-01 7.694581237462648e-01 1.051994892355645e+00
4.000000000000000e-01 7.820384869293291e-01 1.051996299037263e+00
4.031250000000000e-01 7.948097813618253e-01 1.051997681392138e+00
4.062500000000000e-01 8.077751250989945e-01 1.051999039916044e+00
4.093750000000000e-01 8.209376835723596e-01 1.052000375077756e+00
4.125000000000000e-01 8.343006703625532e-01 1.052001687356071e+00
4.156250000000000e-01 8.478673479838968e-01 1.052002977205032e+00
4.187500000000000e-01 8.616410286809313e-01 1.052004245090887e+00
4.218750000000000e-01 8.756250752370857e-01 1.052005491420805e+00
4.250000000000000e-01 8.898229017956865e-01 1.052006716615084e+00
4.281250000000000e-01 9.042379746935050e-01 1.052007921108729e+00
4.312500000000000e-01 9.188738133070491e-01 1.052009105280098e+00
4.343750000000000e-01 9.337339909118028e-01 1.052010269523046e+00
4.375000000000000e-01 9.488221355546261e-01 1.052011414211978e+00
4.406250000000000e-01 9.641419309395265e-01 1.052012539738656e+00
4.437500000000000e-01 9.796971173270190e-01 1.052013646477213e+00
4.468750000000000e-01 9.954914924472941e-01 1.052014734784467e+00
4.500000000000000e-01 1.011528912427417e+00 1.052015804963757e+00
4.531250000000000e-01 1.027813292732786e+00 1.052016857409891e+00
4.562500000000000e-01 1.044348609123070e+00 1.052017892430585e+00
4.593750000000000e-01 1.061138898622882e+00 1.052018910317329e+00
4.625000000000000e-01 1.078188260507393e+00 1.052019911454980e+00
4.656250000000000e-01 1.095500857303154e+00 1.052020896106711e+00
4.687500000000000e-01 1.113080915804360e+00 1.052021864593055e+00
4.718750000000000e-01 1.130932728104805e+00 1.052022817185040e+00
4.750000000000000e-01 1.149060652645771e+00 1.052023754212593e+00
4.781250000000000e-01 1.167469115280130e+00 1.052024675957658e+00
4.812500000000000e-01 1.186162610352890e+00 1.052025582653228e+00
4.843750000000000e-01 1.205145701798475e+00 1.052026474628174e+00
4.875000000000000e-01 1.224423024254985e+00 1.052027352128573e+00
4.906250000000000e-01 1.243999284195726e+00 1.052028215424927e+00
4.937500000000000e-01 1.263879261078271e+00 1.052029064740549e+00
4.968750000000000e-01 1.284067808511348e+00 1.052029900359905e+00
5.000000000000000e-01 1.304569855439823e+00 1.052030722521678e+00
5.031250000000000e-01 1.325390407348082e+00 1.052031531490645e+00
5.062500000000000e-01 1.346534547482100e+00 1.052032327486035e+00
5.093750000000000e-01 1.368007438090487e+00 1.052033110753406e+00
5.125000000000001e-01 1.389814321684837e+00 1.052033881529429e+00
5.156250000000000e-01 1.411960522319654e+00 1.052034640041997e+00
5.187500000000000e-01 1.434451446892208e+00 1.052035386510316e+00
5.218750000000000e-01 1.457292586462593e+00 1.052036121145000e+00
5.250000000000000e-01 1.480489517594354e+00 1.052036844184601e+00
5.281250000000001e-01 1.504047903715979e+00 1.052037555860382e+00
5.312500000000000e-01 1.527973496503592e+00 1.052038256359944e+00
5.343750000000000e-01 1.552272137285215e+00 1.052038945899065e+00
5.375000000000000e-01 1.576949758466886e+00 1.052039624686455e+00
5.406250000000000e-01 1.602012384981041e+00 1.052040292923827e+00
5.437500000000001e-01 1.627466135757470e+00 1.052040950842403e+00
5.468750000000000e-01 1.653317225217225e+00 1.052041598631217e+00
5.500000000000000e-01 1.679571964789851e+00 1.052042236472487e+00
5.531250000000000e-01 1.706236764454286e+00 1.052042864614565e+00
5.562500000000000e-01 1.733318134303830e+00 1.052043483264909e+00
5.593750000000001e-01 1.760822686135563e+00 1.052044092589007e+00
5.625000000000000e-01 1.788757135064574e+00 1.052044692818628e+00
5.656250000000000e-01 1.817128301163438e+00 1.052045284181239e+00
5.687500000000000e-01 1.845943111127301e+00 1.052045866863598e+00
5.718750000000000e-01 1.875208599965003e+00 1.052046441083563e+00
5.750000000000001e-01 1.904931912716643e+00 1.052047007091255e+00
5.781250000000000e-01 1.935120306198011e+00 1.052047565060888e+00
5.812500000000000e-01 1.965781150772311e+00 1.052048115270776e+00
5.843750000000000e-01 1.996921932149593e+00 1.052048657960970e+00
5.875000000000000e-01 2.028550253214365e+00 1.052049193368602e+00
5.906250000000001e-01 2.060673835881802e+00 1.052049721764369e+00
5.937500000000000e-01 2.093300522983012e+00 1.052050243453677e+00
5.968750000000000e-01 2.126438280179837e+00 1.052050758704917e+00
6.000000000000001e-01 2.160095197909630e+00 1.052051267821244e+00
6.031250000000000e-01 2.194279493360494e+00 1.052051771214623e+00
6.062500000000001e-01 2.228999512477486e+00 1.052052269190560e+00
6.093750000000000e-01 2.264263732000228e+00 1.052052762090524e+00
6.125000000000000e-01 2.300080761532477e+00 1.052053250511760e+00
6.156250000000001e-01 2.336459345644116e+00 1.052053734950746e+00
6.187500000000000e-01 2.373408366006099e+00 1.052054215654051e+00
6.218750000000001e-01 2.410936843558884e+00 1.052054693485140e+00
6.250000000000000e-01 2.449053940714840e+00 1.052055169396861e+00
6.281250000000000e-01 2.487768963595221e+00 1.052055643704816e+00
6.312500000000001e-01 2.527091364302215e+00 1.052056117087558e+00
6.343750000000000e-01 2.567030743226622e+00 1.052056591472516e+00
6.375000000000001e-01 2.607596851391758e+00 1.052057067996946e+00
6.406250000000000e-01 2.648799592834118e+00 1.052057546617609e+00
6.437500000000000e-01 2.690649027021411e+00 1.052058029645179e+00
6.468750000000001e-01 2.733155371308524e+00 1.052058521161372e+00
6.500000000000000e-01 2.776329003432049e+00 1.052059021823874e+00
6.531250000000001e-01 2.820180464043967e+00 1.052059531053197e+00
6.562500000000000e-01 2.864720459285089e+00 1.052060055449449e+00
6.593750000000000e-01 2.909959863398929e+00 1.052060604204397e+00
6.625000000000001e-01 2.955909721386590e+00 1.052061176310947e+00
6.656250000000000e-01 3.002581251703353e+00 1.052061768549618e+00
6.687500000000001e-01 3.049985848997626e+00 1.052062396960545e+00
6.718750000000000e-01 3.098135086892879e+00 1.052063087273713e+00
6.750000000000000e-01 3.147040720813310e+00 1.052063838457903e+00
6.781250000000001e-01 3.196714690853871e+00 1.052064629889583e+00
6.812500000000000e-01 3.247169124695383e+00 1.052065485439325e+00
6.843750000000001e-01 3.298416340565477e+00 1.052066485835073e+00
6.875000000000000e-01 3.350468850246008e+00 1.052067675603579e+00
6.906250000000000e-01 3.403339362127777e+00 1.052068976053787e+00
6.937500000000001e-01 3.457040784313211e+00 1.052070311762137e+00
6.968750000000000e-01 3.511586227767823e+00 1.052071809299712e+00
7.000000000000001e-01 3.566989009521205e+00 1.052073766398816e+00
7.031250000000000e-01 3.623262655918307e+00 1.052076295587092e+00
7.062500000000000e-01 3.680420905921852e+00 1.052078900003568e+00
7.093750000000001e-01 3.738477714466631e+00 1.052080909883216e+00
7.125000000000000e-01 3.797447255866536e+00 1.052082334480971e+00
7.156250000000001e-01 3.857343927275175e+00 1.052083699674499e+00
7.187500000000000e-01 3.918182352200844e+00 1.052085479842881e+00
7.218750000000000e-01 3.979977384076828e+00 1.052087053531269e+00
7.250000000000001e-01 4.042744109887770e+00 1.052087731568115e+00
7.281250000000000e-01 4.106497853853101e+00 1.052103710646066e+00
7.312500000000001e-01 4.171254181168399e+00 1.052207047693657e+00
7.343750000000000e-01 4.237028901805528e+00 1.052554286580293e+00
7.375000000000000e-01 4.303838074372613e+00 1.053355335730963e+00
7.406250000000001e-01 4.371698010034643e+00 1.054778615751978e+00
7.437500000000000e-01 4.440625276495786e+00 1.056851516583435e+00
7.468750000000001e-01 4.510636702044332e+00 1.059424726284203e+00
7.500000000000000e-01 4.581749379661216e+00 1.062219913608226e+00
7.531250000000000e-01 4.653980671193226e+00 1.064925634440719e+00
7.562500000000001e-01 4.727348211591802e+00 1.067288476534648e+00
7.593750000000000e-01 4.801869913218528e+00 1.069164503102084e+00
7.625000000000001e-01 4.877563970218381e+00 1.070525216731652e+00
7.656250000000000e-01 4.954448862961714e+00 1.071432073572834e+00
7.687500000000000e-01 5.032543362556198e+00 1.071998863987990e+00
7.718750000000001e-01 5.111866535429675e+00 1.072356754115854e+00
7.750000000000000e-01 5.192437747985146e+00 1.072629306571459e+00
7.781250000000001e-01 5.274276671329015e+00 1.072918658054561e+00
7.812500000000000e-01 5.357403286073669e+00 1.073300662071140e+00
7.843750000000000e-01 5.441837887215693e+00 1.073825803292344e+00
7.875000000000001e-01 5.527601089090773e+00 1.074523022473804e+00
7.906250000000000e-01 5.614713830406605e+00 1.075404441744988e+00
7.937500000000001e-01 5.703197379355005e+00 1.076469821460907e+00
7.968750000000000e-01 5.793073338804412e+00 1.077710240217294e+00
8.000000000000000e-01 5.884363651574169e+00 1.079110846355138e+00
8.031250000000001e-01 5.977090605791737e+00 1.080652697126220e+00
8.062500000000000e-01 6.071276840334257e+00 1.082313782973324e+00
8.093750000000001e-01 6.166945350355728e+00 1.084069462568575e+00
8.125000000000000e-01 6.264119492901173e+00 1.085892604674285e+00
8.156250000000000e-01 6.362822992609162e+00 1.087753651805868e+00
8.187500000000001e-01 6.463079947504072e+00 1.089620584971555e+00
8.218750000000000e-01 6.564914834879517e+00 1.091458640655696e+00
8.250000000000001e-01 6.668352517274371e+00 1.093229875235198e+00
8.281250000000000e-01 6.773418248542846e+00 1.094893289598905e+00
8.312500000000000e-01 6.880137680020114e+00 1.096406794395990e+00
8.343750000000001e-01 6.988536866784961e+00 1.097732179275977e+00
8.375000000000000e-01 7.098642274021019e+00 1.098843059124829e+00
8.406250000000001e-01 7.210480783478133e+00 1.099733839723721e+00
8.437500000000000e-01 7.324079700035414e+00 1.100426167840355e+00
8.468750000000000e-01 7.439466758367605e+00 1.100969319015626e+00
8.500000000000001e-01 7.556670129716381e+00 1.101432889152026e+00
8.531250000000000e-01 7.675718428768239e+00 1.101893107153202e+00
8.562500000000001e-01 7.796640720640633e+00 1.102416586382369e+00
8.593750000000000e-01 7.919466527978115e+00 1.103046306830816e+00
8.625000000000000e-01 8.044225838160141e+00 1.103793880991683e+00
8.656250000000001e-01 8.170949110622363e+00 1.104640148274065e+00
8.687500000000000e-01 8.299667284293170e+00 1.105543537123370e+00
8.718750000000001e-01 8.430411785147284e+00 1.106453214068620e+00
8.750000000000000e-01 8.563214533878281e+00 1.107322647187848e+00
8.781250000000000e-01 8.698107953691880e+00 1.108119465843259e+00
8.812500000000001e-01 8.835124978221932e+00 1.108829326471484e+00
8.843750000000000e-01 8.974299059571019e+00 1.109454005578285e+00
8.875000000000001e-01 9.115664176477637e+00 1.110005907556666e+00
8.906250000000000e-01 9.259254842611947e+00 1.110501795168126e+00
8.937500000000000e-01 9.405106115002161e+00 1.110957878139817e+00
8.968750000000001e-01 9.553253602593529e+00 1.111387124323375e+00
9.000000000000000e-01 9.703733474942130e+00 1.111798559523717e+00
9.031250000000001e-01 9.856582471045494e+00 1.112197788873924e+00
9.062500000000000e-01 1.001183790831228e+01 1.112587972132678e+00
9.093750000000000e-01 1.016953769167313e+01 1.112970754809113e+00
9.125000000000001e-01 1.032972032283505e+01 1.113346950164623e+00
9.156250000000000e-01 1.049242490968134e+01 1.113716959601297e+00
9.187500000000001e-01 1.065769117581972e+01 1.114080998940754e+00
9.218750000000000e-01 1.082555947028058e+01 1.114439207043125e+00
9.250000000000000e-01 1.099607077736805e+01 1.114791692854514e+00
9.281250000000001e-01 1.116926672666618e+01 1.115138553956368e+00
9.312500000000000e-01 1.134518960320255e+01 1.115479883210577e+00
9.343750000000001e-01 1.152388235777201e+01 1.115815770959342e+00
9.375000000000000e-01 1.170538861742293e+01 1.116146305830677e+00
9.406250000000000e-01 1.188975269610854e+01 1.116471574834587e+00
9.437500000000001e-01 1.207701960550600e+01 1.116791663537759e+00
9.468750000000000e-01 1.226723506600578e+01 1.117106656009641e+00
9.500000000000001e-01 1.246044551787411e+01 1.117416634958056e+00
9.531250000000000e-01 1.265669813259115e+01 1.117721681673534e+00
9.562500000000000e-01 1.285604082436773e+01 1.118021876085795e+00
9.593750000000001e-01 1.305852226184337e+01 1.118317296781305e+00
9.625000000000000e-01 1.326419187996850e+01 1.118608021019350e+00
9.656250000000001e-01 1.347309989207381e+01 1.118894124746663e+00
9.687500000000000e-01 1.368529730212962e+01 1.119175682688154e+00
9.718750000000000e-01 1.390083591719824e+01 1.119452768283603e+00
9.750000000000001e-01 1.411976836008246e+01 1.119725453775547e+00
9.781250000000000e-01 1.434214808217320e+01 1.119993810143052e+00
9.812500000000001e-01 1.456802937649935e+01 1.120257907225607e+00
9.843750000000000e-01 1.479746739098328e+01 1.120517813732951e+00
9.875000000000000e-01 1.503051814190487e+01 1.120773597175811e+00
9.906250000000001e-01 1.526723852757770e+01 1.121025323948051e+00
9.937500000000000e-01 1.550768634224049e+01 1.121273059371134e+00
9.968750000000001e-01 1.575192029016732e+01 1.121516867660733e+00
1.000000000000000e+00 1.600000000000000e+01 1.121756811968416e+00
