0.000000000000000e+00 0.000000000000000e+00 1.000000000000000e+00
3.125000000000000e-03 3.369263549427258e-03 1.036177652347999e+00
6.250000000000000e-03 6.739349689698711e-03 1.043016617646094e+00
9.375000000000001e-03 1.011108121249049e-02 1.045792885927365e+00
1.250000000000000e-02 1.348528131119160e-02 1.047275854336085e+00
1.562500000000000e-02 1.686277378188298e-02 1.048196078007487e+00
1.875000000000000e-02 2.024438322446370e-02 1.048822253924950e+00
2.187500000000000e-02 2.363093524397333e-02 1.049275773253955e+00
2.500000000000000e-02 2.702325665215984e-02 1.049619375831442e+00
2.812500000000000e-02 3.042217566934200e-02 1.049888718328374e+00
3.125000000000000e-02 3.382852212661575e-02 1.050105552703910e+00
3.437500000000000e-02 3.724312766845378e-02 1.050283898037487e+00
3.750000000000001e-02 4.066682595574785e-02 1.050433193781643e+00
4.062500000000000e-02 4.410045286934348e-02 1.050560027650291e+00
4.375000000000000e-02 4.754484671411652e-02 1.050669136790358e+00
4.687500000000000e-02 5.100084842364160e-02 1.050764014197986e+00
5.000000000000000e-02 5.446930176550237e-02 1.050847292213284e+00
5.312500000000001e-02 5.795105354729364e-02 1.050920992255766e+00
5.625000000000000e-02 6.144695382336569e-02 1.050986691859371e+00
5.937500000000000e-02 6.495785610236132e-02 1.051045639946916e+00
6.250000000000000e-02 6.848461755559625e-02 1.051098839031213e+00
6.562500000000000e-02 7.202809922633362e-02 1.051147102475793e+00
6.875000000000001e-02 7.558916624000402e-02 1.051191096723432e+00
7.187500000000001e-02 7.916868801542200e-02 1.051231373484594e+00
7.500000000000001e-02 8.276753847705080e-02 1.051268393895374e+00
7.812500000000000e-02 8.638659626836727e-02 1.051302545506508e+00
8.125000000000000e-02 9.002674496637868e-02 1.051334156712798e+00
8.437500000000001e-02 9.368887329734420e-02 1.051363507913321e+00
8.750000000000001e-02 9.737387535375355e-02 1.051390839380512e+00
9.062500000000001e-02 1.010826508126157e-01 1.051416358662246e+00
9.375000000000000e-02 1.048161051551108e-01 1.051440245593528e+00
9.687500000000000e-02 1.085751498876601e-01 1.051462656862381e+00
1.000000000000000e-01 1.123607027644654e-01 1.051483729935085e+00
1.031250000000000e-01 1.161736880115753e-01 1.051503585814788e+00
1.062500000000000e-01 1.200150365525305e-01 1.051522331192840e+00
1.093750000000000e-01 1.238856862356450e-01 1.051540060517719e+00
1.125000000000000e-01 1.277865820629775e-01 1.051556858046599e+00
1.156250000000000e-01 1.317186764210495e-01 1.051572798514124e+00
1.187500000000000e-01 1.356829293133661e-01 1.051587949061493e+00
1.218750000000000e-01 1.396803085947971e-01 1.051602369955297e+00
1.250000000000000e-01 1.437117902078738e-01 1.051616115444724e+00
1.281250000000000e-01 1.477783584210617e-01 1.051629234483531e+00
1.312500000000000e-01 1.518810060690650e-01 1.051641771360450e+00
1.343750000000000e-01 1.560207347952229e-01 1.051653766447595e+00
1.375000000000000e-01 1.601985552960564e-01 1.051665256069496e+00
1.406250000000000e-01 1.644154875680252e-01 1.051676273376556e+00
1.437500000000000e-01 1.686725611565558e-01 1.051686848657708e+00
1.468750000000000e-01 1.729708154074000e-01 1.051697009944391e+00
1.500000000000000e-01 1.773112997203869e-01 1.051706782512223e+00
1.531250000000000e-01 1.816950738056289e-01 1.051716189354253e+00
1.562500000000000e-01 1.861232079422458e-01 1.051725252254578e+00
1.593750000000000e-01 1.905967832396682e-01 1.051733991083780e+00
1.625000000000000e-01 1.951168919015860e-01 1.051742424040946e+00
1.656250000000000e-01 1.996846374926046e-01 1.051750567732747e+00
1.687500000000000e-01 2.043011352076760e-01 1.051758437690471e+00
1.718750000000000e-01 2.089675121443681e-01 1.051766048445003e+00
1.750000000000000e-01 2.136849075780412e-01 1.051773413358512e+00
1.781250000000000e-01 2.184544732399964e-01 1.051780545067048e+00
1.812500000000000e-01 2.232773735986666e-01 1.051787455144433e+00
1.843750000000000e-01 2.281547861439151e-01 1.051794154418673e+00
1.875000000000000e-01 2.330879016745160e-01 1.051800652982831e+00
1.906250000000000e-01 2.380779245888810e-01 1.051806960275856e+00
1.937500000000000e-01 2.431260731791094e-01 1.051813085410117e+00
1.968750000000000e-01 2.482335799284277e-01 1.051819036854584e+00
2.000000000000000e-01 2.534016918120952e-01 1.051824822823409e+00
2.031250000000000e-01 2.586316706018478e-01 1.051830451025572e+00
2.062500000000000e-01 2.639247931739538e-01 1.051835928652537e+00
2.093750000000000e-01 2.692823518209576e-01 1.051841262872689e+00
2.125000000000000e-01 2.747056545671873e-01 1.051846460607852e+00
2.156250000000000e-01 2.801960254881028e-01 1.051851528894582e+00
2.187500000000000e-01 2.857548050335636e-01 1.051856474737908e+00
2.218750000000000e-01 2.913833503550930e-01 1.051861304738513e+00
2.250000000000000e-01 2.970830356372213e-01 1.051866025944947e+00
2.281250000000000e-01 3.028552524329863e-01 1.051870645446553e+00
2.312500000000000e-01 3.087014100036755e-01 1.051875170846636e+00
2.343750000000000e-01 3.146229356628902e-01 1.051879610448743e+00
2.375000000000000e-01 3.206212751250189e-01 1.051883972673009e+00
2.406250000000000e-01 3.266978928582008e-01 1.051888266604485e+00
2.437500000000000e-01 3.328542724418705e-01 1.051892502558424e+00
2.468750000000000e-01 3.390919169289667e-01 1.051896691933190e+00
2.500000000000000e-01 3.454123492128958e-01 1.051900847524778e+00
2.531250000000000e-01 3.518171123993401e-01 1.051904983505670e+00
2.562500000000000e-01 3.583077701830001e-01 1.051909115741633e+00
2.593750000000000e-01 3.648859072293631e-01 1.051913263187459e+00
2.625000000000000e-01 3.715531295615936e-01 1.051917447313411e+00
2.656250000000000e-01 3.783110649526354e-01 1.051921691676475e+00
2.687500000000000e-01 3.851613633226258e-01 1.051926024471458e+00
2.718750000000000e-01 3.921056971417164e-01 1.051930478382106e+00
2.750000000000000e-01 3.991457618383991e-01 1.051935090975981e+00
2.781250000000000e-01 4.062832762134377e-01 1.051939905577138e+00
2.812500000000000e-01 4.135199828595055e-01 1.051944972418646e+00
2.843750000000000e-01 4.208576485866312e-01 1.051950350426179e+00
2.875000000000000e-01 4.282980648535585e-01 1.051956107382442e+00
2.906250000000000e-01 4.358430482051222e-01 1.051962322483972e+00
2.937500000000000e-01 4.434944407157500e-01 1.051969087817181e+00
2.968750000000000e-01 4.512541104391968e-01 1.051976509869813e+00
3.000000000000000e-01 4.591239518646220e-01 1.051984713475849e+00
3.031250000000000e-01 4.671058863791195e-01 1.051993842621586e+00
3.062500000000000e-01 4.752018627368176e-01 1.052004065538990e+00
3.093750000000000e-01 4.834138575346580e-01 1.052015577550237e+00
3.125000000000000e-01 4.917438756949728e-01 1.052028604964401e+00
3.156250000000000e-01 5.001939509549778e-01 1.052043411985856e+00
3.187500000000000e-01 5.087661463633005e-01 1.052060303922969e+00
3.218750000000000e-01 5.174625547836644e-01 1.052079635900041e+00
3.250000000000000e-01 5.262852994058529e-01 1.052101820360295e+00
3.281250000000000e-01 5.352365342640750e-01 1.052127333567323e+00
3.312500000000000e-01 5.443184447628656e-01 1.052156729842137e+00
3.343750000000000e-01 5.535332482106405e-01 1.052190648845237e+00
3.375000000000000e-01 5.628831943610435e-01 1.052229830901561e+00
3.406250000000000e-01 5.723705659622137e-01 1.052275133138444e+00
3.437500000000000e-01 5.819976793141081e-01 1.052327541784174e+00
3.468750000000000e-01 5.917668848340161e-01 1.052388196759412e+00
3.500000000000000e-01 6.016805676304035e-01 1.052458409567017e+00
3.531250000000000e-01 6.117411480852264e-01 1.052539685504245e+00
3.562500000000000e-01 6.219510824448572e-01 1.052633756502510e+00
3.593750000000000e-01 6.323128634197650e-01 1.052742601173482e+00
3.625000000000000e-01 6.428290207931012e-01 1.052868482334662e+00
3.656250000000000e-01 6.535021220383342e-01 1.053013981659243e+00
3.687500000000000e-01 6.643347729460869e-01 1.053182027797845e+00
3.718750000000000e-01 6.753296182603294e-01 1.053375944588089e+00
3.750000000000000e-01 6.864893423240808e-01 1.053599484016003e+00
3.781250000000000e-01 6.978166697347804e-01 1.053856860756784e+00
3.812500000000000e-01 7.093143660094854e-01 1.054152802765537e+00
3.843750000000000e-01 7.209852382600603e-01 1.054492571402189e+00
3.875000000000000e-01 7.328321358785219e-01 1.054881995249945e+00
3.906250000000000e-01 7.448579512327029e-01 1.055327500276466e+00
3.937500000000000e-01 7.570656203724140e-01 1.055836101463949e+00
3.968750000000000e-01 7.694581237462648e-01 1.056415409966761e+00
4.000000000000000e-01 7.820384869293291e-01 1.057073611804297e+00
4.031250000000000e-01 7.948097813618253e-01 1.057819397707498e+00
4.062500000000000e-01 8.077751250989945e-01 1.058661906107320e+00
4.093750000000000e-01 8.209376835723596e-01 1.059610604833244e+00
4.125000000000000e-01 8.343006703625532e-01 1.060675119707636e+00
4.156250000000000e-01 8.478673479838968e-01 1.061865066888432e+00
4.187500000000000e-01 8.616410286809313e-01 1.063189800553476e+00
4.218750000000000e-01 8.756250752370857e-01 1.064658108383497e+00
4.250000000000000e-01 8.898229017956865e-01 1.066277915906568e+00
4.281250000000000e-01 9.042379746935050e-01 1.068055900853409e+00
4.312500000000000e-01 9.188738133070491e-01 1.069997081584924e+00
4.343750000000000e-01 9.337339909118028e-01 1.072104446202212e+00
4.375000000000000e-01 9.488221355546261e-01 1.074378530875264e+00
4.406250000000000e-01 9.641419309395265e-01 1.076817022643134e+00
4.437500000000000e-01 9.796971173270190e-01 1.079414484101128e+00
4.468750000000000e-01 9.954914924472941e-01 1.082162091193561e+00
4.500000000000000e-01 1.011528912427417e+00 1.085047477897801e+00
4.531250000000000e-01 1.027813292732786e+00 1.088054777515222e+00
4.562500000000000e-01 1.044348609123070e+00 1.091164769364628e+00
4.593750000000000e-01 1.061138898622882e+00 1.094355151703654e+00
4.625000000000000e-01 1.078188260507393e+00 1.097601070008331e+00
4.656250000000000e-01 1.095500857303154e+00 1.100875746898918e+00
4.687500000000000e-01 1.113080915804360e+00 1.104151205762637e+00
4.718750000000000e-01 1.130932728104805e+00 1.107399144108377e+00
4.750000000000000e-01 1.149060652645771e+00 1.110591864223960e+00
4.781250000000000e-01 1.167469115280130e+00 1.113703110968053e+00
4.812500000000000e-01 1.186162610352890e+00 1.116708917511690e+00
4.843750000000000e-01 1.205145701798475e+00 1.119588359937844e+00
4.875000000000000e-01 1.224423024254985e+00 1.122324120110181e+00
4.906250000000000e-01 1.243999284195726e+00 1.124902867475731e+00
4.937500000000000e-01 1.263879261078271e+00 1.127315529873112e+00
4.968750000000000e-01 1.284067808511348e+00 1.129557334155552e+00
5.000000000000000e-01 1.304569855439823e+00 1.131627659515356e+00
5.031250000000000e-01 1.325390407348082e+00 1.133529778993341e+00
5.062500000000000e-01 1.346534547482100e+00 1.135270500910568e+00
5.093750000000000e-01 1.368007438090487e+00 1.136859679368429e+00
5.125000000000001e-01 1.389814321684837e+00 1.138309682765860e+00
5.156250000000000e-01 1.411960522319654e+00 1.139634867003156e+00
5.187500000000000e-01 1.434451446892208e+00 1.140851038789657e+00
5.218750000000000e-01 1.457292586462593e+00 1.141974927901078e+00
5.250000000000000e-01 1.480489517594354e+00 1.143023713364450e+00
5.281250000000001e-01 1.504047903715979e+00 1.144014616130490e+00
5.312500000000000e-01 1.527973496503592e+00 1.144964535605483e+00
5.343750000000000e-01 1.552272137285215e+00 1.145889752063616e+00
5.375000000000000e-01 1.576949758466886e+00 1.146805692147798e+00
5.406250000000000e-01 1.602012384981041e+00 1.147726757847230e+00
5.437500000000001e-01 1.627466135757470e+00 1.148666197747672e+00
5.468750000000000e-01 1.653317225217225e+00 1.149636037052974e+00
5.500000000000000e-01 1.679571964789851e+00 1.150647042203644e+00
5.531250000000000e-01 1.706236764454286e+00 1.151708718720205e+00
5.562500000000000e-01 1.733318134303830e+00 1.152829327141468e+00
5.593750000000001e-01 1.760822686135563e+00 1.154015934586623e+00
5.625000000000000e-01 1.788757135064574e+00 1.155274477576600e+00
5.656250000000000e-01 1.817128301163438e+00 1.156609832676906e+00
5.687500000000000e-01 1.845943111127301e+00 1.158025879955914e+00
5.718750000000000e-01 1.875208599965003e+00 1.159525582555521e+00
5.750000000000001e-01 1.904931912716643e+00 1.161111069766112e+00
5.781250000000000e-01 1.935120306198011e+00 1.162783721002220e+00
5.812500000000000e-01 1.965781150772311e+00 1.164544228529478e+00
5.843750000000000e-01 1.996921932149593e+00 1.166392658486738e+00
5.875000000000000e-01 2.028550253214365e+00 1.168328509047000e+00
5.906250000000001e-01 2.060673835881802e+00 1.170350773198400e+00
5.937500000000000e-01 2.093300522983012e+00 1.172457987614720e+00
5.968750000000000e-01 2.126438280179837e+00 1.174648273776649e+00
6.000000000000001e-01 2.160095197909630e+00 1.176919363535823e+00
6.031250000000000e-01 2.194279493360494e+00 1.179268624398650e+00
6.062500000000001e-01 2.228999512477486e+00 1.181693078978025e+00
6.093750000000000e-01 2.264263732000228e+00 1.184189422132109e+00
6.125000000000000e-01 2.300080761532477e+00 1.186754026302608e+00
6.156250000000001e-01 2.336459345644116e+00 1.189382942503421e+00
6.187500000000000e-01 2.373408366006099e+00 1.192071891989933e+00
6.218750000000001e-01 2.410936843558884e+00 1.194816257922837e+00
6.250000000000000e-01 2.449053940714840e+00 1.197611071188659e+00
6.281250000000000e-01 2.487768963595221e+00 1.200450993712401e+00
6.312500000000001e-01 2.527091364302215e+00 1.203330294161691e+00
6.343750000000000e-01 2.567030743226622e+00 1.206242819465339e+00
6.375000000000001e-01 2.607596851391758e+00 1.209181960598682e+00
6.406250000000000e-01 2.648799592834118e+00 1.212140617779365e+00
6.437500000000000e-01 2.690649027021411e+00 1.215111165369313e+00
6.468750000000001e-01 2.733155371308524e+00 1.218085420578279e+00
6.500000000000000e-01 2.776329003432049e+00 1.221054617517030e+00
6.531250000000001e-01 2.820180464043967e+00 1.224009390681735e+00
6.562500000000000e-01 2.864720459285089e+00 1.226939770974519e+00
6.593750000000000e-01 2.909959863398929e+00 1.229835200024390e+00
6.625000000000001e-01 2.955909721386590e+00 1.232684569455643e+00
6.656250000000000e-01 3.002581251703353e+00 1.235476293053812e+00
6.687500000000001e-01 3.049985848997626e+00 1.238198421666037e+00
6.718750000000000e-01 3.098135086892879e+00 1.240838811745664e+00
6.750000000000000e-01 3.147040720813310e+00 1.243385358999535e+00
6.781250000000001e-01 3.196714690853871e+00 1.245826308017481e+00
6.812500000000000e-01 3.247169124695383e+00 1.248150647087526e+00
6.843750000000001e-01 3.298416340565477e+00 1.250348592128246e+00
6.875000000000000e-01 3.350468850246008e+00 1.252412155710527e+00
6.906250000000000e-01 3.403339362127777e+00 1.254335784739371e+00
6.937500000000001e-01 3.457040784313211e+00 1.256117033872251e+00
6.968750000000000e-01 3.511586227767823e+00 1.257757220973297e+00
7.000000000000001e-01 3.566989009521205e+00 1.259261990961865e+00
7.031250000000000e-01 3.623262655918307e+00 1.260641697489073e+00
7.062500000000000e-01 3.680420905921852e+00 1.261911504987022e+00
7.093750000000001e-01 3.738477714466631e+00 1.263091124114503e+00
7.125000000000000e-01 3.797447255866536e+00 1.264204122568886e+00
7.156250000000001e-01 3.857343927275175e+00 1.265276801633206e+00
7.187500000000000e-01 3.918182352200844e+00 1.266336691038824e+00
7.218750000000000e-01 3.979977384076828e+00 1.267410777049896e+00
7.250000000000001e-01 4.042744109887770e+00 1.268523630216897e+00
7.281250000000000e-01 4.106497853853101e+00 1.269695627202912e+00
7.312500000000001e-01 4.171254181168399e+00 1.270941459555103e+00
7.343750000000000e-01 4.237028901805528e+00 1.272269091569448e+00
7.375000000000000e-01 4.303838074372613e+00 1.273679277901282e+00
7.406250000000001e-01 4.371698010034643e+00 1.275165687365276e+00
7.437500000000000e-01 4.440625276495786e+00 1.276715615127665e+00
7.468750000000001e-01 4.510636702044332e+00 1.278311208296906e+00
7.500000000000000e-01 4.581749379661216e+00 1.279931084244313e+00
7.531250000000000e-01 4.653980671193226e+00 1.281552185356839e+00
7.562500000000001e-01 4.727348211591802e+00 1.283151694799988e+00
7.593750000000000e-01 4.801869913218528e+00 1.284708827786481e+00
7.625000000000001e-01 4.877563970218381e+00 1.286206324486234e+00
7.656250000000000e-01 4.954448862961714e+00 1.287631499008478e+00
7.687500000000000e-01 5.032543362556198e+00 1.288976751689992e+00
7.718750000000001e-01 5.111866535429675e+00 1.290239521625037e+00
7.750000000000000e-01 5.192437747985146e+00 1.291421732657679e+00
7.781250000000001e-01 5.274276671329015e+00 1.292528857279836e+00
7.812500000000000e-01 5.357403286073669e+00 1.293568767387817e+00
7.843750000000000e-01 5.441837887215693e+00 1.294550555067785e+00
7.875000000000001e-01 5.527601089090773e+00 1.295483483797125e+00
7.906250000000000e-01 5.614713830406605e+00 1.296376180580556e+00
7.937500000000001e-01 5.703197379355005e+00 1.297236118756405e+00
7.968750000000000e-01 5.793073338804412e+00 1.298069381435802e+00
8.000000000000000e-01 5.884363651574169e+00 1.298880653570529e+00
8.031250000000001e-01 5.977090605791737e+00 1.299673369173413e+00
8.062500000000000e-01 6.071276840334257e+00 1.300449939171089e+00
8.093750000000001e-01 6.166945350355728e+00 1.301211998797123e+00
8.125000000000000e-01 6.264119492901173e+00 1.301960633313741e+00
8.156250000000000e-01 6.362822992609162e+00 1.302696561650572e+00
8.187500000000001e-01 6.463079947504072e+00 1.303420272252486e+00
8.218750000000000e-01 6.564914834879517e+00 1.304132116041340e+00
8.250000000000001e-01 6.668352517274371e+00 1.304832365717828e+00
8.281250000000000e-01 6.773418248542846e+00 1.305521251005451e+00
8.312500000000000e-01 6.880137680020114e+00 1.306198978583242e+00
8.343750000000001e-01 6.988536866784961e+00 1.306865742312224e+00
8.375000000000000e-01 7.098642274021019e+00 1.307521728530760e+00
8.406250000000001e-01 7.210480783478133e+00 1.308167118672103e+00
8.437500000000000e-01 7.324079700035414e+00 1.308802090057677e+00
8.468750000000000e-01 7.439466758367605e+00 1.309426816714334e+00
8.500000000000001e-01 7.556670129716381e+00 1.310041469416001e+00
8.531250000000000e-01 7.675718428768239e+00 1.310646215934046e+00
8.562500000000001e-01 7.796640720640633e+00 1.311241221023919e+00
8.593750000000000e-01 7.919466527978115e+00 1.311826646458780e+00
8.625000000000000e-01 8.044225838160141e+00 1.312402651272202e+00
8.656250000000001e-01 8.170949110622363e+00 1.312969391630054e+00
8.687500000000000e-01 8.299667284293170e+00 1.313527020959529e+00
8.718750000000001e-01 8.430411785147284e+00 1.314075690024074e+00
8.750000000000000e-01 8.563214533878281e+00 1.314615546942367e+00
8.781250000000000e-01 8.698107953691880e+00 1.315146737202980e+00
8.812500000000001e-01 8.835124978221932e+00 1.315669403835304e+00
8.843750000000000e-01 8.974299059571019e+00 1.316183687314108e+00
8.875000000000001e-01 9.115664176477637e+00 1.316689725723932e+00
8.906250000000000e-01 9.259254842611947e+00 1.317187654710533e+00
8.937500000000000e-01 9.405106115002161e+00 1.317677607587081e+00
8.968750000000001e-01 9.553253602593529e+00 1.318159715386282e+00
9.000000000000000e-01 9.703733474942130e+00 1.318634106856575e+00
9.031250000000001e-01 9.856582471045494e+00 1.319100908561515e+00
9.062500000000000e-01 1.001183790831228e+01 1.319560244817746e+00
9.093750000000000e-01 1.016953769167313e+01 1.320012237841806e+00
9.125000000000001e-01 1.032972032283505e+01 1.320457007790983e+00
9.156250000000000e-01 1.049242490968134e+01 1.320894672748251e+00
9.187500000000001e-01 1.065769117581972e+01 1.321325348756922e+00
9.218750000000000e-01 1.082555947028058e+01 1.321749149906895e+00
9.250000000000000e-01 1.099607077736805e+01 1.322166188313038e+00
9.281250000000001e-01 1.116926672666618e+01 1.322576574197174e+00
9.312500000000000e-01 1.134518960320255e+01 1.322980415969781e+00
9.343750000000001e-01 1.152388235777201e+01 1.323377820096102e+00
9.375000000000000e-01 1.170538861742293e+01 1.323768891277740e+00
9.406250000000000e-01 1.188975269610854e+01 1.324153732476046e+00
9.437500000000001e-01 1.207701960550600e+01 1.324532444879581e+00
9.468750000000000e-01 1.226723506600578e+01 1.324905127975461e+00
9.500000000000001e-01 1.246044551787411e+01 1.325271879566563e+00
9.531250000000000e-01 1.265669813259115e+01 1.325632795840614e+00
9.562500000000000e-01 1.285604082436773e+01 1.325987971331199e+00
9.593750000000001e-01 1.305852226184337e+01 1.326337499036765e+00
9.625000000000000e-01 1.326419187996850e+01 1.326681470325414e+00
9.656250000000001e-01 1.347309989207381e+01 1.327019975103919e+00
9.687500000000000e-01 1.368529730212962e+01 1.327353101720263e+00
9.718750000000000e-01 1.390083591719824e+01 1.327680937022568e+00
9.750000000000001e-01 1.411976836008246e+01 1.328003566525854e+00
9.781250000000000e-01 1.434214808217320e+01 1.328321074204115e+00
9.812500000000001e-01 1.456802937649935e+01 1.328633542651448e+00
9.843750000000000e-01 1.479746739098328e+01 1.328941053138536e+00
9.875000000000000e-01 1.503051814190487e+01 1.329243685560878e+00
9.906250000000001e-01 1.526723852757770e+01 1.329541518491407e+00
9.937500000000000e-01 1.550768634224049e+01 1.329834629178913e+00
9.968750000000001e-01 1.575192029016732e+01 1.330123093598612e+00
1.000000000000000e+00 1.600000000000000e+01 1.330406986448501e+00
