0.000000000000000e+00 0.000000000000000e+00 1.000000000000000e+00
3.125000000000000e-03 3.369263549427258e-03 1.000000097211202e+00
6.250000000000000e-03 6.739349689698711e-03 1.000000270703989e+00
9.375000000000001e-03 1.011108121249049e-02 1.000000539660517e+00
1.250000000000000e-02 1.348528131119160e-02 1.000000909111446e+00
1.562500000000000e-02 1.686277378188298e-02 1.000001386252746e+00
1.875000000000000e-02 2.024438322446370e-02 1.000001979313486e+00
2.187500000000000e-02 2.363093524397333e-02 1.000002698372045e+00
2.500000000000000e-02 2.702325665215984e-02 1.000003559864749e+00
2.812500000000000e-02 3.042217566934200e-02 1.000004580686165e+00
3.125000000000000e-02 3.382852212661575e-02 1.000005781125982e+00
3.437500000000000e-02 3.724312766845378e-02 1.000007183597256e+00
3.750000000000001e-02 4.066682595574785e-02 1.000008813125938e+00
4.062500000000000e-02 4.410045286934348e-02 1.000010697424462e+00
4.375000000000000e-02 4.754484671411652e-02 1.000012867108970e+00
4.687500000000000e-02 5.100084842364160e-02 1.000015355792550e+00
5.000000000000000e-02 5.446930176550237e-02 1.000018200128521e+00
5.312500000000001e-02 5.795105354729364e-02 1.000021440080896e+00
5.625000000000000e-02 6.144695382336569e-02 1.000025119120495e+00
5.937500000000000e-02 6.495785610236132e-02 1.000029284287059e+00
6.250000000000000e-02 6.848461755559625e-02 1.000033986520906e+00
6.562500000000000e-02 7.202809922633362e-02 1.000039280690037e+00
6.875000000000001e-02 7.558916624000402e-02 1.000045225973449e+00
7.187500000000001e-02 7.916868801542200e-02 1.000051886081281e+00
7.500000000000001e-02 8.276753847705080e-02 1.000059329385660e+00
7.812500000000000e-02 8.638659626836727e-02 1.000067629322136e+00
8.125000000000000e-02 9.002674496637868e-02 1.000076864625390e+00
8.437500000000001e-02 9.368887329734420e-02 1.000087119657921e+00
8.750000000000001e-02 9.737387535375355e-02 1.000098484701406e+00
9.062500000000001e-02 1.010826508126157e-01 1.000111056343705e+00
9.375000000000000e-02 1.048161051551108e-01 1.000124937876258e+00
9.687500000000000e-02 1.085751498876601e-01 1.000140239564536e+00
1.000000000000000e-01 1.123607027644654e-01 1.000157079191397e+00
1.031250000000000e-01 1.161736880115753e-01 1.000175582481878e+00
1.062500000000000e-01 1.200150365525305e-01 1.000195883445108e+00
1.093750000000000e-01 1.238856862356450e-01 1.000218125035819e+00
1.125000000000000e-01 1.277865820629775e-01 1.000242459565137e+00
1.156250000000000e-01 1.317186764210495e-01 1.000269049296471e+00
1.187500000000000e-01 1.356829293133661e-01 1.000298067010645e+00
1.218750000000000e-01 1.396803085947971e-01 1.000329696627565e+00
1.250000000000000e-01 1.437117902078738e-01 1.000364133796182e+00
1.281250000000000e-01 1.477783584210617e-01 1.000401586720982e+00
1.312500000000000e-01 1.518810060690650e-01 1.000442276694817e+00
1.343750000000000e-01 1.560207347952229e-01 1.000486438997937e+00
1.375000000000000e-01 1.601985552960564e-01 1.000534323595477e+00
1.406250000000000e-01 1.644154875680252e-01 1.000586196027162e+00
1.437500000000000e-01 1.686725611565558e-01 1.000642338227772e+00
1.468750000000000e-01 1.729708154074000e-01 1.000703049589005e+00
1.500000000000000e-01 1.773112997203869e-01 1.000768647732952e+00
1.531250000000000e-01 1.816950738056289e-01 1.000839469702348e+00
1.562500000000000e-01 1.861232079422458e-01 1.000915872821625e+00
1.593750000000000e-01 1.905967832396682e-01 1.000998236021888e+00
1.625000000000000e-01 1.951168919015860e-01 1.001086960885842e+00
1.656250000000000e-01 1.996846374926046e-01 1.001182472892971e+00
1.687500000000000e-01 2.043011352076760e-01 1.001285222693578e+00
1.718750000000000e-01 2.089675121443681e-01 1.001395687411904e+00
1.750000000000000e-01 2.136849075780412e-01 1.001514372068618e+00
1.781250000000000e-01 2.184544732399964e-01 1.001641811037182e+00
1.812500000000000e-01 2.232773735986666e-01 1.001778569489633e+00
1.843750000000000e-01 2.281547861439151e-01 1.001925245055323e+00
1.875000000000000e-01 2.330879016745160e-01 1.002082469386510e+00
1.906250000000000e-01 2.380779245888810e-01 1.002250909895645e+00
1.937500000000000e-01 2.431260731791094e-01 1.002431271446496e+00
1.968750000000000e-01 2.482335799284277e-01 1.002624298311263e+00
2.000000000000000e-01 2.534016918120952e-01 1.002830775910074e+00
2.031250000000000e-01 2.586316706018478e-01 1.003051532862762e+00
2.062500000000000e-01 2.639247931739538e-01 1.003287443006397e+00
2.093750000000000e-01 2.692823518209576e-01 1.003539427466861e+00
2.125000000000000e-01 2.747056545671873e-01 1.003808456831857e+00
2.156250000000000e-01 2.801960254881028e-01 1.004095553294967e+00
2.187500000000000e-01 2.857548050335636e-01 1.004401792994997e+00
2.218750000000000e-01 2.913833503550930e-01 1.004728308334475e+00
2.250000000000000e-01 2.970830356372213e-01 1.005076290322284e+00
2.281250000000000e-01 3.028552524329863e-01 1.005446991167703e+00
2.312500000000000e-01 3.087014100036755e-01 1.005841726597268e+00
2.343750000000000e-01 3.146229356628902e-01 1.006261878425202e+00
2.375000000000000e-01 3.206212751250189e-01 1.006708897209799e+00
2.406250000000000e-01 3.266978928582008e-01 1.007184304776138e+00
2.437500000000000e-01 3.328542724418705e-01 1.007689696872806e+00
2.468750000000000e-01 3.390919169289667e-01 1.008226745835874e+00
2.500000000000000e-01 3.454123492128958e-01 1.008797203218632e+00
2.531250000000000e-01 3.518171123993401e-01 1.009402902389423e+00
2.562500000000000e-01 3.583077701830001e-01 1.010045761371493e+00
2.593750000000000e-01 3.648859072293631e-01 1.010727785170829e+00
2.625000000000000e-01 3.715531295615936e-01 1.011451068525589e+00
2.656250000000000e-01 3.783110649526354e-01 1.012217798375833e+00
2.687500000000000e-01 3.851613633226258e-01 1.013030256319225e+00
2.718750000000000e-01 3.921056971417164e-01 1.013890820922180e+00
2.750000000000000e-01 3.991457618383991e-01 1.014801969886769e+00
2.781250000000000e-01 4.062832762134377e-01 1.015766282210212e+00
2.812500000000000e-01 4.135199828595055e-01 1.016786440161810e+00
2.843750000000000e-01 4.208576485866312e-01 1.017865230803532e+00
2.875000000000000e-01 4.282980648535585e-01 1.019005547770733e+00
2.906250000000000e-01 4.358430482051222e-01 1.020210392282817e+00
2.937500000000000e-01 4.434944407157500e-01 1.021482874179160e+00
2.968750000000000e-01 4.512541104391968e-01 1.022826212668632e+00
3.000000000000000e-01 4.591239518646220e-01 1.024243736420511e+00
3.031250000000000e-01 4.671058863791195e-01 1.025738883523617e+00
3.062500000000000e-01 4.752018627368176e-01 1.027315200854366e+00
3.093750000000000e-01 4.834138575346580e-01 1.028976342923451e+00
3.125000000000000e-01 4.917438756949728e-01 1.030726070272938e+00
3.156250000000000e-01 5.001939509549778e-01 1.032568247174566e+00
3.187500000000000e-01 5.087661463633005e-01 1.034506838597038e+00
3.218750000000000e-01 5.174625547836644e-01 1.036545906498977e+00
3.250000000000000e-01 5.262852994058529e-01 1.038689605365362e+00
3.281250000000000e-01 5.352365342640750e-01 1.040942176758687e+00
3.312500000000000e-01 5.443184447628656e-01 1.043307943013857e+00
3.343750000000000e-01 5.535332482106405e-01 1.045791299835260e+00
3.375000000000000e-01 5.628831943610435e-01 1.048396707818535e+00
3.406250000000000e-01 5.723705659622137e-01 1.051128682775574e+00
3.437500000000000e-01 5.819976793141081e-01 1.053991784776901e+00
3.468750000000000e-01 5.917668848340161e-01 1.056990605862977e+00
3.500000000000000e-01 6.016805676304035e-01 1.060129756367915e+00
3.531250000000000e-01 6.117411480852264e-01 1.063413849647814e+00
3.562500000000000e-01 6.219510824448572e-01 1.066847485130850e+00
3.593750000000000e-01 6.323128634197650e-01 1.070435229930439e+00
3.625000000000000e-01 6.428290207931012e-01 1.074181598312300e+00
3.656250000000000e-01 6.535021220383342e-01 1.078091029797793e+00
3.687500000000000e-01 6.643347729460869e-01 1.082167864893876e+00
3.718750000000000e-01 6.753296182603294e-01 1.086416319263075e+00
3.750000000000000e-01 6.864893423240808e-01 1.090840455589176e+00
3.781250000000000e-01 6.978166697347804e-01 1.095444153614319e+00
3.812500000000000e-01 7.093143660094854e-01 1.100231078068637e+00
3.843750000000000e-01 7.209852382600603e-01 1.105204644639284e+00
3.875000000000000e-01 7.328321358785219e-01 1.110367983890940e+00
3.906250000000000e-01 7.448579512327029e-01 1.115723903247893e+00
3.937500000000000e-01 7.570656203724140e-01 1.121274847213664e+00
3.968750000000000e-01 7.694581237462648e-01 1.127022855977639e+00
4.000000000000000e-01 7.820384869293291e-01 1.132969522380457e+00
4.031250000000000e-01 7.948097813618253e-01 1.139115947784476e+00
4.062500000000000e-01 8.077751250989945e-01 1.145462696793472e+00
4.093750000000000e-01 8.209376835723596e-01 1.152009751350815e+00
4.125000000000000e-01 8.343006703625532e-01 1.158756464815663e+00
4.156250000000000e-01 8.478673479838968e-01 1.165701515914269e+00
4.187500000000000e-01 8.616410286809313e-01 1.172842863797636e+00
4.218750000000000e-01 8.756250752370857e-01 1.180177704046151e+00
4.250000000000000e-01 8.898229017956865e-01 1.187702427182237e+00
4.281250000000000e-01 9.042379746935050e-01 1.195412579446975e+00
4.312500000000000e-01 9.188738133070491e-01 1.203302827491386e+00
4.343750000000000e-01 9.337339909118028e-01 1.211366927405273e+00
4.375000000000000e-01 9.488221355546261e-01 1.219597699061692e+00
4.406250000000000e-01 9.641419309395265e-01 1.227987006645511e+00
4.437500000000000e-01 9.796971173270190e-01 1.236525746769813e+00
4.468750000000000e-01 9.954914924472941e-01 1.245203844434992e+00
4.500000000000000e-01 1.011528912427417e+00 1.254010258668386e+00
4.531250000000000e-01 1.027813292732786e+00 1.262932998023229e+00
4.562500000000000e-01 1.044348609123070e+00 1.271959147112968e+00
4.593750000000000e-01 1.061138898622882e+00 1.281074905181422e+00
4.625000000000000e-01 1.078188260507393e+00 1.290265636975203e+00
4.656250000000000e-01 1.095500857303154e+00 1.299515936401708e+00
4.687500000000000e-01 1.113080915804360e+00 1.308809703679685e+00
4.718750000000000e-01 1.130932728104805e+00 1.318130235443260e+00
4.750000000000000e-01 1.149060652645771e+00 1.327460327889677e+00
4.781250000000000e-01 1.167469115280130e+00 1.336782392491453e+00
4.812500000000000e-01 1.186162610352890e+00 1.346078583217405e+00
4.843750000000000e-01 1.205145701798475e+00 1.355330934178363e+00
4.875000000000000e-01 1.224423024254985e+00 1.364521506223245e+00
4.906250000000000e-01 1.243999284195726e+00 1.373632540594367e+00
4.937500000000000e-01 1.263879261078271e+00 1.382646617189163e+00
4.968750000000000e-01 1.284067808511348e+00 1.391546815697651e+00
5.000000000000000e-01 1.304569855439823e+00 1.400316875891926e+00
5.031250000000000e-01 1.325390407348082e+00 1.408941355109786e+00
5.062500000000000e-01 1.346534547482100e+00 1.417405779218653e+00
5.093750000000000e-01 1.368007438090487e+00 1.425696784279185e+00
5.125000000000001e-01 1.389814321684837e+00 1.433802246116384e+00
5.156250000000000e-01 1.411960522319654e+00 1.441711394138252e+00
5.187500000000000e-01 1.434451446892208e+00 1.449414907769306e+00
5.218750000000000e-01 1.457292586462593e+00 1.456904992271446e+00
5.250000000000000e-01 1.480489517594354e+00 1.464175432694760e+00
5.281250000000001e-01 1.504047903715979e+00 1.471221624105495e+00
5.312500000000000e-01 1.527973496503592e+00 1.478040577193576e+00
5.343750000000000e-01 1.552272137285215e+00 1.484630899670990e+00
5.375000000000000e-01 1.576949758466886e+00 1.490992752670783e+00
5.406250000000000e-01 1.602012384981041e+00 1.497127784463969e+00
5.437500000000001e-01 1.627466135757470e+00 1.503039041949173e+00
5.468750000000000e-01 1.653317225217225e+00 1.508730862641826e+00
5.500000000000000e-01 1.679571964789851e+00 1.514208749984036e+00
5.531250000000000e-01 1.706236764454286e+00 1.519479234769941e+00
5.562500000000000e-01 1.733318134303830e+00 1.524549726011075e+00
5.593750000000001e-01 1.760822686135563e+00 1.529428355422789e+00
5.625000000000000e-01 1.788757135064574e+00 1.534123818581377e+00
5.656250000000000e-01 1.817128301163438e+00 1.538645216818038e+00
5.687500000000000e-01 1.845943111127301e+00 1.543001903442406e+00
5.718750000000000e-01 1.875208599965003e+00 1.547203337209922e+00
5.750000000000001e-01 1.904931912716643e+00 1.551258946174787e+00
5.781250000000000e-01 1.935120306198011e+00 1.555178004323716e+00
5.812500000000000e-01 1.965781150772311e+00 1.558969523073800e+00
5.843750000000000e-01 1.996921932149593e+00 1.562642158618339e+00
5.875000000000000e-01 2.028550253214365e+00 1.566204136208785e+00
5.906250000000001e-01 2.060673835881802e+00 1.569663191742700e+00
5.937500000000000e-01 2.093300522983012e+00 1.573026530000379e+00
5.968750000000000e-01 2.126438280179837e+00 1.576300799146023e+00
6.000000000000001e-01 2.160095197909630e+00 1.579492080076099e+00
6.031250000000000e-01 2.194279493360494e+00 1.582605888974716e+00
6.062500000000001e-01 2.228999512477486e+00 1.585647191789096e+00
6.093750000000000e-01 2.264263732000228e+00 1.588620427880182e+00
6.125000000000000e-01 2.300080761532477e+00 1.591529541572344e+00
6.156250000000001e-01 2.336459345644116e+00 1.594378019108611e+00
6.187500000000000e-01 2.373408366006099e+00 1.597168929460100e+00
6.218750000000001e-01 2.410936843558884e+00 1.599904966724034e+00
6.250000000000000e-01 2.449053940714840e+00 1.602588493179055e+00
6.281250000000000e-01 2.487768963595221e+00 1.605221580964195e+00
6.312500000000001e-01 2.527091364302215e+00 1.607806052139912e+00
6.343750000000000e-01 2.567030743226622e+00 1.610343515464453e+00
6.375000000000001e-01 2.607596851391758e+00 1.612835400110852e+00
6.406250000000000e-01 2.648799592834118e+00 1.615282985361133e+00
6.437500000000000e-01 2.690649027021411e+00 1.617687426957033e+00
6.468750000000001e-01 2.733155371308524e+00 1.620049779105768e+00
6.500000000000000e-01 2.776329003432049e+00 1.622371013434727e+00
6.531250000000001e-01 2.820180464043967e+00 1.624652034528590e+00
6.562500000000000e-01 2.864720459285089e+00 1.626893692263401e+00
6.593750000000000e-01 2.909959863398929e+00 1.629096792125110e+00
6.625000000000001e-01 2.955909721386590e+00 1.631262103018299e+00
6.656250000000000e-01 3.002581251703353e+00 1.633390363517898e+00
6.687500000000001e-01 3.049985848997626e+00 1.635482286326918e+00
6.718750000000000e-01 3.098135086892879e+00 1.637538561943333e+00
6.750000000000000e-01 3.147040720813310e+00 1.639559861491424e+00
6.781250000000001e-01 3.196714690853871e+00 1.641546838453765e+00
6.812500000000000e-01 3.247169124695383e+00 1.643500130206619e+00
6.843750000000001e-01 3.298416340565477e+00 1.645420359275302e+00
6.875000000000000e-01 3.350468850246008e+00 1.647308134002125e+00
6.906250000000000e-01 3.403339362127777e+00 1.649164049412552e+00
6.937500000000001e-01 3.457040784313211e+00 1.650988687625283e+00
6.968750000000000e-01 3.511586227767823e+00 1.652782618304823e+00
7.000000000000001e-01 3.566989009521205e+00 1.654546399086245e+00
7.031250000000000e-01 3.623262655918307e+00 1.656280576046651e+00
7.062500000000000e-01 3.680420905921852e+00 1.657985683782294e+00
7.093750000000001e-01 3.738477714466631e+00 1.659662245818033e+00
7.125000000000000e-01 3.797447255866536e+00 1.661310775068118e+00
7.156250000000001e-01 3.857343927275175e+00 1.662931773905907e+00
7.187500000000000e-01 3.918182352200844e+00 1.664525734422596e+00
7.218750000000000e-01 3.979977384076828e+00 1.666093138810135e+00
7.250000000000001e-01 4.042744109887770e+00 1.667634459502247e+00
7.281250000000000e-01 4.106497853853101e+00 1.669150159437631e+00
7.312500000000001e-01 4.171254181168399e+00 1.670640692302516e+00
7.343750000000000e-01 4.237028901805528e+00 1.672106502827553e+00
7.375000000000000e-01 4.303838074372613e+00 1.673548026843298e+00
7.406250000000001e-01 4.371698010034643e+00 1.674965691609366e+00
7.437500000000000e-01 4.440625276495786e+00 1.676359915905306e+00
7.468750000000001e-01 4.510636702044332e+00 1.677731110474078e+00
7.500000000000000e-01 4.581749379661216e+00 1.679079677858145e+00
7.531250000000000e-01 4.653980671193226e+00 1.680406012880792e+00
7.562500000000001e-01 4.727348211591802e+00 1.681710502747839e+00
7.593750000000000e-01 4.801869913218528e+00 1.682993527131056e+00
7.625000000000001e-01 4.877563970218381e+00 1.684255458383979e+00
7.656250000000000e-01 4.954448862961714e+00 1.685496661745606e+00
7.687500000000000e-01 5.032543362556198e+00 1.686717495532150e+00
7.718750000000001e-01 5.111866535429675e+00 1.687918311166245e+00
7.750000000000000e-01 5.192437747985146e+00 1.689099453490576e+00
7.781250000000001e-01 5.274276671329015e+00 1.690261260773806e+00
7.812500000000000e-01 5.357403286073669e+00 1.691404064926118e+00
7.843750000000000e-01 5.441837887215693e+00 1.692528191555264e+00
7.875000000000001e-01 5.527601089090773e+00 1.693633960235663e+00
7.906250000000000e-01 5.614713830406605e+00 1.694721684620875e+00
7.937500000000001e-01 5.703197379355005e+00 1.695791672469560e+00
7.968750000000000e-01 5.793073338804412e+00 1.696844225885301e+00
8.000000000000000e-01 5.884363651574169e+00 1.697879641248214e+00
8.031250000000001e-01 5.977090605791737e+00 1.698898209585719e+00
8.062500000000000e-01 6.071276840334257e+00 1.699900216564607e+00
8.093750000000001e-01 6.166945350355728e+00 1.700885942621989e+00
8.125000000000000e-01 6.264119492901173e+00 1.701855663012901e+00
8.156250000000000e-01 6.362822992609162e+00 1.702809647999941e+00
8.187500000000001e-01 6.463079947504072e+00 1.703748162886347e+00
8.218750000000000e-01 6.564914834879517e+00 1.704671468191440e+00
8.250000000000001e-01 6.668352517274371e+00 1.705579819745635e+00
8.281250000000000e-01 6.773418248542846e+00 1.706473468702322e+00
8.312500000000000e-01 6.880137680020114e+00 1.707352661692564e+00
8.343750000000001e-01 6.988536866784961e+00 1.708217640975739e+00
8.375000000000000e-01 7.098642274021019e+00 1.709068644433541e+00
8.406250000000001e-01 7.210480783478133e+00 1.709905905707255e+00
8.437500000000000e-01 7.324079700035414e+00 1.710729654254749e+00
8.468750000000000e-01 7.439466758367605e+00 1.711540115400911e+00
8.500000000000001e-01 7.556670129716381e+00 1.712337510534444e+00
8.531250000000000e-01 7.675718428768239e+00 1.713122057074201e+00
8.562500000000001e-01 7.796640720640633e+00 1.713893968579423e+00
8.593750000000000e-01 7.919466527978115e+00 1.714653454932860e+00
8.625000000000000e-01 8.044225838160141e+00 1.715400722216668e+00
8.656250000000001e-01 8.170949110622363e+00 1.716135972883088e+00
8.687500000000000e-01 8.299667284293170e+00 1.716859405924276e+00
8.718750000000001e-01 8.430411785147284e+00 1.717571216811308e+00
8.750000000000000e-01 8.563214533878281e+00 1.718271597577764e+00
8.781250000000000e-01 8.698107953691880e+00 1.718960736899888e+00
8.812500000000001e-01 8.835124978221932e+00 1.719638820096605e+00
8.843750000000000e-01 8.974299059571019e+00 1.720306029430644e+00
8.875000000000001e-01 9.115664176477637e+00 1.720962543876623e+00
8.906250000000000e-01 9.259254842611947e+00 1.721608539413092e+00
8.937500000000000e-01 9.405106115002161e+00 1.722244188858059e+00
8.968750000000001e-01 9.553253602593529e+00 1.722869662077789e+00
9.000000000000000e-01 9.703733474942130e+00 1.723485126043857e+00
9.031250000000001e-01 9.856582471045494e+00 1.724090744886984e+00
9.062500000000000e-01 1.001183790831228e+01 1.724686679793778e+00
9.093750000000000e-01 1.016953769167313e+01 1.725273089280050e+00
9.125000000000001e-01 1.032972032283505e+01 1.725850129160807e+00
9.156250000000000e-01 1.049242490968134e+01 1.726417952514524e+00
9.187500000000001e-01 1.065769117581972e+01 1.726976709872930e+00
9.218750000000000e-01 1.082555947028058e+01 1.727526549104595e+00
9.250000000000000e-01 1.099607077736805e+01 1.728067615675844e+00
9.281250000000001e-01 1.116926672666618e+01 1.728600052530785e+00
9.312500000000000e-01 1.134518960320255e+01 1.729124000194607e+00
9.343750000000001e-01 1.152388235777201e+01 1.729639596799317e+00
9.375000000000000e-01 1.170538861742293e+01 1.730146978106518e+00
9.406250000000000e-01 1.188975269610854e+01 1.730646277681696e+00
9.437500000000001e-01 1.207701960550600e+01 1.731137626684517e+00
9.468750000000000e-01 1.226723506600578e+01 1.731621154189322e+00
9.500000000000001e-01 1.246044551787411e+01 1.732096987049343e+00
9.531250000000000e-01 1.265669813259115e+01 1.732565249984779e+00
9.562500000000000e-01 1.285604082436773e+01 1.733026065670594e+00
9.593750000000001e-01 1.305852226184337e+01 1.733479554591976e+00
9.625000000000000e-01 1.326419187996850e+01 1.733925835356016e+00
9.656250000000001e-01 1.347309989207381e+01 1.734365024469138e+00
9.687500000000000e-01 1.368529730212962e+01 1.734797236568429e+00
9.718750000000000e-01 1.390083591719824e+01 1.735222584348165e+00
9.750000000000001e-01 1.411976836008246e+01 1.735641178635861e+00
9.781250000000000e-01 1.434214808217320e+01 1.736053128390628e+00
9.812500000000001e-01 1.456802937649935e+01 1.736458540776248e+00
9.843750000000000e-01 1.479746739098328e+01 1.736857521156524e+00
9.875000000000000e-01 1.503051814190487e+01 1.737250173087892e+00
9.906250000000001e-01 1.526723852757770e+01 1.737636598541858e+00
9.937500000000000e-01 1.550768634224049e+01 1.738016897744644e+00
9.968750000000001e-01 1.575192029016732e+01 1.738391169164103e+00
1.000000000000000e+00 1.600000000000000e+01 1.738759509804238e+00
