0.000000000000000e+00 0.000000000000000e+00 1.000000000000000e+00
3.125000000000000e-03 3.369263549427258e-03 1.000022488127255e+00
6.250000000000000e-03 6.739349689698711e-03 1.000061751393885e+00
9.375000000000001e-03 1.011108121249049e-02 1.000120588092097e+00
1.250000000000000e-02 1.348528131119160e-02 1.000199309333369e+00
1.562500000000000e-02 1.686277378188298e-02 1.000298080567788e+00
1.875000000000000e-02 2.024438322446370e-02 1.000417098412593e+00
2.187500000000000e-02 2.363093524397333e-02 1.000556505441070e+00
2.500000000000000e-02 2.702325665215984e-02 1.000716426781167e+00
2.812500000000000e-02 3.042217566934200e-02 1.000897025645889e+00
3.125000000000000e-02 3.382852212661575e-02 1.001098481645539e+00
3.437500000000000e-02 3.724312766845378e-02 1.001320976940566e+00
3.750000000000001e-02 4.066682595574785e-02 1.001564721838122e+00
4.062500000000000e-02 4.410045286934348e-02 1.001829953293189e+00
4.375000000000000e-02 4.754484671411652e-02 1.002116912412152e+00
4.687500000000000e-02 5.100084842364160e-02 1.002425855686457e+00
5.000000000000000e-02 5.446930176550237e-02 1.002757077966036e+00
5.312500000000001e-02 5.795105354729364e-02 1.003110895799772e+00
5.625000000000000e-02 6.144695382336569e-02 1.003487626289848e+00
5.937500000000000e-02 6.495785610236132e-02 1.003887607495165e+00
6.250000000000000e-02 6.848461755559625e-02 1.004311220295552e+00
6.562500000000000e-02 7.202809922633362e-02 1.004758866090466e+00
6.875000000000001e-02 7.558916624000402e-02 1.005230945435521e+00
7.187500000000001e-02 7.916868801542200e-02 1.005727882216410e+00
7.500000000000001e-02 8.276753847705080e-02 1.006250146646657e+00
7.812500000000000e-02 8.638659626836727e-02 1.006798230874804e+00
8.125000000000000e-02 9.002674496637868e-02 1.007372625877206e+00
8.437500000000001e-02 9.368887329734420e-02 1.007973846111483e+00
8.750000000000001e-02 9.737387535375355e-02 1.008602454861487e+00
9.062500000000001e-02 1.010826508126157e-01 1.009259041464242e+00
9.375000000000000e-02 1.048161051551108e-01 1.009944195916825e+00
9.687500000000000e-02 1.085751498876601e-01 1.010658529196761e+00
1.000000000000000e-01 1.123607027644654e-01 1.011402700870234e+00
1.031250000000000e-01 1.161736880115753e-01 1.012177403769994e+00
1.062500000000000e-01 1.200150365525305e-01 1.012983337744424e+00
1.093750000000000e-01 1.238856862356450e-01 1.013821218989887e+00
1.125000000000000e-01 1.277865820629775e-01 1.014691805713488e+00
1.156250000000000e-01 1.317186764210495e-01 1.015595898385929e+00
1.187500000000000e-01 1.356829293133661e-01 1.016534319711047e+00
1.218750000000000e-01 1.396803085947971e-01 1.017507904352283e+00
1.250000000000000e-01 1.437117902078738e-01 1.018517512271908e+00
1.281250000000000e-01 1.477783584210617e-01 1.019564052056333e+00
1.312500000000000e-01 1.518810060690650e-01 1.020648479721113e+00
1.343750000000000e-01 1.560207347952229e-01 1.021771765630246e+00
1.375000000000000e-01 1.601985552960564e-01 1.022934883541062e+00
1.406250000000000e-01 1.644154875680252e-01 1.024138851223820e+00
1.437500000000000e-01 1.686725611565558e-01 1.025384754131270e+00
1.468750000000000e-01 1.729708154074000e-01 1.026673708471367e+00
1.500000000000000e-01 1.773112997203869e-01 1.028006833503237e+00
1.531250000000000e-01 1.816950738056289e-01 1.029385275383394e+00
1.562500000000000e-01 1.861232079422458e-01 1.030810229104110e+00
1.593750000000000e-01 1.905967832396682e-01 1.032282939695343e+00
1.625000000000000e-01 1.951168919015860e-01 1.033804701695579e+00
1.656250000000000e-01 1.996846374926046e-01 1.035376832551248e+00
1.687500000000000e-01 2.043011352076760e-01 1.037000651743564e+00
1.718750000000000e-01 2.089675121443681e-01 1.038677520323747e+00
1.750000000000000e-01 2.136849075780412e-01 1.040408868753019e+00
1.781250000000000e-01 2.184544732399964e-01 1.042196173507894e+00
1.812500000000000e-01 2.232773735986666e-01 1.044040952554724e+00
1.843750000000000e-01 2.281547861439151e-01 1.045944752810824e+00
1.875000000000000e-01 2.330879016745160e-01 1.047909124836485e+00
1.906250000000000e-01 2.380779245888810e-01 1.049935660525857e+00
1.937500000000000e-01 2.431260731791094e-01 1.052026012182102e+00
1.968750000000000e-01 2.482335799284277e-01 1.054181877517138e+00
2.000000000000000e-01 2.534016918120952e-01 1.056405022161121e+00
2.031250000000000e-01 2.586316706018478e-01 1.058697249437819e+00
2.062500000000000e-01 2.639247931739538e-01 1.061060382503624e+00
2.093750000000000e-01 2.692823518209576e-01 1.063496285492167e+00
2.125000000000000e-01 2.747056545671873e-01 1.066006832679953e+00
2.156250000000000e-01 2.801960254881028e-01 1.068593942879626e+00
2.187500000000000e-01 2.857548050335636e-01 1.071259569804040e+00
2.218750000000000e-01 2.913833503550930e-01 1.074005706270600e+00
2.250000000000000e-01 2.970830356372213e-01 1.076834394389647e+00
2.281250000000000e-01 3.028552524329863e-01 1.079747708300357e+00
2.312500000000000e-01 3.087014100036755e-01 1.082747767877299e+00
2.343750000000000e-01 3.146229356628902e-01 1.085836721693513e+00
2.375000000000000e-01 3.206212751250189e-01 1.089016755041194e+00
2.406250000000000e-01 3.266978928582008e-01 1.092290080167024e+00
2.437500000000000e-01 3.328542724418705e-01 1.095658938543900e+00
2.468750000000000e-01 3.390919169289667e-01 1.099125595841218e+00
2.500000000000000e-01 3.454123492128958e-01 1.102692340839209e+00
2.531250000000000e-01 3.518171123993401e-01 1.106361481796068e+00
2.562500000000000e-01 3.583077701830001e-01 1.110135343683092e+00
2.593750000000000e-01 3.648859072293631e-01 1.114016264595451e+00
2.625000000000000e-01 3.715531295615936e-01 1.118006591733383e+00
2.656250000000000e-01 3.783110649526354e-01 1.122108677175010e+00
2.687500000000000e-01 3.851613633226258e-01 1.126324873122234e+00
2.718750000000000e-01 3.921056971417164e-01 1.130657526633176e+00
2.750000000000000e-01 3.991457618383991e-01 1.135108973906468e+00
2.781250000000000e-01 4.062832762134377e-01 1.139681534187428e+00
2.812500000000000e-01 4.135199828595055e-01 1.144377502910040e+00
2.843750000000000e-01 4.208576485866312e-01 1.149199144432620e+00
2.875000000000000e-01 4.282980648535585e-01 1.154148684131626e+00
2.906250000000000e-01 4.358430482051222e-01 1.159228299860444e+00
2.937500000000000e-01 4.434944407157500e-01 1.164440112885386e+00
2.968750000000000e-01 4.512541104391968e-01 1.169786177948938e+00
3.000000000000000e-01 4.591239518646220e-01 1.175268472926436e+00
3.031250000000000e-01 4.671058863791195e-01 1.180888887574904e+00
3.062500000000000e-01 4.752018627368176e-01 1.186649211631911e+00
3.093750000000000e-01 4.834138575346580e-01 1.192551122170544e+00
3.125000000000000e-01 4.917438756949728e-01 1.198596170379447e+00
3.156250000000000e-01 5.001939509549778e-01 1.204785767466982e+00
3.187500000000000e-01 5.087661463633005e-01 1.211121169908917e+00
3.218750000000000e-01 5.174625547836644e-01 1.217603464116463e+00
3.250000000000000e-01 5.262852994058529e-01 1.224233550336811e+00
3.281250000000000e-01 5.352365342640750e-01 1.231012126027066e+00
3.312500000000000e-01 5.443184447628656e-01 1.237939668745079e+00
3.343750000000000e-01 5.535332482106405e-01 1.245016418329508e+00
3.375000000000000e-01 5.628831943610435e-01 1.252242359192101e+00
3.406250000000000e-01 5.723705659622137e-01 1.259617201872455e+00
3.437500000000000e-01 5.819976793141081e-01 1.267140364751569e+00
3.468750000000000e-01 5.917668848340161e-01 1.274810955649027e+00
3.500000000000000e-01 6.016805676304035e-01 1.282627753870503e+00
3.531250000000000e-01 6.117411480852264e-01 1.290589192402957e+00
3.562500000000000e-01 6.219510824448572e-01 1.298693340745954e+00
3.593750000000000e-01 6.323128634197650e-01 1.306937888975138e+00
3.625000000000000e-01 6.428290207931012e-01 1.315320132512841e+00
3.656250000000000e-01 6.535021220383342e-01 1.323836958635154e+00
3.687500000000000e-01 6.643347729460869e-01 1.332484834707981e+00
3.718750000000000e-01 6.753296182603294e-01 1.341259798562914e+00
3.750000000000000e-01 6.864893423240808e-01 1.350157451217679e+00
3.781250000000000e-01 6.978166697347804e-01 1.359172952586476e+00
3.812500000000000e-01 7.093143660094854e-01 1.368301020204762e+00
3.843750000000000e-01 7.209852382600603e-01 1.377535931910428e+00
3.875000000000000e-01 7.328321358785219e-01 1.386871531945699e+00
3.906250000000000e-01 7.448579512327029e-01 1.396301241751657e+00
3.937500000000000e-01 7.570656203724140e-01 1.405818075065660e+00
3.968750000000000e-01 7.694581237462648e-01 1.415414657946331e+00
4.000000000000000e-01 7.820384869293291e-01 1.425083254000152e+00
4.031250000000000e-01 7.948097813618253e-01 1.434815794498199e+00
4.062500000000000e-01 8.077751250989945e-01 1.444603913847147e+00
4.093750000000000e-01 8.209376835723596e-01 1.454438990430037e+00
4.125000000000000e-01 8.343006703625532e-01 1.464312192201612e+00
4.156250000000000e-01 8.478673479838968e-01 1.474214527312972e+00
4.187500000000000e-01 8.616410286809313e-01 1.484136899094938e+00
4.218750000000000e-01 8.756250752370857e-01 1.494070164690368e+00
4.250000000000000e-01 8.898229017956865e-01 1.504005197195105e+00
4.281250000000000e-01 9.042379746935050e-01 1.513932950171335e+00
4.312500000000000e-01 9.188738133070491e-01 1.523844523670186e+00
4.343750000000000e-01 9.337339909118028e-01 1.533731230524243e+00
4.375000000000000e-01 9.488221355546261e-01 1.543584662374486e+00
4.406250000000000e-01 9.641419309395265e-01 1.553396753662631e+00
4.437500000000000e-01 9.796971173270190e-01 1.563159842295222e+00
4.468750000000000e-01 9.954914924472941e-01 1.572866726296899e+00
4.500000000000000e-01 1.011528912427417e+00 1.582510714467424e+00
4.531250000000000e-01 1.027813292732786e+00 1.592085670207889e+00
4.562500000000000e-01 1.044348609123070e+00 1.601586047309691e+00
4.593750000000000e-01 1.061138898622882e+00 1.611006916390148e+00
4.625000000000000e-01 1.078188260507393e+00 1.620343981494086e+00
4.656250000000000e-01 1.095500857303154e+00 1.629593585842679e+00
4.687500000000000e-01 1.113080915804360e+00 1.638752706594820e+00
4.718750000000000e-01 1.130932728104805e+00 1.647818937608568e+00
4.750000000000000e-01 1.149060652645771e+00 1.656790461498806e+00
4.781250000000000e-01 1.167469115280130e+00 1.665666009875499e+00
4.812500000000000e-01 1.186162610352890e+00 1.674444813559450e+00
4.843750000000000e-01 1.205145701798475e+00 1.683126542762501e+00
4.875000000000000e-01 1.224423024254985e+00 1.691711238717950e+00
4.906250000000000e-01 1.243999284195726e+00 1.700199238267814e+00
4.937500000000000e-01 1.263879261078271e+00 1.708591092840712e+00
4.968750000000000e-01 1.284067808511348e+00 1.716887483311536e+00
5.000000000000000e-01 1.304569855439823e+00 1.725089133363836e+00
5.031250000000000e-01 1.325390407348082e+00 1.733196722932074e+00
5.062500000000000e-01 1.346534547482100e+00 1.741210804101221e+00
5.093750000000000e-01 1.368007438090487e+00 1.749131721441445e+00
5.125000000000001e-01 1.389814321684837e+00 1.756959538938202e+00
5.156250000000000e-01 1.411960522319654e+00 1.764693976022931e+00
5.187500000000000e-01 1.434451446892208e+00 1.772334354061523e+00
5.218750000000000e-01 1.457292586462593e+00 1.779879555241906e+00
5.250000000000000e-01 1.480489517594354e+00 1.787327995707802e+00
5.281250000000001e-01 1.504047903715979e+00 1.794677613550306e+00
5.312500000000000e-01 1.527973496503592e+00 1.801925873031778e+00
5.343750000000000e-01 1.552272137285215e+00 1.809069785211643e+00
5.375000000000000e-01 1.576949758466886e+00 1.816105945145465e+00
5.406250000000000e-01 1.602012384981041e+00 1.823030585261438e+00
5.437500000000001e-01 1.627466135757470e+00 1.829839643747125e+00
5.468750000000000e-01 1.653317225217225e+00 1.836528847108901e+00
5.500000000000000e-01 1.679571964789851e+00 1.843093804117159e+00
5.531250000000000e-01 1.706236764454286e+00 1.849530109252525e+00
5.562500000000000e-01 1.733318134303830e+00 1.855833453008593e+00
5.593750000000001e-01 1.760822686135563e+00 1.861999735691745e+00
5.625000000000000e-01 1.788757135064574e+00 1.868025180447193e+00
5.656250000000000e-01 1.817128301163438e+00 1.873906443650643e+00
5.687500000000000e-01 1.845943111127301e+00 1.879640716755854e+00
5.718750000000000e-01 1.875208599965003e+00 1.885225818169790e+00
5.750000000000001e-01 1.904931912716643e+00 1.890660270327490e+00
5.781250000000000e-01 1.935120306198011e+00 1.895943359390933e+00
5.812500000000000e-01 1.965781150772311e+00 1.901075176060446e+00
5.843750000000000e-01 1.996921932149593e+00 1.906056634315201e+00
5.875000000000000e-01 2.028550253214365e+00 1.910889469034353e+00
5.906250000000001e-01 2.060673835881802e+00 1.915576210815407e+00
5.937500000000000e-01 2.093300522983012e+00 1.920120139946650e+00
5.968750000000000e-01 2.126438280179837e+00 1.924525221035890e+00
6.000000000000001e-01 2.160095197909630e+00 1.928796020759985e+00
6.031250000000000e-01 2.194279493360494e+00 1.932937612195008e+00
6.062500000000001e-01 2.228999512477486e+00 1.936955469084608e+00
6.093750000000000e-01 2.264263732000228e+00 1.940855354568676e+00
6.125000000000000e-01 2.300080761532477e+00 1.944643208616380e+00
6.156250000000001e-01 2.336459345644116e+00 1.948325037648685e+00
6.187500000000000e-01 2.373408366006099e+00 1.951906810933399e+00
6.218750000000001e-01 2.410936843558884e+00 1.955394366588032e+00
6.250000000000000e-01 2.449053940714840e+00 1.958793329833353e+00
6.281250000000000e-01 2.487768963595221e+00 1.962109045580357e+00
6.312500000000001e-01 2.527091364302215e+00 1.965346526225300e+00
6.343750000000000e-01 2.567030743226622e+00 1.968510415138733e+00
6.375000000000001e-01 2.607596851391758e+00 1.971604965402910e+00
6.406250000000000e-01 2.648799592834118e+00 1.974634032204361e+00
6.437500000000000e-01 2.690649027021411e+00 1.977601078040004e+00
6.468750000000001e-01 2.733155371308524e+00 1.980509187951153e+00
6.500000000000000e-01 2.776329003432049e+00 1.983361093162602e+00
6.531250000000001e-01 2.820180464043967e+00 1.986159200428433e+00
6.562500000000000e-01 2.864720459285089e+00 1.988905624957140e+00
6.593750000000000e-01 2.909959863398929e+00 1.991602225487114e+00
6.625000000000001e-01 2.955909721386590e+00 1.994250638682777e+00
6.656250000000000e-01 3.002581251703353e+00 1.996852312577093e+00
6.687500000000001e-01 3.049985848997626e+00 1.999408537179207e+00
6.718750000000000e-01 3.098135086892879e+00 2.001920472174158e+00
6.750000000000000e-01 3.147040720813310e+00 2.004389171298087e+00
6.781250000000001e-01 3.196714690853871e+00 2.006815602521824e+00
6.812500000000000e-01 3.247169124695383e+00 2.009200665129449e+00
6.843750000000001e-01 3.298416340565477e+00 2.011545203675239e+00
6.875000000000000e-01 3.350468850246008e+00 2.013850018724713e+00
6.906250000000000e-01 3.403339362127777e+00 2.016115875374767e+00
6.937500000000001e-01 3.457040784313211e+00 2.018343509520173e+00
6.968750000000000e-01 3.511586227767823e+00 2.020533632923827e+00
7.000000000000001e-01 3.566989009521205e+00 2.022686936573976e+00
7.031250000000000e-01 3.623262655918307e+00 2.024804093150844e+00
7.062500000000000e-01 3.680420905921852e+00 2.026885758921863e+00
7.093750000000001e-01 3.738477714466631e+00 2.028932575310280e+00
7.125000000000000e-01 3.797447255866536e+00 2.030945169486373e+00
7.156250000000001e-01 3.857343927275175e+00 2.032924155302487e+00
7.187500000000000e-01 3.918182352200844e+00 2.034870133768820e+00
7.218750000000000e-01 3.979977384076828e+00 2.036783693688549e+00
7.250000000000001e-01 4.042744109887770e+00 2.038665411731364e+00
7.281250000000000e-01 4.106497853853101e+00 2.040515853017541e+00
7.312500000000001e-01 4.171254181168399e+00 2.042335571413925e+00
7.343750000000000e-01 4.237028901805528e+00 2.044125109713734e+00
7.375000000000000e-01 4.303838074372613e+00 2.045884999788283e+00
7.406250000000001e-01 4.371698010034643e+00 2.047615763259864e+00
7.437500000000000e-01 4.440625276495786e+00 2.049317911344768e+00
7.468750000000001e-01 4.510636702044332e+00 2.050991945299905e+00
7.500000000000000e-01 4.581749379661216e+00 2.052638356490161e+00
7.531250000000000e-01 4.653980671193226e+00 2.054257626888159e+00
7.562500000000001e-01 4.727348211591802e+00 2.055850229106416e+00
7.593750000000000e-01 4.801869913218528e+00 2.057416626495529e+00
7.625000000000001e-01 4.877563970218381e+00 2.058957273680134e+00
7.656250000000000e-01 4.954448862961714e+00 2.060472616538410e+00
7.687500000000000e-01 5.032543362556198e+00 2.061963092340656e+00
7.718750000000001e-01 5.111866535429675e+00 2.063429130054351e+00
7.750000000000000e-01 5.192437747985146e+00 2.064871150638492e+00
7.781250000000001e-01 5.274276671329015e+00 2.066289566958306e+00
7.812500000000000e-01 5.357403286073669e+00 2.067684784137442e+00
7.843750000000000e-01 5.441837887215693e+00 2.069057199718660e+00
7.875000000000001e-01 5.527601089090773e+00 2.070407203811036e+00
7.906250000000000e-01 5.614713830406605e+00 2.071735179316370e+00
7.937500000000001e-01 5.703197379355005e+00 2.073041501775577e+00
7.968750000000000e-01 5.793073338804412e+00 2.074326540025441e+00
8.000000000000000e-01 5.884363651574169e+00 2.075590655843511e+00
8.031250000000001e-01 5.977090605791737e+00 2.076834204583280e+00
8.062500000000000e-01 6.071276840334257e+00 2.078057534889297e+00
8.093750000000001e-01 6.166945350355728e+00 2.079260989036074e+00
8.125000000000000e-01 6.264119492901173e+00 2.080444903079029e+00
8.156250000000000e-01 6.362822992609162e+00 2.081609606903600e+00
8.187500000000001e-01 6.463079947504072e+00 2.082755424355205e+00
8.218750000000000e-01 6.564914834879517e+00 2.083882673546608e+00
8.250000000000001e-01 6.668352517274371e+00 2.084991666697987e+00
8.281250000000000e-01 6.773418248542846e+00 2.086082710424110e+00
8.312500000000000e-01 6.880137680020114e+00 2.087156105833458e+00
8.343750000000001e-01 6.988536866784961e+00 2.088212148619013e+00
8.375000000000000e-01 7.098642274021019e+00 2.089251129234080e+00
8.406250000000001e-01 7.210480783478133e+00 2.090273332783317e+00
8.437500000000000e-01 7.324079700035414e+00 2.091279039365833e+00
8.468750000000000e-01 7.439466758367605e+00 2.092268524140010e+00
8.500000000000001e-01 7.556670129716381e+00 2.093242057380363e+00
8.531250000000000e-01 7.675718428768239e+00 2.094199904433027e+00
8.562500000000001e-01 7.796640720640633e+00 2.095142326034219e+00
8.593750000000000e-01 7.919466527978115e+00 2.096069578350131e+00
8.625000000000000e-01 8.044225838160141e+00 2.096981913009107e+00
8.656250000000001e-01 8.170949110622363e+00 2.097879577219803e+00
8.687500000000000e-01 8.299667284293170e+00 2.098762813885035e+00
8.718750000000001e-01 8.430411785147284e+00 2.099631861523908e+00
8.750000000000000e-01 8.563214533878281e+00 2.100486954558210e+00
8.781250000000000e-01 8.698107953691880e+00 2.101328323413567e+00
8.812500000000001e-01 8.835124978221932e+00 2.102156194334952e+00
8.843750000000000e-01 8.974299059571019e+00 2.102970789751518e+00
8.875000000000001e-01 9.115664176477637e+00 2.103772328271511e+00
8.906250000000000e-01 9.259254842611947e+00 2.104561024575979e+00
8.937500000000000e-01 9.405106115002161e+00 2.105337089677865e+00
8.968750000000001e-01 9.553253602593529e+00 2.106100730995614e+00
9.000000000000000e-01 9.703733474942130e+00 2.106852152422851e+00
9.031250000000001e-01 9.856582471045494e+00 2.107591554111967e+00
9.062500000000000e-01 1.001183790831228e+01 2.108319133091019e+00
9.093750000000000e-01 1.016953769167313e+01 2.109035082766604e+00
9.125000000000001e-01 1.032972032283505e+01 2.109739593345178e+00
9.156250000000000e-01 1.049242490968134e+01 2.110432851698338e+00
9.187500000000001e-01 1.065769117581972e+01 2.111115041594775e+00
9.218750000000000e-01 1.082555947028058e+01 2.111786343652176e+00
9.250000000000000e-01 1.099607077736805e+01 2.112446935376487e+00
9.281250000000001e-01 1.116926672666618e+01 2.113096991291784e+00
9.312500000000000e-01 1.134518960320255e+01 2.113736682975351e+00
9.343750000000001e-01 1.152388235777201e+01 2.114366178994753e+00
9.375000000000000e-01 1.170538861742293e+01 2.114985645121261e+00
9.406250000000000e-01 1.188975269610854e+01 2.115595244357201e+00
9.437500000000001e-01 1.207701960550600e+01 2.116195136959739e+00
9.468750000000000e-01 1.226723506600578e+01 2.116785480461081e+00
9.500000000000001e-01 1.246044551787411e+01 2.117366429685140e+00
9.531250000000000e-01 1.265669813259115e+01 2.117938136949694e+00
9.562500000000000e-01 1.285604082436773e+01 2.118500751893215e+00
9.593750000000001e-01 1.305852226184337e+01 2.119054421764675e+00
9.625000000000000e-01 1.326419187996850e+01 2.119599291246436e+00
9.656250000000001e-01 1.347309989207381e+01 2.120135502645788e+00
9.687500000000000e-01 1.368529730212962e+01 2.120663195900071e+00
9.718750000000000e-01 1.390083591719824e+01 2.121182508578378e+00
9.750000000000001e-01 1.411976836008246e+01 2.121693575974485e+00
9.781250000000000e-01 1.434214808217320e+01 2.122196531104836e+00
9.812500000000001e-01 1.456802937649935e+01 2.122691504797840e+00
9.843750000000000e-01 1.479746739098328e+01 2.123178625688179e+00
9.875000000000000e-01 1.503051814190487e+01 2.123658020302502e+00
9.906250000000001e-01 1.526723852757770e+01 2.124129813050111e+00
9.937500000000000e-01 1.550768634224049e+01 2.124594126210295e+00
9.968750000000001e-01 1.575192029016732e+01 2.125051080200773e+00
1.000000000000000e+00 1.600000000000000e+01 2.125500793283157e+00
