0.000000000000000e+00 0.000000000000000e+00 1.000000000000000e+00
3.125000000000000e-03 3.369263549427258e-03 1.000000000219534e+00
6.250000000000000e-03 6.739349689698711e-03 1.000000000482637e+00
9.375000000000001e-03 1.011108121249049e-02 1.000000000527995e+00
1.250000000000000e-02 1.348528131119160e-02 1.000000000588785e+00
1.562500000000000e-02 1.686277378188298e-02 1.000000000595629e+00
1.875000000000000e-02 2.024438322446370e-02 1.000000000622305e+00
2.187500000000000e-02 2.363093524397333e-02 1.000000000644898e+00
2.500000000000000e-02 2.702325665215984e-02 1.000000000664501e+00
2.812500000000000e-02 3.042217566934200e-02 1.000000000681821e+00
3.125000000000000e-02 3.382852212661575e-02 1.000000000697339e+00
3.437500000000000e-02 3.724312766845378e-02 1.000000000711403e+00
3.750000000000001e-02 4.066682595574785e-02 1.000000000724266e+00
4.062500000000000e-02 4.410045286934348e-02 1.000000000736122e+00
4.375000000000000e-02 4.754484671411652e-02 1.000000000747124e+00
4.687500000000000e-02 5.100084842364160e-02 1.000000000757389e+00
5.000000000000000e-02 5.446930176550237e-02 1.000000000767016e+00
5.312500000000001e-02 5.795105354729364e-02 1.000000000776081e+00
5.625000000000000e-02 6.144695382336569e-02 1.000000000784652e+00
5.937500000000000e-02 6.495785610236132e-02 1.000000000792782e+00
6.250000000000000e-02 6.848461755559625e-02 1.000000000800518e+00
6.562500000000000e-02 7.202809922633362e-02 1.000000000807900e+00
6.875000000000001e-02 7.558916624000402e-02 1.000000000814961e+00
7.187500000000001e-02 7.916868801542200e-02 1.000000000821732e+00
7.500000000000001e-02 8.276753847705080e-02 1.000000000828237e+00
7.812500000000000e-02 8.638659626836727e-02 1.000000000834500e+00
8.125000000000000e-02 9.002674496637868e-02 1.000000000840540e+00
8.437500000000001e-02 9.368887329734420e-02 1.000000000846375e+00
8.750000000000001e-02 9.737387535375355e-02 1.000000000852020e+00
9.062500000000001e-02 1.010826508126157e-01 1.000000000857491e+00
9.375000000000000e-02 1.048161051551108e-01 1.000000000862798e+00
9.687500000000000e-02 1.085751498876601e-01 1.000000000867955e+00
1.000000000000000e-01 1.123607027644654e-01 1.000000000872970e+00
1.031250000000000e-01 1.161736880115753e-01 1.000000000877854e+00
1.062500000000000e-01 1.200150365525305e-01 1.000000000882615e+00
1.093750000000000e-01 1.238856862356450e-01 1.000000000887260e+00
1.125000000000000e-01 1.277865820629775e-01 1.000000000891797e+00
1.156250000000000e-01 1.317186764210495e-01 1.000000000896233e+00
1.187500000000000e-01 1.356829293133661e-01 1.000000000900572e+00
1.218750000000000e-01 1.396803085947971e-01 1.000000000904822e+00
1.250000000000000e-01 1.437117902078738e-01 1.000000000908986e+00
1.281250000000000e-01 1.477783584210617e-01 1.000000000913070e+00
1.312500000000000e-01 1.518810060690650e-01 1.000000000917077e+00
1.343750000000000e-01 1.560207347952229e-01 1.000000000921013e+00
1.375000000000000e-01 1.601985552960564e-01 1.000000000924880e+00
1.406250000000000e-01 1.644154875680252e-01 1.000000000928683e+00
1.437500000000000e-01 1.686725611565558e-01 1.000000000932424e+00
1.468750000000000e-01 1.729708154074000e-01 1.000000000936107e+00
1.500000000000000e-01 1.773112997203869e-01 1.000000000939734e+00
1.531250000000000e-01 1.816950738056289e-01 1.000000000943308e+00
1.562500000000000e-01 1.861232079422458e-01 1.000000000946832e+00
1.593750000000000e-01 1.905967832396682e-01 1.000000000950308e+00
1.625000000000000e-01 1.951168919015860e-01 1.000000000953739e+00
1.656250000000000e-01 1.996846374926046e-01 1.000000000957125e+00
1.687500000000000e-01 2.043011352076760e-01 1.000000000960470e+00
1.718750000000000e-01 2.089675121443681e-01 1.000000000963776e+00
1.750000000000000e-01 2.136849075780412e-01 1.000000000967043e+00
1.781250000000000e-01 2.184544732399964e-01 1.000000000970274e+00
1.812500000000000e-01 2.232773735986666e-01 1.000000000973470e+00
1.843750000000000e-01 2.281547861439151e-01 1.000000000976632e+00
1.875000000000000e-01 2.330879016745160e-01 1.000000000979763e+00
1.906250000000000e-01 2.380779245888810e-01 1.000000000982863e+00
1.937500000000000e-01 2.431260731791094e-01 1.000000000985934e+00
1.968750000000000e-01 2.482335799284277e-01 1.000000000988977e+00
2.000000000000000e-01 2.534016918120952e-01 1.000000000991993e+00
2.031250000000000e-01 2.586316706018478e-01 1.000000000994983e+00
2.062500000000000e-01 2.639247931739538e-01 1.000000000997948e+00
2.093750000000000e-01 2.692823518209576e-01 1.000000001000889e+00
2.125000000000000e-01 2.747056545671873e-01 1.000000001003807e+00
2.156250000000000e-01 2.801960254881028e-01 1.000000001006703e+00
2.187500000000000e-01 2.857548050335636e-01 1.000000001009578e+00
2.218750000000000e-01 2.913833503550930e-01 1.000000001012433e+00
2.250000000000000e-01 2.970830356372213e-01 1.000000001015268e+00
2.281250000000000e-01 3.028552524329863e-01 1.000000001018085e+00
2.312500000000000e-01 3.087014100036755e-01 1.000000001020883e+00
2.343750000000000e-01 3.146229356628902e-01 1.000000001023664e+00
2.375000000000000e-01 3.206212751250189e-01 1.000000001026428e+00
2.406250000000000e-01 3.266978928582008e-01 1.000000001029176e+00
2.437500000000000e-01 3.328542724418705e-01 1.000000001031908e+00
2.468750000000000e-01 3.390919169289667e-01 1.000000001034625e+00
2.500000000000000e-01 3.454123492128958e-01 1.000000001037328e+00
2.531250000000000e-01 3.518171123993401e-01 1.000000001040017e+00
2.562500000000000e-01 3.583077701830001e-01 1.000000001042693e+00
2.593750000000000e-01 3.648859072293631e-01 1.000000001045355e+00
2.625000000000000e-01 3.715531295615936e-01 1.000000001048005e+00
2.656250000000000e-01 3.783110649526354e-01 1.000000001050643e+00
2.687500000000000e-01 3.851613633226258e-01 1.000000001053270e+00
2.718750000000000e-01 3.921056971417164e-01 1.000000001055885e+00
2.750000000000000e-01 3.991457618383991e-01 1.000000001058490e+00
2.781250000000000e-01 4.062832762134377e-01 1.000000001061083e+00
2.812500000000000e-01 4.135199828595055e-01 1.000000001063667e+00
2.843750000000000e-01 4.208576485866312e-01 1.000000001066242e+00
2.875000000000000e-01 4.282980648535585e-01 1.000000001068807e+00
2.906250000000000e-01 4.358430482051222e-01 1.000000001071362e+00
2.937500000000000e-01 4.434944407157500e-01 1.000000001073909e+00
2.968750000000000e-01 4.512541104391968e-01 1.000000001076448e+00
3.000000000000000e-01 4.591239518646220e-01 1.000000001078978e+00
3.031250000000000e-01 4.671058863791195e-01 1.000000001081501e+00
3.062500000000000e-01 4.752018627368176e-01 1.000000001084016e+00
3.093750000000000e-01 4.834138575346580e-01 1.000000001086523e+00
3.125000000000000e-01 4.917438756949728e-01 1.000000001089024e+00
3.156250000000000e-01 5.001939509549778e-01 1.000000001091517e+00
3.187500000000000e-01 5.087661463633005e-01 1.000000001094004e+00
3.218750000000000e-01 5.174625547836644e-01 1.000000001096485e+00
3.250000000000000e-01 5.262852994058529e-01 1.000000001098959e+00
3.281250000000000e-01 5.352365342640750e-01 1.000000001101428e+00
3.312500000000000e-01 5.443184447628656e-01 1.000000001103890e+00
3.343750000000000e-01 5.535332482106405e-01 1.000000001106347e+00
3.375000000000000e-01 5.628831943610435e-01 1.000000001108798e+00
3.406250000000000e-01 5.723705659622137e-01 1.000000001111245e+00
3.437500000000000e-01 5.819976793141081e-01 1.000000001113686e+00
3.468750000000000e-01 5.917668848340161e-01 1.000000001116122e+00
3.500000000000000e-01 6.016805676304035e-01 1.000000001118554e+00
3.531250000000000e-01 6.117411480852264e-01 1.000000001120981e+00
3.562500000000000e-01 6.219510824448572e-01 1.000000001123403e+00
3.593750000000000e-01 6.323128634197650e-01 1.000000001125821e+00
3.625000000000000e-01 6.428290207931012e-01 1.000000001128236e+00
3.656250000000000e-01 6.535021220383342e-01 1.000000001130646e+00
3.687500000000000e-01 6.643347729460869e-01 1.000000001133052e+00
3.718750000000000e-01 6.753296182603294e-01 1.000000001135454e+00
3.750000000000000e-01 6.864893423240808e-01 1.000000001137853e+00
3.781250000000000e-01 6.978166697347804e-01 1.000000001140248e+00
3.812500000000000e-01 7.093143660094854e-01 1.000000001142640e+00
3.843750000000000e-01 7.209852382600603e-01 1.000000001145029e+00
3.875000000000000e-01 7.328321358785219e-01 1.000000001147414e+00
3.906250000000000e-01 7.448579512327029e-01 1.000000001149796e+00
3.937500000000000e-01 7.570656203724140e-01 1.000000001152175e+00
3.968750000000000e-01 7.694581237462648e-01 1.000000001154551e+00
4.000000000000000e-01 7.820384869293291e-01 1.000000001156925e+00
4.031250000000000e-01 7.948097813618253e-01 1.000000001159296e+00
4.062500000000000e-01 8.077751250989945e-01 1.000000001161664e+00
4.093750000000000e-01 8.209376835723596e-01 1.000000001164030e+00
4.125000000000000e-01 8.343006703625532e-01 1.000000001166393e+00
4.156250000000000e-01 8.478673479838968e-01 1.000000001168754e+00
4.187500000000000e-01 8.616410286809313e-01 1.000000001171112e+00
4.218750000000000e-01 8.756250752370857e-01 1.000000001173469e+00
4.250000000000000e-01 8.898229017956865e-01 1.000000001175823e+00
4.281250000000000e-01 9.042379746935050e-01 1.000000001178175e+00
4.312500000000000e-01 9.188738133070491e-01 1.000000001180525e+00
4.343750000000000e-01 9.337339909118028e-01 1.000000001182872e+00
4.375000000000000e-01 9.488221355546261e-01 1.000000001185219e+00
4.406250000000000e-01 9.641419309395265e-01 1.000000001187563e+00
4.437500000000000e-01 9.796971173270190e-01 1.000000001189906e+00
4.468750000000000e-01 9.954914924472941e-01 1.000000001192246e+00
4.500000000000000e-01 1.011528912427417e+00 1.000000001194585e+00
4.531250000000000e-01 1.027813292732786e+00 1.000000001196923e+00
4.562500000000000e-01 1.044348609123070e+00 1.000000001199259e+00
4.593750000000000e-01 1.061138898622882e+00 1.000000001201593e+00
4.625000000000000e-01 1.078188260507393e+00 1.000000001203926e+00
4.656250000000000e-01 1.095500857303154e+00 1.000000001206257e+00
4.687500000000000e-01 1.113080915804360e+00 1.000000001208587e+00
4.718750000000000e-01 1.130932728104805e+00 1.000000001210916e+00
4.750000000000000e-01 1.149060652645771e+00 1.000000001213244e+00
4.781250000000000e-01 1.167469115280130e+00 1.000000001215570e+00
4.812500000000000e-01 1.186162610352890e+00 1.000000001217895e+00
4.843750000000000e-01 1.205145701798475e+00 1.000000001220218e+00
4.875000000000000e-01 1.224423024254985e+00 1.000000001222541e+00
4.906250000000000e-01 1.243999284195726e+00 1.000000001224862e+00
4.937500000000000e-01 1.263879261078271e+00 1.000000001227183e+00
4.968750000000000e-01 1.284067808511348e+00 1.000000001229502e+00
5.000000000000000e-01 1.304569855439823e+00 1.000000001231821e+00
5.031250000000000e-01 1.325390407348082e+00 1.000000001234138e+00
5.062500000000000e-01 1.346534547482100e+00 1.000000001236454e+00
5.093750000000000e-01 1.368007438090487e+00 1.000000001238770e+00
5.125000000000001e-01 1.389814321684837e+00 1.000000001241084e+00
5.156250000000000e-01 1.411960522319654e+00 1.000000001243398e+00
5.187500000000000e-01 1.434451446892208e+00 1.000000001245711e+00
5.218750000000000e-01 1.457292586462593e+00 1.000000001248023e+00
5.250000000000000e-01 1.480489517594354e+00 1.000000001250335e+00
5.281250000000001e-01 1.504047903715979e+00 1.000000001252645e+00
5.312500000000000e-01 1.527973496503592e+00 1.000000001254955e+00
5.343750000000000e-01 1.552272137285215e+00 1.000000001257264e+00
5.375000000000000e-01 1.576949758466886e+00 1.000000001259572e+00
5.406250000000000e-01 1.602012384981041e+00 1.000000001261880e+00
5.437500000000001e-01 1.627466135757470e+00 1.000000001264187e+00
5.468750000000000e-01 1.653317225217225e+00 1.000000001266494e+00
5.500000000000000e-01 1.679571964789851e+00 1.000000001268800e+00
5.531250000000000e-01 1.706236764454286e+00 1.000000001271105e+00
5.562500000000000e-01 1.733318134303830e+00 1.000000001273410e+00
5.593750000000001e-01 1.760822686135563e+00 1.000000001275714e+00
5.625000000000000e-01 1.788757135064574e+00 1.000000001278018e+00
5.656250000000000e-01 1.817128301163438e+00 1.000000001280321e+00
5.687500000000000e-01 1.845943111127301e+00 1.000000001282623e+00
5.718750000000000e-01 1.875208599965003e+00 1.000000001284925e+00
5.750000000000001e-01 1.904931912716643e+00 1.000000001320848e+00
5.781250000000000e-01 1.935120306198011e+00 1.000000001324191e+00
5.812500000000000e-01 1.965781150772311e+00 1.000000001327532e+00
5.843750000000000e-01 1.996921932149593e+00 1.000000001330873e+00
5.875000000000000e-01 2.028550253214365e+00 1.000000001334213e+00
5.906250000000001e-01 2.060673835881802e+00 1.000000001371173e+00
5.937500000000000e-01 2.093300522983012e+00 1.000000001375552e+00
5.968750000000000e-01 2.126438280179837e+00 1.000000001379931e+00
6.000000000000001e-01 2.160095197909630e+00 1.000000001417929e+00
6.031250000000000e-01 2.194279493360494e+00 1.000000001456965e+00
6.062500000000001e-01 2.228999512477486e+00 1.000000001530661e+00
6.093750000000000e-01 2.264263732000228e+00 1.000000001539193e+00
6.125000000000000e-01 2.300080761532477e+00 1.000000001547724e+00
6.156250000000001e-01 2.336459345644116e+00 1.000000001657114e+00
6.187500000000000e-01 2.373408366006099e+00 1.000000001702379e+00
6.218750000000001e-01 2.410936843558884e+00 1.000000001748681e+00
6.250000000000000e-01 2.449053940714840e+00 1.000000001796020e+00
6.281250000000000e-01 2.487768963595221e+00 1.000000001878015e+00
6.312500000000001e-01 2.527091364302215e+00 1.000000002062944e+00
6.343750000000000e-01 2.567030743226622e+00 1.000000002084963e+00
6.375000000000001e-01 2.607596851391758e+00 1.000000002106979e+00
6.406250000000000e-01 2.648799592834118e+00 1.000000002364330e+00
6.437500000000000e-01 2.690649027021411e+00 1.000000002494465e+00
6.468750000000001e-01 2.733155371308524e+00 1.000000002560471e+00
6.500000000000000e-01 2.776329003432049e+00 1.000000002761988e+00
6.531250000000001e-01 2.820180464043967e+00 1.000000003002309e+00
6.562500000000000e-01 2.864720459285089e+00 1.000000003248851e+00
6.593750000000000e-01 2.909959863398929e+00 1.000000003333515e+00
6.625000000000001e-01 2.955909721386590e+00 1.000000003587308e+00
6.656250000000000e-01 3.002581251703353e+00 1.000000004183512e+00
6.687500000000001e-01 3.049985848997626e+00 1.000000004224776e+00
6.718750000000000e-01 3.098135086892879e+00 1.000000004466713e+00
6.750000000000000e-01 3.147040720813310e+00 1.000000005487067e+00
6.781250000000001e-01 3.196714690853871e+00 1.000000005561491e+00
6.812500000000000e-01 3.247169124695383e+00 1.000000005802967e+00
6.843750000000001e-01 3.298416340565477e+00 1.000000007393340e+00
6.875000000000000e-01 3.350468850246008e+00 1.000000007550080e+00
6.906250000000000e-01 3.403339362127777e+00 1.000000007841286e+00
6.937500000000001e-01 3.457040784313211e+00 1.000000010288234e+00
6.968750000000000e-01 3.511586227767823e+00 1.000000010485945e+00
7.000000000000001e-01 3.566989009521205e+00 1.000000011086031e+00
7.031250000000000e-01 3.623262655918307e+00 1.000000014689573e+00
7.062500000000000e-01 3.680420905921852e+00 1.000000014866751e+00
7.093750000000001e-01 3.738477714466631e+00 1.000000016383478e+00
7.125000000000000e-01 3.797447255866536e+00 1.000000021130224e+00
7.156250000000001e-01 3.857343927275175e+00 1.000000021809301e+00
7.187500000000000e-01 3.918182352200844e+00 1.000000025519209e+00
7.218750000000000e-01 3.979977384076828e+00 1.000000029697309e+00
7.250000000000001e-01 4.042744109887770e+00 1.000000034254132e+00
7.281250000000000e-01 4.106497853853101e+00 1.000000040340984e+00
7.312500000000001e-01 4.171254181168399e+00 1.000000041378509e+00
7.343750000000000e-01 4.237028901805528e+00 1.000000057747069e+00
7.375000000000000e-01 4.303838074372613e+00 1.000000060906174e+00
7.406250000000001e-01 4.371698010034643e+00 1.000000065663453e+00
7.437500000000000e-01 4.440625276495786e+00 1.000000090657547e+00
7.468750000000001e-01 4.510636702044332e+00 1.000000096368337e+00
7.500000000000000e-01 4.581749379661216e+00 1.000000118521148e+00
7.531250000000000e-01 4.653980671193226e+00 1.000000122992271e+00
7.562500000000001e-01 4.727348211591802e+00 1.000000181531522e+00
7.593750000000000e-01 4.801869913218528e+00 1.000000186475897e+00
7.625000000000001e-01 4.877563970218381e+00 1.000000221445450e+00
7.656250000000000e-01 4.954448862961714e+00 1.000000266117973e+00
7.687500000000000e-01 5.032543362556198e+00 1.000000358416164e+00
7.718750000000001e-01 5.111866535429675e+00 1.000000390476585e+00
7.750000000000000e-01 5.192437747985146e+00 1.000000446997486e+00
7.781250000000001e-01 5.274276671329015e+00 1.000000572851573e+00
7.812500000000000e-01 5.357403286073669e+00 1.000000781627406e+00
7.843750000000000e-01 5.441837887215693e+00 1.000000841181673e+00
7.875000000000001e-01 5.527601089090773e+00 1.000001027448201e+00
7.906250000000000e-01 5.614713830406605e+00 1.000001185042560e+00
7.937500000000001e-01 5.703197379355005e+00 1.000001915500013e+00
7.968750000000000e-01 5.793073338804412e+00 1.000001943142191e+00
8.000000000000000e-01 5.884363651574169e+00 1.000002629359819e+00
8.031250000000001e-01 5.977090605791737e+00 1.000002691242156e+00
8.062500000000000e-01 6.071276840334257e+00 1.000004314256643e+00
8.093750000000001e-01 6.166945350355728e+00 1.000006103314054e+00
8.125000000000000e-01 6.264119492901173e+00 1.000006333901517e+00
8.156250000000000e-01 6.362822992609162e+00 1.000009061660266e+00
8.187500000000001e-01 6.463079947504072e+00 1.000009356827151e+00
8.218750000000000e-01 6.564914834879517e+00 1.000014714987744e+00
8.250000000000001e-01 6.668352517274371e+00 1.000026434694933e+00
8.281250000000000e-01 6.773418248542846e+00 1.000028164612140e+00
8.312500000000000e-01 6.880137680020114e+00 1.000035567030383e+00
8.343750000000001e-01 6.988536866784961e+00 1.000053864145613e+00
8.375000000000000e-01 7.098642274021019e+00 1.000055873166906e+00
8.406250000000001e-01 7.210480783478133e+00 1.000085968741228e+00
8.437500000000000e-01 7.324079700035414e+00 1.000212342536562e+00
8.468750000000000e-01 7.439466758367605e+00 1.000353892606865e+00
8.500000000000001e-01 7.556670129716381e+00 1.000385403117350e+00
8.531250000000000e-01 7.675718428768239e+00 1.000446201260431e+00
8.562500000000001e-01 7.796640720640633e+00 1.000951897484120e+00
8.593750000000000e-01 7.919466527978115e+00 1.002227761269913e+00
8.625000000000000e-01 8.044225838160141e+00 1.004192929690414e+00
8.656250000000001e-01 8.170949110622363e+00 1.006405043856416e+00
8.687500000000000e-01 8.299667284293170e+00 1.008356723105513e+00
8.718750000000001e-01 8.430411785147284e+00 1.009741136541471e+00
8.750000000000000e-01 8.563214533878281e+00 1.010528863834212e+00
8.781250000000000e-01 8.698107953691880e+00 1.010886901955743e+00
8.812500000000001e-01 8.835124978221932e+00 1.011051722897712e+00
8.843750000000000e-01 8.974299059571019e+00 1.011236234204302e+00
8.875000000000001e-01 9.115664176477637e+00 1.011587668905136e+00
8.906250000000000e-01 9.259254842611947e+00 1.012181143722320e+00
8.937500000000000e-01 9.405106115002161e+00 1.013032982649046e+00
8.968750000000001e-01 9.553253602593529e+00 1.014123348215093e+00
9.000000000000000e-01 9.703733474942130e+00 1.015417558520495e+00
9.031250000000001e-01 9.856582471045494e+00 1.016876015240236e+00
9.062500000000000e-01 1.001183790831228e+01 1.018449536914338e+00
9.093750000000000e-01 1.016953769167313e+01 1.020066642625717e+00
9.125000000000001e-01 1.032972032283505e+01 1.021626088013094e+00
9.156250000000000e-01 1.049242490968134e+01 1.023007842434311e+00
9.187500000000001e-01 1.065769117581972e+01 1.024106522739341e+00
9.218750000000000e-01 1.082555947028058e+01 1.024875276796106e+00
9.250000000000000e-01 1.099607077736805e+01 1.025354829264394e+00
9.281250000000001e-01 1.116926672666618e+01 1.025664460858702e+00
9.312500000000000e-01 1.134518960320255e+01 1.025953013988072e+00
9.343750000000001e-01 1.152388235777201e+01 1.026335420200888e+00
9.375000000000000e-01 1.170538861742293e+01 1.026851298273923e+00
9.406250000000000e-01 1.188975269610854e+01 1.027466390503069e+00
9.437500000000001e-01 1.207701960550600e+01 1.028108242498725e+00
9.468750000000000e-01 1.226723506600578e+01 1.028708746070626e+00
9.500000000000001e-01 1.246044551787411e+01 1.029229803021174e+00
9.531250000000000e-01 1.265669813259115e+01 1.029665875110030e+00
9.562500000000000e-01 1.285604082436773e+01 1.030032046944318e+00
9.593750000000001e-01 1.305852226184337e+01 1.030349797927496e+00
9.625000000000000e-01 1.326419187996850e+01 1.030637774444710e+00
9.656250000000001e-01 1.347309989207381e+01 1.030908596427122e+00
9.687500000000000e-01 1.368529730212962e+01 1.031169430332279e+00
9.718750000000000e-01 1.390083591719824e+01 1.031423816843537e+00
9.750000000000001e-01 1.411976836008246e+01 1.031673320595214e+00
9.781250000000000e-01 1.434214808217320e+01 1.031918583401107e+00
9.812500000000001e-01 1.456802937649935e+01 1.032159869025534e+00
9.843750000000000e-01 1.479746739098328e+01 1.032397302956384e+00
9.875000000000000e-01 1.503051814190487e+01 1.032630964785676e+00
9.906250000000001e-01 1.526723852757770e+01 1.032860919848439e+00
9.937500000000000e-01 1.550768634224049e+01 1.033087228885378e+00
9.968750000000001e-01 1.575192029016732e+01 1.033309950809353e+00
1.000000000000000e+00 1.600000000000000e+01 1.033529143375809e+00
