0.000000000000000e+00 0.000000000000000e+00 1.000000000000000e+00
3.125000000000000e-03 3.369263549427258e-03 1.000000001141939e+00
6.250000000000000e-03 6.739349689698711e-03 1.000000002629855e+00
9.375000000000001e-03 1.011108121249049e-02 1.000000004083459e+00
1.250000000000000e-02 1.348528131119160e-02 1.000000006115898e+00
1.562500000000000e-02 1.686277378188298e-02 1.000000008912816e+00
1.875000000000000e-02 2.024438322446370e-02 1.000000012140695e+00
2.187500000000000e-02 2.363093524397333e-02 1.000000015673413e+00
2.500000000000000e-02 2.702325665215984e-02 1.000000019742442e+00
2.812500000000000e-02 3.042217566934200e-02 1.000000024447252e+00
3.125000000000000e-02 3.382852212661575e-02 1.000000029701603e+00
3.437500000000000e-02 3.724312766845378e-02 1.000000035470636e+00
3.750000000000001e-02 4.066682595574785e-02 1.000000041902112e+00
4.062500000000000e-02 4.410045286934348e-02 1.000000048940070e+00
4.375000000000000e-02 4.754484671411652e-02 1.000000056441347e+00
4.687500000000000e-02 5.100084842364160e-02 1.000000064503969e+00
5.000000000000000e-02 5.446930176550237e-02 1.000000073241162e+00
5.312500000000001e-02 5.795105354729364e-02 1.000000082630867e+00
5.625000000000000e-02 6.144695382336569e-02 1.000000092608764e+00
5.937500000000000e-02 6.495785610236132e-02 1.000000103212139e+00
6.250000000000000e-02 6.848461755559625e-02 1.000000114372750e+00
6.562500000000000e-02 7.202809922633362e-02 1.000000126088417e+00
6.875000000000001e-02 7.558916624000402e-02 1.000000138502784e+00
7.187500000000001e-02 7.916868801542200e-02 1.000000151627336e+00
7.500000000000001e-02 8.276753847705080e-02 1.000000165436549e+00
7.812500000000000e-02 8.638659626836727e-02 1.000000179973556e+00
8.125000000000000e-02 9.002674496637868e-02 1.000000195247899e+00
8.437500000000001e-02 9.368887329734420e-02 1.000000211340586e+00
8.750000000000001e-02 9.737387535375355e-02 1.000000228193584e+00
9.062500000000001e-02 1.010826508126157e-01 1.000000245743145e+00
9.375000000000000e-02 1.048161051551108e-01 1.000000264028074e+00
9.687500000000000e-02 1.085751498876601e-01 1.000000283089755e+00
1.000000000000000e-01 1.123607027644654e-01 1.000000302971882e+00
1.031250000000000e-01 1.161736880115753e-01 1.000000323684486e+00
1.062500000000000e-01 1.200150365525305e-01 1.000000345308775e+00
1.093750000000000e-01 1.238856862356450e-01 1.000000367894281e+00
1.125000000000000e-01 1.277865820629775e-01 1.000000391420794e+00
1.156250000000000e-01 1.317186764210495e-01 1.000000415794254e+00
1.187500000000000e-01 1.356829293133661e-01 1.000000441234921e+00
1.218750000000000e-01 1.396803085947971e-01 1.000000467761220e+00
1.250000000000000e-01 1.437117902078738e-01 1.000000495284230e+00
1.281250000000000e-01 1.477783584210617e-01 1.000000523886700e+00
1.312500000000000e-01 1.518810060690650e-01 1.000000553512749e+00
1.343750000000000e-01 1.560207347952229e-01 1.000000584102573e+00
1.375000000000000e-01 1.601985552960564e-01 1.000000616018866e+00
1.406250000000000e-01 1.644154875680252e-01 1.000000649287012e+00
1.437500000000000e-01 1.686725611565558e-01 1.000000683718797e+00
1.468750000000000e-01 1.729708154074000e-01 1.000000719398906e+00
1.500000000000000e-01 1.773112997203869e-01 1.000000756557094e+00
1.531250000000000e-01 1.816950738056289e-01 1.000000795113835e+00
1.562500000000000e-01 1.861232079422458e-01 1.000000835019538e+00
1.593750000000000e-01 1.905967832396682e-01 1.000000876291889e+00
1.625000000000000e-01 1.951168919015860e-01 1.000000919019227e+00
1.656250000000000e-01 1.996846374926046e-01 1.000000963399080e+00
1.687500000000000e-01 2.043011352076760e-01 1.000001009424187e+00
1.718750000000000e-01 2.089675121443681e-01 1.000001057156033e+00
1.750000000000000e-01 2.136849075780412e-01 1.000001106727997e+00
1.781250000000000e-01 2.184544732399964e-01 1.000001158065427e+00
1.812500000000000e-01 2.232773735986666e-01 1.000001211194798e+00
1.843750000000000e-01 2.281547861439151e-01 1.000001266319020e+00
1.875000000000000e-01 2.330879016745160e-01 1.000001323400695e+00
1.906250000000000e-01 2.380779245888810e-01 1.000001382575754e+00
1.937500000000000e-01 2.431260731791094e-01 1.000001443984125e+00
1.968750000000000e-01 2.482335799284277e-01 1.000001507628353e+00
2.000000000000000e-01 2.534016918120952e-01 1.000001573544436e+00
2.031250000000000e-01 2.586316706018478e-01 1.000001641909222e+00
2.062500000000000e-01 2.639247931739538e-01 1.000001712798883e+00
2.093750000000000e-01 2.692823518209576e-01 1.000001786219959e+00
2.125000000000000e-01 2.747056545671873e-01 1.000001862388943e+00
2.156250000000000e-01 2.801960254881028e-01 1.000001941422918e+00
2.187500000000000e-01 2.857548050335636e-01 1.000002023335390e+00
2.218750000000000e-01 2.913833503550930e-01 1.000002108067531e+00
2.250000000000000e-01 2.970830356372213e-01 1.000002195979358e+00
2.281250000000000e-01 3.028552524329863e-01 1.000002287371966e+00
2.312500000000000e-01 3.087014100036755e-01 1.000002382202585e+00
2.343750000000000e-01 3.146229356628902e-01 1.000002480494469e+00
2.375000000000000e-01 3.206212751250189e-01 1.000002582374870e+00
2.406250000000000e-01 3.266978928582008e-01 1.000002688184708e+00
2.437500000000000e-01 3.328542724418705e-01 1.000002797957575e+00
2.468750000000000e-01 3.390919169289667e-01 1.000002911866231e+00
2.500000000000000e-01 3.454123492128958e-01 1.000003030122025e+00
2.531250000000000e-01 3.518171123993401e-01 1.000003152940895e+00
2.562500000000000e-01 3.583077701830001e-01 1.000003280472848e+00
2.593750000000000e-01 3.648859072293631e-01 1.000003412799428e+00
2.625000000000000e-01 3.715531295615936e-01 1.000003550283460e+00
2.656250000000000e-01 3.783110649526354e-01 1.000003692980245e+00
2.687500000000000e-01 3.851613633226258e-01 1.000003841330702e+00
2.718750000000000e-01 3.921056971417164e-01 1.000003995576277e+00
2.750000000000000e-01 3.991457618383991e-01 1.000004155857096e+00
2.781250000000000e-01 4.062832762134377e-01 1.000004322525178e+00
2.812500000000000e-01 4.135199828595055e-01 1.000004495694052e+00
2.843750000000000e-01 4.208576485866312e-01 1.000004675758298e+00
2.875000000000000e-01 4.282980648535585e-01 1.000004863051203e+00
2.906250000000000e-01 4.358430482051222e-01 1.000005057947883e+00
2.937500000000000e-01 4.434944407157500e-01 1.000005260760835e+00
2.968750000000000e-01 4.512541104391968e-01 1.000005471772700e+00
3.000000000000000e-01 4.591239518646220e-01 1.000005691411023e+00
3.031250000000000e-01 4.671058863791195e-01 1.000005920077035e+00
3.062500000000000e-01 4.752018627368176e-01 1.000006158285173e+00
3.093750000000000e-01 4.834138575346580e-01 1.000006406455447e+00
3.125000000000000e-01 4.917438756949728e-01 1.000006664980212e+00
3.156250000000000e-01 5.001939509549778e-01 1.000006934187788e+00
3.187500000000000e-01 5.087661463633005e-01 1.000007214867872e+00
3.218750000000000e-01 5.174625547836644e-01 1.000007507512697e+00
3.250000000000000e-01 5.262852994058529e-01 1.000007812658234e+00
3.281250000000000e-01 5.352365342640750e-01 1.000008131061235e+00
3.312500000000000e-01 5.443184447628656e-01 1.000008463002578e+00
3.343750000000000e-01 5.535332482106405e-01 1.000008809396667e+00
3.375000000000000e-01 5.628831943610435e-01 1.000009170968037e+00
3.406250000000000e-01 5.723705659622137e-01 1.000009548209153e+00
3.437500000000000e-01 5.819976793141081e-01 1.000009942110959e+00
3.468750000000000e-01 5.917668848340161e-01 1.000010353475506e+00
3.500000000000000e-01 6.016805676304035e-01 1.000010783084838e+00
3.531250000000000e-01 6.117411480852264e-01 1.000011231629460e+00
3.562500000000000e-01 6.219510824448572e-01 1.000011700197258e+00
3.593750000000000e-01 6.323128634197650e-01 1.000012189828838e+00
3.625000000000000e-01 6.428290207931012e-01 1.000012701233827e+00
3.656250000000000e-01 6.535021220383342e-01 1.000013235623451e+00
3.687500000000000e-01 6.643347729460869e-01 1.000013793917617e+00
3.718750000000000e-01 6.753296182603294e-01 1.000014377156618e+00
3.750000000000000e-01 6.864893423240808e-01 1.000014986539677e+00
3.781250000000000e-01 6.978166697347804e-01 1.000015622901989e+00
3.812500000000000e-01 7.093143660094854e-01 1.000016287581325e+00
3.843750000000000e-01 7.209852382600603e-01 1.000016981414134e+00
3.875000000000000e-01 7.328321358785219e-01 1.000017705527310e+00
3.906250000000000e-01 7.448579512327029e-01 1.000018460995611e+00
3.937500000000000e-01 7.570656203724140e-01 1.000019248487807e+00
3.968750000000000e-01 7.694581237462648e-01 1.000020069061879e+00
4.000000000000000e-01 7.820384869293291e-01 1.000020923263288e+00
4.031250000000000e-01 7.948097813618253e-01 1.000021811565251e+00
4.062500000000000e-01 8.077751250989945e-01 1.000022734472056e+00
4.093750000000000e-01 8.209376835723596e-01 1.000023691676503e+00
4.125000000000000e-01 8.343006703625532e-01 1.000024683089010e+00
4.156250000000000e-01 8.478673479838968e-01 1.000025707931536e+00
4.187500000000000e-01 8.616410286809313e-01 1.000026764751718e+00
4.218750000000000e-01 8.756250752370857e-01 1.000027852035825e+00
4.250000000000000e-01 8.898229017956865e-01 1.000028966838007e+00
4.281250000000000e-01 9.042379746935050e-01 1.000030105897291e+00
4.312500000000000e-01 9.188738133070491e-01 1.000031264963378e+00
4.343750000000000e-01 9.337339909118028e-01 1.000032438171688e+00
4.375000000000000e-01 9.488221355546261e-01 1.000033619122117e+00
4.406250000000000e-01 9.641419309395265e-01 1.000034799567874e+00
4.437500000000000e-01 9.796971173270190e-01 1.000035969820974e+00
4.468750000000000e-01 9.954914924472941e-01 1.000037119242536e+00
4.500000000000000e-01 1.011528912427417e+00 1.000038235167954e+00
4.531250000000000e-01 1.027813292732786e+00 1.000039304259490e+00
4.562500000000000e-01 1.044348609123070e+00 1.000040312778302e+00
4.593750000000000e-01 1.061138898622882e+00 1.000041246759817e+00
4.625000000000000e-01 1.078188260507393e+00 1.000042094690139e+00
4.656250000000000e-01 1.095500857303154e+00 1.000042849070994e+00
4.687500000000000e-01 1.113080915804360e+00 1.000043509858298e+00
4.718750000000000e-01 1.130932728104805e+00 1.000044090253164e+00
4.750000000000000e-01 1.149060652645771e+00 1.000044623650038e+00
4.781250000000000e-01 1.167469115280130e+00 1.000045174724640e+00
4.812500000000000e-01 1.186162610352890e+00 1.000045854573268e+00
4.843750000000000e-01 1.205145701798475e+00 1.000046842338791e+00
4.875000000000000e-01 1.224423024254985e+00 1.000048415233401e+00
4.906250000000000e-01 1.243999284195726e+00 1.000050988570492e+00
4.937500000000000e-01 1.263879261078271e+00 1.000055173541586e+00
4.968750000000000e-01 1.284067808511348e+00 1.000061852554074e+00
5.000000000000000e-01 1.304569855439823e+00 1.000072278323588e+00
5.031250000000000e-01 1.325390407348082e+00 1.000088211992098e+00
5.062500000000000e-01 1.346534547482100e+00 1.000112095908982e+00
5.093750000000000e-01 1.368007438090487e+00 1.000147272173869e+00
5.125000000000001e-01 1.389814321684837e+00 1.000198269901721e+00
5.156250000000000e-01 1.411960522319654e+00 1.000271143321430e+00
5.187500000000000e-01 1.434451446892208e+00 1.000373863505383e+00
5.218750000000000e-01 1.457292586462593e+00 1.000516778584983e+00
5.250000000000000e-01 1.480489517594354e+00 1.000713077320528e+00
5.281250000000001e-01 1.504047903715979e+00 1.000979199173293e+00
5.312500000000000e-01 1.527973496503592e+00 1.001335156977425e+00
5.343750000000000e-01 1.552272137285215e+00 1.001804602868337e+00
5.375000000000000e-01 1.576949758466886e+00 1.002414452864420e+00
5.406250000000000e-01 1.602012384981041e+00 1.003193986751777e+00
5.437500000000001e-01 1.627466135757470e+00 1.004173256807128e+00
5.468750000000000e-01 1.653317225217225e+00 1.005380676541322e+00
5.500000000000000e-01 1.679571964789851e+00 1.006839984930160e+00
5.531250000000000e-01 1.706236764454286e+00 1.008566882562242e+00
5.562500000000000e-01 1.733318134303830e+00 1.010565653086902e+00
5.593750000000001e-01 1.760822686135563e+00 1.012826405286144e+00
5.625000000000000e-01 1.788757135064574e+00 1.015323654729115e+00
5.656250000000000e-01 1.817128301163438e+00 1.018016558526531e+00
5.687500000000000e-01 1.845943111127301e+00 1.020850907554195e+00
5.718750000000000e-01 1.875208599965003e+00 1.023762870395400e+00
5.750000000000001e-01 1.904931912716643e+00 1.026683968253907e+00
5.781250000000000e-01 1.935120306198011e+00 1.029546395869735e+00
5.812500000000000e-01 1.965781150772311e+00 1.032288013362579e+00
5.843750000000000e-01 1.996921932149593e+00 1.034856537774553e+00
5.875000000000000e-01 2.028550253214365e+00 1.037212429080673e+00
5.906250000000001e-01 2.060673835881802e+00 1.039330231592464e+00
5.937500000000000e-01 2.093300522983012e+00 1.041198576277216e+00
5.968750000000000e-01 2.126438280179837e+00 1.042819153088663e+00
6.000000000000001e-01 2.160095197909630e+00 1.044204868968164e+00
6.031250000000000e-01 2.194279493360494e+00 1.045377482713722e+00
6.062500000000001e-01 2.228999512477486e+00 1.046365106757454e+00
6.093750000000000e-01 2.264263732000228e+00 1.047199839303450e+00
6.125000000000000e-01 2.300080761532477e+00 1.047915629582356e+00
6.156250000000001e-01 2.336459345644116e+00 1.048546457315503e+00
6.187500000000000e-01 2.373408366006099e+00 1.049124914228803e+00
6.218750000000001e-01 2.410936843558884e+00 1.049681193991988e+00
6.250000000000000e-01 2.449053940714840e+00 1.050242424738394e+00
6.281250000000000e-01 2.487768963595221e+00 1.050832288846669e+00
6.312500000000001e-01 2.527091364302215e+00 1.051470895796836e+00
6.343750000000000e-01 2.567030743226622e+00 1.052174850327437e+00
6.375000000000001e-01 2.607596851391758e+00 1.052957437174451e+00
6.406250000000000e-01 2.648799592834118e+00 1.053828873285299e+00
6.437500000000000e-01 2.690649027021411e+00 1.054796611578662e+00
6.468750000000001e-01 2.733155371308524e+00 1.055865680177284e+00
6.500000000000000e-01 2.776329003432049e+00 1.057039020966394e+00
6.531250000000001e-01 2.820180464043967e+00 1.058317791302011e+00
6.562500000000000e-01 2.864720459285089e+00 1.059701617464873e+00
6.593750000000000e-01 2.909959863398929e+00 1.061188815380439e+00
6.625000000000001e-01 2.955909721386590e+00 1.062776593647651e+00
6.656250000000000e-01 3.002581251703353e+00 1.064461234496850e+00
6.687500000000001e-01 3.049985848997626e+00 1.066238239149597e+00
6.718750000000000e-01 3.098135086892879e+00 1.068102428062833e+00
6.750000000000000e-01 3.147040720813310e+00 1.070047998014671e+00
6.781250000000001e-01 3.196714690853871e+00 1.072068548745042e+00
6.812500000000000e-01 3.247169124695383e+00 1.074157091428436e+00
6.843750000000001e-01 3.298416340565477e+00 1.076306044083149e+00
6.875000000000000e-01 3.350468850246008e+00 1.078507215858559e+00
6.906250000000000e-01 3.403339362127777e+00 1.080751778215474e+00
6.937500000000001e-01 3.457040784313211e+00 1.083030223443054e+00
6.968750000000000e-01 3.511586227767823e+00 1.085332313789606e+00
7.000000000000001e-01 3.566989009521205e+00 1.087647027517366e+00
7.031250000000000e-01 3.623262655918307e+00 1.089962510242025e+00
7.062500000000000e-01 3.680420905921852e+00 1.092266042382860e+00
7.093750000000001e-01 3.738477714466631e+00 1.094544036206612e+00
7.125000000000000e-01 3.797447255866536e+00 1.096782079442424e+00
7.156250000000001e-01 3.857343927275175e+00 1.098965046443330e+00
7.187500000000000e-01 3.918182352200844e+00 1.101077303401963e+00
7.218750000000000e-01 3.979977384076828e+00 1.103103037104797e+00
7.250000000000001e-01 4.042744109887770e+00 1.105026740620330e+00
7.281250000000000e-01 4.106497853853101e+00 1.106833886357660e+00
7.312500000000001e-01 4.171254181168399e+00 1.108511806477479e+00
7.343750000000000e-01 4.237028901805528e+00 1.110050775133701e+00
7.375000000000000e-01 4.303838074372613e+00 1.111445240302621e+00
7.406250000000001e-01 4.371698010034643e+00 1.112695087813462e+00
7.437500000000000e-01 4.440625276495786e+00 1.113806745752394e+00
7.468750000000001e-01 4.510636702044332e+00 1.114793879486825e+00
7.500000000000000e-01 4.581749379661216e+00 1.115677414888717e+00
7.531250000000000e-01 4.653980671193226e+00 1.116484686239390e+00
7.562500000000001e-01 4.727348211591802e+00 1.117247638590848e+00
7.593750000000000e-01 4.801869913218528e+00 1.118000200462249e+00
7.625000000000001e-01 4.877563970218381e+00 1.118775129625567e+00
7.656250000000000e-01 4.954448862961714e+00 1.119600771065060e+00
7.687500000000000e-01 5.032543362556198e+00 1.120498208297069e+00
7.718750000000001e-01 5.111866535429675e+00 1.121479231228056e+00
7.750000000000000e-01 5.192437747985146e+00 1.122545404782211e+00
7.781250000000001e-01 5.274276671329015e+00 1.123688345873918e+00
7.812500000000000e-01 5.357403286073669e+00 1.124891139544431e+00
7.843750000000000e-01 5.441837887215693e+00 1.126130676621606e+00
7.875000000000001e-01 5.527601089090773e+00 1.127380584674779e+00
7.906250000000000e-01 5.614713830406605e+00 1.128614355025247e+00
7.937500000000001e-01 5.703197379355005e+00 1.129808245126198e+00
7.968750000000000e-01 5.793073338804412e+00 1.130943570267579e+00
8.000000000000000e-01 5.884363651574169e+00 1.132008096092413e+00
8.031250000000001e-01 5.977090605791737e+00 1.132996401233822e+00
8.062500000000000e-01 6.071276840334257e+00 1.133909269305182e+00
8.093750000000001e-01 6.166945350355728e+00 1.134752343746632e+00
8.125000000000000e-01 6.264119492901173e+00 1.135534392900739e+00
8.156250000000000e-01 6.362822992609162e+00 1.136265553884548e+00
8.187500000000001e-01 6.463079947504072e+00 1.136955856232332e+00
8.218750000000000e-01 6.564914834879517e+00 1.137614200285971e+00
8.250000000000001e-01 6.668352517274371e+00 1.138247826213746e+00
8.281250000000000e-01 6.773418248542846e+00 1.138862200644584e+00
8.312500000000000e-01 6.880137680020114e+00 1.139461188086926e+00
8.343750000000001e-01 6.988536866784961e+00 1.140047367159039e+00
8.375000000000000e-01 7.098642274021019e+00 1.140622377915810e+00
8.406250000000001e-01 7.210480783478133e+00 1.141187229781780e+00
8.437500000000000e-01 7.324079700035414e+00 1.141742539072104e+00
8.468750000000000e-01 7.439466758367605e+00 1.142288693331307e+00
8.500000000000001e-01 7.556670129716381e+00 1.142825955088942e+00
8.531250000000000e-01 7.675718428768239e+00 1.143354522332444e+00
8.562500000000001e-01 7.796640720640633e+00 1.143874561079174e+00
8.593750000000000e-01 7.919466527978115e+00 1.144386221674403e+00
8.625000000000000e-01 8.044225838160141e+00 1.144889646439255e+00
8.656250000000001e-01 8.170949110622363e+00 1.145384973129856e+00
8.687500000000000e-01 8.299667284293170e+00 1.145872336304407e+00
8.718750000000001e-01 8.430411785147284e+00 1.146351867809235e+00
8.750000000000000e-01 8.563214533878281e+00 1.146823697197805e+00
8.781250000000000e-01 8.698107953691880e+00 1.147287951676346e+00
8.812500000000001e-01 8.835124978221932e+00 1.147744756245171e+00
8.843750000000000e-01 8.974299059571019e+00 1.148194233679431e+00
8.875000000000001e-01 9.115664176477637e+00 1.148636504707163e+00
8.906250000000000e-01 9.259254842611947e+00 1.149071687866451e+00
8.937500000000000e-01 9.405106115002161e+00 1.149499899717575e+00
8.968750000000001e-01 9.553253602593529e+00 1.149921254775890e+00
9.000000000000000e-01 9.703733474942130e+00 1.150335865600543e+00
9.031250000000001e-01 9.856582471045494e+00 1.150743842761432e+00
9.062500000000000e-01 1.001183790831228e+01 1.151145295004017e+00
9.093750000000000e-01 1.016953769167313e+01 1.151540329133132e+00
9.125000000000001e-01 1.032972032283505e+01 1.151929050173063e+00
9.156250000000000e-01 1.049242490968134e+01 1.152311561327488e+00
9.187500000000001e-01 1.065769117581972e+01 1.152687964016026e+00
9.218750000000000e-01 1.082555947028058e+01 1.153058357990196e+00
9.250000000000000e-01 1.099607077736805e+01 1.153422841247693e+00
9.281250000000001e-01 1.116926672666618e+01 1.153781510143718e+00
9.312500000000000e-01 1.134518960320255e+01 1.154134459341110e+00
9.343750000000001e-01 1.152388235777201e+01 1.154481781999645e+00
9.375000000000000e-01 1.170538861742293e+01 1.154823569603785e+00
9.406250000000000e-01 1.188975269610854e+01 1.155159912147497e+00
9.437500000000001e-01 1.207701960550600e+01 1.155490898079196e+00
9.468750000000000e-01 1.226723506600578e+01 1.155816614364288e+00
9.500000000000001e-01 1.246044551787411e+01 1.156137146506846e+00
9.531250000000000e-01 1.265669813259115e+01 1.156452578569726e+00
9.562500000000000e-01 1.285604082436773e+01 1.156762993152457e+00
9.593750000000001e-01 1.305852226184337e+01 1.157068471528939e+00
9.625000000000000e-01 1.326419187996850e+01 1.157369093624917e+00
9.656250000000001e-01 1.347309989207381e+01 1.157664937951874e+00
9.687500000000000e-01 1.368529730212962e+01 1.157956081780932e+00
9.718750000000000e-01 1.390083591719824e+01 1.158242601035635e+00
9.750000000000001e-01 1.411976836008246e+01 1.158524570382797e+00
9.781250000000000e-01 1.434214808217320e+01 1.158802063283816e+00
9.812500000000001e-01 1.456802937649935e+01 1.159075151964352e+00
9.843750000000000e-01 1.479746739098328e+01 1.159343907381160e+00
9.875000000000000e-01 1.503051814190487e+01 1.159608399389922e+00
9.906250000000001e-01 1.526723852757770e+01 1.159868696672351e+00
9.937500000000000e-01 1.550768634224049e+01 1.160124866740685e+00
9.968750000000001e-01 1.575192029016732e+01 1.160376975981524e+00
1.000000000000000e+00 1.600000000000000e+01 1.160625089740334e+00
