0.000000000000000e+00 0.000000000000000e+00 1.000000000000000e+00
3.125000000000000e-03 3.369263549427258e-03 1.036177650390813e+00
6.250000000000000e-03 6.739349689698711e-03 1.043016614165169e+00
9.375000000000001e-03 1.011108121249049e-02 1.045792883341012e+00
1.250000000000000e-02 1.348528131119160e-02 1.047275852524997e+00
1.562500000000000e-02 1.686277378188298e-02 1.048196075854890e+00
1.875000000000000e-02 2.024438322446370e-02 1.048822251751816e+00
2.187500000000000e-02 2.363093524397333e-02 1.049275772077257e+00
2.500000000000000e-02 2.702325665215984e-02 1.049619375237624e+00
2.812500000000000e-02 3.042217566934200e-02 1.049888717784152e+00
3.125000000000000e-02 3.382852212661575e-02 1.050105552697218e+00
3.437500000000000e-02 3.724312766845378e-02 1.050283899078849e+00
3.750000000000001e-02 4.066682595574785e-02 1.050433196011336e+00
4.062500000000000e-02 4.410045286934348e-02 1.050560031355379e+00
4.375000000000000e-02 4.754484671411652e-02 1.050669142231211e+00
4.687500000000000e-02 5.100084842364160e-02 1.050764021795724e+00
5.000000000000000e-02 5.446930176550237e-02 1.050847302488820e+00
5.312500000000001e-02 5.795105354729364e-02 1.050921005679979e+00
5.625000000000000e-02 6.144695382336569e-02 1.050986708725707e+00
5.937500000000000e-02 6.495785610236132e-02 1.051045660942084e+00
6.250000000000000e-02 6.848461755559625e-02 1.051098864824533e+00
6.562500000000000e-02 7.202809922633362e-02 1.051147133475436e+00
6.875000000000001e-02 7.558916624000402e-02 1.051191133995224e+00
7.187500000000001e-02 7.916868801542200e-02 1.051231418323433e+00
7.500000000000001e-02 8.276753847705080e-02 1.051268447086425e+00
7.812500000000000e-02 8.638659626836727e-02 1.051302608108117e+00
8.125000000000000e-02 9.002674496637868e-02 1.051334230075648e+00
8.437500000000001e-02 9.368887329734420e-02 1.051363592996996e+00
8.750000000000001e-02 9.737387535375355e-02 1.051390937505192e+00
9.062500000000001e-02 1.010826508126157e-01 1.051416471532266e+00
9.375000000000000e-02 1.048161051551108e-01 1.051440374882159e+00
9.687500000000000e-02 1.085751498876601e-01 1.051462804506915e+00
1.000000000000000e-01 1.123607027644654e-01 1.051483898147573e+00
1.031250000000000e-01 1.161736880115753e-01 1.051503776830884e+00
1.062500000000000e-01 1.200150365525305e-01 1.051522547091089e+00
1.093750000000000e-01 1.238856862356450e-01 1.051540303897836e+00
1.125000000000000e-01 1.277865820629775e-01 1.051557131447648e+00
1.156250000000000e-01 1.317186764210495e-01 1.051573104880330e+00
1.187500000000000e-01 1.356829293133661e-01 1.051588291672152e+00
1.218750000000000e-01 1.396803085947971e-01 1.051602752002317e+00
1.250000000000000e-01 1.437117902078738e-01 1.051616540538670e+00
1.281250000000000e-01 1.477783584210617e-01 1.051629706625615e+00
1.312500000000000e-01 1.518810060690650e-01 1.051642294738384e+00
1.343750000000000e-01 1.560207347952229e-01 1.051654345263045e+00
1.375000000000000e-01 1.601985552960564e-01 1.051665895005081e+00
1.406250000000000e-01 1.644154875680252e-01 1.051676977395976e+00
1.437500000000000e-01 1.686725611565558e-01 1.051687623010403e+00
1.468750000000000e-01 1.729708154074000e-01 1.051697860040660e+00
1.500000000000000e-01 1.773112997203869e-01 1.051707714266626e+00
1.531250000000000e-01 1.816950738056289e-01 1.051717209415943e+00
1.562500000000000e-01 1.861232079422458e-01 1.051726367126207e+00
1.593750000000000e-01 1.905967832396682e-01 1.051735207749610e+00
1.625000000000000e-01 1.951168919015860e-01 1.051743749548103e+00
1.656250000000000e-01 1.996846374926046e-01 1.051752009312882e+00
1.687500000000000e-01 2.043011352076760e-01 1.051760003361214e+00
1.718750000000000e-01 2.089675121443681e-01 1.051767746776851e+00
1.750000000000000e-01 2.136849075780412e-01 1.051775253272774e+00
1.781250000000000e-01 2.184544732399964e-01 1.051782535151109e+00
1.812500000000000e-01 2.232773735986666e-01 1.051789604357611e+00
1.843750000000000e-01 2.281547861439151e-01 1.051796472227632e+00
1.875000000000000e-01 2.330879016745160e-01 1.051803148943325e+00
1.906250000000000e-01 2.380779245888810e-01 1.051809644069512e+00
1.937500000000000e-01 2.431260731791094e-01 1.051815966754440e+00
1.968750000000000e-01 2.482335799284277e-01 1.051822125581709e+00
2.000000000000000e-01 2.534016918120952e-01 1.051828128361226e+00
2.031250000000000e-01 2.586316706018478e-01 1.051833982503090e+00
2.062500000000000e-01 2.639247931739538e-01 1.051839694839397e+00
2.093750000000000e-01 2.692823518209576e-01 1.051845271860022e+00
2.125000000000000e-01 2.747056545671873e-01 1.051850719821656e+00
2.156250000000000e-01 2.801960254881028e-01 1.051856044467761e+00
2.187500000000000e-01 2.857548050335636e-01 1.051861251117786e+00
2.218750000000000e-01 2.913833503550930e-01 1.051866344883515e+00
2.250000000000000e-01 2.970830356372213e-01 1.051871330159416e+00
2.281250000000000e-01 3.028552524329863e-01 1.051876211290617e+00
2.312500000000000e-01 3.087014100036755e-01 1.051880992576279e+00
2.343750000000000e-01 3.146229356628902e-01 1.051885677711167e+00
2.375000000000000e-01 3.206212751250189e-01 1.051890270446775e+00
2.406250000000000e-01 3.266978928582008e-01 1.051894773816255e+00
2.437500000000000e-01 3.328542724418705e-01 1.051899190785811e+00
2.468750000000000e-01 3.390919169289667e-01 1.051903524156404e+00
2.500000000000000e-01 3.454123492128958e-01 1.051907776459275e+00
2.531250000000000e-01 3.518171123993401e-01 1.051911950274231e+00
2.562500000000000e-01 3.583077701830001e-01 1.051916047228641e+00
2.593750000000000e-01 3.648859072293631e-01 1.051920069059032e+00
2.625000000000000e-01 3.715531295615936e-01 1.051924017681429e+00
2.656250000000000e-01 3.783110649526354e-01 1.051927894362086e+00
2.687500000000000e-01 3.851613633226258e-01 1.051931700528402e+00
2.718750000000000e-01 3.921056971417164e-01 1.051935437108055e+00
2.750000000000000e-01 3.991457618383991e-01 1.051939104571811e+00
2.781250000000000e-01 4.062832762134377e-01 1.051942703791431e+00
2.812500000000000e-01 4.135199828595055e-01 1.051946235641417e+00
2.843750000000000e-01 4.208576485866312e-01 1.051949700156793e+00
2.875000000000000e-01 4.282980648535585e-01 1.051953097588581e+00
2.906250000000000e-01 4.358430482051222e-01 1.051956428639065e+00
2.937500000000000e-01 4.434944407157500e-01 1.051959693418761e+00
2.968750000000000e-01 4.512541104391968e-01 1.051962892208015e+00
3.000000000000000e-01 4.591239518646220e-01 1.051966025816269e+00
3.031250000000000e-01 4.671058863791195e-01 1.051969095095895e+00
3.062500000000000e-01 4.752018627368176e-01 1.051972101380230e+00
3.093750000000000e-01 4.834138575346580e-01 1.051975046550243e+00
3.125000000000000e-01 4.917438756949728e-01 1.051977933487490e+00
3.156250000000000e-01 5.001939509549778e-01 1.051980766069883e+00
3.187500000000000e-01 5.087661463633005e-01 1.051983549593551e+00
3.218750000000000e-01 5.174625547836644e-01 1.051986291249739e+00
3.250000000000000e-01 5.262852994058529e-01 1.051989000615212e+00
3.281250000000000e-01 5.352365342640750e-01 1.051991690198831e+00
3.312500000000000e-01 5.443184447628656e-01 1.051994376302446e+00
3.343750000000000e-01 5.535332482106405e-01 1.051997079948969e+00
3.375000000000000e-01 5.628831943610435e-01 1.051999827921626e+00
3.406250000000000e-01 5.723705659622137e-01 1.052002654344986e+00
3.437500000000000e-01 5.819976793141081e-01 1.052005602225102e+00
3.468750000000000e-01 5.917668848340161e-01 1.052008725587607e+00
3.500000000000000e-01 6.016805676304035e-01 1.052012092231573e+00
3.531250000000000e-01 6.117411480852264e-01 1.052015786089621e+00
3.562500000000000e-01 6.219510824448572e-01 1.052019911960270e+00
3.593750000000000e-01 6.323128634197650e-01 1.052024599177809e+00
3.625000000000000e-01 6.428290207931012e-01 1.052030007175666e+00
3.656250000000000e-01 6.535021220383342e-01 1.052036332829757e+00
3.687500000000000e-01 6.643347729460869e-01 1.052043816852005e+00
3.718750000000000e-01 6.753296182603294e-01 1.052052754673296e+00
3.750000000000000e-01 6.864893423240808e-01 1.052063507504402e+00
3.781250000000000e-01 6.978166697347804e-01 1.052076514468480e+00
3.812500000000000e-01 7.093143660094854e-01 1.052092311563626e+00
3.843750000000000e-01 7.209852382600603e-01 1.052111548165344e+00
3.875000000000000e-01 7.328321358785219e-01 1.052135010686543e+00
3.906250000000000e-01 7.448579512327029e-01 1.052163651216907e+00
3.937500000000000e-01 7.570656203724140e-01 1.052198615164844e+00
3.968750000000000e-01 7.694581237462648e-01 1.052241281116023e+00
4.000000000000000e-01 7.820384869293291e-01 1.052293303231163e+00
4.031250000000000e-01 7.948097813618253e-01 1.052356655430916e+00
4.062500000000000e-01 8.077751250989945e-01 1.052433693331361e+00
4.093750000000000e-01 8.209376835723596e-01 1.052527212027619e+00
4.125000000000000e-01 8.343006703625532e-01 1.052640513151556e+00
4.156250000000000e-01 8.478673479838968e-01 1.052777487299043e+00
4.187500000000000e-01 8.616410286809313e-01 1.052942686070570e+00
4.218750000000000e-01 8.756250752370857e-01 1.053141406085967e+00
4.250000000000000e-01 8.898229017956865e-01 1.053379779895053e+00
4.281250000000000e-01 9.042379746935050e-01 1.053664841155718e+00
4.312500000000000e-01 9.188738133070491e-01 1.054004598533486e+00
4.343750000000000e-01 9.337339909118028e-01 1.054408091040428e+00
4.375000000000000e-01 9.488221355546261e-01 1.054885392687742e+00
4.406250000000000e-01 9.641419309395265e-01 1.055447604546486e+00
4.437500000000000e-01 9.796971173270190e-01 1.056106788667871e+00
4.468750000000000e-01 9.954914924472941e-01 1.056875809068533e+00
4.500000000000000e-01 1.011528912427417e+00 1.057768128560936e+00
4.531250000000000e-01 1.027813292732786e+00 1.058797501120625e+00
4.562500000000000e-01 1.044348609123070e+00 1.059977532271581e+00
4.593750000000000e-01 1.061138898622882e+00 1.061321178841123e+00
4.625000000000000e-01 1.078188260507393e+00 1.062840136455451e+00
4.656250000000000e-01 1.095500857303154e+00 1.064544105024437e+00
4.687500000000000e-01 1.113080915804360e+00 1.066440051376517e+00
4.718750000000000e-01 1.130932728104805e+00 1.068531451950621e+00
4.750000000000000e-01 1.149060652645771e+00 1.070817528478081e+00
4.781250000000000e-01 1.167469115280130e+00 1.073292638711252e+00
4.812500000000000e-01 1.186162610352890e+00 1.075945850449048e+00
4.843750000000000e-01 1.205145701798475e+00 1.078760682223536e+00
4.875000000000000e-01 1.224423024254985e+00 1.081715180508089e+00
4.906250000000000e-01 1.243999284195726e+00 1.084782347542104e+00
4.937500000000000e-01 1.263879261078271e+00 1.087930843231052e+00
4.968750000000000e-01 1.284067808511348e+00 1.091126001000231e+00
5.000000000000000e-01 1.304569855439823e+00 1.094331169208561e+00
5.031250000000000e-01 1.325390407348082e+00 1.097509155241378e+00
5.062500000000000e-01 1.346534547482100e+00 1.100623721678135e+00
5.093750000000000e-01 1.368007438090487e+00 1.103641080338621e+00
5.125000000000001e-01 1.389814321684837e+00 1.106531234865296e+00
5.156250000000000e-01 1.411960522319654e+00 1.109269007049096e+00
5.187500000000000e-01 1.434451446892208e+00 1.111834811778144e+00
5.218750000000000e-01 1.457292586462593e+00 1.114215116901702e+00
5.250000000000000e-01 1.480489517594354e+00 1.116402543653044e+00
5.281250000000001e-01 1.504047903715979e+00 1.118395642831080e+00
5.312500000000000e-01 1.527973496503592e+00 1.120198471344609e+00
5.343750000000000e-01 1.552272137285215e+00 1.121819962422751e+00
5.375000000000000e-01 1.576949758466886e+00 1.123273139933108e+00
5.406250000000000e-01 1.602012384981041e+00 1.124574273042458e+00
5.437500000000001e-01 1.627466135757470e+00 1.125742040736097e+00
5.468750000000000e-01 1.653317225217225e+00 1.126796713720041e+00
5.500000000000000e-01 1.679571964789851e+00 1.127759388143122e+00
5.531250000000000e-01 1.706236764454286e+00 1.128651323658969e+00
5.562500000000000e-01 1.733318134303830e+00 1.129493386464276e+00
5.593750000000001e-01 1.760822686135563e+00 1.130305595042466e+00
5.625000000000000e-01 1.788757135064574e+00 1.131106764634758e+00
5.656250000000000e-01 1.817128301163438e+00 1.131914262390564e+00
5.687500000000000e-01 1.845943111127301e+00 1.132743841300750e+00
5.718750000000000e-01 1.875208599965003e+00 1.133609551210410e+00
5.750000000000001e-01 1.904931912716643e+00 1.134523710363442e+00
5.781250000000000e-01 1.935120306198011e+00 1.135496937167712e+00
5.812500000000000e-01 1.965781150772311e+00 1.136538207671707e+00
5.843750000000000e-01 1.996921932149593e+00 1.137654940848468e+00
5.875000000000000e-01 2.028550253214365e+00 1.138853099911506e+00
5.906250000000001e-01 2.060673835881802e+00 1.140137316461119e+00
5.937500000000000e-01 2.093300522983012e+00 1.141511011472391e+00
5.968750000000000e-01 2.126438280179837e+00 1.142976514182860e+00
6.000000000000001e-01 2.160095197909630e+00 1.144535167412456e+00
6.031250000000000e-01 2.194279493360494e+00 1.146187435724510e+00
6.062500000000001e-01 2.228999512477486e+00 1.147933005420008e+00
6.093750000000000e-01 2.264263732000228e+00 1.149770878094380e+00
6.125000000000000e-01 2.300080761532477e+00 1.151699442723586e+00
6.156250000000001e-01 2.336459345644116e+00 1.153716539192073e+00
6.187500000000000e-01 2.373408366006099e+00 1.155819508499076e+00
6.218750000000001e-01 2.410936843558884e+00 1.158005238224718e+00
6.250000000000000e-01 2.449053940714840e+00 1.160270194361606e+00
6.281250000000000e-01 2.487768963595221e+00 1.162610444606339e+00
6.312500000000001e-01 2.527091364302215e+00 1.165021667124934e+00
6.343750000000000e-01 2.567030743226622e+00 1.167499155131273e+00
6.375000000000001e-01 2.607596851391758e+00 1.170037812288330e+00
6.406250000000000e-01 2.648799592834118e+00 1.172632144472606e+00
6.437500000000000e-01 2.690649027021411e+00 1.175276242301349e+00
6.468750000000001e-01 2.733155371308524e+00 1.177963756637659e+00
6.500000000000000e-01 2.776329003432049e+00 1.180687865090319e+00
6.531250000000001e-01 2.820180464043967e+00 1.183441234274985e+00
6.562500000000000e-01 2.864720459285089e+00 1.186215978578238e+00
6.593750000000000e-01 2.909959863398929e+00 1.189003620484989e+00
6.625000000000001e-01 2.955909721386590e+00 1.191795054473235e+00
6.656250000000000e-01 3.002581251703353e+00 1.194580518840997e+00
6.687500000000001e-01 3.049985848997626e+00 1.197349579928574e+00
6.718750000000000e-01 3.098135086892879e+00 1.200091134071690e+00
6.750000000000000e-01 3.147040720813310e+00 1.202793435823961e+00
6.781250000000001e-01 3.196714690853871e+00 1.205444161537968e+00
6.812500000000000e-01 3.247169124695383e+00 1.208030520286972e+00
6.843750000000001e-01 3.298416340565477e+00 1.210539426451608e+00
6.875000000000000e-01 3.350468850246008e+00 1.212957748250992e+00
6.906250000000000e-01 3.403339362127777e+00 1.215272648065220e+00
6.937500000000001e-01 3.457040784313211e+00 1.217472027351694e+00
6.968750000000000e-01 3.511586227767823e+00 1.219545083629908e+00
7.000000000000001e-01 3.566989009521205e+00 1.221482977024909e+00
7.031250000000000e-01 3.623262655918307e+00 1.223279586222543e+00
7.062500000000000e-01 3.680420905921852e+00 1.224932311763387e+00
7.093750000000001e-01 3.738477714466631e+00 1.226442854717601e+00
7.125000000000000e-01 3.797447255866536e+00 1.227817871092485e+00
7.156250000000001e-01 3.857343927275175e+00 1.229069379354020e+00
7.187500000000000e-01 3.918182352200844e+00 1.230214794204933e+00
7.218750000000000e-01 3.979977384076828e+00 1.231276478455928e+00
7.250000000000001e-01 4.042744109887770e+00 1.232280756100518e+00
7.281250000000000e-01 4.106497853853101e+00 1.233256402818991e+00
7.312500000000001e-01 4.171254181168399e+00 1.234232717629469e+00
7.343750000000000e-01 4.237028901805528e+00 1.235237359898145e+00
7.375000000000000e-01 4.303838074372613e+00 1.236294189275516e+00
7.406250000000001e-01 4.371698010034643e+00 1.237421362705606e+00
7.437500000000000e-01 4.440625276495786e+00 1.238629913943848e+00
7.468750000000001e-01 4.510636702044332e+00 1.239922980615267e+00
7.500000000000000e-01 4.581749379661216e+00 1.241295760632644e+00
7.531250000000000e-01 4.653980671193226e+00 1.242736193660933e+00
7.562500000000001e-01 4.727348211591802e+00 1.244226283978259e+00
7.593750000000000e-01 4.801869913218528e+00 1.245743918704247e+00
7.625000000000001e-01 4.877563970218381e+00 1.247264987841474e+00
7.656250000000000e-01 4.954448862961714e+00 1.248765584808868e+00
7.687500000000000e-01 5.032543362556198e+00 1.250224055673488e+00
7.718750000000001e-01 5.111866535429675e+00 1.251622680284739e+00
7.750000000000000e-01 5.192437747985146e+00 1.252948810351051e+00
7.781250000000001e-01 5.274276671329015e+00 1.254195360093114e+00
7.812500000000000e-01 5.357403286073669e+00 1.255360638799873e+00
7.843750000000000e-01 5.441837887215693e+00 1.256447612344881e+00
7.875000000000001e-01 5.527601089090773e+00 1.257462763010990e+00
7.906250000000000e-01 5.614713830406605e+00 1.258414764944920e+00
7.937500000000001e-01 5.703197379355005e+00 1.259313192169623e+00
7.968750000000000e-01 5.793073338804412e+00 1.260167434951402e+00
8.000000000000000e-01 5.884363651574169e+00 1.260985928395211e+00
8.031250000000001e-01 5.977090605791737e+00 1.261775720384466e+00
8.062500000000000e-01 6.071276840334257e+00 1.262542339884861e+00
8.093750000000001e-01 6.166945350355728e+00 1.263289887546696e+00
8.125000000000000e-01 6.264119492901173e+00 1.264021256841646e+00
8.156250000000000e-01 6.362822992609162e+00 1.264738405551492e+00
8.187500000000001e-01 6.463079947504072e+00 1.265442618063842e+00
8.218750000000000e-01 6.564914834879517e+00 1.266134725858912e+00
8.250000000000001e-01 6.668352517274371e+00 1.266815274290851e+00
8.281250000000000e-01 6.773418248542846e+00 1.267484637983213e+00
8.312500000000000e-01 6.880137680020114e+00 1.268143095050472e+00
8.343750000000001e-01 6.988536866784961e+00 1.268790871198876e+00
8.375000000000000e-01 7.098642274021019e+00 1.269428164677046e+00
8.406250000000001e-01 7.210480783478133e+00 1.270055159009230e+00
8.437500000000000e-01 7.324079700035414e+00 1.270672029594978e+00
8.468750000000000e-01 7.439466758367605e+00 1.271278946675170e+00
8.500000000000001e-01 7.556670129716381e+00 1.271876076593354e+00
8.531250000000000e-01 7.675718428768239e+00 1.272463582477518e+00
8.562500000000001e-01 7.796640720640633e+00 1.273041624423447e+00
8.593750000000000e-01 7.919466527978115e+00 1.273610359679209e+00
8.625000000000000e-01 8.044225838160141e+00 1.274169942675279e+00
8.656250000000001e-01 8.170949110622363e+00 1.274720525205912e+00
8.687500000000000e-01 8.299667284293170e+00 1.275262256300444e+00
8.718750000000001e-01 8.430411785147284e+00 1.275795282448162e+00
8.750000000000000e-01 8.563214533878281e+00 1.276319747566627e+00
8.781250000000000e-01 8.698107953691880e+00 1.276835793015926e+00
8.812500000000001e-01 8.835124978221932e+00 1.277343557712683e+00
8.843750000000000e-01 8.974299059571019e+00 1.277843178139589e+00
8.875000000000001e-01 9.115664176477637e+00 1.278334788454811e+00
8.906250000000000e-01 9.259254842611947e+00 1.278818520444869e+00
8.937500000000000e-01 9.405106115002161e+00 1.279294503627757e+00
8.968750000000001e-01 9.553253602593529e+00 1.279762865303564e+00
9.000000000000000e-01 9.703733474942130e+00 1.280223730550797e+00
9.031250000000001e-01 9.856582471045494e+00 1.280677222270798e+00
9.062500000000000e-01 1.001183790831228e+01 1.281123461334197e+00
9.093750000000000e-01 1.016953769167313e+01 1.281562566468131e+00
9.125000000000001e-01 1.032972032283505e+01 1.281994654396680e+00
9.156250000000000e-01 1.049242490968134e+01 1.282419839774090e+00
9.187500000000001e-01 1.065769117581972e+01 1.282838235425377e+00
9.218750000000000e-01 1.082555947028058e+01 1.283249952174392e+00
9.250000000000000e-01 1.099607077736805e+01 1.283655098923739e+00
9.281250000000001e-01 1.116926672666618e+01 1.284053782786620e+00
9.312500000000000e-01 1.134518960320255e+01 1.284446109011190e+00
9.343750000000001e-01 1.152388235777201e+01 1.284832181056107e+00
9.375000000000000e-01 1.170538861742293e+01 1.285212100718060e+00
9.406250000000000e-01 1.188975269610854e+01 1.285585967947113e+00
9.437500000000001e-01 1.207701960550600e+01 1.285953881071368e+00
9.468750000000000e-01 1.226723506600578e+01 1.286315936765105e+00
9.500000000000001e-01 1.246044551787411e+01 1.286672230065502e+00
9.531250000000000e-01 1.265669813259115e+01 1.287022854387372e+00
9.562500000000000e-01 1.285604082436773e+01 1.287367901588287e+00
9.593750000000001e-01 1.305852226184337e+01 1.287707461981127e+00
9.625000000000000e-01 1.326419187996850e+01 1.288041624344679e+00
9.656250000000001e-01 1.347309989207381e+01 1.288370475984690e+00
9.687500000000000e-01 1.368529730212962e+01 1.288694102794726e+00
9.718750000000000e-01 1.390083591719824e+01 1.289012589159606e+00
9.750000000000001e-01 1.411976836008246e+01 1.289326018115583e+00
9.781250000000000e-01 1.434214808217320e+01 1.289634471251631e+00
9.812500000000001e-01 1.456802937649935e+01 1.289938028867617e+00
9.843750000000000e-01 1.479746739098328e+01 1.290236769873477e+00
9.875000000000000e-01 1.503051814190487e+01 1.290530771840460e+00
9.906250000000001e-01 1.526723852757770e+01 1.290820111157202e+00
9.937500000000000e-01 1.550768634224049e+01 1.291104862821640e+00
9.968750000000001e-01 1.575192029016732e+01 1.291385100696719e+00
1.000000000000000e+00 1.600000000000000e+01 1.291660897352729e+00
