0.000000000000000e+00 0.000000000000000e+00 1.000000000000000e+00
3.125000000000000e-03 3.369263549427258e-03 1.000000000218324e+00
6.250000000000000e-03 6.739349689698711e-03 1.000000000411115e+00
9.375000000000001e-03 1.011108121249049e-02 1.000000000434911e+00
1.250000000000000e-02 1.348528131119160e-02 1.000000000476537e+00
1.562500000000000e-02 1.686277378188298e-02 1.000000000508934e+00
1.875000000000000e-02 2.024438322446370e-02 1.000000000535463e+00
2.187500000000000e-02 2.363093524397333e-02 1.000000000557932e+00
2.500000000000000e-02 2.702325665215984e-02 1.000000000577427e+00
2.812500000000000e-02 3.042217566934200e-02 1.000000000594651e+00
3.125000000000000e-02 3.382852212661575e-02 1.000000000610084e+00
3.437500000000000e-02 3.724312766845378e-02 1.000000000624070e+00
3.750000000000001e-02 4.066682595574785e-02 1.000000000636862e+00
4.062500000000000e-02 4.410045286934348e-02 1.000000000648654e+00
4.375000000000000e-02 4.754484671411652e-02 1.000000000659595e+00
4.687500000000000e-02 5.100084842364160e-02 1.000000000669804e+00
5.000000000000000e-02 5.446930176550237e-02 1.000000000679377e+00
5.312500000000001e-02 5.795105354729364e-02 1.000000000688392e+00
5.625000000000000e-02 6.144695382336569e-02 1.000000000696916e+00
5.937500000000000e-02 6.495785610236132e-02 1.000000000705001e+00
6.250000000000000e-02 6.848461755559625e-02 1.000000000712695e+00
6.562500000000000e-02 7.202809922633362e-02 1.000000000720036e+00
6.875000000000001e-02 7.558916624000402e-02 1.000000000727059e+00
7.187500000000001e-02 7.916868801542200e-02 1.000000000733792e+00
7.500000000000001e-02 8.276753847705080e-02 1.000000000740261e+00
7.812500000000000e-02 8.638659626836727e-02 1.000000000746490e+00
8.125000000000000e-02 9.002674496637868e-02 1.000000000752496e+00
8.437500000000001e-02 9.368887329734420e-02 1.000000000758299e+00
8.750000000000001e-02 9.737387535375355e-02 1.000000000763914e+00
9.062500000000001e-02 1.010826508126157e-01 1.000000000769354e+00
9.375000000000000e-02 1.048161051551108e-01 1.000000000774632e+00
9.687500000000000e-02 1.085751498876601e-01 1.000000000779760e+00
1.000000000000000e-01 1.123607027644654e-01 1.000000000784748e+00
1.031250000000000e-01 1.161736880115753e-01 1.000000000789605e+00
1.062500000000000e-01 1.200150365525305e-01 1.000000000794339e+00
1.093750000000000e-01 1.238856862356450e-01 1.000000000798959e+00
1.125000000000000e-01 1.277865820629775e-01 1.000000000803471e+00
1.156250000000000e-01 1.317186764210495e-01 1.000000000807882e+00
1.187500000000000e-01 1.356829293133661e-01 1.000000000812198e+00
1.218750000000000e-01 1.396803085947971e-01 1.000000000816424e+00
1.250000000000000e-01 1.437117902078738e-01 1.000000000820565e+00
1.281250000000000e-01 1.477783584210617e-01 1.000000000824626e+00
1.312500000000000e-01 1.518810060690650e-01 1.000000000828612e+00
1.343750000000000e-01 1.560207347952229e-01 1.000000000832525e+00
1.375000000000000e-01 1.601985552960564e-01 1.000000000836371e+00
1.406250000000000e-01 1.644154875680252e-01 1.000000000840153e+00
1.437500000000000e-01 1.686725611565558e-01 1.000000000843874e+00
1.468750000000000e-01 1.729708154074000e-01 1.000000000847536e+00
1.500000000000000e-01 1.773112997203869e-01 1.000000000851143e+00
1.531250000000000e-01 1.816950738056289e-01 1.000000000854698e+00
1.562500000000000e-01 1.861232079422458e-01 1.000000000858203e+00
1.593750000000000e-01 1.905967832396682e-01 1.000000000861659e+00
1.625000000000000e-01 1.951168919015860e-01 1.000000000865071e+00
1.656250000000000e-01 1.996846374926046e-01 1.000000000868439e+00
1.687500000000000e-01 2.043011352076760e-01 1.000000000871766e+00
1.718750000000000e-01 2.089675121443681e-01 1.000000000875053e+00
1.750000000000000e-01 2.136849075780412e-01 1.000000000878302e+00
1.781250000000000e-01 2.184544732399964e-01 1.000000000881515e+00
1.812500000000000e-01 2.232773735986666e-01 1.000000000884693e+00
1.843750000000000e-01 2.281547861439151e-01 1.000000000887838e+00
1.875000000000000e-01 2.330879016745160e-01 1.000000000890952e+00
1.906250000000000e-01 2.380779245888810e-01 1.000000000894035e+00
1.937500000000000e-01 2.431260731791094e-01 1.000000000897089e+00
1.968750000000000e-01 2.482335799284277e-01 1.000000000900115e+00
2.000000000000000e-01 2.534016918120952e-01 1.000000000903114e+00
2.031250000000000e-01 2.586316706018478e-01 1.000000000906087e+00
2.062500000000000e-01 2.639247931739538e-01 1.000000000909036e+00
2.093750000000000e-01 2.692823518209576e-01 1.000000000911961e+00
2.125000000000000e-01 2.747056545671873e-01 1.000000000914863e+00
2.156250000000000e-01 2.801960254881028e-01 1.000000000917744e+00
2.187500000000000e-01 2.857548050335636e-01 1.000000000920603e+00
2.218750000000000e-01 2.913833503550930e-01 1.000000000923442e+00
2.250000000000000e-01 2.970830356372213e-01 1.000000000926262e+00
2.281250000000000e-01 3.028552524329863e-01 1.000000000929062e+00
2.312500000000000e-01 3.087014100036755e-01 1.000000000931845e+00
2.343750000000000e-01 3.146229356628902e-01 1.000000000934610e+00
2.375000000000000e-01 3.206212751250189e-01 1.000000000937359e+00
2.406250000000000e-01 3.266978928582008e-01 1.000000000940092e+00
2.437500000000000e-01 3.328542724418705e-01 1.000000000942809e+00
2.468750000000000e-01 3.390919169289667e-01 1.000000000945512e+00
2.500000000000000e-01 3.454123492128958e-01 1.000000000948200e+00
2.531250000000000e-01 3.518171123993401e-01 1.000000000950874e+00
2.562500000000000e-01 3.583077701830001e-01 1.000000000953535e+00
2.593750000000000e-01 3.648859072293631e-01 1.000000000956182e+00
2.625000000000000e-01 3.715531295615936e-01 1.000000000958818e+00
2.656250000000000e-01 3.783110649526354e-01 1.000000000961442e+00
2.687500000000000e-01 3.851613633226258e-01 1.000000000964054e+00
2.718750000000000e-01 3.921056971417164e-01 1.000000001025121e+00
2.750000000000000e-01 3.991457618383991e-01 1.000000001088218e+00
2.781250000000000e-01 4.062832762134377e-01 1.000000001153329e+00
2.812500000000000e-01 4.135199828595055e-01 1.000000001220437e+00
2.843750000000000e-01 4.208576485866312e-01 1.000000001231080e+00
2.875000000000000e-01 4.282980648535585e-01 1.000000001300130e+00
2.906250000000000e-01 4.358430482051222e-01 1.000000001371146e+00
2.937500000000000e-01 4.434944407157500e-01 1.000000001444115e+00
2.968750000000000e-01 4.512541104391968e-01 1.000000001519024e+00
3.000000000000000e-01 4.591239518646220e-01 1.000000001595864e+00
3.031250000000000e-01 4.671058863791195e-01 1.000000001674623e+00
3.062500000000000e-01 4.752018627368176e-01 1.000000001755292e+00
3.093750000000000e-01 4.834138575346580e-01 1.000000001837862e+00
3.125000000000000e-01 4.917438756949728e-01 1.000000001922323e+00
3.156250000000000e-01 5.001939509549778e-01 1.000000002008667e+00
3.187500000000000e-01 5.087661463633005e-01 1.000000002096886e+00
3.218750000000000e-01 5.174625547836644e-01 1.000000002186972e+00
3.250000000000000e-01 5.262852994058529e-01 1.000000002278920e+00
3.281250000000000e-01 5.352365342640750e-01 1.000000002372721e+00
3.312500000000000e-01 5.443184447628656e-01 1.000000002468369e+00
3.343750000000000e-01 5.535332482106405e-01 1.000000002565859e+00
3.375000000000000e-01 5.628831943610435e-01 1.000000002665185e+00
3.406250000000000e-01 5.723705659622137e-01 1.000000002766342e+00
3.437500000000000e-01 5.819976793141081e-01 1.000000002869324e+00
3.468750000000000e-01 5.917668848340161e-01 1.000000002974127e+00
3.500000000000000e-01 6.016805676304035e-01 1.000000003080746e+00
3.531250000000000e-01 6.117411480852264e-01 1.000000003189178e+00
3.562500000000000e-01 6.219510824448572e-01 1.000000003299417e+00
3.593750000000000e-01 6.323128634197650e-01 1.000000003411462e+00
3.625000000000000e-01 6.428290207931012e-01 1.000000003525307e+00
3.656250000000000e-01 6.535021220383342e-01 1.000000003640950e+00
3.687500000000000e-01 6.643347729460869e-01 1.000000003758388e+00
3.718750000000000e-01 6.753296182603294e-01 1.000000003877618e+00
3.750000000000000e-01 6.864893423240808e-01 1.000000003998637e+00
3.781250000000000e-01 6.978166697347804e-01 1.000000004121443e+00
3.812500000000000e-01 7.093143660094854e-01 1.000000004246033e+00
3.843750000000000e-01 7.209852382600603e-01 1.000000004372405e+00
3.875000000000000e-01 7.328321358785219e-01 1.000000004500557e+00
3.906250000000000e-01 7.448579512327029e-01 1.000000004630487e+00
3.937500000000000e-01 7.570656203724140e-01 1.000000004820568e+00
3.968750000000000e-01 7.694581237462648e-01 1.000000005014288e+00
4.000000000000000e-01 7.820384869293291e-01 1.000000005211641e+00
4.031250000000000e-01 7.948097813618253e-01 1.000000005412621e+00
4.062500000000000e-01 8.077751250989945e-01 1.000000005617223e+00
4.093750000000000e-01 8.209376835723596e-01 1.000000005825443e+00
4.125000000000000e-01 8.343006703625532e-01 1.000000006037275e+00
4.156250000000000e-01 8.478673479838968e-01 1.000000006252716e+00
4.187500000000000e-01 8.616410286809313e-01 1.000000006471760e+00
4.218750000000000e-01 8.756250752370857e-01 1.000000006694405e+00
4.250000000000000e-01 8.898229017956865e-01 1.000000006920646e+00
4.281250000000000e-01 9.042379746935050e-01 1.000000007208844e+00
4.312500000000000e-01 9.188738133070491e-01 1.000000007502475e+00
4.343750000000000e-01 9.337339909118028e-01 1.000000007801533e+00
4.375000000000000e-01 9.488221355546261e-01 1.000000008106014e+00
4.406250000000000e-01 9.641419309395265e-01 1.000000008415910e+00
4.437500000000000e-01 9.796971173270190e-01 1.000000008731218e+00
4.468750000000000e-01 9.954914924472941e-01 1.000000009051931e+00
4.500000000000000e-01 1.011528912427417e+00 1.000000009378047e+00
4.531250000000000e-01 1.027813292732786e+00 1.000000009767917e+00
4.562500000000000e-01 1.044348609123070e+00 1.000000010165013e+00
4.593750000000000e-01 1.061138898622882e+00 1.000000010569330e+00
4.625000000000000e-01 1.078188260507393e+00 1.000000010980861e+00
4.656250000000000e-01 1.095500857303154e+00 1.000000011399600e+00
4.687500000000000e-01 1.113080915804360e+00 1.000000011883897e+00
4.718750000000000e-01 1.130932728104805e+00 1.000000012377221e+00
4.750000000000000e-01 1.149060652645771e+00 1.000000012879563e+00
4.781250000000000e-01 1.167469115280130e+00 1.000000013449272e+00
4.812500000000000e-01 1.186162610352890e+00 1.000000014029812e+00
4.843750000000000e-01 1.205145701798475e+00 1.000000014621176e+00
4.875000000000000e-01 1.224423024254985e+00 1.000000015281709e+00
4.906250000000000e-01 1.243999284195726e+00 1.000000015954873e+00
4.937500000000000e-01 1.263879261078271e+00 1.000000016640662e+00
4.968750000000000e-01 1.284067808511348e+00 1.000000017397418e+00
5.000000000000000e-01 1.304569855439823e+00 1.000000018168603e+00
5.031250000000000e-01 1.325390407348082e+00 1.000000019012559e+00
5.062500000000000e-01 1.346534547482100e+00 1.000000019872745e+00
5.093750000000000e-01 1.368007438090487e+00 1.000000020807502e+00
5.125000000000001e-01 1.389814321684837e+00 1.000000021760289e+00
5.156250000000000e-01 1.411960522319654e+00 1.000000022789445e+00
5.187500000000000e-01 1.434451446892208e+00 1.000000023896777e+00
5.218750000000000e-01 1.457292586462593e+00 1.000000025084089e+00
5.250000000000000e-01 1.480489517594354e+00 1.000000026294837e+00
5.281250000000001e-01 1.504047903715979e+00 1.000000027587357e+00
5.312500000000000e-01 1.527973496503592e+00 1.000000028963452e+00
5.343750000000000e-01 1.552272137285215e+00 1.000000030424923e+00
5.375000000000000e-01 1.576949758466886e+00 1.000000032031916e+00
5.406250000000000e-01 1.602012384981041e+00 1.000000033729695e+00
5.437500000000001e-01 1.627466135757470e+00 1.000000035520058e+00
5.468750000000000e-01 1.653317225217225e+00 1.000000037463146e+00
5.500000000000000e-01 1.679571964789851e+00 1.000000039504220e+00
5.531250000000000e-01 1.706236764454286e+00 1.000000041703419e+00
5.562500000000000e-01 1.733318134303830e+00 1.000000044064345e+00
5.593750000000001e-01 1.760822686135563e+00 1.000000046590599e+00
5.625000000000000e-01 1.788757135064574e+00 1.000000049285779e+00
5.656250000000000e-01 1.817128301163438e+00 1.000000052211828e+00
5.687500000000000e-01 1.845943111127301e+00 1.000000055374148e+00
5.718750000000000e-01 1.875208599965003e+00 1.000000058778140e+00
5.750000000000001e-01 1.904931912716643e+00 1.000000062429202e+00
5.781250000000000e-01 1.935120306198011e+00 1.000000066391073e+00
5.812500000000000e-01 1.965781150772311e+00 1.000000070670953e+00
5.843750000000000e-01 1.996921932149593e+00 1.000000075276039e+00
5.875000000000000e-01 2.028550253214365e+00 1.000000080271869e+00
5.906250000000001e-01 2.060673835881802e+00 1.000000085725781e+00
5.937500000000000e-01 2.093300522983012e+00 1.000000091648573e+00
5.968750000000000e-01 2.126438280179837e+00 1.000000098051038e+00
6.000000000000001e-01 2.160095197909630e+00 1.000000105118996e+00
6.031250000000000e-01 2.194279493360494e+00 1.000000112810299e+00
6.062500000000001e-01 2.228999512477486e+00 1.000000121197680e+00
6.093750000000000e-01 2.264263732000228e+00 1.000000130472352e+00
6.125000000000000e-01 2.300080761532477e+00 1.000000140655905e+00
6.156250000000001e-01 2.336459345644116e+00 1.000000151769924e+00
6.187500000000000e-01 2.373408366006099e+00 1.000000164127695e+00
6.218750000000001e-01 2.410936843558884e+00 1.000000177818141e+00
6.250000000000000e-01 2.449053940714840e+00 1.000000192756957e+00
6.281250000000000e-01 2.487768963595221e+00 1.000000209439636e+00
6.312500000000001e-01 2.527091364302215e+00 1.000000228259393e+00
6.343750000000000e-01 2.567030743226622e+00 1.000000248920148e+00
6.375000000000001e-01 2.607596851391758e+00 1.000000271756748e+00
6.406250000000000e-01 2.648799592834118e+00 1.000000298046491e+00
6.437500000000000e-01 2.690649027021411e+00 1.000000327587614e+00
6.468750000000001e-01 2.733155371308524e+00 1.000000359760948e+00
6.500000000000000e-01 2.776329003432049e+00 1.000000396726047e+00
6.531250000000001e-01 2.820180464043967e+00 1.000000440065514e+00
6.562500000000000e-01 2.864720459285089e+00 1.000000487673137e+00
6.593750000000000e-01 2.909959863398929e+00 1.000000540231152e+00
6.625000000000001e-01 2.955909721386590e+00 1.000000603632053e+00
6.656250000000000e-01 3.002581251703353e+00 1.000000678345812e+00
6.687500000000001e-01 3.049985848997626e+00 1.000000758605344e+00
6.718750000000000e-01 3.098135086892879e+00 1.000000849424314e+00
6.750000000000000e-01 3.147040720813310e+00 1.000000964543475e+00
6.781250000000001e-01 3.196714690853871e+00 1.000001102017287e+00
6.812500000000000e-01 3.247169124695383e+00 1.000001247042704e+00
6.843750000000001e-01 3.298416340565477e+00 1.000001411061337e+00
6.875000000000000e-01 3.350468850246008e+00 1.000001630833152e+00
6.906250000000000e-01 3.403339362127777e+00 1.000001910924769e+00
6.937500000000001e-01 3.457040784313211e+00 1.000002204480331e+00
6.968750000000000e-01 3.511586227767823e+00 1.000002511686069e+00
7.000000000000001e-01 3.566989009521205e+00 1.000002928871906e+00
7.031250000000000e-01 3.623262655918307e+00 1.000003550605715e+00
7.062500000000000e-01 3.680420905921852e+00 1.000004284727339e+00
7.093750000000001e-01 3.738477714466631e+00 1.000004958693144e+00
7.125000000000000e-01 3.797447255866536e+00 1.000005657137245e+00
7.156250000000001e-01 3.857343927275175e+00 1.000006769052550e+00
7.187500000000000e-01 3.918182352200844e+00 1.000008699030874e+00
7.218750000000000e-01 3.979977384076828e+00 1.000011046475627e+00
7.250000000000001e-01 4.042744109887770e+00 1.000012754612795e+00
7.281250000000000e-01 4.106497853853101e+00 1.000013662643162e+00
7.312500000000001e-01 4.171254181168399e+00 1.000014522122038e+00
7.343750000000000e-01 4.237028901805528e+00 1.000016662912151e+00
7.375000000000000e-01 4.303838074372613e+00 1.000021439471311e+00
7.406250000000001e-01 4.371698010034643e+00 1.000025378709335e+00
7.437500000000000e-01 4.440625276495786e+00 1.000026056448837e+00
7.468750000000001e-01 4.510636702044332e+00 1.000063047396216e+00
7.500000000000000e-01 4.581749379661216e+00 1.000269691348329e+00
7.531250000000000e-01 4.653980671193226e+00 1.000864336484316e+00
7.562500000000001e-01 4.727348211591802e+00 1.002051740584963e+00
7.593750000000000e-01 4.801869913218528e+00 1.003897479456997e+00
7.625000000000001e-01 4.877563970218381e+00 1.006269296943179e+00
7.656250000000000e-01 4.954448862961714e+00 1.008882078095917e+00
7.687500000000000e-01 5.032543362556198e+00 1.011407565113456e+00
7.718750000000001e-01 5.111866535429675e+00 1.013581382639920e+00
7.750000000000000e-01 5.192437747985146e+00 1.015261913088667e+00
7.781250000000001e-01 5.274276671329015e+00 1.016434006381058e+00
7.812500000000000e-01 5.357403286073669e+00 1.017176323998924e+00
7.843750000000000e-01 5.441837887215693e+00 1.017616869732499e+00
7.875000000000001e-01 5.527601089090773e+00 1.017894239130975e+00
7.906250000000000e-01 5.614713830406605e+00 1.018132074339856e+00
7.937500000000001e-01 5.703197379355005e+00 1.018426794117928e+00
7.968750000000000e-01 5.793073338804412e+00 1.018845099505143e+00
8.000000000000000e-01 5.884363651574169e+00 1.019427076127925e+00
8.031250000000001e-01 5.977090605791737e+00 1.020191556251676e+00
8.062500000000000e-01 6.071276840334257e+00 1.021141690516309e+00
8.093750000000001e-01 6.166945350355728e+00 1.022269732101528e+00
8.125000000000000e-01 6.264119492901173e+00 1.023560639854389e+00
8.156250000000000e-01 6.362822992609162e+00 1.024994426199881e+00
8.187500000000001e-01 6.463079947504072e+00 1.026547447702215e+00
8.218750000000000e-01 6.564914834879517e+00 1.028193059908231e+00
8.250000000000001e-01 6.668352517274371e+00 1.029902033633133e+00
8.281250000000000e-01 6.773418248542846e+00 1.031642794270352e+00
8.312500000000000e-01 6.880137680020114e+00 1.033381206289690e+00
8.343750000000001e-01 6.988536866784961e+00 1.035079757327698e+00
8.375000000000000e-01 7.098642274021019e+00 1.036696767646962e+00
8.406250000000001e-01 7.210480783478133e+00 1.038187197740207e+00
8.437500000000000e-01 7.324079700035414e+00 1.039506863874257e+00
8.468750000000000e-01 7.439466758367605e+00 1.040620705035120e+00
8.500000000000001e-01 7.556670129716381e+00 1.041513359570086e+00
8.531250000000000e-01 7.675718428768239e+00 1.042198009982984e+00
8.562500000000001e-01 7.796640720640633e+00 1.042718913261465e+00
8.593750000000000e-01 7.919466527978115e+00 1.043144988201520e+00
8.625000000000000e-01 8.044225838160141e+00 1.043555376165966e+00
8.656250000000001e-01 8.170949110622363e+00 1.044021182887161e+00
8.687500000000000e-01 8.299667284293170e+00 1.044589165655998e+00
8.718750000000001e-01 8.430411785147284e+00 1.045272499785814e+00
8.750000000000000e-01 8.563214533878281e+00 1.046051326835559e+00
8.781250000000000e-01 8.698107953691880e+00 1.046882404805803e+00
8.812500000000001e-01 8.835124978221932e+00 1.047714035063395e+00
8.843750000000000e-01 8.974299059571019e+00 1.048500823576965e+00
8.875000000000001e-01 9.115664176477637e+00 1.049213519697975e+00
8.906250000000000e-01 9.259254842611947e+00 1.049841786990674e+00
8.937500000000000e-01 9.405106115002161e+00 1.050390863230695e+00
8.968750000000001e-01 9.553253602593529e+00 1.050875075244710e+00
9.000000000000000e-01 9.703733474942130e+00 1.051311374234756e+00
9.031250000000001e-01 9.856582471045494e+00 1.051714882306710e+00
9.062500000000000e-01 1.001183790831228e+01 1.052096911334441e+00
9.093750000000000e-01 1.016953769167313e+01 1.052464857943799e+00
9.125000000000001e-01 1.032972032283505e+01 1.052823047707644e+00
9.156250000000000e-01 1.049242490968134e+01 1.053173783218934e+00
9.187500000000001e-01 1.065769117581972e+01 1.053518204472220e+00
9.218750000000000e-01 1.082555947028058e+01 1.053856856210944e+00
9.250000000000000e-01 1.099607077736805e+01 1.054190008264370e+00
9.281250000000001e-01 1.116926672666618e+01 1.054517814540538e+00
9.312500000000000e-01 1.134518960320255e+01 1.054840383909570e+00
9.343750000000001e-01 1.152388235777201e+01 1.055157808355067e+00
9.375000000000000e-01 1.170538861742293e+01 1.055470173521791e+00
9.406250000000000e-01 1.188975269610854e+01 1.055777562178830e+00
9.437500000000001e-01 1.207701960550600e+01 1.056080055337349e+00
9.468750000000000e-01 1.226723506600578e+01 1.056377732480600e+00
9.500000000000001e-01 1.246044551787411e+01 1.056670671738289e+00
9.531250000000000e-01 1.265669813259115e+01 1.056958949941506e+00
9.562500000000000e-01 1.285604082436773e+01 1.057242642615771e+00
9.593750000000001e-01 1.305852226184337e+01 1.057521824033575e+00
9.625000000000000e-01 1.326419187996850e+01 1.057796567204998e+00
9.656250000000001e-01 1.347309989207381e+01 1.058066943927882e+00
9.687500000000000e-01 1.368529730212962e+01 1.058333024776072e+00
9.718750000000000e-01 1.390083591719824e+01 1.058594879147239e+00
9.750000000000001e-01 1.411976836008246e+01 1.058852575310561e+00
9.781250000000000e-01 1.434214808217320e+01 1.059106180392455e+00
9.812500000000001e-01 1.456802937649935e+01 1.059355760360122e+00
9.843750000000000e-01 1.479746739098328e+01 1.059601380126604e+00
9.875000000000000e-01 1.503051814190487e+01 1.059843103472197e+00
9.906250000000001e-01 1.526723852757770e+01 1.060080993209136e+00
9.937500000000000e-01 1.550768634224049e+01 1.060315111040831e+00
9.968750000000001e-01 1.575192029016732e+01 1.060545517600566e+00
1.000000000000000e+00 1.600000000000000e+01 1.060772272613905e+00
