0.000000000000000e+00 0.000000000000000e+00 1.000000000000000e+00
3.125000000000000e-03 3.369263549427258e-03 1.036177649671175e+00
6.250000000000000e-03 6.739349689698711e-03 1.043016613941840e+00
9.375000000000001e-03 1.011108121249049e-02 1.045792875817710e+00
1.250000000000000e-02 1.348528131119160e-02 1.047275834144860e+00
1.562500000000000e-02 1.686277378188298e-02 1.048196043788252e+00
1.875000000000000e-02 2.024438322446370e-02 1.048822203141614e+00
2.187500000000000e-02 2.363093524397333e-02 1.049275703809445e+00
2.500000000000000e-02 2.702325665215984e-02 1.049619284710709e+00
2.812500000000000e-02 3.042217566934200e-02 1.049888602484683e+00
3.125000000000000e-02 3.382852212661575e-02 1.050105409486862e+00
3.437500000000000e-02 3.724312766845378e-02 1.050283724572525e+00
3.750000000000001e-02 4.066682595574785e-02 1.050432987455380e+00
4.062500000000000e-02 4.410045286934348e-02 1.050559786037706e+00
4.375000000000000e-02 4.754484671411652e-02 1.050668857141883e+00
4.687500000000000e-02 5.100084842364160e-02 1.050763693983046e+00
5.000000000000000e-02 5.446930176550237e-02 1.050846928944492e+00
5.312500000000001e-02 5.795105354729364e-02 1.050920583275301e+00
5.625000000000000e-02 6.144695382336569e-02 1.050986234356615e+00
5.937500000000000e-02 6.495785610236132e-02 1.051045131474794e+00
6.250000000000000e-02 6.848461755559625e-02 1.051098276915935e+00
6.562500000000000e-02 7.202809922633362e-02 1.051146484020103e+00
6.875000000000001e-02 7.558916624000402e-02 1.051190419628776e+00
7.187500000000001e-02 7.916868801542200e-02 1.051230635792504e+00
7.500000000000001e-02 8.276753847705080e-02 1.051267593193681e+00
7.812500000000000e-02 8.638659626836727e-02 1.051301679540884e+00
8.125000000000000e-02 9.002674496637868e-02 1.051333223205196e+00
8.437500000000001e-02 9.368887329734420e-02 1.051362504266272e+00
8.750000000000001e-02 9.737387535375355e-02 1.051389763476682e+00
9.062500000000001e-02 1.010826508126157e-01 1.051415208447437e+00
9.375000000000000e-02 1.048161051551108e-01 1.051439018989464e+00
9.687500000000000e-02 1.085751498876601e-01 1.051461352190615e+00
1.000000000000000e-01 1.123607027644654e-01 1.051482345577085e+00
1.031250000000000e-01 1.161736880115753e-01 1.051502120026875e+00
1.062500000000000e-01 1.200150365525305e-01 1.051520782447180e+00
1.093750000000000e-01 1.238856862356450e-01 1.051538427532821e+00
1.125000000000000e-01 1.277865820629775e-01 1.051555139098888e+00
1.156250000000000e-01 1.317186764210495e-01 1.051570992436889e+00
1.187500000000000e-01 1.356829293133661e-01 1.051586054938394e+00
1.218750000000000e-01 1.396803085947971e-01 1.051600386952266e+00
1.250000000000000e-01 1.437117902078738e-01 1.051614042883697e+00
1.281250000000000e-01 1.477783584210617e-01 1.051627071910984e+00
1.312500000000000e-01 1.518810060690650e-01 1.051639518523907e+00
1.343750000000000e-01 1.560207347952229e-01 1.051651423134773e+00
1.375000000000000e-01 1.601985552960564e-01 1.051662822450577e+00
1.406250000000000e-01 1.644154875680252e-01 1.051673749840286e+00
1.437500000000000e-01 1.686725611565558e-01 1.051684235938878e+00
1.468750000000000e-01 1.729708154074000e-01 1.051694308732964e+00
1.500000000000000e-01 1.773112997203869e-01 1.051703993947003e+00
1.531250000000000e-01 1.816950738056289e-01 1.051713315322553e+00
1.562500000000000e-01 1.861232079422458e-01 1.051722294578223e+00
1.593750000000000e-01 1.905967832396682e-01 1.051730951655391e+00
1.625000000000000e-01 1.951168919015860e-01 1.051739305140996e+00
1.656250000000000e-01 1.996846374926046e-01 1.051747372228140e+00
1.687500000000000e-01 2.043011352076760e-01 1.051755168677967e+00
1.718750000000000e-01 2.089675121443681e-01 1.051762709528802e+00
1.750000000000000e-01 2.136849075780412e-01 1.051770008456721e+00
1.781250000000000e-01 2.184544732399964e-01 1.051777078037948e+00
1.812500000000000e-01 2.232773735986666e-01 1.051783930304591e+00
1.843750000000000e-01 2.281547861439151e-01 1.051790576433359e+00
1.875000000000000e-01 2.330879016745160e-01 1.051797026836741e+00
1.906250000000000e-01 2.380779245888810e-01 1.051803291328856e+00
1.937500000000000e-01 2.431260731791094e-01 1.051809379153305e+00
1.968750000000000e-01 2.482335799284277e-01 1.051815298868709e+00
2.000000000000000e-01 2.534016918120952e-01 1.051821058348498e+00
2.031250000000000e-01 2.586316706018478e-01 1.051826665161864e+00
2.062500000000000e-01 2.639247931739538e-01 1.051832126700295e+00
2.093750000000000e-01 2.692823518209576e-01 1.051837449865950e+00
2.125000000000000e-01 2.747056545671873e-01 1.051842640913599e+00
2.156250000000000e-01 2.801960254881028e-01 1.051847705844586e+00
2.187500000000000e-01 2.857548050335636e-01 1.051852650419867e+00
2.218750000000000e-01 2.913833503550930e-01 1.051857480124450e+00
2.250000000000000e-01 2.970830356372213e-01 1.051862200093695e+00
2.281250000000000e-01 3.028552524329863e-01 1.051866815207933e+00
2.312500000000000e-01 3.087014100036755e-01 1.051871330278908e+00
2.343750000000000e-01 3.146229356628902e-01 1.051875749858743e+00
2.375000000000000e-01 3.206212751250189e-01 1.051880078066463e+00
2.406250000000000e-01 3.266978928582008e-01 1.051884319091003e+00
2.437500000000000e-01 3.328542724418705e-01 1.051888476648910e+00
2.468750000000000e-01 3.390919169289667e-01 1.051892554577063e+00
2.500000000000000e-01 3.454123492128958e-01 1.051896556528624e+00
2.531250000000000e-01 3.518171123993401e-01 1.051900485944755e+00
2.562500000000000e-01 3.583077701830001e-01 1.051904346168163e+00
2.593750000000000e-01 3.648859072293631e-01 1.051908140269748e+00
2.625000000000000e-01 3.715531295615936e-01 1.051911871397820e+00
2.656250000000000e-01 3.783110649526354e-01 1.051915542415202e+00
2.687500000000000e-01 3.851613633226258e-01 1.051919156389644e+00
2.718750000000000e-01 3.921056971417164e-01 1.051922716184493e+00
2.750000000000000e-01 3.991457618383991e-01 1.051926224226249e+00
2.781250000000000e-01 4.062832762134377e-01 1.051929683275393e+00
2.812500000000000e-01 4.135199828595055e-01 1.051933095632980e+00
2.843750000000000e-01 4.208576485866312e-01 1.051936463860467e+00
2.875000000000000e-01 4.282980648535585e-01 1.051939790463828e+00
2.906250000000000e-01 4.358430482051222e-01 1.051943077613715e+00
2.937500000000000e-01 4.434944407157500e-01 1.051946327481758e+00
2.968750000000000e-01 4.512541104391968e-01 1.051949542154430e+00
3.000000000000000e-01 4.591239518646220e-01 1.051952723832333e+00
3.031250000000000e-01 4.671058863791195e-01 1.051955874602057e+00
3.062500000000000e-01 4.752018627368176e-01 1.051958996151404e+00
3.093750000000000e-01 4.834138575346580e-01 1.051962090052729e+00
3.125000000000000e-01 4.917438756949728e-01 1.051965158537523e+00
3.156250000000000e-01 5.001939509549778e-01 1.051968203369760e+00
3.187500000000000e-01 5.087661463633005e-01 1.051971225547265e+00
3.218750000000000e-01 5.174625547836644e-01 1.051974226631013e+00
3.250000000000000e-01 5.262852994058529e-01 1.051977208144533e+00
3.281250000000000e-01 5.352365342640750e-01 1.051980171144820e+00
3.312500000000000e-01 5.443184447628656e-01 1.051983116645652e+00
3.343750000000000e-01 5.535332482106405e-01 1.051986045380960e+00
3.375000000000000e-01 5.628831943610435e-01 1.051988958186128e+00
3.406250000000000e-01 5.723705659622137e-01 1.051991855332494e+00
3.437500000000000e-01 5.819976793141081e-01 1.051994737091541e+00
3.468750000000000e-01 5.917668848340161e-01 1.051997603451282e+00
3.500000000000000e-01 6.016805676304035e-01 1.052000453919377e+00
3.531250000000000e-01 6.117411480852264e-01 1.052003287897699e+00
3.562500000000000e-01 6.219510824448572e-01 1.052006104250919e+00
3.593750000000000e-01 6.323128634197650e-01 1.052008901534963e+00
3.625000000000000e-01 6.428290207931012e-01 1.052011677848126e+00
3.656250000000000e-01 6.535021220383342e-01 1.052014430725601e+00
3.687500000000000e-01 6.643347729460869e-01 1.052017157367872e+00
3.718750000000000e-01 6.753296182603294e-01 1.052019854299186e+00
3.750000000000000e-01 6.864893423240808e-01 1.052022517544652e+00
3.781250000000000e-01 6.978166697347804e-01 1.052025142669134e+00
3.812500000000000e-01 7.093143660094854e-01 1.052027724528842e+00
3.843750000000000e-01 7.209852382600603e-01 1.052030257785340e+00
3.875000000000000e-01 7.328321358785219e-01 1.052032736618218e+00
3.906250000000000e-01 7.448579512327029e-01 1.052035155102309e+00
3.937500000000000e-01 7.570656203724140e-01 1.052037507597154e+00
3.968750000000000e-01 7.694581237462648e-01 1.052039788811709e+00
4.000000000000000e-01 7.820384869293291e-01 1.052041994881175e+00
4.031250000000000e-01 7.948097813618253e-01 1.052044123899761e+00
4.062500000000000e-01 8.077751250989945e-01 1.052046177045975e+00
4.093750000000000e-01 8.209376835723596e-01 1.052048160414938e+00
4.125000000000000e-01 8.343006703625532e-01 1.052050086856997e+00
4.156250000000000e-01 8.478673479838968e-01 1.052051978975902e+00
4.187500000000000e-01 8.616410286809313e-01 1.052053872791944e+00
4.218750000000000e-01 8.756250752370857e-01 1.052055822857957e+00
4.250000000000000e-01 8.898229017956865e-01 1.052057908533429e+00
4.281250000000000e-01 9.042379746935050e-01 1.052060242651226e+00
4.312500000000000e-01 9.188738133070491e-01 1.052062982838631e+00
4.343750000000000e-01 9.337339909118028e-01 1.052066345279099e+00
4.375000000000000e-01 9.488221355546261e-01 1.052070623771817e+00
4.406250000000000e-01 9.641419309395265e-01 1.052076213665550e+00
4.437500000000000e-01 9.796971173270190e-01 1.052083641043256e+00
4.468750000000000e-01 9.954914924472941e-01 1.052093602787546e+00
4.500000000000000e-01 1.011528912427417e+00 1.052107014428451e+00
4.531250000000000e-01 1.027813292732786e+00 1.052125069403139e+00
4.562500000000000e-01 1.044348609123070e+00 1.052149317511906e+00
4.593750000000000e-01 1.061138898622882e+00 1.052181754909202e+00
4.625000000000000e-01 1.078188260507393e+00 1.052224935816916e+00
4.656250000000000e-01 1.095500857303154e+00 1.052282110801087e+00
4.687500000000000e-01 1.113080915804360e+00 1.052357380543831e+00
4.718750000000000e-01 1.130932728104805e+00 1.052455876819439e+00
4.750000000000000e-01 1.149060652645771e+00 1.052583971262189e+00
4.781250000000000e-01 1.167469115280130e+00 1.052749486130635e+00
4.812500000000000e-01 1.186162610352890e+00 1.052961916376970e+00
4.843750000000000e-01 1.205145701798475e+00 1.053232645830568e+00
4.875000000000000e-01 1.224423024254985e+00 1.053575104085959e+00
4.906250000000000e-01 1.243999284195726e+00 1.054004855992558e+00
4.937500000000000e-01 1.263879261078271e+00 1.054539582270769e+00
4.968750000000000e-01 1.284067808511348e+00 1.055198859260420e+00
5.000000000000000e-01 1.304569855439823e+00 1.056003716343953e+00
5.031250000000000e-01 1.325390407348082e+00 1.056975933758540e+00
5.062500000000000e-01 1.346534547482100e+00 1.058136992021386e+00
5.093750000000000e-01 1.368007438090487e+00 1.059506708974299e+00
5.125000000000001e-01 1.389814321684837e+00 1.061101644991526e+00
5.156250000000000e-01 1.411960522319654e+00 1.062933314054583e+00
5.187500000000000e-01 1.434451446892208e+00 1.065006375472022e+00
5.218750000000000e-01 1.457292586462593e+00 1.067317073495208e+00
5.250000000000000e-01 1.480489517594354e+00 1.069852088009481e+00
5.281250000000001e-01 1.504047903715979e+00 1.072587982243193e+00
5.312500000000000e-01 1.527973496503592e+00 1.075491503201272e+00
5.343750000000000e-01 1.552272137285215e+00 1.078520766369338e+00
5.375000000000000e-01 1.576949758466886e+00 1.081627218853879e+00
5.406250000000000e-01 1.602012384981041e+00 1.084758263029940e+00
5.437500000000001e-01 1.627466135757470e+00 1.087860324618987e+00
5.468750000000000e-01 1.653317225217225e+00 1.090881936864210e+00
5.500000000000000e-01 1.679571964789851e+00 1.093776558531017e+00
5.531250000000000e-01 1.706236764454286e+00 1.096504909137445e+00
5.562500000000000e-01 1.733318134303830e+00 1.099036645682485e+00
5.593750000000001e-01 1.760822686135563e+00 1.101351224112438e+00
5.625000000000000e-01 1.788757135064574e+00 1.103438044201529e+00
5.656250000000000e-01 1.817128301163438e+00 1.105295977425607e+00
5.687500000000000e-01 1.845943111127301e+00 1.106932394332338e+00
5.718750000000000e-01 1.875208599965003e+00 1.108361815650231e+00
5.750000000000001e-01 1.904931912716643e+00 1.109604396782157e+00
5.781250000000000e-01 1.935120306198011e+00 1.110684380118979e+00
5.812500000000000e-01 1.965781150772311e+00 1.111628601316091e+00
5.843750000000000e-01 1.996921932149593e+00 1.112465127858494e+00
5.875000000000000e-01 2.028550253214365e+00 1.113222098431143e+00
5.906250000000001e-01 2.060673835881802e+00 1.113926790714151e+00
5.937500000000000e-01 2.093300522983012e+00 1.114604900223886e+00
5.968750000000000e-01 2.126438280179837e+00 1.115280028618353e+00
6.000000000000001e-01 2.160095197909630e+00 1.115973357428266e+00
6.031250000000000e-01 2.194279493360494e+00 1.116703485423622e+00
6.062500000000001e-01 2.228999512477486e+00 1.117486382759105e+00
6.093750000000000e-01 2.264263732000228e+00 1.118335447645372e+00
6.125000000000000e-01 2.300080761532477e+00 1.119261632201018e+00
6.156250000000001e-01 2.336459345644116e+00 1.120273621216765e+00
6.187500000000000e-01 2.373408366006099e+00 1.121378027609240e+00
6.218750000000001e-01 2.410936843558884e+00 1.122579602462310e+00
6.250000000000000e-01 2.449053940714840e+00 1.123881443278908e+00
6.281250000000000e-01 2.487768963595221e+00 1.125285200539316e+00
6.312500000000001e-01 2.527091364302215e+00 1.126791263649644e+00
6.343750000000000e-01 2.567030743226622e+00 1.128398930721688e+00
6.375000000000001e-01 2.607596851391758e+00 1.130106551532129e+00
6.406250000000000e-01 2.648799592834118e+00 1.131911654792599e+00
6.437500000000000e-01 2.690649027021411e+00 1.133811051098666e+00
6.468750000000001e-01 2.733155371308524e+00 1.135800917186395e+00
6.500000000000000e-01 2.776329003432049e+00 1.137876854673682e+00
6.531250000000001e-01 2.820180464043967e+00 1.140033934282404e+00
6.562500000000000e-01 2.864720459285089e+00 1.142266721685917e+00
6.593750000000000e-01 2.909959863398929e+00 1.144569293658867e+00
6.625000000000001e-01 2.955909721386590e+00 1.146935238720394e+00
6.656250000000000e-01 3.002581251703353e+00 1.149357645533069e+00
6.687500000000001e-01 3.049985848997626e+00 1.151829075790940e+00
6.718750000000000e-01 3.098135086892879e+00 1.154341526469674e+00
6.750000000000000e-01 3.147040720813310e+00 1.156886382872846e+00
6.781250000000001e-01 3.196714690853871e+00 1.159454369209713e+00
6.812500000000000e-01 3.247169124695383e+00 1.162035499190489e+00
6.843750000000001e-01 3.298416340565477e+00 1.164619033657089e+00
6.875000000000000e-01 3.350468850246008e+00 1.167193449934351e+00
6.906250000000000e-01 3.403339362127777e+00 1.169746431863429e+00
6.937500000000001e-01 3.457040784313211e+00 1.172264890101751e+00
6.968750000000000e-01 3.511586227767823e+00 1.174735027086702e+00
7.000000000000001e-01 3.566989009521205e+00 1.177142462673388e+00
7.031250000000000e-01 3.623262655918307e+00 1.179472441841410e+00
7.062500000000000e-01 3.680420905921852e+00 1.181710146259040e+00
7.093750000000001e-01 3.738477714466631e+00 1.183841133409244e+00
7.125000000000000e-01 3.797447255866536e+00 1.185851923898289e+00
7.156250000000001e-01 3.857343927275175e+00 1.187730747251296e+00
7.187500000000000e-01 3.918182352200844e+00 1.189468439723605e+00
7.218750000000000e-01 3.979977384076828e+00 1.191059455744353e+00
7.250000000000001e-01 4.042744109887770e+00 1.192502912955534e+00
7.281250000000000e-01 4.106497853853101e+00 1.193803542184503e+00
7.312500000000001e-01 4.171254181168399e+00 1.194972369593067e+00
7.343750000000000e-01 4.237028901805528e+00 1.196026938921867e+00
7.375000000000000e-01 4.303838074372613e+00 1.196990901363307e+00
7.406250000000001e-01 4.371698010034643e+00 1.197892870738760e+00
7.437500000000000e-01 4.440625276495786e+00 1.198764555898611e+00
7.468750000000001e-01 4.510636702044332e+00 1.199638318042847e+00
7.500000000000000e-01 4.581749379661216e+00 1.200544424577703e+00
7.531250000000000e-01 4.653980671193226e+00 1.201508348853837e+00
7.562500000000001e-01 4.727348211591802e+00 1.202548477444600e+00
7.593750000000000e-01 4.801869913218528e+00 1.203674530296247e+00
7.625000000000001e-01 4.877563970218381e+00 1.204886892539149e+00
7.656250000000000e-01 4.954448862961714e+00 1.206176927627111e+00
7.687500000000000e-01 5.032543362556198e+00 1.207528213265759e+00
7.718750000000001e-01 5.111866535429675e+00 1.208918533382485e+00
7.750000000000000e-01 5.192437747985146e+00 1.210322379255361e+00
7.781250000000001e-01 5.274276671329015e+00 1.211713658265490e+00
7.812500000000000e-01 5.357403286073669e+00 1.213068287221270e+00
7.843750000000000e-01 5.441837887215693e+00 1.214366359839037e+00
7.875000000000001e-01 5.527601089090773e+00 1.215593634927758e+00
7.906250000000000e-01 5.614713830406605e+00 1.216742193548161e+00
7.937500000000001e-01 5.703197379355005e+00 1.217810247528909e+00
7.968750000000000e-01 5.793073338804412e+00 1.218801223821709e+00
8.000000000000000e-01 5.884363651574169e+00 1.219722362338509e+00
8.031250000000001e-01 5.977090605791737e+00 1.220583122861242e+00
8.062500000000000e-01 6.071276840334257e+00 1.221393684586539e+00
8.093750000000001e-01 6.166945350355728e+00 1.222163749624025e+00
8.125000000000000e-01 6.264119492901173e+00 1.222901757260238e+00
8.156250000000000e-01 6.362822992609162e+00 1.223614511279834e+00
8.187500000000001e-01 6.463079947504072e+00 1.224307144690226e+00
8.218750000000000e-01 6.564914834879517e+00 1.224983308179183e+00
8.250000000000001e-01 6.668352517274371e+00 1.225645467768230e+00
8.281250000000000e-01 6.773418248542846e+00 1.226295221081176e+00
8.312500000000000e-01 6.880137680020114e+00 1.226933576062114e+00
8.343750000000001e-01 6.988536866784961e+00 1.227561166996703e+00
8.375000000000000e-01 7.098642274021019e+00 1.228178406116157e+00
8.406250000000001e-01 7.210480783478133e+00 1.228785581402581e+00
8.437500000000000e-01 7.324079700035414e+00 1.229382914713674e+00
8.468750000000000e-01 7.439466758367605e+00 1.229970594060233e+00
8.500000000000001e-01 7.556670129716381e+00 1.230548790277312e+00
8.531250000000000e-01 7.675718428768239e+00 1.231117665197357e+00
8.562500000000001e-01 7.796640720640633e+00 1.231677375335761e+00
8.593750000000000e-01 7.919466527978115e+00 1.232228073510326e+00
8.625000000000000e-01 8.044225838160141e+00 1.232769909443979e+00
8.656250000000001e-01 8.170949110622363e+00 1.233303030102585e+00
8.687500000000000e-01 8.299667284293170e+00 1.233827579870694e+00
8.718750000000001e-01 8.430411785147284e+00 1.234343700615691e+00
8.750000000000000e-01 8.563214533878281e+00 1.234851531636391e+00
8.781250000000000e-01 8.698107953691880e+00 1.235351209831288e+00
8.812500000000001e-01 8.835124978221932e+00 1.235842869755148e+00
8.843750000000000e-01 8.974299059571019e+00 1.236326643616531e+00
8.875000000000001e-01 9.115664176477637e+00 1.236802661214320e+00
8.906250000000000e-01 9.259254842611947e+00 1.237271050264210e+00
8.937500000000000e-01 9.405106115002161e+00 1.237731936109569e+00
8.968750000000001e-01 9.553253602593529e+00 1.238185442041409e+00
9.000000000000000e-01 9.703733474942130e+00 1.238631689172333e+00
9.031250000000001e-01 9.856582471045494e+00 1.239070796585765e+00
9.062500000000000e-01 1.001183790831228e+01 1.239502881259877e+00
9.093750000000000e-01 1.016953769167313e+01 1.239928058155514e+00
9.125000000000001e-01 1.032972032283505e+01 1.240346440303775e+00
9.156250000000000e-01 1.049242490968134e+01 1.240758138779694e+00
9.187500000000001e-01 1.065769117581972e+01 1.241163262785304e+00
9.218750000000000e-01 1.082555947028058e+01 1.241561919618765e+00
9.250000000000000e-01 1.099607077736805e+01 1.241954214752977e+00
9.281250000000001e-01 1.116926672666618e+01 1.242340251913898e+00
9.312500000000000e-01 1.134518960320255e+01 1.242720132988002e+00
9.343750000000001e-01 1.152388235777201e+01 1.243093958208063e+00
9.375000000000000e-01 1.170538861742293e+01 1.243461826114967e+00
9.406250000000000e-01 1.188975269610854e+01 1.243823833515414e+00
9.437500000000001e-01 1.207701960550600e+01 1.244180075606326e+00
9.468750000000000e-01 1.226723506600578e+01 1.244530645987056e+00
9.500000000000001e-01 1.246044551787411e+01 1.244875636669454e+00
9.531250000000000e-01 1.265669813259115e+01 1.245215138142778e+00
9.562500000000000e-01 1.285604082436773e+01 1.245549239324429e+00
9.593750000000001e-01 1.305852226184337e+01 1.245878027677658e+00
9.625000000000000e-01 1.326419187996850e+01 1.246201589216970e+00
9.656250000000001e-01 1.347309989207381e+01 1.246520008454400e+00
9.687500000000000e-01 1.368529730212962e+01 1.246833368512940e+00
9.718750000000000e-01 1.390083591719824e+01 1.247141751184627e+00
9.750000000000001e-01 1.411976836008246e+01 1.247445236817267e+00
9.781250000000000e-01 1.434214808217320e+01 1.247743904423635e+00
9.812500000000001e-01 1.456802937649935e+01 1.248037831735314e+00
9.843750000000000e-01 1.479746739098328e+01 1.248327095199290e+00
9.875000000000000e-01 1.503051814190487e+01 1.248611769915378e+00
9.906250000000001e-01 1.526723852757770e+01 1.248891929855402e+00
9.937500000000000e-01 1.550768634224049e+01 1.249167647630746e+00
9.968750000000001e-01 1.575192029016732e+01 1.249438994764751e+00
1.000000000000000e+00 1.600000000000000e+01 1.249706041515187e+00
