0.000000000000000e+00 0.000000000000000e+00 1.000000000000000e+00
3.125000000000000e-03 3.369263549427258e-03 1.000000000622987e+00
6.250000000000000e-03 6.739349689698711e-03 1.000000001649560e+00
9.375000000000001e-03 1.011108121249049e-02 1.000000002272640e+00
1.250000000000000e-02 1.348528131119160e-02 1.000000003044184e+00
1.562500000000000e-02 1.686277378188298e-02 1.000000004040725e+00
1.875000000000000e-02 2.024438322446370e-02 1.000000005183965e+00
2.187500000000000e-02 2.363093524397333e-02 1.000000006471773e+00
2.500000000000000e-02 2.702325665215984e-02 1.000000008020684e+00
2.812500000000000e-02 3.042217566934200e-02 1.000000009851403e+00
3.125000000000000e-02 3.382852212661575e-02 1.000000011901796e+00
3.437500000000000e-02 3.724312766845378e-02 1.000000014132540e+00
3.750000000000001e-02 4.066682595574785e-02 1.000000016537266e+00
4.062500000000000e-02 4.410045286934348e-02 1.000000019148678e+00
4.375000000000000e-02 4.754484671411652e-02 1.000000021968068e+00
4.687500000000000e-02 5.100084842364160e-02 1.000000025033660e+00
5.000000000000000e-02 5.446930176550237e-02 1.000000028313980e+00
5.312500000000001e-02 5.795105354729364e-02 1.000000031772897e+00
5.625000000000000e-02 6.144695382336569e-02 1.000000035443902e+00
5.937500000000000e-02 6.495785610236132e-02 1.000000039364675e+00
6.250000000000000e-02 6.848461755559625e-02 1.000000043539852e+00
6.562500000000000e-02 7.202809922633362e-02 1.000000048009944e+00
6.875000000000001e-02 7.558916624000402e-02 1.000000052781947e+00
7.187500000000001e-02 7.916868801542200e-02 1.000000057789780e+00
7.500000000000001e-02 8.276753847705080e-02 1.000000062997166e+00
7.812500000000000e-02 8.638659626836727e-02 1.000000068473482e+00
8.125000000000000e-02 9.002674496637868e-02 1.000000074221929e+00
8.437500000000001e-02 9.368887329734420e-02 1.000000080209594e+00
8.750000000000001e-02 9.737387535375355e-02 1.000000086508708e+00
9.062500000000001e-02 1.010826508126157e-01 1.000000093124795e+00
9.375000000000000e-02 1.048161051551108e-01 1.000000099991369e+00
9.687500000000000e-02 1.085751498876601e-01 1.000000107108656e+00
1.000000000000000e-01 1.123607027644654e-01 1.000000114548612e+00
1.031250000000000e-01 1.161736880115753e-01 1.000000122316278e+00
1.062500000000000e-01 1.200150365525305e-01 1.000000130416493e+00
1.093750000000000e-01 1.238856862356450e-01 1.000000138889628e+00
1.125000000000000e-01 1.277865820629775e-01 1.000000147706639e+00
1.156250000000000e-01 1.317186764210495e-01 1.000000156907493e+00
1.187500000000000e-01 1.356829293133661e-01 1.000000166462803e+00
1.218750000000000e-01 1.396803085947971e-01 1.000000176341042e+00
1.250000000000000e-01 1.437117902078738e-01 1.000000186615461e+00
1.281250000000000e-01 1.477783584210617e-01 1.000000197292005e+00
1.312500000000000e-01 1.518810060690650e-01 1.000000208340935e+00
1.343750000000000e-01 1.560207347952229e-01 1.000000219837155e+00
1.375000000000000e-01 1.601985552960564e-01 1.000000231788103e+00
1.406250000000000e-01 1.644154875680252e-01 1.000000244236526e+00
1.437500000000000e-01 1.686725611565558e-01 1.000000257155777e+00
1.468750000000000e-01 1.729708154074000e-01 1.000000270517290e+00
1.500000000000000e-01 1.773112997203869e-01 1.000000284361615e+00
1.531250000000000e-01 1.816950738056289e-01 1.000000298730927e+00
1.562500000000000e-01 1.861232079422458e-01 1.000000313598085e+00
1.593750000000000e-01 1.905967832396682e-01 1.000000329111286e+00
1.625000000000000e-01 1.951168919015860e-01 1.000000345106358e+00
1.656250000000000e-01 1.996846374926046e-01 1.000000361587971e+00
1.687500000000000e-01 2.043011352076760e-01 1.000000378808530e+00
1.718750000000000e-01 2.089675121443681e-01 1.000000396677435e+00
1.750000000000000e-01 2.136849075780412e-01 1.000000415134563e+00
1.781250000000000e-01 2.184544732399964e-01 1.000000434187357e+00
1.812500000000000e-01 2.232773735986666e-01 1.000000453984627e+00
1.843750000000000e-01 2.281547861439151e-01 1.000000474539663e+00
1.875000000000000e-01 2.330879016745160e-01 1.000000495830219e+00
1.906250000000000e-01 2.380779245888810e-01 1.000000517867754e+00
1.937500000000000e-01 2.431260731791094e-01 1.000000540698931e+00
1.968750000000000e-01 2.482335799284277e-01 1.000000564407039e+00
2.000000000000000e-01 2.534016918120952e-01 1.000000588936816e+00
2.031250000000000e-01 2.586316706018478e-01 1.000000614335931e+00
2.062500000000000e-01 2.639247931739538e-01 1.000000640653338e+00
2.093750000000000e-01 2.692823518209576e-01 1.000000667903955e+00
2.125000000000000e-01 2.747056545671873e-01 1.000000696137847e+00
2.156250000000000e-01 2.801960254881028e-01 1.000000725512153e+00
2.187500000000000e-01 2.857548050335636e-01 1.000000755942320e+00
2.218750000000000e-01 2.913833503550930e-01 1.000000787445364e+00
2.250000000000000e-01 2.970830356372213e-01 1.000000820073437e+00
2.281250000000000e-01 3.028552524329863e-01 1.000000853809366e+00
2.312500000000000e-01 3.087014100036755e-01 1.000000888775569e+00
2.343750000000000e-01 3.146229356628902e-01 1.000000925098280e+00
2.375000000000000e-01 3.206212751250189e-01 1.000000962907465e+00
2.406250000000000e-01 3.266978928582008e-01 1.000001002019538e+00
2.437500000000000e-01 3.328542724418705e-01 1.000001042489676e+00
2.468750000000000e-01 3.390919169289667e-01 1.000001084550422e+00
2.500000000000000e-01 3.454123492128958e-01 1.000001128230403e+00
2.531250000000000e-01 3.518171123993401e-01 1.000001173522803e+00
2.562500000000000e-01 3.583077701830001e-01 1.000001220454583e+00
2.593750000000000e-01 3.648859072293631e-01 1.000001269228678e+00
2.625000000000000e-01 3.715531295615936e-01 1.000001319877986e+00
2.656250000000000e-01 3.783110649526354e-01 1.000001372505633e+00
2.687500000000000e-01 3.851613633226258e-01 1.000001427111372e+00
2.718750000000000e-01 3.921056971417164e-01 1.000001483799162e+00
2.750000000000000e-01 3.991457618383991e-01 1.000001542675243e+00
2.781250000000000e-01 4.062832762134377e-01 1.000001603777687e+00
2.812500000000000e-01 4.135199828595055e-01 1.000001667355616e+00
2.843750000000000e-01 4.208576485866312e-01 1.000001733418803e+00
2.875000000000000e-01 4.282980648535585e-01 1.000001802151590e+00
2.906250000000000e-01 4.358430482051222e-01 1.000001873637320e+00
2.937500000000000e-01 4.434944407157500e-01 1.000001947960303e+00
2.968750000000000e-01 4.512541104391968e-01 1.000002025241011e+00
3.000000000000000e-01 4.591239518646220e-01 1.000002105637277e+00
3.031250000000000e-01 4.671058863791195e-01 1.000002189380661e+00
3.062500000000000e-01 4.752018627368176e-01 1.000002276567648e+00
3.093750000000000e-01 4.834138575346580e-01 1.000002367366017e+00
3.125000000000000e-01 4.917438756949728e-01 1.000002461911646e+00
3.156250000000000e-01 5.001939509549778e-01 1.000002560377688e+00
3.187500000000000e-01 5.087661463633005e-01 1.000002663046111e+00
3.218750000000000e-01 5.174625547836644e-01 1.000002770135270e+00
3.250000000000000e-01 5.262852994058529e-01 1.000002881832715e+00
3.281250000000000e-01 5.352365342640750e-01 1.000002998329186e+00
3.312500000000000e-01 5.443184447628656e-01 1.000003119888969e+00
3.343750000000000e-01 5.535332482106405e-01 1.000003246641133e+00
3.375000000000000e-01 5.628831943610435e-01 1.000003379137711e+00
3.406250000000000e-01 5.723705659622137e-01 1.000003517593685e+00
3.437500000000000e-01 5.819976793141081e-01 1.000003662191964e+00
3.468750000000000e-01 5.917668848340161e-01 1.000003813398783e+00
3.500000000000000e-01 6.016805676304035e-01 1.000003971445312e+00
3.531250000000000e-01 6.117411480852264e-01 1.000004136917489e+00
3.562500000000000e-01 6.219510824448572e-01 1.000004310064053e+00
3.593750000000000e-01 6.323128634197650e-01 1.000004491207096e+00
3.625000000000000e-01 6.428290207931012e-01 1.000004681025686e+00
3.656250000000000e-01 6.535021220383342e-01 1.000004880039724e+00
3.687500000000000e-01 6.643347729460869e-01 1.000005088639363e+00
3.718750000000000e-01 6.753296182603294e-01 1.000005307256270e+00
3.750000000000000e-01 6.864893423240808e-01 1.000005536751549e+00
3.781250000000000e-01 6.978166697347804e-01 1.000005777690861e+00
3.812500000000000e-01 7.093143660094854e-01 1.000006030615494e+00
3.843750000000000e-01 7.209852382600603e-01 1.000006296427983e+00
3.875000000000000e-01 7.328321358785219e-01 1.000006575770459e+00
3.906250000000000e-01 7.448579512327029e-01 1.000006869542992e+00
3.937500000000000e-01 7.570656203724140e-01 1.000007178630152e+00
3.968750000000000e-01 7.694581237462648e-01 1.000007503899836e+00
4.000000000000000e-01 7.820384869293291e-01 1.000007846483370e+00
4.031250000000000e-01 7.948097813618253e-01 1.000008207291105e+00
4.062500000000000e-01 8.077751250989945e-01 1.000008587602194e+00
4.093750000000000e-01 8.209376835723596e-01 1.000008988583543e+00
4.125000000000000e-01 8.343006703625532e-01 1.000009411425908e+00
4.156250000000000e-01 8.478673479838968e-01 1.000009857695402e+00
4.187500000000000e-01 8.616410286809313e-01 1.000010328641498e+00
4.218750000000000e-01 8.756250752370857e-01 1.000010825924065e+00
4.250000000000000e-01 8.898229017956865e-01 1.000011351133414e+00
4.281250000000000e-01 9.042379746935050e-01 1.000011905822057e+00
4.312500000000000e-01 9.188738133070491e-01 1.000012491959417e+00
4.343750000000000e-01 9.337339909118028e-01 1.000013111135490e+00
4.375000000000000e-01 9.488221355546261e-01 1.000013765320819e+00
4.406250000000000e-01 9.641419309395265e-01 1.000014456526024e+00
4.437500000000000e-01 9.796971173270190e-01 1.000015186415100e+00
4.468750000000000e-01 9.954914924472941e-01 1.000015957136809e+00
4.500000000000000e-01 1.011528912427417e+00 1.000016770389994e+00
4.531250000000000e-01 1.027813292732786e+00 1.000017627759573e+00
4.562500000000000e-01 1.044348609123070e+00 1.000018531098769e+00
4.593750000000000e-01 1.061138898622882e+00 1.000019481341786e+00
4.625000000000000e-01 1.078188260507393e+00 1.000020479493357e+00
4.656250000000000e-01 1.095500857303154e+00 1.000021526103799e+00
4.687500000000000e-01 1.113080915804360e+00 1.000022620446360e+00
4.718750000000000e-01 1.130932728104805e+00 1.000023761637583e+00
4.750000000000000e-01 1.149060652645771e+00 1.000024947333720e+00
4.781250000000000e-01 1.167469115280130e+00 1.000026173511211e+00
4.812500000000000e-01 1.186162610352890e+00 1.000027435190728e+00
4.843750000000000e-01 1.205145701798475e+00 1.000028724619763e+00
4.875000000000000e-01 1.224423024254985e+00 1.000030031754120e+00
4.906250000000000e-01 1.243999284195726e+00 1.000031344265052e+00
4.937500000000000e-01 1.263879261078271e+00 1.000032645967132e+00
4.968750000000000e-01 1.284067808511348e+00 1.000033917799894e+00
5.000000000000000e-01 1.304569855439823e+00 1.000035137964956e+00
5.031250000000000e-01 1.325390407348082e+00 1.000036281437198e+00
5.062500000000000e-01 1.346534547482100e+00 1.000037322907115e+00
5.093750000000000e-01 1.368007438090487e+00 1.000038239114439e+00
5.125000000000001e-01 1.389814321684837e+00 1.000039013432815e+00
5.156250000000000e-01 1.411960522319654e+00 1.000039645408997e+00
5.187500000000000e-01 1.434451446892208e+00 1.000040163789297e+00
5.218750000000000e-01 1.457292586462593e+00 1.000040647806296e+00
5.250000000000000e-01 1.480489517594354e+00 1.000041260132705e+00
5.281250000000001e-01 1.504047903715979e+00 1.000042295639840e+00
5.312500000000000e-01 1.527973496503592e+00 1.000044255136169e+00
5.343750000000000e-01 1.552272137285215e+00 1.000047950827061e+00
5.375000000000000e-01 1.576949758466886e+00 1.000054658931718e+00
5.406250000000000e-01 1.602012384981041e+00 1.000066339114331e+00
5.437500000000001e-01 1.627466135757470e+00 1.000085932367656e+00
5.468750000000000e-01 1.653317225217225e+00 1.000117768072750e+00
5.500000000000000e-01 1.679571964789851e+00 1.000168108826613e+00
5.531250000000000e-01 1.706236764454286e+00 1.000245826403464e+00
5.562500000000000e-01 1.733318134303830e+00 1.000363213847450e+00
5.593750000000001e-01 1.760822686135563e+00 1.000536913023399e+00
5.625000000000000e-01 1.788757135064574e+00 1.000788802976295e+00
5.656250000000000e-01 1.817128301163438e+00 1.001146620814389e+00
5.687500000000000e-01 1.845943111127301e+00 1.001644027933273e+00
5.718750000000000e-01 1.875208599965003e+00 1.002319660431320e+00
5.750000000000001e-01 1.904931912716643e+00 1.003214709657720e+00
5.781250000000000e-01 1.935120306198011e+00 1.004368899789162e+00
5.812500000000000e-01 1.965781150772311e+00 1.005815045803518e+00
5.843750000000000e-01 1.996921932149593e+00 1.007572782520068e+00
5.875000000000000e-01 2.028550253214365e+00 1.009642722005926e+00
5.906250000000001e-01 2.060673835881802e+00 1.012002583654608e+00
5.937500000000000e-01 2.093300522983012e+00 1.014606394750116e+00
5.968750000000000e-01 2.126438280179837e+00 1.017387222315934e+00
6.000000000000001e-01 2.160095197909630e+00 1.020263240157126e+00
6.031250000000000e-01 2.194279493360494e+00 1.023146025596941e+00
6.062500000000001e-01 2.228999512477486e+00 1.025949364860080e+00
6.093750000000000e-01 2.264263732000228e+00 1.028597078832149e+00
6.125000000000000e-01 2.300080761532477e+00 1.031028920543742e+00
6.156250000000001e-01 2.336459345644116e+00 1.033203976507585e+00
6.187500000000000e-01 2.373408366006099e+00 1.035101462193211e+00
6.218750000000001e-01 2.410936843558884e+00 1.036719380411014e+00
6.250000000000000e-01 2.449053940714840e+00 1.038071768709683e+00
6.281250000000000e-01 2.487768963595221e+00 1.039185146162186e+00
6.312500000000001e-01 2.527091364302215e+00 1.040094661309872e+00
6.343750000000000e-01 2.567030743226622e+00 1.040840412302137e+00
6.375000000000001e-01 2.607596851391758e+00 1.041464285996376e+00
6.406250000000000e-01 2.648799592834118e+00 1.042007442063896e+00
6.437500000000000e-01 2.690649027021411e+00 1.042508439999656e+00
6.468750000000001e-01 2.733155371308524e+00 1.043001981396109e+00
6.500000000000000e-01 2.776329003432049e+00 1.043518209844360e+00
6.531250000000001e-01 2.820180464043967e+00 1.044082451593913e+00
6.562500000000000e-01 2.864720459285089e+00 1.044715263378506e+00
6.593750000000000e-01 2.909959863398929e+00 1.045432693457397e+00
6.625000000000001e-01 2.955909721386590e+00 1.046246692288787e+00
6.656250000000000e-01 3.002581251703353e+00 1.047165604394871e+00
6.687500000000001e-01 3.049985848997626e+00 1.048194669297982e+00
6.718750000000000e-01 3.098135086892879e+00 1.049336485503823e+00
6.750000000000000e-01 3.147040720813310e+00 1.050591426178142e+00
6.781250000000001e-01 3.196714690853871e+00 1.051958013425884e+00
6.812500000000000e-01 3.247169124695383e+00 1.053433251838852e+00
6.843750000000001e-01 3.298416340565477e+00 1.055012907781997e+00
6.875000000000000e-01 3.350468850246008e+00 1.056691721813283e+00
6.906250000000000e-01 3.403339362127777e+00 1.058463555364556e+00
6.937500000000001e-01 3.457040784313211e+00 1.060321482655226e+00
6.968750000000000e-01 3.511586227767823e+00 1.062257843429701e+00
7.000000000000001e-01 3.566989009521205e+00 1.064264267968930e+00
7.031250000000000e-01 3.623262655918307e+00 1.066331678060386e+00
7.062500000000000e-01 3.680420905921852e+00 1.068450266237833e+00
7.093750000000001e-01 3.738477714466631e+00 1.070609454477354e+00
7.125000000000000e-01 3.797447255866536e+00 1.072797836974627e+00
7.156250000000001e-01 3.857343927275175e+00 1.075003115831736e+00
7.187500000000000e-01 3.918182352200844e+00 1.077212039887790e+00
7.218750000000000e-01 3.979977384076828e+00 1.079410362245793e+00
7.250000000000001e-01 4.042744109887770e+00 1.081582834470732e+00
7.281250000000000e-01 4.106497853853101e+00 1.083713262167105e+00
7.312500000000001e-01 4.171254181168399e+00 1.085784651723909e+00
7.343750000000000e-01 4.237028901805528e+00 1.087779485837169e+00
7.375000000000000e-01 4.303838074372613e+00 1.089680171017877e+00
7.406250000000001e-01 4.371698010034643e+00 1.091469705516004e+00
7.437500000000000e-01 4.440625276495786e+00 1.093132611740808e+00
7.468750000000001e-01 4.510636702044332e+00 1.094656153907927e+00
7.500000000000000e-01 4.581749379661216e+00 1.096031808195513e+00
7.531250000000000e-01 4.653980671193226e+00 1.097256861915921e+00
7.562500000000001e-01 4.727348211591802e+00 1.098335906368883e+00
7.593750000000000e-01 4.801869913218528e+00 1.099281887024983e+00
7.625000000000001e-01 4.877563970218381e+00 1.100116338207496e+00
7.656250000000000e-01 4.954448862961714e+00 1.100868498585112e+00
7.687500000000000e-01 5.032543362556198e+00 1.101573190680693e+00
7.718750000000001e-01 5.111866535429675e+00 1.102267614808264e+00
7.750000000000000e-01 5.192437747985146e+00 1.102987477123465e+00
7.781250000000001e-01 5.274276671329015e+00 1.103763056531726e+00
7.812500000000000e-01 5.357403286073669e+00 1.104615856674664e+00
7.843750000000000e-01 5.441837887215693e+00 1.105556384406092e+00
7.875000000000001e-01 5.527601089090773e+00 1.106583383331207e+00
7.906250000000000e-01 5.614713830406605e+00 1.107684599984543e+00
7.937500000000001e-01 5.703197379355005e+00 1.108838921210026e+00
7.968750000000000e-01 5.793073338804412e+00 1.110019530442096e+00
8.000000000000000e-01 5.884363651574169e+00 1.111197596253716e+00
8.031250000000001e-01 5.977090605791737e+00 1.112345937794557e+00
8.062500000000000e-01 6.071276840334257e+00 1.113442120347942e+00
8.093750000000001e-01 6.166945350355728e+00 1.114470538605739e+00
8.125000000000000e-01 6.264119492901173e+00 1.115423240478229e+00
8.156250000000000e-01 6.362822992609162e+00 1.116299499645175e+00
8.187500000000001e-01 6.463079947504072e+00 1.117104394851433e+00
8.218750000000000e-01 6.564914834879517e+00 1.117846826595364e+00
8.250000000000001e-01 6.668352517274371e+00 1.118537449061113e+00
8.281250000000000e-01 6.773418248542846e+00 1.119186914275671e+00
8.312500000000000e-01 6.880137680020114e+00 1.119804661022397e+00
8.343750000000001e-01 6.988536866784961e+00 1.120398297064444e+00
8.375000000000000e-01 7.098642274021019e+00 1.120973480845162e+00
8.406250000000001e-01 7.210480783478133e+00 1.121534133958656e+00
8.437500000000000e-01 7.324079700035414e+00 1.122082811461159e+00
8.468750000000000e-01 7.439466758367605e+00 1.122621095461546e+00
8.500000000000001e-01 7.556670129716381e+00 1.123149932728614e+00
8.531250000000000e-01 7.675718428768239e+00 1.123669886571518e+00
8.562500000000001e-01 7.796640720640633e+00 1.124181304794513e+00
8.593750000000000e-01 7.919466527978115e+00 1.124684421869703e+00
8.625000000000000e-01 8.044225838160141e+00 1.125179415903893e+00
8.656250000000001e-01 8.170949110622363e+00 1.125666438109881e+00
8.687500000000000e-01 8.299667284293170e+00 1.126145626907572e+00
8.718750000000001e-01 8.430411785147284e+00 1.126617114228146e+00
8.750000000000000e-01 8.563214533878281e+00 1.127081028203825e+00
8.781250000000000e-01 8.698107953691880e+00 1.127537494168565e+00
8.812500000000001e-01 8.835124978221932e+00 1.127986635056867e+00
8.843750000000000e-01 8.974299059571019e+00 1.128428571694130e+00
8.875000000000001e-01 9.115664176477637e+00 1.128863422696499e+00
8.906250000000000e-01 9.259254842611947e+00 1.129291304720805e+00
8.937500000000000e-01 9.405106115002161e+00 1.129712332322329e+00
8.968750000000001e-01 9.553253602593529e+00 1.130126618082127e+00
9.000000000000000e-01 9.703733474942130e+00 1.130534272695580e+00
9.031250000000001e-01 9.856582471045494e+00 1.130935404901521e+00
9.062500000000000e-01 1.001183790831228e+01 1.131330121564650e+00
9.093750000000000e-01 1.016953769167313e+01 1.131718527757633e+00
9.125000000000001e-01 1.032972032283505e+01 1.132100726723437e+00
9.156250000000000e-01 1.049242490968134e+01 1.132476819912918e+00
9.187500000000001e-01 1.065769117581972e+01 1.132846907100412e+00
9.218750000000000e-01 1.082555947028058e+01 1.133211086301165e+00
9.250000000000000e-01 1.099607077736805e+01 1.133569453922215e+00
9.281250000000001e-01 1.116926672666618e+01 1.133922104676485e+00
9.312500000000000e-01 1.134518960320255e+01 1.134269131690625e+00
9.343750000000001e-01 1.152388235777201e+01 1.134610626494273e+00
9.375000000000000e-01 1.170538861742293e+01 1.134946679086189e+00
9.406250000000000e-01 1.188975269610854e+01 1.135277377960240e+00
9.437500000000001e-01 1.207701960550600e+01 1.135602810049974e+00
9.468750000000000e-01 1.226723506600578e+01 1.135923060868619e+00
9.500000000000001e-01 1.246044551787411e+01 1.136238214491787e+00
9.531250000000000e-01 1.265669813259115e+01 1.136548353537287e+00
9.562500000000000e-01 1.285604082436773e+01 1.136853559301945e+00
9.593750000000001e-01 1.305852226184337e+01 1.137153911661042e+00
9.625000000000000e-01 1.326419187996850e+01 1.137449489162176e+00
9.656250000000001e-01 1.347309989207381e+01 1.137740369040294e+00
9.687500000000000e-01 1.368529730212962e+01 1.138026627271221e+00
9.718750000000000e-01 1.390083591719824e+01 1.138308338504993e+00
9.750000000000001e-01 1.411976836008246e+01 1.138585576155140e+00
9.781250000000000e-01 1.434214808217320e+01 1.138858412449128e+00
9.812500000000001e-01 1.456802937649935e+01 1.139126918398556e+00
9.843750000000000e-01 1.479746739098328e+01 1.139391163766567e+00
9.875000000000000e-01 1.503051814190487e+01 1.139651217272861e+00
9.906250000000001e-01 1.526723852757770e+01 1.139907146403146e+00
9.937500000000000e-01 1.550768634224049e+01 1.140159017531186e+00
9.968750000000001e-01 1.575192029016732e+01 1.140406895963187e+00
1.000000000000000e+00 1.600000000000000e+01 1.140650845941975e+00
