0.000000000000000e+00 0.000000000000000e+00 1.000000000000000e+00
3.125000000000000e-03 3.369263549427258e-03 1.036177647280488e+00
6.250000000000000e-03 6.739349689698711e-03 1.043016602595641e+00
9.375000000000001e-03 1.011108121249049e-02 1.045792858160620e+00
1.250000000000000e-02 1.348528131119160e-02 1.047275810235862e+00
1.562500000000000e-02 1.686277378188298e-02 1.048196012800545e+00
1.875000000000000e-02 2.024438322446370e-02 1.048822163679353e+00
2.187500000000000e-02 2.363093524397333e-02 1.049275654495777e+00
2.500000000000000e-02 2.702325665215984e-02 1.049619224176317e+00
2.812500000000000e-02 3.042217566934200e-02 1.049888529331453e+00
3.125000000000000e-02 3.382852212661575e-02 1.050105322352919e+00
3.437500000000000e-02 3.724312766845378e-02 1.050283622018603e+00
3.750000000000001e-02 4.066682595574785e-02 1.050432867891552e+00
4.062500000000000e-02 4.410045286934348e-02 1.050559647803366e+00
4.375000000000000e-02 4.754484671411652e-02 1.050668698780568e+00
4.687500000000000e-02 5.100084842364160e-02 1.050763514084073e+00
5.000000000000000e-02 5.446930176550237e-02 1.050846725945569e+00
5.312500000000001e-02 5.795105354729364e-02 1.050920355402122e+00
5.625000000000000e-02 6.144695382336569e-02 1.050985980093190e+00
5.937500000000000e-02 6.495785610236132e-02 1.051044849368594e+00
6.250000000000000e-02 6.848461755559625e-02 1.051097965282193e+00
6.562500000000000e-02 7.202809922633362e-02 1.051146141168430e+00
6.875000000000001e-02 7.558916624000402e-02 1.051190043796420e+00
7.187500000000001e-02 7.916868801542200e-02 1.051230225072021e+00
7.500000000000001e-02 8.276753847705080e-02 1.051267145755867e+00
7.812500000000000e-02 8.638659626836727e-02 1.051301193485620e+00
8.125000000000000e-02 9.002674496637868e-02 1.051332696697197e+00
8.437500000000001e-02 9.368887329734420e-02 1.051361935621949e+00
8.750000000000001e-02 9.737387535375355e-02 1.051389150586106e+00
9.062500000000001e-02 1.010826508126157e-01 1.051414549180212e+00
9.375000000000000e-02 1.048161051551108e-01 1.051438311352863e+00
9.687500000000000e-02 1.085751498876601e-01 1.051460594037944e+00
1.000000000000000e-01 1.123607027644654e-01 1.051481534732790e+00
1.031250000000000e-01 1.161736880115753e-01 1.051501254344545e+00
1.062500000000000e-01 1.200150365525305e-01 1.051519859500041e+00
1.093750000000000e-01 1.238856862356450e-01 1.051537444722060e+00
1.125000000000000e-01 1.277865820629775e-01 1.051554094213615e+00
1.156250000000000e-01 1.317186764210495e-01 1.051569883022077e+00
1.187500000000000e-01 1.356829293133661e-01 1.051584878387408e+00
1.218750000000000e-01 1.396803085947971e-01 1.051599140667138e+00
1.250000000000000e-01 1.437117902078738e-01 1.051612724115630e+00
1.281250000000000e-01 1.477783584210617e-01 1.051625677841748e+00
1.312500000000000e-01 1.518810060690650e-01 1.051638046244952e+00
1.343750000000000e-01 1.560207347952229e-01 1.051649869568830e+00
1.375000000000000e-01 1.601985552960564e-01 1.051661184479114e+00
1.406250000000000e-01 1.644154875680252e-01 1.051672024426994e+00
1.437500000000000e-01 1.686725611565558e-01 1.051682419809607e+00
1.468750000000000e-01 1.729708154074000e-01 1.051692398562248e+00
1.500000000000000e-01 1.773112997203869e-01 1.051701986327323e+00
1.531250000000000e-01 1.816950738056289e-01 1.051711206548818e+00
1.562500000000000e-01 1.861232079422458e-01 1.051720080857345e+00
1.593750000000000e-01 1.905967832396682e-01 1.051728629189738e+00
1.625000000000000e-01 1.951168919015860e-01 1.051736869994753e+00
1.656250000000000e-01 1.996846374926046e-01 1.051744820357684e+00
1.687500000000000e-01 2.043011352076760e-01 1.051752495956908e+00
1.718750000000000e-01 2.089675121443681e-01 1.051759911384369e+00
1.750000000000000e-01 2.136849075780412e-01 1.051767080360938e+00
1.781250000000000e-01 2.184544732399964e-01 1.051774015444515e+00
1.812500000000000e-01 2.232773735986666e-01 1.051780728368940e+00
1.843750000000000e-01 2.281547861439151e-01 1.051787230199150e+00
1.875000000000000e-01 2.330879016745160e-01 1.051793531162970e+00
1.906250000000000e-01 2.380779245888810e-01 1.051799640859390e+00
1.937500000000000e-01 2.431260731791094e-01 1.051805568283452e+00
1.968750000000000e-01 2.482335799284277e-01 1.051811321705844e+00
2.000000000000000e-01 2.534016918120952e-01 1.051816909113765e+00
2.031250000000000e-01 2.586316706018478e-01 1.051822337904299e+00
2.062500000000000e-01 2.639247931739538e-01 1.051827614999997e+00
2.093750000000000e-01 2.692823518209576e-01 1.051832747005491e+00
2.125000000000000e-01 2.747056545671873e-01 1.051837740140852e+00
2.156250000000000e-01 2.801960254881028e-01 1.051842600165494e+00
2.187500000000000e-01 2.857548050335636e-01 1.051847332559552e+00
2.218750000000000e-01 2.913833503550930e-01 1.051851942529476e+00
2.250000000000000e-01 2.970830356372213e-01 1.051856434964455e+00
2.281250000000000e-01 3.028552524329863e-01 1.051860814519815e+00
2.312500000000000e-01 3.087014100036755e-01 1.051865085610866e+00
2.343750000000000e-01 3.146229356628902e-01 1.051869252535887e+00
2.375000000000000e-01 3.206212751250189e-01 1.051873319156770e+00
2.406250000000000e-01 3.266978928582008e-01 1.051877289141303e+00
2.437500000000000e-01 3.328542724418705e-01 1.051881166167664e+00
2.468750000000000e-01 3.390919169289667e-01 1.051884953690371e+00
2.500000000000000e-01 3.454123492128958e-01 1.051888654916771e+00
2.531250000000000e-01 3.518171123993401e-01 1.051892272869392e+00
2.562500000000000e-01 3.583077701830001e-01 1.051895810581751e+00
2.593750000000000e-01 3.648859072293631e-01 1.051899270900491e+00
2.625000000000000e-01 3.715531295615936e-01 1.051902656544527e+00
2.656250000000000e-01 3.783110649526354e-01 1.051905970076273e+00
2.687500000000000e-01 3.851613633226258e-01 1.051909213914818e+00
2.718750000000000e-01 3.921056971417164e-01 1.051912390481313e+00
2.750000000000000e-01 3.991457618383991e-01 1.051915502082464e+00
2.781250000000000e-01 4.062832762134377e-01 1.051918550921628e+00
2.812500000000000e-01 4.135199828595055e-01 1.051921539065059e+00
2.843750000000000e-01 4.208576485866312e-01 1.051924468583285e+00
2.875000000000000e-01 4.282980648535585e-01 1.051927341386512e+00
2.906250000000000e-01 4.358430482051222e-01 1.051930159363524e+00
2.937500000000000e-01 4.434944407157500e-01 1.051932924391861e+00
2.968750000000000e-01 4.512541104391968e-01 1.051935638170434e+00
3.000000000000000e-01 4.591239518646220e-01 1.051938302532899e+00
3.031250000000000e-01 4.671058863791195e-01 1.051940919106964e+00
3.062500000000000e-01 4.752018627368176e-01 1.051943489448480e+00
3.093750000000000e-01 4.834138575346580e-01 1.051946015135500e+00
3.125000000000000e-01 4.917438756949728e-01 1.051948497687925e+00
3.156250000000000e-01 5.001939509549778e-01 1.051950938616756e+00
3.187500000000000e-01 5.087661463633005e-01 1.051953339430314e+00
3.218750000000000e-01 5.174625547836644e-01 1.051955701595970e+00
3.250000000000000e-01 5.262852994058529e-01 1.051958026411667e+00
3.281250000000000e-01 5.352365342640750e-01 1.051960315271281e+00
3.312500000000000e-01 5.443184447628656e-01 1.051962569584480e+00
3.343750000000000e-01 5.535332482106405e-01 1.051964790737748e+00
3.375000000000000e-01 5.628831943610435e-01 1.051966980009514e+00
3.406250000000000e-01 5.723705659622137e-01 1.051969138659306e+00
3.437500000000000e-01 5.819976793141081e-01 1.051971268063947e+00
3.468750000000000e-01 5.917668848340161e-01 1.051973369415386e+00
3.500000000000000e-01 6.016805676304035e-01 1.051975444249161e+00
3.531250000000000e-01 6.117411480852264e-01 1.051977493750922e+00
3.562500000000000e-01 6.219510824448572e-01 1.051979519146134e+00
3.593750000000000e-01 6.323128634197650e-01 1.051981521837165e+00
3.625000000000000e-01 6.428290207931012e-01 1.051983503102056e+00
3.656250000000000e-01 6.535021220383342e-01 1.051985464314165e+00
3.687500000000000e-01 6.643347729460869e-01 1.051987406814904e+00
3.718750000000000e-01 6.753296182603294e-01 1.051989332047601e+00
3.750000000000000e-01 6.864893423240808e-01 1.051991241341595e+00
3.781250000000000e-01 6.978166697347804e-01 1.051993136087362e+00
3.812500000000000e-01 7.093143660094854e-01 1.051995017873032e+00
3.843750000000000e-01 7.209852382600603e-01 1.051996888094173e+00
3.875000000000000e-01 7.328321358785219e-01 1.051998748347120e+00
3.906250000000000e-01 7.448579512327029e-01 1.052000600215627e+00
3.937500000000000e-01 7.570656203724140e-01 1.052002445315835e+00
3.968750000000000e-01 7.694581237462648e-01 1.052004285386853e+00
4.000000000000000e-01 7.820384869293291e-01 1.052006122118669e+00
4.031250000000000e-01 7.948097813618253e-01 1.052007957372548e+00
4.062500000000000e-01 8.077751250989945e-01 1.052009792966033e+00
4.093750000000000e-01 8.209376835723596e-01 1.052011630804792e+00
4.125000000000000e-01 8.343006703625532e-01 1.052013472974406e+00
4.156250000000000e-01 8.478673479838968e-01 1.052015321392562e+00
4.187500000000000e-01 8.616410286809313e-01 1.052017178290483e+00
4.218750000000000e-01 8.756250752370857e-01 1.052019045825042e+00
4.250000000000000e-01 8.898229017956865e-01 1.052020926120586e+00
4.281250000000000e-01 9.042379746935050e-01 1.052022821577556e+00
4.312500000000000e-01 9.188738133070491e-01 1.052024734394660e+00
4.343750000000000e-01 9.337339909118028e-01 1.052026666871853e+00
4.375000000000000e-01 9.488221355546261e-01 1.052028621369230e+00
4.406250000000000e-01 9.641419309395265e-01 1.052030599954869e+00
4.437500000000000e-01 9.796971173270190e-01 1.052032604793470e+00
4.468750000000000e-01 9.954914924472941e-01 1.052034637839830e+00
4.500000000000000e-01 1.011528912427417e+00 1.052036700655257e+00
4.531250000000000e-01 1.027813292732786e+00 1.052038794793440e+00
4.562500000000000e-01 1.044348609123070e+00 1.052040920960390e+00
4.593750000000000e-01 1.061138898622882e+00 1.052043079430672e+00
4.625000000000000e-01 1.078188260507393e+00 1.052045269858366e+00
4.656250000000000e-01 1.095500857303154e+00 1.052047490551734e+00
4.687500000000000e-01 1.113080915804360e+00 1.052049738964181e+00
4.718750000000000e-01 1.130932728104805e+00 1.052052010919284e+00
4.750000000000000e-01 1.149060652645771e+00 1.052054300210382e+00
4.781250000000000e-01 1.167469115280130e+00 1.052056598852632e+00
4.812500000000000e-01 1.186162610352890e+00 1.052058896062225e+00
4.843750000000000e-01 1.205145701798475e+00 1.052061178222532e+00
4.875000000000000e-01 1.224423024254985e+00 1.052063428940220e+00
4.906250000000000e-01 1.243999284195726e+00 1.052065628397997e+00
4.937500000000000e-01 1.263879261078271e+00 1.052067754016334e+00
4.968750000000000e-01 1.284067808511348e+00 1.052069781359900e+00
5.000000000000000e-01 1.304569855439823e+00 1.052071685428200e+00
5.031250000000000e-01 1.325390407348082e+00 1.052073444243106e+00
5.062500000000000e-01 1.346534547482100e+00 1.052075044228447e+00
5.093750000000000e-01 1.368007438090487e+00 1.052076488583611e+00
5.125000000000001e-01 1.389814321684837e+00 1.052077811613517e+00
5.156250000000000e-01 1.411960522319654e+00 1.052079099634160e+00
5.187500000000000e-01 1.434451446892208e+00 1.052080523331997e+00
5.218750000000000e-01 1.457292586462593e+00 1.052082385406863e+00
5.250000000000000e-01 1.480489517594354e+00 1.052085190620957e+00
5.281250000000001e-01 1.504047903715979e+00 1.052089747751841e+00
5.312500000000000e-01 1.527973496503592e+00 1.052097313756166e+00
5.343750000000000e-01 1.552272137285215e+00 1.052109795659818e+00
5.375000000000000e-01 1.576949758466886e+00 1.052130031992682e+00
5.406250000000000e-01 1.602012384981041e+00 1.052162169004866e+00
5.437500000000001e-01 1.627466135757470e+00 1.052212155048009e+00
5.468750000000000e-01 1.653317225217225e+00 1.052288371272494e+00
5.500000000000000e-01 1.679571964789851e+00 1.052402388130079e+00
5.531250000000000e-01 1.706236764454286e+00 1.052569817518819e+00
5.562500000000000e-01 1.733318134303830e+00 1.052811185068102e+00
5.593750000000001e-01 1.760822686135563e+00 1.053152631670526e+00
5.625000000000000e-01 1.788757135064574e+00 1.053626156489079e+00
5.656250000000000e-01 1.817128301163438e+00 1.054269055376641e+00
5.687500000000000e-01 1.845943111127301e+00 1.055122152826228e+00
5.718750000000000e-01 1.875208599965003e+00 1.056226524200658e+00
5.750000000000001e-01 1.904931912716643e+00 1.057618734081447e+00
5.781250000000000e-01 1.935120306198011e+00 1.059325041159777e+00
5.812500000000000e-01 1.965781150772311e+00 1.061355447878794e+00
5.843750000000000e-01 1.996921932149593e+00 1.063698875761056e+00
5.875000000000000e-01 2.028550253214365e+00 1.066320787173569e+00
5.906250000000001e-01 2.060673835881802e+00 1.069164082077596e+00
5.937500000000000e-01 2.093300522983012e+00 1.072153363630633e+00
5.968750000000000e-01 2.126438280179837e+00 1.075201922233542e+00
6.000000000000001e-01 2.160095197909630e+00 1.078220188040277e+00
6.031250000000000e-01 2.194279493360494e+00 1.081124098528792e+00
6.062500000000001e-01 2.228999512477486e+00 1.083842108772470e+00
6.093750000000000e-01 2.264263732000228e+00 1.086320026997167e+00
6.125000000000000e-01 2.300080761532477e+00 1.088523400010982e+00
6.156250000000001e-01 2.336459345644116e+00 1.090437555508982e+00
6.187500000000000e-01 2.373408366006099e+00 1.092065809291609e+00
6.218750000000001e-01 2.410936843558884e+00 1.093426452916481e+00
6.250000000000000e-01 2.449053940714840e+00 1.094549134974870e+00
6.281250000000000e-01 2.487768963595221e+00 1.095471118928454e+00
6.312500000000001e-01 2.527091364302215e+00 1.096233807132222e+00
6.343750000000000e-01 2.567030743226622e+00 1.096879777142893e+00
6.375000000000001e-01 2.607596851391758e+00 1.097450438630669e+00
6.406250000000000e-01 2.648799592834118e+00 1.097984327183800e+00
6.437500000000000e-01 2.690649027021411e+00 1.098515982831373e+00
6.468750000000001e-01 2.733155371308524e+00 1.099075338039038e+00
6.500000000000000e-01 2.776329003432049e+00 1.099687502231650e+00
6.531250000000001e-01 2.820180464043967e+00 1.100372847070761e+00
6.562500000000000e-01 2.864720459285089e+00 1.101147289111550e+00
6.593750000000000e-01 2.909959863398929e+00 1.102022700723090e+00
6.625000000000001e-01 2.955909721386590e+00 1.103007376443009e+00
6.656250000000000e-01 3.002581251703353e+00 1.104106516891513e+00
6.687500000000001e-01 3.049985848997626e+00 1.105322689296281e+00
6.718750000000000e-01 3.098135086892879e+00 1.106656254623056e+00
6.750000000000000e-01 3.147040720813310e+00 1.108105739355558e+00
6.781250000000001e-01 3.196714690853871e+00 1.109668151152216e+00
6.812500000000000e-01 3.247169124695383e+00 1.111339230767285e+00
6.843750000000001e-01 3.298416340565477e+00 1.113113652499877e+00
6.875000000000000e-01 3.350468850246008e+00 1.114985173654145e+00
6.906250000000000e-01 3.403339362127777e+00 1.116946746000238e+00
6.937500000000001e-01 3.457040784313211e+00 1.118990585641383e+00
6.968750000000000e-01 3.511586227767823e+00 1.121108208081030e+00
7.000000000000001e-01 3.566989009521205e+00 1.123290426782671e+00
7.031250000000000e-01 3.623262655918307e+00 1.125527324349302e+00
7.062500000000000e-01 3.680420905921852e+00 1.127808200254806e+00
7.093750000000001e-01 3.738477714466631e+00 1.130121506174163e+00
7.125000000000000e-01 3.797447255866536e+00 1.132454776076585e+00
7.156250000000001e-01 3.857343927275175e+00 1.134794562384948e+00
7.187500000000000e-01 3.918182352200844e+00 1.137126389461266e+00
7.218750000000000e-01 3.979977384076828e+00 1.139434741035074e+00
7.250000000000001e-01 4.042744109887770e+00 1.141703103309790e+00
7.281250000000000e-01 4.106497853853101e+00 1.143914091700919e+00
7.312500000000001e-01 4.171254181168399e+00 1.146049696959548e+00
7.343750000000000e-01 4.237028901805528e+00 1.148091692528353e+00
7.375000000000000e-01 4.303838074372613e+00 1.150022250575275e+00
7.406250000000001e-01 4.371698010034643e+00 1.151824812044259e+00
7.437500000000000e-01 4.440625276495786e+00 1.153485240408550e+00
7.468750000000001e-01 4.510636702044332e+00 1.154993244812757e+00
7.500000000000000e-01 4.581749379661216e+00 1.156343980930642e+00
7.531250000000000e-01 4.653980671193226e+00 1.157539631069280e+00
7.562500000000001e-01 4.727348211591802e+00 1.158590658169935e+00
7.593750000000000e-01 4.801869913218528e+00 1.159516364356003e+00
7.625000000000001e-01 4.877563970218381e+00 1.160344413624547e+00
7.656250000000000e-01 4.954448862961714e+00 1.161109122933881e+00
7.687500000000000e-01 5.032543362556198e+00 1.161848569169018e+00
7.718750000000001e-01 5.111866535429675e+00 1.162600836315199e+00
7.750000000000000e-01 5.192437747985146e+00 1.163399952435217e+00
7.781250000000001e-01 5.274276671329015e+00 1.164272166804808e+00
7.812500000000000e-01 5.357403286073669e+00 1.165233168506506e+00
7.843750000000000e-01 5.441837887215693e+00 1.166286672246427e+00
7.875000000000001e-01 5.527601089090773e+00 1.167424554604659e+00
7.906250000000000e-01 5.614713830406605e+00 1.168628474463671e+00
7.937500000000001e-01 5.703197379355005e+00 1.169872699829429e+00
7.968750000000000e-01 5.793073338804412e+00 1.171127703346026e+00
8.000000000000000e-01 5.884363651574169e+00 1.172363990710938e+00
8.031250000000001e-01 5.977090605791737e+00 1.173555598370144e+00
8.062500000000000e-01 6.071276840334257e+00 1.174682754347815e+00
8.093750000000001e-01 6.166945350355728e+00 1.175733350162992e+00
8.125000000000000e-01 6.264119492901173e+00 1.176703103995452e+00
8.156250000000000e-01 6.362822992609162e+00 1.177594557175101e+00
8.187500000000001e-01 6.463079947504072e+00 1.178415265875871e+00
8.218750000000000e-01 6.564914834879517e+00 1.179175663906904e+00
8.250000000000001e-01 6.668352517274371e+00 1.179887053969522e+00
8.281250000000000e-01 6.773418248542846e+00 1.180560055689798e+00
8.312500000000000e-01 6.880137680020114e+00 1.181203655401518e+00
8.343750000000001e-01 6.988536866784961e+00 1.181824830494434e+00
8.375000000000000e-01 7.098642274021019e+00 1.182428609105229e+00
8.406250000000001e-01 7.210480783478133e+00 1.183018383979610e+00
8.437500000000000e-01 7.324079700035414e+00 1.183596318386700e+00
8.468750000000000e-01 7.439466758367605e+00 1.184163732851794e+00
8.500000000000001e-01 7.556670129716381e+00 1.184721415469415e+00
8.531250000000000e-01 7.675718428768239e+00 1.185269842131272e+00
8.562500000000001e-01 7.796640720640633e+00 1.185809317882246e+00
8.593750000000000e-01 7.919466527978115e+00 1.186340059883686e+00
8.625000000000000e-01 8.044225838160141e+00 1.186862242196206e+00
8.656250000000001e-01 8.170949110622363e+00 1.187376018427472e+00
8.687500000000000e-01 8.299667284293170e+00 1.187881532234570e+00
8.718750000000001e-01 8.430411785147284e+00 1.188378921915591e+00
8.750000000000000e-01 8.563214533878281e+00 1.188868322266767e+00
8.781250000000000e-01 8.698107953691880e+00 1.189349865453267e+00
8.812500000000001e-01 8.835124978221932e+00 1.189823681156716e+00
8.843750000000000e-01 8.974299059571019e+00 1.190289896774052e+00
8.875000000000001e-01 9.115664176477637e+00 1.190748637519220e+00
8.906250000000000e-01 9.259254842611947e+00 1.191200026374107e+00
8.937500000000000e-01 9.405106115002161e+00 1.191644184184211e+00
8.968750000000001e-01 9.553253602593529e+00 1.192081229804031e+00
9.000000000000000e-01 9.703733474942130e+00 1.192511279942829e+00
9.031250000000001e-01 9.856582471045494e+00 1.192934449302441e+00
9.062500000000000e-01 1.001183790831228e+01 1.193350850666234e+00
9.093750000000000e-01 1.016953769167313e+01 1.193760594887298e+00
9.125000000000001e-01 1.032972032283505e+01 1.194163790822624e+00
9.156250000000000e-01 1.049242490968134e+01 1.194560545563257e+00
9.187500000000001e-01 1.065769117581972e+01 1.194950964317469e+00
9.218750000000000e-01 1.082555947028058e+01 1.195335150538140e+00
9.250000000000000e-01 1.099607077736805e+01 1.195713205850409e+00
9.281250000000001e-01 1.116926672666618e+01 1.196085230225427e+00
9.312500000000000e-01 1.134518960320255e+01 1.196451321905663e+00
9.343750000000001e-01 1.152388235777201e+01 1.196811577425496e+00
9.375000000000000e-01 1.170538861742293e+01 1.197166091780905e+00
9.406250000000000e-01 1.188975269610854e+01 1.197514958249772e+00
9.437500000000001e-01 1.207701960550600e+01 1.197858268606476e+00
9.468750000000000e-01 1.226723506600578e+01 1.198196113039013e+00
9.500000000000001e-01 1.246044551787411e+01 1.198528580212018e+00
9.531250000000000e-01 1.265669813259115e+01 1.198855757329589e+00
9.562500000000000e-01 1.285604082436773e+01 1.199177730147470e+00
9.593750000000001e-01 1.305852226184337e+01 1.199494582932913e+00
9.625000000000000e-01 1.326419187996850e+01 1.199806398521894e+00
9.656250000000001e-01 1.347309989207381e+01 1.200113258426612e+00
9.687500000000000e-01 1.368529730212962e+01 1.200415242742581e+00
9.718750000000000e-01 1.390083591719824e+01 1.200712430252479e+00
9.750000000000001e-01 1.411976836008246e+01 1.201004898430503e+00
9.781250000000000e-01 1.434214808217320e+01 1.201292723444899e+00
9.812500000000001e-01 1.456802937649935e+01 1.201575980158661e+00
9.843750000000000e-01 1.479746739098328e+01 1.201854742280022e+00
9.875000000000000e-01 1.503051814190487e+01 1.202129082212869e+00
9.906250000000001e-01 1.526723852757770e+01 1.202399071203684e+00
9.937500000000000e-01 1.550768634224049e+01 1.202664779238853e+00
9.968750000000001e-01 1.575192029016732e+01 1.202926275240330e+00
1.000000000000000e+00 1.600000000000000e+01 1.203183626962628e+00
