0.000000000000000e+00 0.000000000000000e+00 1.000000000000000e+00
3.125000000000000e-03 3.369263549427258e-03 1.036177649254129e+00
6.250000000000000e-03 6.739349689698711e-03 1.043016610697401e+00
9.375000000000001e-03 1.011108121249049e-02 1.045792867156025e+00
1.250000000000000e-02 1.348528131119160e-02 1.047275819057019e+00
1.562500000000000e-02 1.686277378188298e-02 1.048196020846828e+00
1.875000000000000e-02 2.024438322446370e-02 1.048822170614574e+00
2.187500000000000e-02 2.363093524397333e-02 1.049275659880544e+00
2.500000000000000e-02 2.702325665215984e-02 1.049619227736922e+00
2.812500000000000e-02 3.042217566934200e-02 1.049888530748706e+00
3.125000000000000e-02 3.382852212661575e-02 1.050105321353827e+00
3.437500000000000e-02 3.724312766845378e-02 1.050283618324733e+00
3.750000000000001e-02 4.066682595574785e-02 1.050432861229646e+00
4.062500000000000e-02 4.410045286934348e-02 1.050559637952115e+00
4.375000000000000e-02 4.754484671411652e-02 1.050668685469421e+00
4.687500000000000e-02 5.100084842364160e-02 1.050763496992628e+00
5.000000000000000e-02 5.446930176550237e-02 1.050846704761237e+00
5.312500000000001e-02 5.795105354729364e-02 1.050920329947113e+00
5.625000000000000e-02 6.144695382336569e-02 1.050985950076677e+00
5.937500000000000e-02 6.495785610236132e-02 1.051044814424136e+00
6.250000000000000e-02 6.848461755559625e-02 1.051097925157982e+00
6.562500000000000e-02 7.202809922633362e-02 1.051146095521051e+00
6.875000000000001e-02 7.558916624000402e-02 1.051189992306424e+00
7.187500000000001e-02 7.916868801542200e-02 1.051230167468452e+00
7.500000000000001e-02 8.276753847705080e-02 1.051267081701662e+00
7.812500000000000e-02 8.638659626836727e-02 1.051301122625858e+00
8.125000000000000e-02 9.002674496637868e-02 1.051332618731017e+00
8.437500000000001e-02 9.368887329734420e-02 1.051361850161973e+00
8.750000000000001e-02 9.737387535375355e-02 1.051389057374156e+00
9.062500000000001e-02 1.010826508126157e-01 1.051414447829211e+00
9.375000000000000e-02 1.048161051551108e-01 1.051438201507957e+00
9.687500000000000e-02 1.085751498876601e-01 1.051460475365487e+00
1.000000000000000e-01 1.123607027644654e-01 1.051481406783002e+00
1.031250000000000e-01 1.161736880115753e-01 1.051501116643666e+00
1.062500000000000e-01 1.200150365525305e-01 1.051519711636296e+00
1.093750000000000e-01 1.238856862356450e-01 1.051537286363695e+00
1.125000000000000e-01 1.277865820629775e-01 1.051553924925089e+00
1.156250000000000e-01 1.317186764210495e-01 1.051569702355447e+00
1.187500000000000e-01 1.356829293133661e-01 1.051584685889022e+00
1.218750000000000e-01 1.396803085947971e-01 1.051598935838936e+00
1.250000000000000e-01 1.437117902078738e-01 1.051612506518459e+00
1.281250000000000e-01 1.477783584210617e-01 1.051625446974750e+00
1.312500000000000e-01 1.518810060690650e-01 1.051637801575495e+00
1.343750000000000e-01 1.560207347952229e-01 1.051649610592796e+00
1.375000000000000e-01 1.601985552960564e-01 1.051660910670908e+00
1.406250000000000e-01 1.644154875680252e-01 1.051671735162810e+00
1.437500000000000e-01 1.686725611565558e-01 1.051682114536223e+00
1.468750000000000e-01 1.729708154074000e-01 1.051692076687990e+00
1.500000000000000e-01 1.773112997203869e-01 1.051701647178015e+00
1.531250000000000e-01 1.816950738056289e-01 1.051710849502622e+00
1.562500000000000e-01 1.861232079422458e-01 1.051719705273527e+00
1.593750000000000e-01 1.905967832396682e-01 1.051728234417610e+00
1.625000000000000e-01 1.951168919015860e-01 1.051736455333106e+00
1.656250000000000e-01 1.996846374926046e-01 1.051744385007038e+00
1.687500000000000e-01 2.043011352076760e-01 1.051752039208078e+00
1.718750000000000e-01 2.089675121443681e-01 1.051759432506381e+00
1.750000000000000e-01 2.136849075780412e-01 1.051766578483720e+00
1.781250000000000e-01 2.184544732399964e-01 1.051773489742685e+00
1.812500000000000e-01 2.232773735986666e-01 1.051780178039167e+00
1.843750000000000e-01 2.281547861439151e-01 1.051786654326392e+00
1.875000000000000e-01 2.330879016745160e-01 1.051792928782352e+00
1.906250000000000e-01 2.380779245888810e-01 1.051799011005286e+00
1.937500000000000e-01 2.431260731791094e-01 1.051804909909751e+00
1.968750000000000e-01 2.482335799284277e-01 1.051810633861720e+00
2.000000000000000e-01 2.534016918120952e-01 1.051816190734597e+00
2.031250000000000e-01 2.586316706018478e-01 1.051821587883913e+00
2.062500000000000e-01 2.639247931739538e-01 1.051826832221599e+00
2.093750000000000e-01 2.692823518209576e-01 1.051831930285033e+00
2.125000000000000e-01 2.747056545671873e-01 1.051836888155001e+00
2.156250000000000e-01 2.801960254881028e-01 1.051841711619878e+00
2.187500000000000e-01 2.857548050335636e-01 1.051846406157365e+00
2.218750000000000e-01 2.913833503550930e-01 1.051850976873395e+00
2.250000000000000e-01 2.970830356372213e-01 1.051855428653251e+00
2.281250000000000e-01 3.028552524329863e-01 1.051859766058105e+00
2.312500000000000e-01 3.087014100036755e-01 1.051863993469499e+00
2.343750000000000e-01 3.146229356628902e-01 1.051868114979746e+00
2.375000000000000e-01 3.206212751250189e-01 1.051872134494178e+00
2.406250000000000e-01 3.266978928582008e-01 1.051876055724607e+00
2.437500000000000e-01 3.328542724418705e-01 1.051879882179726e+00
2.468750000000000e-01 3.390919169289667e-01 1.051883617189210e+00
2.500000000000000e-01 3.454123492128958e-01 1.051887263926409e+00
2.531250000000000e-01 3.518171123993401e-01 1.051890825393243e+00
2.562500000000000e-01 3.583077701830001e-01 1.051894304475690e+00
2.593750000000000e-01 3.648859072293631e-01 1.051897703889922e+00
2.625000000000000e-01 3.715531295615936e-01 1.051901026270979e+00
2.656250000000000e-01 3.783110649526354e-01 1.051904274117044e+00
2.687500000000000e-01 3.851613633226258e-01 1.051907449766842e+00
2.718750000000000e-01 3.921056971417164e-01 1.051910555521094e+00
2.750000000000000e-01 3.991457618383991e-01 1.051913593511514e+00
2.781250000000000e-01 4.062832762134377e-01 1.051916565819673e+00
2.812500000000000e-01 4.135199828595055e-01 1.051919474453044e+00
2.843750000000000e-01 4.208576485866312e-01 1.051922321282737e+00
2.875000000000000e-01 4.282980648535585e-01 1.051925108124249e+00
2.906250000000000e-01 4.358430482051222e-01 1.051927836747275e+00
2.937500000000000e-01 4.434944407157500e-01 1.051930508812081e+00
2.968750000000000e-01 4.512541104391968e-01 1.051933125875998e+00
3.000000000000000e-01 4.591239518646220e-01 1.051935689509079e+00
3.031250000000000e-01 4.671058863791195e-01 1.051938201194141e+00
3.062500000000000e-01 4.752018627368176e-01 1.051940662368770e+00
3.093750000000000e-01 4.834138575346580e-01 1.051943074358797e+00
3.125000000000000e-01 4.917438756949728e-01 1.051945438491521e+00
3.156250000000000e-01 5.001939509549778e-01 1.051947756029914e+00
3.187500000000000e-01 5.087661463633005e-01 1.051950028177127e+00
3.218750000000000e-01 5.174625547836644e-01 1.051952256117270e+00
3.250000000000000e-01 5.262852994058529e-01 1.051954440947764e+00
3.281250000000000e-01 5.352365342640750e-01 1.051956583791497e+00
3.312500000000000e-01 5.443184447628656e-01 1.051958685657069e+00
3.343750000000000e-01 5.535332482106405e-01 1.051960747585893e+00
3.375000000000000e-01 5.628831943610435e-01 1.051962770548610e+00
3.406250000000000e-01 5.723705659622137e-01 1.051964755520152e+00
3.437500000000000e-01 5.819976793141081e-01 1.051966703374684e+00
3.468750000000000e-01 5.917668848340161e-01 1.051968614995700e+00
3.500000000000000e-01 6.016805676304035e-01 1.051970491243698e+00
3.531250000000000e-01 6.117411480852264e-01 1.051972332922541e+00
3.562500000000000e-01 6.219510824448572e-01 1.051974140853965e+00
3.593750000000000e-01 6.323128634197650e-01 1.051975915771998e+00
3.625000000000000e-01 6.428290207931012e-01 1.051977658469043e+00
3.656250000000000e-01 6.535021220383342e-01 1.051979369654843e+00
3.687500000000000e-01 6.643347729460869e-01 1.051981050029470e+00
3.718750000000000e-01 6.753296182603294e-01 1.051982700249189e+00
3.750000000000000e-01 6.864893423240808e-01 1.051984321000490e+00
3.781250000000000e-01 6.978166697347804e-01 1.051985912894076e+00
3.812500000000000e-01 7.093143660094854e-01 1.051987476574052e+00
3.843750000000000e-01 7.209852382600603e-01 1.051989012648267e+00
3.875000000000000e-01 7.328321358785219e-01 1.051990521689177e+00
3.906250000000000e-01 7.448579512327029e-01 1.051992004271134e+00
3.937500000000000e-01 7.570656203724140e-01 1.051993460972330e+00
3.968750000000000e-01 7.694581237462648e-01 1.051994892303768e+00
4.000000000000000e-01 7.820384869293291e-01 1.051996298781722e+00
4.031250000000000e-01 7.948097813618253e-01 1.051997680893095e+00
4.062500000000000e-01 8.077751250989945e-01 1.051999039168964e+00
4.093750000000000e-01 8.209376835723596e-01 1.052000374078112e+00
4.125000000000000e-01 8.343006703625532e-01 1.052001686099340e+00
4.156250000000000e-01 8.478673479838968e-01 1.052002975686697e+00
4.187500000000000e-01 8.616410286809313e-01 1.052004243269980e+00
4.218750000000000e-01 8.756250752370857e-01 1.052005489291665e+00
4.250000000000000e-01 8.898229017956865e-01 1.052006714172057e+00
4.281250000000000e-01 9.042379746935050e-01 1.052007918309712e+00
4.312500000000000e-01 9.188738133070491e-01 1.052009102118298e+00
4.343750000000000e-01 9.337339909118028e-01 1.052010265991676e+00
4.375000000000000e-01 9.488221355546261e-01 1.052011410340717e+00
4.406250000000000e-01 9.641419309395265e-01 1.052012535485427e+00
4.437500000000000e-01 9.796971173270190e-01 1.052013641798797e+00
4.468750000000000e-01 9.954914924472941e-01 1.052014729672956e+00
4.500000000000000e-01 1.011528912427417e+00 1.052015799411252e+00
4.531250000000000e-01 1.027813292732786e+00 1.052016851372048e+00
4.562500000000000e-01 1.044348609123070e+00 1.052017885898374e+00
4.593750000000000e-01 1.061138898622882e+00 1.052018903281726e+00
4.625000000000000e-01 1.078188260507393e+00 1.052019903870517e+00
4.656250000000000e-01 1.095500857303154e+00 1.052020887963238e+00
4.687500000000000e-01 1.113080915804360e+00 1.052021855843977e+00
4.718750000000000e-01 1.130932728104805e+00 1.052022807819078e+00
4.750000000000000e-01 1.149060652645771e+00 1.052023744182027e+00
4.781250000000000e-01 1.167469115280130e+00 1.052024665213636e+00
4.812500000000000e-01 1.186162610352890e+00 1.052025571182217e+00
4.843750000000000e-01 1.205145701798475e+00 1.052026462380201e+00
4.875000000000000e-01 1.224423024254985e+00 1.052027339052533e+00
4.906250000000000e-01 1.243999284195726e+00 1.052028201468588e+00
4.937500000000000e-01 1.263879261078271e+00 1.052029049887001e+00
4.968750000000000e-01 1.284067808511348e+00 1.052029884555800e+00
5.000000000000000e-01 1.304569855439823e+00 1.052030705712539e+00
5.031250000000000e-01 1.325390407348082e+00 1.052031513584423e+00
5.062500000000000e-01 1.346534547482100e+00 1.052032308424869e+00
5.093750000000000e-01 1.368007438090487e+00 1.052033090478309e+00
5.125000000000001e-01 1.389814321684837e+00 1.052033859980294e+00
5.156250000000000e-01 1.411960522319654e+00 1.052034617121146e+00
5.187500000000000e-01 1.434451446892208e+00 1.052035362117817e+00
5.218750000000000e-01 1.457292586462593e+00 1.052036095215114e+00
5.250000000000000e-01 1.480489517594354e+00 1.052036816614022e+00
5.281250000000001e-01 1.504047903715979e+00 1.052037526507106e+00
5.312500000000000e-01 1.527973496503592e+00 1.052038225115033e+00
5.343750000000000e-01 1.552272137285215e+00 1.052038912614884e+00
5.375000000000000e-01 1.576949758466886e+00 1.052039589248440e+00
5.406250000000000e-01 1.602012384981041e+00 1.052040255178719e+00
5.437500000000001e-01 1.627466135757470e+00 1.052040910597123e+00
5.468750000000000e-01 1.653317225217225e+00 1.052041555724628e+00
5.500000000000000e-01 1.679571964789851e+00 1.052042190740081e+00
5.531250000000000e-01 1.706236764454286e+00 1.052042815815573e+00
5.562500000000000e-01 1.733318134303830e+00 1.052043431152933e+00
5.593750000000001e-01 1.760822686135563e+00 1.052044036912023e+00
5.625000000000000e-01 1.788757135064574e+00 1.052044633282544e+00
5.656250000000000e-01 1.817128301163438e+00 1.052045220485215e+00
5.687500000000000e-01 1.845943111127301e+00 1.052045798663601e+00
5.718750000000000e-01 1.875208599965003e+00 1.052046367991244e+00
5.750000000000001e-01 1.904931912716643e+00 1.052046928672820e+00
5.781250000000000e-01 1.935120306198011e+00 1.052047480908870e+00
5.812500000000000e-01 1.965781150772311e+00 1.052048024859381e+00
5.843750000000000e-01 1.996921932149593e+00 1.052048560679143e+00
5.875000000000000e-01 2.028550253214365e+00 1.052049088627116e+00
5.906250000000001e-01 2.060673835881802e+00 1.052049608851171e+00
5.937500000000000e-01 2.093300522983012e+00 1.052050121530520e+00
5.968750000000000e-01 2.126438280179837e+00 1.052050626913310e+00
6.000000000000001e-01 2.160095197909630e+00 1.052051125173132e+00
6.031250000000000e-01 2.194279493360494e+00 1.052051616516122e+00
6.062500000000001e-01 2.228999512477486e+00 1.052052101254999e+00
6.093750000000000e-01 2.264263732000228e+00 1.052052579520915e+00
6.125000000000000e-01 2.300080761532477e+00 1.052053051512952e+00
6.156250000000001e-01 2.336459345644116e+00 1.052053517719065e+00
6.187500000000000e-01 2.373408366006099e+00 1.052053978341996e+00
6.218750000000001e-01 2.410936843558884e+00 1.052054433436061e+00
6.250000000000000e-01 2.449053940714840e+00 1.052054883667999e+00
6.281250000000000e-01 2.487768963595221e+00 1.052055329570790e+00
6.312500000000001e-01 2.527091364302215e+00 1.052055770919616e+00
6.343750000000000e-01 2.567030743226622e+00 1.052056208348231e+00
6.375000000000001e-01 2.607596851391758e+00 1.052056643230203e+00
6.406250000000000e-01 2.648799592834118e+00 1.052057075369009e+00
6.437500000000000e-01 2.690649027021411e+00 1.052057504588518e+00
6.468750000000001e-01 2.733155371308524e+00 1.052057933248770e+00
6.500000000000000e-01 2.776329003432049e+00 1.052058362826105e+00
6.531250000000001e-01 2.820180464043967e+00 1.052058791551496e+00
6.562500000000000e-01 2.864720459285089e+00 1.052059220796365e+00
6.593750000000000e-01 2.909959863398929e+00 1.052059656374204e+00
6.625000000000001e-01 2.955909721386590e+00 1.052060098508790e+00
6.656250000000000e-01 3.002581251703353e+00 1.052060542494729e+00
6.687500000000001e-01 3.049985848997626e+00 1.052060994252975e+00
6.718750000000000e-01 3.098135086892879e+00 1.052061467201441e+00
6.750000000000000e-01 3.147040720813310e+00 1.052061958938247e+00
6.781250000000001e-01 3.196714690853871e+00 1.052062456426717e+00
6.812500000000000e-01 3.247169124695383e+00 1.052062973572034e+00
6.843750000000001e-01 3.298416340565477e+00 1.052063547036062e+00
6.875000000000000e-01 3.350468850246008e+00 1.052064178579839e+00
6.906250000000000e-01 3.403339362127777e+00 1.052064823931220e+00
6.937500000000001e-01 3.457040784313211e+00 1.052065490528857e+00
6.968750000000000e-01 3.511586227767823e+00 1.052066279102745e+00
7.000000000000001e-01 3.566989009521205e+00 1.052067275973682e+00
7.031250000000000e-01 3.623262655918307e+00 1.052068381192210e+00
7.062500000000000e-01 3.680420905921852e+00 1.052069437304106e+00
7.093750000000001e-01 3.738477714466631e+00 1.052070550132508e+00
7.125000000000000e-01 3.797447255866536e+00 1.052072121499952e+00
7.156250000000001e-01 3.857343927275175e+00 1.052074511087395e+00
7.187500000000000e-01 3.918182352200844e+00 1.052077250958910e+00
7.218750000000000e-01 3.979977384076828e+00 1.052079318668130e+00
7.250000000000001e-01 4.042744109887770e+00 1.052080605651803e+00
7.281250000000000e-01 4.106497853853101e+00 1.052081881839504e+00
7.312500000000001e-01 4.171254181168399e+00 1.052084433622600e+00
7.343750000000000e-01 4.237028901805528e+00 1.052089109863954e+00
7.375000000000000e-01 4.303838074372613e+00 1.052092155073416e+00
7.406250000000001e-01 4.371698010034643e+00 1.052094200582566e+00
7.437500000000000e-01 4.440625276495786e+00 1.052143634004512e+00
7.468750000000001e-01 4.510636702044332e+00 1.052385770650420e+00
7.500000000000000e-01 4.581749379661216e+00 1.053047725013091e+00
7.531250000000000e-01 4.653980671193226e+00 1.054335213013209e+00
7.562500000000001e-01 4.727348211591802e+00 1.056307263960163e+00
7.593750000000000e-01 4.801869913218528e+00 1.058821091386215e+00
7.625000000000001e-01 4.877563970218381e+00 1.061580492346829e+00
7.656250000000000e-01 4.954448862961714e+00 1.064247323112191e+00
7.687500000000000e-01 5.032543362556198e+00 1.066549127884798e+00
7.718750000000001e-01 5.111866535429675e+00 1.068338420872413e+00
7.750000000000000e-01 5.192437747985146e+00 1.069596867210546e+00
7.781250000000001e-01 5.274276671329015e+00 1.070402817131037e+00
7.812500000000000e-01 5.357403286073669e+00 1.070886520641932e+00
7.843750000000000e-01 5.441837887215693e+00 1.071190655796129e+00
7.875000000000001e-01 5.527601089090773e+00 1.071443918558348e+00
7.906250000000000e-01 5.614713830406605e+00 1.071747945299812e+00
7.937500000000001e-01 5.703197379355005e+00 1.072174192432051e+00
7.968750000000000e-01 5.793073338804412e+00 1.072766665195793e+00
8.000000000000000e-01 5.884363651574169e+00 1.073547148544697e+00
8.031250000000001e-01 5.977090605791737e+00 1.074520826424155e+00
8.062500000000000e-01 6.071276840334257e+00 1.075681212109713e+00
8.093750000000001e-01 6.166945350355728e+00 1.077013957881899e+00
8.125000000000000e-01 6.264119492901173e+00 1.078499421962825e+00
8.156250000000000e-01 6.362822992609162e+00 1.080114122334361e+00
8.187500000000001e-01 6.463079947504072e+00 1.081831433715095e+00
8.218750000000000e-01 6.564914834879517e+00 1.083621963702884e+00
8.250000000000001e-01 6.668352517274371e+00 1.085453802109496e+00
8.281250000000000e-01 6.773418248542846e+00 1.087292468158890e+00
8.312500000000000e-01 6.880137680020114e+00 1.089100311797601e+00
8.343750000000001e-01 6.988536866784961e+00 1.090835679643778e+00
8.375000000000000e-01 7.098642274021019e+00 1.092453098319361e+00
8.406250000000001e-01 7.210480783478133e+00 1.093906295683875e+00
8.437500000000000e-01 7.324079700035414e+00 1.095155245476623e+00
8.468750000000000e-01 7.439466758367605e+00 1.096176396059797e+00
8.500000000000001e-01 7.556670129716381e+00 1.096972741010001e+00
8.531250000000000e-01 7.675718428768239e+00 1.097579067560102e+00
8.562500000000001e-01 7.796640720640633e+00 1.098058784984546e+00
8.593750000000000e-01 7.919466527978115e+00 1.098491885749797e+00
8.625000000000000e-01 8.044225838160141e+00 1.098957189490903e+00
8.656250000000001e-01 8.170949110622363e+00 1.099514321338871e+00
8.687500000000000e-01 8.299667284293170e+00 1.100191045923908e+00
8.718750000000001e-01 8.430411785147284e+00 1.100979764003839e+00
8.750000000000000e-01 8.563214533878281e+00 1.101843879669686e+00
8.781250000000000e-01 8.698107953691880e+00 1.102731392504170e+00
8.812500000000001e-01 8.835124978221932e+00 1.103590701663175e+00
8.843750000000000e-01 8.974299059571019e+00 1.104383277703768e+00
8.875000000000001e-01 9.115664176477637e+00 1.105089736818932e+00
8.906250000000000e-01 9.259254842611947e+00 1.105708934914250e+00
8.937500000000000e-01 9.405106115002161e+00 1.106252358311145e+00
8.968750000000001e-01 9.553253602593529e+00 1.106737133447598e+00
9.000000000000000e-01 9.703733474942130e+00 1.107180334441999e+00
9.031250000000001e-01 9.856582471045494e+00 1.107595767832439e+00
9.062500000000000e-01 1.001183790831228e+01 1.107993052547755e+00
9.093750000000000e-01 1.016953769167313e+01 1.108378130651609e+00
9.125000000000001e-01 1.032972032283505e+01 1.108754318441821e+00
9.156250000000000e-01 1.049242490968134e+01 1.109123318812500e+00
9.187500000000001e-01 1.065769117581972e+01 1.109485958494824e+00
9.218750000000000e-01 1.082555947028058e+01 1.109842637063903e+00
9.250000000000000e-01 1.099607077736805e+01 1.110193565113617e+00
9.281250000000001e-01 1.116926672666618e+01 1.110538876486646e+00
9.312500000000000e-01 1.134518960320255e+01 1.110878675735290e+00
9.343750000000001e-01 1.152388235777201e+01 1.111213056506096e+00
9.375000000000000e-01 1.170538861742293e+01 1.111542108095072e+00
9.406250000000000e-01 1.188975269610854e+01 1.111865917416025e+00
9.437500000000001e-01 1.207701960550600e+01 1.112184569687148e+00
9.468750000000000e-01 1.226723506600578e+01 1.112498148638223e+00
9.500000000000001e-01 1.246044551787411e+01 1.112806736607100e+00
9.531250000000000e-01 1.265669813259115e+01 1.113110414521547e+00
9.562500000000000e-01 1.285604082436773e+01 1.113409261916914e+00
9.593750000000001e-01 1.305852226184337e+01 1.113703357029523e+00
9.625000000000000e-01 1.326419187996850e+01 1.113992776813959e+00
9.656250000000001e-01 1.347309989207381e+01 1.114277596843044e+00
9.687500000000000e-01 1.368529730212962e+01 1.114557891511533e+00
9.718750000000000e-01 1.390083591719824e+01 1.114833733935692e+00
9.750000000000001e-01 1.411976836008246e+01 1.115105196002178e+00
9.781250000000000e-01 1.434214808217320e+01 1.115372348378119e+00
9.812500000000001e-01 1.456802937649935e+01 1.115635260635763e+00
9.843750000000000e-01 1.479746739098328e+01 1.115894001108847e+00
9.875000000000000e-01 1.503051814190487e+01 1.116148637051884e+00
9.906250000000001e-01 1.526723852757770e+01 1.116399234532344e+00
9.937500000000000e-01 1.550768634224049e+01 1.116645858588476e+00
9.968750000000001e-01 1.575192029016732e+01 1.116888573158622e+00
1.000000000000000e+00 1.600000000000000e+01 1.117127441084009e+00
