0.000000000000000e+00 0.000000000000000e+00 1.000000000000000e+00
3.125000000000000e-03 3.369263549427258e-03 1.036177652674196e+00
6.250000000000000e-03 6.739349689698711e-03 1.043016621774989e+00
9.375000000000001e-03 1.011108121249049e-02 1.045792893345711e+00
1.250000000000000e-02 1.348528131119160e-02 1.047275865164528e+00
1.562500000000000e-02 1.686277378188298e-02 1.048196091955971e+00
1.875000000000000e-02 2.024438322446370e-02 1.048822271996665e+00
2.187500000000000e-02 2.363093524397333e-02 1.049275797041207e+00
2.500000000000000e-02 2.702325665215984e-02 1.049619405870095e+00
2.812500000000000e-02 3.042217566934200e-02 1.049888755064451e+00
3.125000000000000e-02 3.382852212661575e-02 1.050105597084591e+00
3.437500000000000e-02 3.724312766845378e-02 1.050283950497698e+00
3.750000000000001e-02 4.066682595574785e-02 1.050433255261911e+00
4.062500000000000e-02 4.410045286934348e-02 1.050560099406044e+00
4.375000000000000e-02 4.754484671411652e-02 1.050669219597753e+00
4.687500000000000e-02 5.100084842364160e-02 1.050764109132163e+00
5.000000000000000e-02 5.446930176550237e-02 1.050847400608486e+00
5.312500000000001e-02 5.795105354729364e-02 1.050921114915893e+00
5.625000000000000e-02 6.144695382336569e-02 1.050986829876746e+00
5.937500000000000e-02 6.495785610236132e-02 1.051045794846839e+00
6.250000000000000e-02 6.848461755559625e-02 1.051099011734279e+00
6.562500000000000e-02 7.202809922633362e-02 1.051147294182680e+00
6.875000000000001e-02 7.558916624000402e-02 1.051191309090994e+00
7.187500000000001e-02 7.916868801542200e-02 1.051231608045115e+00
7.500000000000001e-02 8.276753847705080e-02 1.051268652125178e+00
7.812500000000000e-02 8.638659626836727e-02 1.051302829167485e+00
8.125000000000000e-02 9.002674496637868e-02 1.051334467476406e+00
8.437500000000001e-02 9.368887329734420e-02 1.051363847260309e+00
8.750000000000001e-02 9.737387535375355e-02 1.051391209239220e+00
9.062500000000001e-02 1.010826508126157e-01 1.051416761002147e+00
9.375000000000000e-02 1.048161051551108e-01 1.051440682466185e+00
9.687500000000000e-02 1.085751498876601e-01 1.051463130576299e+00
1.000000000000000e-01 1.123607027644654e-01 1.051484242980384e+00
1.031250000000000e-01 1.161736880115753e-01 1.051504140564012e+00
1.062500000000000e-01 1.200150365525305e-01 1.051522930191452e+00
1.093750000000000e-01 1.238856862356450e-01 1.051540706316263e+00
1.125000000000000e-01 1.277865820629775e-01 1.051557553326171e+00
1.156250000000000e-01 1.317186764210495e-01 1.051573546653270e+00
1.187500000000000e-01 1.356829293133661e-01 1.051588753260741e+00
1.218750000000000e-01 1.396803085947971e-01 1.051603233565580e+00
1.250000000000000e-01 1.437117902078738e-01 1.051617041969564e+00
1.281250000000000e-01 1.477783584210617e-01 1.051630227408136e+00
1.312500000000000e-01 1.518810060690650e-01 1.051642834361050e+00
1.343750000000000e-01 1.560207347952229e-01 1.051654903525867e+00
1.375000000000000e-01 1.601985552960564e-01 1.051666471563637e+00
1.406250000000000e-01 1.644154875680252e-01 1.051677571712652e+00
1.437500000000000e-01 1.686725611565558e-01 1.051688234562860e+00
1.468750000000000e-01 1.729708154074000e-01 1.051698487893785e+00
1.500000000000000e-01 1.773112997203869e-01 1.051708357314059e+00
1.531250000000000e-01 1.816950738056289e-01 1.051717866246499e+00
1.562500000000000e-01 1.861232079422458e-01 1.051727036660369e+00
1.593750000000000e-01 1.905967832396682e-01 1.051735888613038e+00
1.625000000000000e-01 1.951168919015860e-01 1.051744440233602e+00
1.656250000000000e-01 1.996846374926046e-01 1.051752708393499e+00
1.687500000000000e-01 2.043011352076760e-01 1.051760708722562e+00
1.718750000000000e-01 2.089675121443681e-01 1.051768456106800e+00
1.750000000000000e-01 2.136849075780412e-01 1.051775963756776e+00
1.781250000000000e-01 2.184544732399964e-01 1.051783244101277e+00
1.812500000000000e-01 2.232773735986666e-01 1.051790309009188e+00
1.843750000000000e-01 2.281547861439151e-01 1.051797169267954e+00
1.875000000000000e-01 2.330879016745160e-01 1.051803834966984e+00
1.906250000000000e-01 2.380779245888810e-01 1.051810315193696e+00
1.937500000000000e-01 2.431260731791094e-01 1.051816618777140e+00
1.968750000000000e-01 2.482335799284277e-01 1.051822753717513e+00
2.000000000000000e-01 2.534016918120952e-01 1.051828727740254e+00
2.031250000000000e-01 2.586316706018478e-01 1.051834548003433e+00
2.062500000000000e-01 2.639247931739538e-01 1.051840220826659e+00
2.093750000000000e-01 2.692823518209576e-01 1.051845752432099e+00
2.125000000000000e-01 2.747056545671873e-01 1.051851148247980e+00
2.156250000000000e-01 2.801960254881028e-01 1.051856413594444e+00
2.187500000000000e-01 2.857548050335636e-01 1.051861553617943e+00
2.218750000000000e-01 2.913833503550930e-01 1.051866572830729e+00
2.250000000000000e-01 2.970830356372213e-01 1.051871475571779e+00
2.281250000000000e-01 3.028552524329863e-01 1.051876265623190e+00
2.312500000000000e-01 3.087014100036755e-01 1.051880946580214e+00
2.343750000000000e-01 3.146229356628902e-01 1.051885521974556e+00
2.375000000000000e-01 3.206212751250189e-01 1.051889995055502e+00
2.406250000000000e-01 3.266978928582008e-01 1.051894368902685e+00
2.437500000000000e-01 3.328542724418705e-01 1.051898646154370e+00
2.468750000000000e-01 3.390919169289667e-01 1.051902829237860e+00
2.500000000000000e-01 3.454123492128958e-01 1.051906920992235e+00
2.531250000000000e-01 3.518171123993401e-01 1.051910923939403e+00
2.562500000000000e-01 3.583077701830001e-01 1.051914840469084e+00
2.593750000000000e-01 3.648859072293631e-01 1.051918673071801e+00
2.625000000000000e-01 3.715531295615936e-01 1.051922423849832e+00
2.656250000000000e-01 3.783110649526354e-01 1.051926095680411e+00
2.687500000000000e-01 3.851613633226258e-01 1.051929692004601e+00
2.718750000000000e-01 3.921056971417164e-01 1.051933215534613e+00
2.750000000000000e-01 3.991457618383991e-01 1.051936669870374e+00
2.781250000000000e-01 4.062832762134377e-01 1.051940059758361e+00
2.812500000000000e-01 4.135199828595055e-01 1.051943390328477e+00
2.843750000000000e-01 4.208576485866312e-01 1.051946667329927e+00
2.875000000000000e-01 4.282980648535585e-01 1.051949898359006e+00
2.906250000000000e-01 4.358430482051222e-01 1.051953092370936e+00
2.937500000000000e-01 4.434944407157500e-01 1.051956260156599e+00
2.968750000000000e-01 4.512541104391968e-01 1.051959414832894e+00
3.000000000000000e-01 4.591239518646220e-01 1.051962572517845e+00
3.031250000000000e-01 4.671058863791195e-01 1.051965752682168e+00
3.062500000000000e-01 4.752018627368176e-01 1.051968978979185e+00
3.093750000000000e-01 4.834138575346580e-01 1.051972280269086e+00
3.125000000000000e-01 4.917438756949728e-01 1.051975691414803e+00
3.156250000000000e-01 5.001939509549778e-01 1.051979254654162e+00
3.187500000000000e-01 5.087661463633005e-01 1.051983021266909e+00
3.218750000000000e-01 5.174625547836644e-01 1.051987052688546e+00
3.250000000000000e-01 5.262852994058529e-01 1.051991423619302e+00
3.281250000000000e-01 5.352365342640750e-01 1.051996223468756e+00
3.312500000000000e-01 5.443184447628656e-01 1.052001559930055e+00
3.343750000000000e-01 5.535332482106405e-01 1.052007562612316e+00
3.375000000000000e-01 5.628831943610435e-01 1.052014386215302e+00
3.406250000000000e-01 5.723705659622137e-01 1.052022216908633e+00
3.437500000000000e-01 5.819976793141081e-01 1.052031276923867e+00
3.468750000000000e-01 5.917668848340161e-01 1.052041831445750e+00
3.500000000000000e-01 6.016805676304035e-01 1.052054198173147e+00
3.531250000000000e-01 6.117411480852264e-01 1.052068754023040e+00
3.562500000000000e-01 6.219510824448572e-01 1.052085949104096e+00
3.593750000000000e-01 6.323128634197650e-01 1.052106318261805e+00
3.625000000000000e-01 6.428290207931012e-01 1.052130495238657e+00
3.656250000000000e-01 6.535021220383342e-01 1.052159233462913e+00
3.687500000000000e-01 6.643347729460869e-01 1.052193422799434e+00
3.718750000000000e-01 6.753296182603294e-01 1.052234114912038e+00
3.750000000000000e-01 6.864893423240808e-01 1.052282552157815e+00
3.781250000000000e-01 6.978166697347804e-01 1.052340193092695e+00
3.812500000000000e-01 7.093143660094854e-01 1.052408753596154e+00
3.843750000000000e-01 7.209852382600603e-01 1.052490243270814e+00
3.875000000000000e-01 7.328321358785219e-01 1.052587006365225e+00
3.906250000000000e-01 7.448579512327029e-01 1.052701777555906e+00
3.937500000000000e-01 7.570656203724140e-01 1.052837727262125e+00
3.968750000000000e-01 7.694581237462648e-01 1.052998518637535e+00
4.000000000000000e-01 7.820384869293291e-01 1.053188373702819e+00
4.031250000000000e-01 7.948097813618253e-01 1.053412121166137e+00
4.062500000000000e-01 8.077751250989945e-01 1.053675262875888e+00
4.093750000000000e-01 8.209376835723596e-01 1.053984031309642e+00
4.125000000000000e-01 8.343006703625532e-01 1.054345422616429e+00
4.156250000000000e-01 8.478673479838968e-01 1.054767243355758e+00
4.187500000000000e-01 8.616410286809313e-01 1.055258123001965e+00
4.218750000000000e-01 8.756250752370857e-01 1.055827487332546e+00
4.250000000000000e-01 8.898229017956865e-01 1.056485531546380e+00
4.281250000000000e-01 9.042379746935050e-01 1.057243122113099e+00
4.312500000000000e-01 9.188738133070491e-01 1.058111641219780e+00
4.343750000000000e-01 9.337339909118028e-01 1.059102808173477e+00
4.375000000000000e-01 9.488221355546261e-01 1.060228395416756e+00
4.406250000000000e-01 9.641419309395265e-01 1.061499871738325e+00
4.437500000000000e-01 9.796971173270190e-01 1.062928016656222e+00
4.468750000000000e-01 9.954914924472941e-01 1.064522419928972e+00
4.500000000000000e-01 1.011528912427417e+00 1.066290927001379e+00
4.531250000000000e-01 1.027813292732786e+00 1.068239098765680e+00
4.562500000000000e-01 1.044348609123070e+00 1.070369612491490e+00
4.593750000000000e-01 1.061138898622882e+00 1.072681683772352e+00
4.625000000000000e-01 1.078188260507393e+00 1.075170621730220e+00
4.656250000000000e-01 1.095500857303154e+00 1.077827442232364e+00
4.687500000000000e-01 1.113080915804360e+00 1.080638624851777e+00
4.718750000000000e-01 1.130932728104805e+00 1.083586131519705e+00
4.750000000000000e-01 1.149060652645771e+00 1.086647622192119e+00
4.781250000000000e-01 1.167469115280130e+00 1.089796861999289e+00
4.812500000000000e-01 1.186162610352890e+00 1.093004451271233e+00
4.843750000000000e-01 1.205145701798475e+00 1.096238747426663e+00
4.875000000000000e-01 1.224423024254985e+00 1.099466905394908e+00
4.906250000000000e-01 1.243999284195726e+00 1.102656060637068e+00
4.937500000000000e-01 1.263879261078271e+00 1.105774581839991e+00
4.968750000000000e-01 1.284067808511348e+00 1.108793183253582e+00
5.000000000000000e-01 1.304569855439823e+00 1.111685939929802e+00
5.031250000000000e-01 1.325390407348082e+00 1.114431150087047e+00
5.062500000000000e-01 1.346534547482100e+00 1.117011938929707e+00
5.093750000000000e-01 1.368007438090487e+00 1.119416563092667e+00
5.125000000000001e-01 1.389814321684837e+00 1.121638526331596e+00
5.156250000000000e-01 1.411960522319654e+00 1.123676452003719e+00
5.187500000000000e-01 1.434451446892208e+00 1.125533721471847e+00
5.218750000000000e-01 1.457292586462593e+00 1.127217958821657e+00
5.250000000000000e-01 1.480489517594354e+00 1.128740442618841e+00
5.281250000000001e-01 1.504047903715979e+00 1.130115427619025e+00
5.312500000000000e-01 1.527973496503592e+00 1.131359427684021e+00
5.343750000000000e-01 1.552272137285215e+00 1.132490532946171e+00
5.375000000000000e-01 1.576949758466886e+00 1.133527777843542e+00
5.406250000000000e-01 1.602012384981041e+00 1.134490558422033e+00
5.437500000000001e-01 1.627466135757470e+00 1.135398120866469e+00
5.468750000000000e-01 1.653317225217225e+00 1.136269150187848e+00
5.500000000000000e-01 1.679571964789851e+00 1.137121436513665e+00
5.531250000000000e-01 1.706236764454286e+00 1.137971621225052e+00
5.562500000000000e-01 1.733318134303830e+00 1.138835015581896e+00
5.593750000000001e-01 1.760822686135563e+00 1.139725495594120e+00
5.625000000000000e-01 1.788757135064574e+00 1.140655440049408e+00
5.656250000000000e-01 1.817128301163438e+00 1.141635719626515e+00
5.687500000000000e-01 1.845943111127301e+00 1.142675724775556e+00
5.718750000000000e-01 1.875208599965003e+00 1.143783429869890e+00
5.750000000000001e-01 1.904931912716643e+00 1.144965461993416e+00
5.781250000000000e-01 1.935120306198011e+00 1.146227185538161e+00
5.812500000000000e-01 1.965781150772311e+00 1.147572796667624e+00
5.843750000000000e-01 1.996921932149593e+00 1.149005432910534e+00
5.875000000000000e-01 2.028550253214365e+00 1.150527271122194e+00
5.906250000000001e-01 2.060673835881802e+00 1.152139619985767e+00
5.937500000000000e-01 2.093300522983012e+00 1.153843000601083e+00
5.968750000000000e-01 2.126438280179837e+00 1.155637231550932e+00
6.000000000000001e-01 2.160095197909630e+00 1.157521506233091e+00
6.031250000000000e-01 2.194279493360494e+00 1.159494463529694e+00
6.062500000000001e-01 2.228999512477486e+00 1.161554238298520e+00
6.093750000000000e-01 2.264263732000228e+00 1.163698506227346e+00
6.125000000000000e-01 2.300080761532477e+00 1.165924518419729e+00
6.156250000000001e-01 2.336459345644116e+00 1.168229133644151e+00
6.187500000000000e-01 2.373408366006099e+00 1.170608838803170e+00
6.218750000000001e-01 2.410936843558884e+00 1.173059762503260e+00
6.250000000000000e-01 2.449053940714840e+00 1.175577676374274e+00
6.281250000000000e-01 2.487768963595221e+00 1.178157993473671e+00
6.312500000000001e-01 2.527091364302215e+00 1.180795759514333e+00
6.343750000000000e-01 2.567030743226622e+00 1.183485641347037e+00
6.375000000000001e-01 2.607596851391758e+00 1.186221907420168e+00
6.406250000000000e-01 2.648799592834118e+00 1.188998402361640e+00
6.437500000000000e-01 2.690649027021411e+00 1.191808513926505e+00
6.468750000000001e-01 2.733155371308524e+00 1.194645136698601e+00
6.500000000000000e-01 2.776329003432049e+00 1.197500633288296e+00
6.531250000000001e-01 2.820180464043967e+00 1.200366797637970e+00
6.562500000000000e-01 2.864720459285089e+00 1.203234822129509e+00
6.593750000000000e-01 2.909959863398929e+00 1.206095272600685e+00
6.625000000000001e-01 2.955909721386590e+00 1.208938074671470e+00
6.656250000000000e-01 3.002581251703353e+00 1.211752516934405e+00
6.687500000000001e-01 3.049985848997626e+00 1.214527278027945e+00
6.718750000000000e-01 3.098135086892879e+00 1.217250485831453e+00
6.750000000000000e-01 3.147040720813310e+00 1.219909819407449e+00
6.781250000000001e-01 3.196714690853871e+00 1.222492665879314e+00
6.812500000000000e-01 3.247169124695383e+00 1.224986345400708e+00
6.843750000000001e-01 3.298416340565477e+00 1.227378417692414e+00
6.875000000000000e-01 3.350468850246008e+00 1.229657081538843e+00
6.906250000000000e-01 3.403339362127777e+00 1.231811675271045e+00
6.937500000000001e-01 3.457040784313211e+00 1.233833276446089e+00
6.968750000000000e-01 3.511586227767823e+00 1.235715386870803e+00
7.000000000000001e-01 3.566989009521205e+00 1.237454669634107e+00
7.031250000000000e-01 3.623262655918307e+00 1.239051681001098e+00
7.062500000000000e-01 3.680420905921852e+00 1.240511515703997e+00
7.093750000000001e-01 3.738477714466631e+00 1.241844261576714e+00
7.125000000000000e-01 3.797447255866536e+00 1.243065150793971e+00
7.156250000000001e-01 3.857343927275175e+00 1.244194304169565e+00
7.187500000000000e-01 3.918182352200844e+00 1.245255998589028e+00
7.218750000000000e-01 3.979977384076828e+00 1.246277445423747e+00
7.250000000000001e-01 4.042744109887770e+00 1.247287140411346e+00
7.281250000000000e-01 4.106497853853101e+00 1.248312920366688e+00
7.312500000000001e-01 4.171254181168399e+00 1.249379921234985e+00
7.343750000000000e-01 4.237028901805528e+00 1.250508661980427e+00
7.375000000000000e-01 4.303838074372613e+00 1.251713473268835e+00
7.406250000000001e-01 4.371698010034643e+00 1.253001449577897e+00
7.437500000000000e-01 4.440625276495786e+00 1.254372038990469e+00
7.468750000000001e-01 4.510636702044332e+00 1.255817308946058e+00
7.500000000000000e-01 4.581749379661216e+00 1.257322852847590e+00
7.531250000000000e-01 4.653980671193226e+00 1.258869236871878e+00
7.562500000000001e-01 4.727348211591802e+00 1.260433837638995e+00
7.593750000000000e-01 4.801869913218528e+00 1.261992885305715e+00
7.625000000000001e-01 4.877563970218381e+00 1.263523506647525e+00
7.656250000000000e-01 4.954448862961714e+00 1.265005561240539e+00
7.687500000000000e-01 5.032543362556198e+00 1.266423082801384e+00
7.718750000000001e-01 5.111866535429675e+00 1.267765183400641e+00
7.750000000000000e-01 5.192437747985146e+00 1.269026346753991e+00
7.781250000000001e-01 5.274276671329015e+00 1.270206123391806e+00
7.812500000000000e-01 5.357403286073669e+00 1.271308326853448e+00
7.843750000000000e-01 5.441837887215693e+00 1.272339898106149e+00
7.875000000000001e-01 5.527601089090773e+00 1.273309640096905e+00
7.906250000000000e-01 5.614713830406605e+00 1.274227017206743e+00
7.937500000000001e-01 5.703197379355005e+00 1.275101170372325e+00
7.968750000000000e-01 5.793073338804412e+00 1.275940232989856e+00
8.000000000000000e-01 5.884363651574169e+00 1.276750961987117e+00
8.031250000000001e-01 5.977090605791737e+00 1.277538643231462e+00
8.062500000000000e-01 6.071276840334257e+00 1.278307195251178e+00
8.093750000000001e-01 6.166945350355728e+00 1.279059388277210e+00
8.125000000000000e-01 6.264119492901173e+00 1.279797104462041e+00
8.156250000000000e-01 6.362822992609162e+00 1.280521586866890e+00
8.187500000000001e-01 6.463079947504072e+00 1.281233647873063e+00
8.218750000000000e-01 6.564914834879517e+00 1.281933826529050e+00
8.250000000000001e-01 6.668352517274371e+00 1.282622498103302e+00
8.281250000000000e-01 6.773418248542846e+00 1.283299944411957e+00
8.312500000000000e-01 6.880137680020114e+00 1.283966396203379e+00
8.343750000000001e-01 6.988536866784961e+00 1.284622057073275e+00
8.375000000000000e-01 7.098642274021019e+00 1.285267116013255e+00
8.406250000000001e-01 7.210480783478133e+00 1.285901753792441e+00
8.437500000000000e-01 7.324079700035414e+00 1.286526145755809e+00
8.468750000000000e-01 7.439466758367605e+00 1.287140463413752e+00
8.500000000000001e-01 7.556670129716381e+00 1.287744874775289e+00
8.531250000000000e-01 7.675718428768239e+00 1.288339544897641e+00
8.562500000000001e-01 7.796640720640633e+00 1.288924635768243e+00
8.593750000000000e-01 7.919466527978115e+00 1.289500306543985e+00
8.625000000000000e-01 8.044225838160141e+00 1.290066713531046e+00
8.656250000000001e-01 8.170949110622363e+00 1.290624010368527e+00
8.687500000000000e-01 8.299667284293170e+00 1.291172347898124e+00
8.718750000000001e-01 8.430411785147284e+00 1.291711874391801e+00
8.750000000000000e-01 8.563214533878281e+00 1.292242735467147e+00
8.781250000000000e-01 8.698107953691880e+00 1.292765074257735e+00
8.812500000000001e-01 8.835124978221932e+00 1.293279031374354e+00
8.843750000000000e-01 8.974299059571019e+00 1.293784744965461e+00
8.875000000000001e-01 9.115664176477637e+00 1.294282350775303e+00
8.906250000000000e-01 9.259254842611947e+00 1.294771982252395e+00
8.937500000000000e-01 9.405106115002161e+00 1.295253770499461e+00
8.968750000000001e-01 9.553253602593529e+00 1.295727844322885e+00
9.000000000000000e-01 9.703733474942130e+00 1.296194330332626e+00
9.031250000000001e-01 9.856582471045494e+00 1.296653352936243e+00
9.062500000000000e-01 1.001183790831228e+01 1.297105034487158e+00
9.093750000000000e-01 1.016953769167313e+01 1.297549495117697e+00
9.125000000000001e-01 1.032972032283505e+01 1.297986852985063e+00
9.156250000000000e-01 1.049242490968134e+01 1.298417224205509e+00
9.187500000000001e-01 1.065769117581972e+01 1.298840722888411e+00
9.218750000000000e-01 1.082555947028058e+01 1.299257461273901e+00
9.250000000000000e-01 1.099607077736805e+01 1.299667549554817e+00
9.281250000000001e-01 1.116926672666618e+01 1.300071096165256e+00
9.312500000000000e-01 1.134518960320255e+01 1.300468207599983e+00
9.343750000000001e-01 1.152388235777201e+01 1.300858988647851e+00
9.375000000000000e-01 1.170538861742293e+01 1.301243542259863e+00
9.406250000000000e-01 1.188975269610854e+01 1.301621969674510e+00
9.437500000000001e-01 1.207701960550600e+01 1.301994370385785e+00
9.468750000000000e-01 1.226723506600578e+01 1.302360842266283e+00
9.500000000000001e-01 1.246044551787411e+01 1.302721481479931e+00
9.531250000000000e-01 1.265669813259115e+01 1.303076382601133e+00
9.562500000000000e-01 1.285604082436773e+01 1.303425638576446e+00
9.593750000000001e-01 1.305852226184337e+01 1.303769340841564e+00
9.625000000000000e-01 1.326419187996850e+01 1.304107579280772e+00
9.656250000000001e-01 1.347309989207381e+01 1.304440442235708e+00
9.687500000000000e-01 1.368529730212962e+01 1.304768016671340e+00
9.718750000000000e-01 1.390083591719824e+01 1.305090387973812e+00
9.750000000000001e-01 1.411976836008246e+01 1.305407640163942e+00
9.781250000000000e-01 1.434214808217320e+01 1.305719855903471e+00
9.812500000000001e-01 1.456802937649935e+01 1.306027116393163e+00
9.843750000000000e-01 1.479746739098328e+01 1.306329501531080e+00
9.875000000000000e-01 1.503051814190487e+01 1.306627089861687e+00
9.906250000000001e-01 1.526723852757770e+01 1.306919958680731e+00
9.937500000000000e-01 1.550768634224049e+01 1.307208183929116e+00
9.968750000000001e-01 1.575192029016732e+01 1.307491840294055e+00
1.000000000000000e+00 1.600000000000000e+01 1.307771001311827e+00
