0.000000000000000e+00 0.000000000000000e+00 1.000000000000000e+00
3.125000000000000e-03 3.369263549427258e-03 1.036177646911371e+00
6.250000000000000e-03 6.739349689698711e-03 1.043016604617383e+00
9.375000000000001e-03 1.011108121249049e-02 1.045792863101750e+00
1.250000000000000e-02 1.348528131119160e-02 1.047275818863587e+00
1.562500000000000e-02 1.686277378188298e-02 1.048196025900122e+00
1.875000000000000e-02 2.024438322446370e-02 1.048822182349133e+00
2.187500000000000e-02 2.363093524397333e-02 1.049275679315610e+00
2.500000000000000e-02 2.702325665215984e-02 1.049619256558473e+00
2.812500000000000e-02 3.042217566934200e-02 1.049888570347153e+00
3.125000000000000e-02 3.382852212661575e-02 1.050105373536558e+00
3.437500000000000e-02 3.724312766845378e-02 1.050283684788401e+00
3.750000000000001e-02 4.066682595574785e-02 1.050432944064636e+00
4.062500000000000e-02 4.410045286934348e-02 1.050559739300900e+00
4.375000000000000e-02 4.754484671411652e-02 1.050668807985907e+00
4.687500000000000e-02 5.100084842364160e-02 1.050763643318010e+00
5.000000000000000e-02 5.446930176550237e-02 1.050846878105246e+00
5.312500000000001e-02 5.795105354729364e-02 1.050920533874111e+00
5.625000000000000e-02 6.144695382336569e-02 1.050986188592148e+00
5.937500000000000e-02 6.495785610236132e-02 1.051045091642111e+00
6.250000000000000e-02 6.848461755559625e-02 1.051098245923845e+00
6.562500000000000e-02 7.202809922633362e-02 1.051146465108732e+00
6.875000000000001e-02 7.558916624000402e-02 1.051190416648328e+00
7.187500000000001e-02 7.916868801542200e-02 1.051230653054182e+00
7.500000000000001e-02 8.276753847705080e-02 1.051267636070598e+00
7.812500000000000e-02 8.638659626836727e-02 1.051301753687366e+00
8.125000000000000e-02 9.002674496637868e-02 1.051333335432174e+00
8.437500000000001e-02 9.368887329734420e-02 1.051362662357343e+00
8.750000000000001e-02 9.737387535375355e-02 1.051389975915978e+00
9.062500000000001e-02 1.010826508126157e-01 1.051415484745038e+00
9.375000000000000e-02 1.048161051551108e-01 1.051439370449336e+00
9.687500000000000e-02 1.085751498876601e-01 1.051461791248823e+00
1.000000000000000e-01 1.123607027644654e-01 1.051482885921832e+00
1.031250000000000e-01 1.161736880115753e-01 1.051502776979251e+00
1.062500000000000e-01 1.200150365525305e-01 1.051521573172776e+00
1.093750000000000e-01 1.238856862356450e-01 1.051539370984648e+00
1.125000000000000e-01 1.277865820629775e-01 1.051556256973563e+00
1.156250000000000e-01 1.317186764210495e-01 1.051572309016071e+00
1.187500000000000e-01 1.356829293133661e-01 1.051587596931679e+00
1.218750000000000e-01 1.396803085947971e-01 1.051602183294406e+00
1.250000000000000e-01 1.437117902078738e-01 1.051616126384505e+00
1.281250000000000e-01 1.477783584210617e-01 1.051629479397039e+00
1.312500000000000e-01 1.518810060690650e-01 1.051642290896471e+00
1.343750000000000e-01 1.560207347952229e-01 1.051654605078710e+00
1.375000000000000e-01 1.601985552960564e-01 1.051666463550792e+00
1.406250000000000e-01 1.644154875680252e-01 1.051677905751187e+00
1.437500000000000e-01 1.686725611565558e-01 1.051688968347950e+00
1.468750000000000e-01 1.729708154074000e-01 1.051699685700844e+00
1.500000000000000e-01 1.773112997203869e-01 1.051710090769275e+00
1.531250000000000e-01 1.816950738056289e-01 1.051720215549868e+00
1.562500000000000e-01 1.861232079422458e-01 1.051730090814331e+00
1.593750000000000e-01 1.905967832396682e-01 1.051739746590178e+00
1.625000000000000e-01 1.951168919015860e-01 1.051749212738931e+00
1.656250000000000e-01 1.996846374926046e-01 1.051758518349452e+00
1.687500000000000e-01 2.043011352076760e-01 1.051767693601798e+00
1.718750000000000e-01 2.089675121443681e-01 1.051776768018215e+00
1.750000000000000e-01 2.136849075780412e-01 1.051785772259925e+00
1.781250000000000e-01 2.184544732399964e-01 1.051794737866396e+00
1.812500000000000e-01 2.232773735986666e-01 1.051803697255957e+00
1.843750000000000e-01 2.281547861439151e-01 1.051812684519486e+00
1.875000000000000e-01 2.330879016745160e-01 1.051821735666817e+00
1.906250000000000e-01 2.380779245888810e-01 1.051830889077050e+00
1.937500000000000e-01 2.431260731791094e-01 1.051840185131232e+00
1.968750000000000e-01 2.482335799284277e-01 1.051849667960514e+00
2.000000000000000e-01 2.534016918120952e-01 1.051859384756919e+00
2.031250000000000e-01 2.586316706018478e-01 1.051869385940464e+00
2.062500000000000e-01 2.639247931739538e-01 1.051879727723656e+00
2.093750000000000e-01 2.692823518209576e-01 1.051890470081628e+00
2.125000000000000e-01 2.747056545671873e-01 1.051901679305112e+00
2.156250000000000e-01 2.801960254881028e-01 1.051913427978269e+00
2.187500000000000e-01 2.857548050335636e-01 1.051925797042029e+00
2.218750000000000e-01 2.913833503550930e-01 1.051938874615610e+00
2.250000000000000e-01 2.970830356372213e-01 1.051952757802009e+00
2.281250000000000e-01 3.028552524329863e-01 1.051967555619850e+00
2.312500000000000e-01 3.087014100036755e-01 1.051983386321007e+00
2.343750000000000e-01 3.146229356628902e-01 1.052000382094715e+00
2.375000000000000e-01 3.206212751250189e-01 1.052018691528685e+00
2.406250000000000e-01 3.266978928582008e-01 1.052038478748651e+00
2.437500000000000e-01 3.328542724418705e-01 1.052059926060266e+00
2.468750000000000e-01 3.390919169289667e-01 1.052083234177694e+00
2.500000000000000e-01 3.454123492128958e-01 1.052108630111160e+00
2.531250000000000e-01 3.518171123993401e-01 1.052136365666387e+00
2.562500000000000e-01 3.583077701830001e-01 1.052166721212950e+00
2.593750000000000e-01 3.648859072293631e-01 1.052200010027948e+00
2.625000000000000e-01 3.715531295615936e-01 1.052236579414888e+00
2.656250000000000e-01 3.783110649526354e-01 1.052276819667628e+00
2.687500000000000e-01 3.851613633226258e-01 1.052321164609763e+00
2.718750000000000e-01 3.921056971417164e-01 1.052370097760948e+00
2.750000000000000e-01 3.991457618383991e-01 1.052424160644576e+00
2.781250000000000e-01 4.062832762134377e-01 1.052483953702957e+00
2.812500000000000e-01 4.135199828595055e-01 1.052550150471688e+00
2.843750000000000e-01 4.208576485866312e-01 1.052623498902081e+00
2.875000000000000e-01 4.282980648535585e-01 1.052704832773094e+00
2.906250000000000e-01 4.358430482051222e-01 1.052795083131697e+00
2.937500000000000e-01 4.434944407157500e-01 1.052895282036019e+00
2.968750000000000e-01 4.512541104391968e-01 1.053006581606139e+00
3.000000000000000e-01 4.591239518646220e-01 1.053130260363284e+00
3.031250000000000e-01 4.671058863791195e-01 1.053267735996783e+00
3.062500000000000e-01 4.752018627368176e-01 1.053420586244774e+00
3.093750000000000e-01 4.834138575346580e-01 1.053590552178571e+00
3.125000000000000e-01 4.917438756949728e-01 1.053779564662129e+00
3.156250000000000e-01 5.001939509549778e-01 1.053989755856432e+00
3.187500000000000e-01 5.087661463633005e-01 1.054223471757905e+00
3.218750000000000e-01 5.174625547836644e-01 1.054483301442282e+00
3.250000000000000e-01 5.262852994058529e-01 1.054772081076290e+00
3.281250000000000e-01 5.352365342640750e-01 1.055092917712833e+00
3.312500000000000e-01 5.443184447628656e-01 1.055449210926638e+00
3.343750000000000e-01 5.535332482106405e-01 1.055844651954995e+00
3.375000000000000e-01 5.628831943610435e-01 1.056283255229282e+00
3.406250000000000e-01 5.723705659622137e-01 1.056769358286672e+00
3.437500000000000e-01 5.819976793141081e-01 1.057307623148527e+00
3.468750000000000e-01 5.917668848340161e-01 1.057903055894103e+00
3.500000000000000e-01 6.016805676304035e-01 1.058560981463772e+00
3.531250000000000e-01 6.117411480852264e-01 1.059287039086258e+00
3.562500000000000e-01 6.219510824448572e-01 1.060087172179474e+00
3.593750000000000e-01 6.323128634197650e-01 1.060967569012708e+00
3.625000000000000e-01 6.428290207931012e-01 1.061934640565656e+00
3.656250000000000e-01 6.535021220383342e-01 1.062994956341406e+00
3.687500000000000e-01 6.643347729460869e-01 1.064155146924932e+00
3.718750000000000e-01 6.753296182603294e-01 1.065421840378042e+00
3.750000000000000e-01 6.864893423240808e-01 1.066801532277983e+00
3.781250000000000e-01 6.978166697347804e-01 1.068300439445566e+00
3.812500000000000e-01 7.093143660094854e-01 1.069924383680322e+00
3.843750000000000e-01 7.209852382600603e-01 1.071678588747796e+00
3.875000000000000e-01 7.328321358785219e-01 1.073567493116335e+00
3.906250000000000e-01 7.448579512327029e-01 1.075594580245107e+00
3.937500000000000e-01 7.570656203724140e-01 1.077762130794615e+00
3.968750000000000e-01 7.694581237462648e-01 1.080071015661569e+00
4.000000000000000e-01 7.820384869293291e-01 1.082520521706422e+00
4.031250000000000e-01 7.948097813618253e-01 1.085108107459369e+00
4.062500000000000e-01 8.077751250989945e-01 1.087829251874591e+00
4.093750000000000e-01 8.209376835723596e-01 1.090677343905592e+00
4.125000000000000e-01 8.343006703625532e-01 1.093643548432737e+00
4.156250000000000e-01 8.478673479838968e-01 1.096716787338942e+00
4.187500000000000e-01 8.616410286809313e-01 1.099883813759512e+00
4.218750000000000e-01 8.756250752370857e-01 1.103129265629599e+00
4.250000000000000e-01 8.898229017956865e-01 1.106435880569900e+00
4.281250000000000e-01 9.042379746935050e-01 1.109784799868136e+00
4.312500000000000e-01 9.188738133070491e-01 1.113155880603152e+00
4.343750000000000e-01 9.337339909118028e-01 1.116528115603391e+00
4.375000000000000e-01 9.488221355546261e-01 1.119880166035273e+00
4.406250000000000e-01 9.641419309395265e-01 1.123190826066866e+00
4.437500000000000e-01 9.796971173270190e-01 1.126439553496215e+00
4.468750000000000e-01 9.954914924472941e-01 1.129607029557555e+00
4.500000000000000e-01 1.011528912427417e+00 1.132675630950376e+00
4.531250000000000e-01 1.027813292732786e+00 1.135629824536595e+00
4.562500000000000e-01 1.044348609123070e+00 1.138456575031402e+00
4.593750000000000e-01 1.061138898622882e+00 1.141145598629773e+00
4.625000000000000e-01 1.078188260507393e+00 1.143689501569438e+00
4.656250000000000e-01 1.095500857303154e+00 1.146083865504445e+00
4.687500000000000e-01 1.113080915804360e+00 1.148327243352917e+00
4.718750000000000e-01 1.130932728104805e+00 1.150421003455006e+00
4.750000000000000e-01 1.149060652645771e+00 1.152369138239649e+00
4.781250000000000e-01 1.167469115280130e+00 1.154178031794381e+00
4.812500000000000e-01 1.186162610352890e+00 1.155856148018071e+00
4.843750000000000e-01 1.205145701798475e+00 1.157413681698704e+00
4.875000000000000e-01 1.224423024254985e+00 1.158862229944223e+00
4.906250000000000e-01 1.243999284195726e+00 1.160214455223655e+00
4.937500000000000e-01 1.263879261078271e+00 1.161483737042346e+00
4.968750000000000e-01 1.284067808511348e+00 1.162683864135421e+00
5.000000000000000e-01 1.304569855439823e+00 1.163828759768875e+00
5.031250000000000e-01 1.325390407348082e+00 1.164932232418359e+00
5.062500000000000e-01 1.346534547482100e+00 1.166007754214580e+00
5.093750000000000e-01 1.368007438090487e+00 1.167068292497199e+00
5.125000000000001e-01 1.389814321684837e+00 1.168126164967143e+00
5.156250000000000e-01 1.411960522319654e+00 1.169192931677824e+00
5.187500000000000e-01 1.434451446892208e+00 1.170279316636366e+00
5.218750000000000e-01 1.457292586462593e+00 1.171395164998905e+00
5.250000000000000e-01 1.480489517594354e+00 1.172549406411254e+00
5.281250000000001e-01 1.504047903715979e+00 1.173750049479149e+00
5.312500000000000e-01 1.527973496503592e+00 1.175004195912082e+00
5.343750000000000e-01 1.552272137285215e+00 1.176318071453418e+00
5.375000000000000e-01 1.576949758466886e+00 1.177697045879139e+00
5.406250000000000e-01 1.602012384981041e+00 1.179145671064557e+00
5.437500000000001e-01 1.627466135757470e+00 1.180667732354541e+00
5.468750000000000e-01 1.653317225217225e+00 1.182266309506447e+00
5.500000000000000e-01 1.679571964789851e+00 1.183943816075101e+00
5.531250000000000e-01 1.706236764454286e+00 1.185702040859963e+00
5.562500000000000e-01 1.733318134303830e+00 1.187542195221619e+00
5.593750000000001e-01 1.760822686135563e+00 1.189464973572962e+00
5.625000000000000e-01 1.788757135064574e+00 1.191470597718464e+00
5.656250000000000e-01 1.817128301163438e+00 1.193558852037062e+00
5.687500000000000e-01 1.845943111127301e+00 1.195729107508441e+00
5.718750000000000e-01 1.875208599965003e+00 1.197980356436692e+00
5.750000000000001e-01 1.904931912716643e+00 1.200311246709499e+00
5.781250000000000e-01 1.935120306198011e+00 1.202720113624994e+00
5.812500000000000e-01 1.965781150772311e+00 1.205204992947155e+00
5.843750000000000e-01 1.996921932149593e+00 1.207763631401913e+00
5.875000000000000e-01 2.028550253214365e+00 1.210393491903735e+00
5.906250000000001e-01 2.060673835881802e+00 1.213091763305546e+00
5.937500000000000e-01 2.093300522983012e+00 1.215855364537909e+00
5.968750000000000e-01 2.126438280179837e+00 1.218680946309895e+00
6.000000000000001e-01 2.160095197909630e+00 1.221564881679888e+00
6.031250000000000e-01 2.194279493360494e+00 1.224503256430683e+00
6.062500000000001e-01 2.228999512477486e+00 1.227491854088247e+00
6.093750000000000e-01 2.264263732000228e+00 1.230526142270394e+00
6.125000000000000e-01 2.300080761532477e+00 1.233601254514892e+00
6.156250000000001e-01 2.336459345644116e+00 1.236711969576255e+00
6.187500000000000e-01 2.373408366006099e+00 1.239852685048341e+00
6.218750000000001e-01 2.410936843558884e+00 1.243017388584990e+00
6.250000000000000e-01 2.449053940714840e+00 1.246199626532380e+00
6.281250000000000e-01 2.487768963595221e+00 1.249392473858882e+00
6.312500000000001e-01 2.527091364302215e+00 1.252588506181903e+00
6.343750000000000e-01 2.567030743226622e+00 1.255779776431799e+00
6.375000000000001e-01 2.607596851391758e+00 1.258957798276161e+00
6.406250000000000e-01 2.648799592834118e+00 1.262113538750782e+00
6.437500000000000e-01 2.690649027021411e+00 1.265237424164647e+00
6.468750000000001e-01 2.733155371308524e+00 1.268319363601341e+00
6.500000000000000e-01 2.776329003432049e+00 1.271348795623606e+00
6.531250000000001e-01 2.820180464043967e+00 1.274314765325166e+00
6.562500000000000e-01 2.864720459285089e+00 1.277206039419244e+00
6.593750000000000e-01 2.909959863398929e+00 1.280011267838690e+00
6.625000000000001e-01 2.955909721386590e+00 1.282719200672303e+00
6.656250000000000e-01 3.002581251703353e+00 1.285318968355589e+00
6.687500000000001e-01 3.049985848997626e+00 1.287800431374402e+00
6.718750000000000e-01 3.098135086892879e+00 1.290154601717444e+00
6.750000000000000e-01 3.147040720813310e+00 1.292374131300051e+00
6.781250000000001e-01 3.196714690853871e+00 1.294453854847167e+00
6.812500000000000e-01 3.247169124695383e+00 1.296391360879657e+00
6.843750000000001e-01 3.298416340565477e+00 1.298187551333451e+00
6.875000000000000e-01 3.350468850246008e+00 1.299847134274049e+00
6.906250000000000e-01 3.403339362127777e+00 1.301378982556273e+00
6.937500000000001e-01 3.457040784313211e+00 1.302796283460725e+00
6.968750000000000e-01 3.511586227767823e+00 1.304116408906421e+00
7.000000000000001e-01 3.566989009521205e+00 1.305360452125043e+00
7.031250000000000e-01 3.623262655918307e+00 1.306552408028668e+00
7.062500000000000e-01 3.680420905921852e+00 1.307718016330926e+00
7.093750000000001e-01 3.738477714466631e+00 1.308883334362229e+00
7.125000000000000e-01 3.797447255866536e+00 1.310073150041047e+00
7.156250000000001e-01 3.857343927275175e+00 1.311309377721591e+00
7.187500000000000e-01 3.918182352200844e+00 1.312609592049107e+00
7.218750000000000e-01 3.979977384076828e+00 1.313985846557612e+00
7.250000000000001e-01 4.042744109887770e+00 1.315443895187872e+00
7.281250000000000e-01 4.106497853853101e+00 1.316982892601999e+00
7.312500000000001e-01 4.171254181168399e+00 1.318595600824110e+00
7.343750000000000e-01 4.237028901805528e+00 1.320269080893129e+00
7.375000000000000e-01 4.303838074372613e+00 1.321985805512765e+00
7.406250000000001e-01 4.371698010034643e+00 1.323725094027821e+00
7.437500000000000e-01 4.440625276495786e+00 1.325464745056553e+00
7.468750000000001e-01 4.510636702044332e+00 1.327182724531995e+00
7.500000000000000e-01 4.581749379661216e+00 1.328858760176130e+00
7.531250000000000e-01 4.653980671193226e+00 1.330475699290959e+00
7.562500000000001e-01 4.727348211591802e+00 1.332020505884208e+00
7.593750000000000e-01 4.801869913218528e+00 1.333484812169092e+00
7.625000000000001e-01 4.877563970218381e+00 1.334864990269490e+00
7.656250000000000e-01 4.954448862961714e+00 1.336161771671046e+00
7.687500000000000e-01 5.032543362556198e+00 1.337379499887686e+00
7.718750000000001e-01 5.111866535429675e+00 1.338525146855662e+00
7.750000000000000e-01 5.192437747985146e+00 1.339607244454257e+00
7.781250000000001e-01 5.274276671329015e+00 1.340634875713650e+00
7.812500000000000e-01 5.357403286073669e+00 1.341616838775764e+00
7.843750000000000e-01 5.441837887215693e+00 1.342561050368694e+00
7.875000000000001e-01 5.527601089090773e+00 1.343474204156368e+00
7.906250000000000e-01 5.614713830406605e+00 1.344361657441022e+00
7.937500000000001e-01 5.703197379355005e+00 1.345227492196757e+00
7.968750000000000e-01 5.793073338804412e+00 1.346074685413053e+00
8.000000000000000e-01 5.884363651574169e+00 1.346905329332184e+00
8.031250000000001e-01 5.977090605791737e+00 1.347720854189710e+00
8.062500000000000e-01 6.071276840334257e+00 1.348522224769779e+00
8.093750000000001e-01 6.166945350355728e+00 1.349310096592281e+00
8.125000000000000e-01 6.264119492901173e+00 1.350084930506602e+00
8.156250000000000e-01 6.362822992609162e+00 1.350847070675899e+00
8.187500000000001e-01 6.463079947504072e+00 1.351596794127943e+00
8.218750000000000e-01 6.564914834879517e+00 1.352334340428334e+00
8.250000000000001e-01 6.668352517274371e+00 1.353059928423916e+00
8.281250000000000e-01 6.773418248542846e+00 1.353773765206561e+00
8.312500000000000e-01 6.880137680020114e+00 1.354476050567860e+00
8.343750000000001e-01 6.988536866784961e+00 1.355166979137041e+00
8.375000000000000e-01 7.098642274021019e+00 1.355846741490158e+00
8.406250000000001e-01 7.210480783478133e+00 1.356515524466154e+00
8.437500000000000e-01 7.324079700035414e+00 1.357173511487959e+00
8.468750000000000e-01 7.439466758367605e+00 1.357820882722871e+00
8.500000000000001e-01 7.556670129716381e+00 1.358457815131547e+00
8.531250000000000e-01 7.675718428768239e+00 1.359084482456932e+00
8.562500000000001e-01 7.796640720640633e+00 1.359701055427793e+00
8.593750000000000e-01 7.919466527978115e+00 1.360307701686729e+00
8.625000000000000e-01 8.044225838160141e+00 1.360904586041813e+00
8.656250000000001e-01 8.170949110622363e+00 1.361491870278333e+00
8.687500000000000e-01 8.299667284293170e+00 1.362069713401452e+00
8.718750000000001e-01 8.430411785147284e+00 1.362638271660366e+00
8.750000000000000e-01 8.563214533878281e+00 1.363197698457061e+00
8.781250000000000e-01 8.698107953691880e+00 1.363748144635033e+00
8.812500000000001e-01 8.835124978221932e+00 1.364289758329265e+00
8.843750000000000e-01 8.974299059571019e+00 1.364822685139099e+00
8.875000000000001e-01 9.115664176477637e+00 1.365347068080347e+00
8.906250000000000e-01 9.259254842611947e+00 1.365863047808898e+00
8.937500000000000e-01 9.405106115002161e+00 1.366370762403060e+00
8.968750000000001e-01 9.553253602593529e+00 1.366870347634282e+00
9.000000000000000e-01 9.703733474942130e+00 1.367361936909475e+00
9.031250000000001e-01 9.856582471045494e+00 1.367845661374051e+00
9.062500000000000e-01 1.001183790831228e+01 1.368321649903233e+00
9.093750000000000e-01 1.016953769167313e+01 1.368790029089146e+00
9.125000000000001e-01 1.032972032283505e+01 1.369250923446468e+00
9.156250000000000e-01 1.049242490968134e+01 1.369704455342962e+00
9.187500000000001e-01 1.065769117581972e+01 1.370150745035400e+00
9.218750000000000e-01 1.082555947028058e+01 1.370589910703245e+00
9.250000000000000e-01 1.099607077736805e+01 1.371022068535855e+00
9.281250000000001e-01 1.116926672666618e+01 1.371447332819370e+00
9.312500000000000e-01 1.134518960320255e+01 1.371865815744316e+00
9.343750000000001e-01 1.152388235777201e+01 1.372277627705759e+00
9.375000000000000e-01 1.170538861742293e+01 1.372682877219939e+00
9.406250000000000e-01 1.188975269610854e+01 1.373081671002486e+00
9.437500000000001e-01 1.207701960550600e+01 1.373474113822957e+00
9.468750000000000e-01 1.226723506600578e+01 1.373860308854435e+00
9.500000000000001e-01 1.246044551787411e+01 1.374240357417520e+00
9.531250000000000e-01 1.265669813259115e+01 1.374614359160035e+00
9.562500000000000e-01 1.285604082436773e+01 1.374982412072507e+00
9.593750000000001e-01 1.305852226184337e+01 1.375344612445623e+00
9.625000000000000e-01 1.326419187996850e+01 1.375701055047510e+00
9.656250000000001e-01 1.347309989207381e+01 1.376051832968797e+00
9.687500000000000e-01 1.368529730212962e+01 1.376397037795847e+00
9.718750000000000e-01 1.390083591719824e+01 1.376736759563590e+00
9.750000000000001e-01 1.411976836008246e+01 1.377071086816435e+00
9.781250000000000e-01 1.434214808217320e+01 1.377400106556998e+00
9.812500000000001e-01 1.456802937649935e+01 1.377723904471047e+00
9.843750000000000e-01 1.479746739098328e+01 1.378042564709572e+00
9.875000000000000e-01 1.503051814190487e+01 1.378356170053758e+00
9.906250000000001e-01 1.526723852757770e+01 1.378664801915332e+00
9.937500000000000e-01 1.550768634224049e+01 1.378968540334910e+00
9.968750000000001e-01 1.575192029016732e+01 1.379267464090524e+00
1.000000000000000e+00 1.600000000000000e+01 1.379561650583472e+00
