0.000000000000000e+00 0.000000000000000e+00 1.000000000000000e+00
3.125000000000000e-03 3.369263549427258e-03 1.036177639631655e+00
6.250000000000000e-03 6.739349689698711e-03 1.043016581713174e+00
9.375000000000001e-03 1.011108121249049e-02 1.045792834452248e+00
1.250000000000000e-02 1.348528131119160e-02 1.047275784374849e+00
1.562500000000000e-02 1.686277378188298e-02 1.048195985067210e+00
1.875000000000000e-02 2.024438322446370e-02 1.048822134001052e+00
2.187500000000000e-02 2.363093524397333e-02 1.049275622775228e+00
2.500000000000000e-02 2.702325665215984e-02 1.049619190240528e+00
2.812500000000000e-02 3.042217566934200e-02 1.049888492929061e+00
3.125000000000000e-02 3.382852212661575e-02 1.050105283290040e+00
3.437500000000000e-02 3.724312766845378e-02 1.050283580070296e+00
3.750000000000001e-02 4.066682595574785e-02 1.050432822821755e+00
4.062500000000000e-02 4.410045286934348e-02 1.050559599388846e+00
4.375000000000000e-02 4.754484671411652e-02 1.050668646790893e+00
4.687500000000000e-02 5.100084842364160e-02 1.050763458180616e+00
5.000000000000000e-02 5.446930176550237e-02 1.050846665868394e+00
5.312500000000001e-02 5.795105354729364e-02 1.050920290979081e+00
5.625000000000000e-02 6.144695382336569e-02 1.050985911052083e+00
5.937500000000000e-02 6.495785610236132e-02 1.051044775334172e+00
6.250000000000000e-02 6.848461755559625e-02 1.051097886034871e+00
6.562500000000000e-02 7.202809922633362e-02 1.051146056360843e+00
6.875000000000001e-02 7.558916624000402e-02 1.051189953111403e+00
7.187500000000001e-02 7.916868801542200e-02 1.051230128211730e+00
7.500000000000001e-02 8.276753847705080e-02 1.051267042412070e+00
7.812500000000000e-02 8.638659626836727e-02 1.051301083324667e+00
8.125000000000000e-02 9.002674496637868e-02 1.051332579411706e+00
8.437500000000001e-02 9.368887329734420e-02 1.051361810794575e+00
8.750000000000001e-02 9.737387535375355e-02 1.051389017971907e+00
9.062500000000001e-02 1.010826508126157e-01 1.051414408386530e+00
9.375000000000000e-02 1.048161051551108e-01 1.051438162066001e+00
9.687500000000000e-02 1.085751498876601e-01 1.051460435903947e+00
1.000000000000000e-01 1.123607027644654e-01 1.051481367322678e+00
1.031250000000000e-01 1.161736880115753e-01 1.051501077145029e+00
1.062500000000000e-01 1.200150365525305e-01 1.051519672129511e+00
1.093750000000000e-01 1.238856862356450e-01 1.051537246838671e+00
1.125000000000000e-01 1.277865820629775e-01 1.051553885345696e+00
1.156250000000000e-01 1.317186764210495e-01 1.051569662752747e+00
1.187500000000000e-01 1.356829293133661e-01 1.051584646242190e+00
1.218750000000000e-01 1.396803085947971e-01 1.051598896164732e+00
1.250000000000000e-01 1.437117902078738e-01 1.051612466812404e+00
1.281250000000000e-01 1.477783584210617e-01 1.051625407224657e+00
1.312500000000000e-01 1.518810060690650e-01 1.051637761821047e+00
1.343750000000000e-01 1.560207347952229e-01 1.051649570805981e+00
1.375000000000000e-01 1.601985552960564e-01 1.051660870847768e+00
1.406250000000000e-01 1.644154875680252e-01 1.051671695290565e+00
1.437500000000000e-01 1.686725611565558e-01 1.051682074620211e+00
1.468750000000000e-01 1.729708154074000e-01 1.051692036725750e+00
1.500000000000000e-01 1.773112997203869e-01 1.051701607206681e+00
1.531250000000000e-01 1.816950738056289e-01 1.051710809498622e+00
1.562500000000000e-01 1.861232079422458e-01 1.051719665258368e+00
1.593750000000000e-01 1.905967832396682e-01 1.051728194382176e+00
1.625000000000000e-01 1.951168919015860e-01 1.051736415249426e+00
1.656250000000000e-01 1.996846374926046e-01 1.051744344885472e+00
1.687500000000000e-01 2.043011352076760e-01 1.051751999045539e+00
1.718750000000000e-01 2.089675121443681e-01 1.051759392313588e+00
1.750000000000000e-01 2.136849075780412e-01 1.051766538267468e+00
1.781250000000000e-01 2.184544732399964e-01 1.051773449485842e+00
1.812500000000000e-01 2.232773735986666e-01 1.051780137762693e+00
1.843750000000000e-01 2.281547861439151e-01 1.051786613986905e+00
1.875000000000000e-01 2.330879016745160e-01 1.051792888413769e+00
1.906250000000000e-01 2.380779245888810e-01 1.051798970608554e+00
1.937500000000000e-01 2.431260731791094e-01 1.051804869511475e+00
1.968750000000000e-01 2.482335799284277e-01 1.051810593446350e+00
2.000000000000000e-01 2.534016918120952e-01 1.051816150302719e+00
2.031250000000000e-01 2.586316706018478e-01 1.051821547438296e+00
2.062500000000000e-01 2.639247931739538e-01 1.051826791752638e+00
2.093750000000000e-01 2.692823518209576e-01 1.051831889755628e+00
2.125000000000000e-01 2.747056545671873e-01 1.051836847585138e+00
2.156250000000000e-01 2.801960254881028e-01 1.051841671018666e+00
2.187500000000000e-01 2.857548050335636e-01 1.051846365525502e+00
2.218750000000000e-01 2.913833503550930e-01 1.051850936223305e+00
2.250000000000000e-01 2.970830356372213e-01 1.051855387966373e+00
2.281250000000000e-01 3.028552524329863e-01 1.051859725340750e+00
2.312500000000000e-01 3.087014100036755e-01 1.051863952701168e+00
2.343750000000000e-01 3.146229356628902e-01 1.051868074159647e+00
2.375000000000000e-01 3.206212751250189e-01 1.051872093616409e+00
2.406250000000000e-01 3.266978928582008e-01 1.051876014788930e+00
2.437500000000000e-01 3.328542724418705e-01 1.051879841193248e+00
2.468750000000000e-01 3.390919169289667e-01 1.051883576122061e+00
2.500000000000000e-01 3.454123492128958e-01 1.051887222803934e+00
2.531250000000000e-01 3.518171123993401e-01 1.051890784243967e+00
2.562500000000000e-01 3.583077701830001e-01 1.051894263286806e+00
2.593750000000000e-01 3.648859072293631e-01 1.051897662680293e+00
2.625000000000000e-01 3.715531295615936e-01 1.051900985001698e+00
2.656250000000000e-01 3.783110649526354e-01 1.051904232809892e+00
2.687500000000000e-01 3.851613633226258e-01 1.051907408433443e+00
2.718750000000000e-01 3.921056971417164e-01 1.051910514117970e+00
2.750000000000000e-01 3.991457618383991e-01 1.051913552085674e+00
2.781250000000000e-01 4.062832762134377e-01 1.051916524365763e+00
2.812500000000000e-01 4.135199828595055e-01 1.051919432939945e+00
2.843750000000000e-01 4.208576485866312e-01 1.051922279708180e+00
2.875000000000000e-01 4.282980648535585e-01 1.051925066498327e+00
2.906250000000000e-01 4.358430482051222e-01 1.051927795029356e+00
2.937500000000000e-01 4.434944407157500e-01 1.051930467010533e+00
2.968750000000000e-01 4.512541104391968e-01 1.051933084013418e+00
3.000000000000000e-01 4.591239518646220e-01 1.051935647568737e+00
3.031250000000000e-01 4.671058863791195e-01 1.051938159174094e+00
3.062500000000000e-01 4.752018627368176e-01 1.051940620255377e+00
3.093750000000000e-01 4.834138575346580e-01 1.051943032172306e+00
3.125000000000000e-01 4.917438756949728e-01 1.051945396223726e+00
3.156250000000000e-01 5.001939509549778e-01 1.051947713652665e+00
3.187500000000000e-01 5.087661463633005e-01 1.051949985697132e+00
3.218750000000000e-01 5.174625547836644e-01 1.051952213550293e+00
3.250000000000000e-01 5.262852994058529e-01 1.051954398272940e+00
3.281250000000000e-01 5.352365342640750e-01 1.051956541024526e+00
3.312500000000000e-01 5.443184447628656e-01 1.051958642795991e+00
3.343750000000000e-01 5.535332482106405e-01 1.051960704638942e+00
3.375000000000000e-01 5.628831943610435e-01 1.051962727488585e+00
3.406250000000000e-01 5.723705659622137e-01 1.051964712348172e+00
3.437500000000000e-01 5.819976793141081e-01 1.051966660065703e+00
3.468750000000000e-01 5.917668848340161e-01 1.051968571562579e+00
3.500000000000000e-01 6.016805676304035e-01 1.051970447656033e+00
3.531250000000000e-01 6.117411480852264e-01 1.051972289197150e+00
3.562500000000000e-01 6.219510824448572e-01 1.051974096983513e+00
3.593750000000000e-01 6.323128634197650e-01 1.051975871760659e+00
3.625000000000000e-01 6.428290207931012e-01 1.051977614315373e+00
3.656250000000000e-01 6.535021220383342e-01 1.051979325342109e+00
3.687500000000000e-01 6.643347729460869e-01 1.051981005534634e+00
3.718750000000000e-01 6.753296182603294e-01 1.051982655588675e+00
3.750000000000000e-01 6.864893423240808e-01 1.051984276158544e+00
3.781250000000000e-01 6.978166697347804e-01 1.051985867904116e+00
3.812500000000000e-01 7.093143660094854e-01 1.051987431401391e+00
3.843750000000000e-01 7.209852382600603e-01 1.051988967279773e+00
3.875000000000000e-01 7.328321358785219e-01 1.051990476134004e+00
3.906250000000000e-01 7.448579512327029e-01 1.051991958524981e+00
3.937500000000000e-01 7.570656203724140e-01 1.051993414980533e+00
3.968750000000000e-01 7.694581237462648e-01 1.051994846088045e+00
4.000000000000000e-01 7.820384869293291e-01 1.051996252314317e+00
4.031250000000000e-01 7.948097813618253e-01 1.051997634187054e+00
4.062500000000000e-01 8.077751250989945e-01 1.051998992206543e+00
4.093750000000000e-01 8.209376835723596e-01 1.052000326846234e+00
4.125000000000000e-01 8.343006703625532e-01 1.052001638599238e+00
4.156250000000000e-01 8.478673479838968e-01 1.052002927888443e+00
4.187500000000000e-01 8.616410286809313e-01 1.052004195203360e+00
4.218750000000000e-01 8.756250752370857e-01 1.052005440919769e+00
4.250000000000000e-01 8.898229017956865e-01 1.052006665481002e+00
4.281250000000000e-01 9.042379746935050e-01 1.052007869309405e+00
4.312500000000000e-01 9.188738133070491e-01 1.052009052806740e+00
4.343750000000000e-01 9.337339909118028e-01 1.052010216354570e+00
4.375000000000000e-01 9.488221355546261e-01 1.052011360314621e+00
4.406250000000000e-01 9.641419309395265e-01 1.052012485075057e+00
4.437500000000000e-01 9.796971173270190e-01 1.052013591006328e+00
4.468750000000000e-01 9.954914924472941e-01 1.052014678415541e+00
4.500000000000000e-01 1.011528912427417e+00 1.052015747729043e+00
4.531250000000000e-01 1.027813292732786e+00 1.052016799221438e+00
4.562500000000000e-01 1.044348609123070e+00 1.052017833241179e+00
4.593750000000000e-01 1.061138898622882e+00 1.052018850121845e+00
4.625000000000000e-01 1.078188260507393e+00 1.052019850182377e+00
4.656250000000000e-01 1.095500857303154e+00 1.052020833681380e+00
4.687500000000000e-01 1.113080915804360e+00 1.052021800953678e+00
4.718750000000000e-01 1.130932728104805e+00 1.052022752321549e+00
4.750000000000000e-01 1.149060652645771e+00 1.052023688003058e+00
4.781250000000000e-01 1.167469115280130e+00 1.052024608339005e+00
4.812500000000000e-01 1.186162610352890e+00 1.052025513567776e+00
4.843750000000000e-01 1.205145701798475e+00 1.052026404006347e+00
4.875000000000000e-01 1.224423024254985e+00 1.052027279869601e+00
4.906250000000000e-01 1.243999284195726e+00 1.052028141451321e+00
4.937500000000000e-01 1.263879261078271e+00 1.052028988989420e+00
4.968750000000000e-01 1.284067808511348e+00 1.052029822710569e+00
5.000000000000000e-01 1.304569855439823e+00 1.052030642876256e+00
5.031250000000000e-01 1.325390407348082e+00 1.052031449692487e+00
5.062500000000000e-01 1.346534547482100e+00 1.052032243446251e+00
5.093750000000000e-01 1.368007438090487e+00 1.052033024324790e+00
5.125000000000001e-01 1.389814321684837e+00 1.052033792550622e+00
5.156250000000000e-01 1.411960522319654e+00 1.052034548383066e+00
5.187500000000000e-01 1.434451446892208e+00 1.052035291982004e+00
5.218750000000000e-01 1.457292586462593e+00 1.052036023588799e+00
5.250000000000000e-01 1.480489517594354e+00 1.052036743391478e+00
5.281250000000001e-01 1.504047903715979e+00 1.052037451615230e+00
5.312500000000000e-01 1.527973496503592e+00 1.052038148432061e+00
5.343750000000000e-01 1.552272137285215e+00 1.052038834051296e+00
5.375000000000000e-01 1.576949758466886e+00 1.052039508629228e+00
5.406250000000000e-01 1.602012384981041e+00 1.052040172405524e+00
5.437500000000001e-01 1.627466135757470e+00 1.052040825522460e+00
5.468750000000000e-01 1.653317225217225e+00 1.052041468205812e+00
5.500000000000000e-01 1.679571964789851e+00 1.052042100584080e+00
5.531250000000000e-01 1.706236764454286e+00 1.052042722869384e+00
5.562500000000000e-01 1.733318134303830e+00 1.052043335176674e+00
5.593750000000001e-01 1.760822686135563e+00 1.052043937704626e+00
5.625000000000000e-01 1.788757135064574e+00 1.052044530600766e+00
5.656250000000000e-01 1.817128301163438e+00 1.052045114051941e+00
5.687500000000000e-01 1.845943111127301e+00 1.052045688193941e+00
5.718750000000000e-01 1.875208599965003e+00 1.052046253201960e+00
5.750000000000001e-01 1.904931912716643e+00 1.052046809200214e+00
5.781250000000000e-01 1.935120306198011e+00 1.052047356352404e+00
5.812500000000000e-01 1.965781150772311e+00 1.052047894817247e+00
5.843750000000000e-01 1.996921932149593e+00 1.052048424748516e+00
5.875000000000000e-01 2.028550253214365e+00 1.052048946249145e+00
5.906250000000001e-01 2.060673835881802e+00 1.052049459415767e+00
5.937500000000000e-01 2.093300522983012e+00 1.052049964430581e+00
5.968750000000000e-01 2.126438280179837e+00 1.052050461518303e+00
6.000000000000001e-01 2.160095197909630e+00 1.052050950718009e+00
6.031250000000000e-01 2.194279493360494e+00 1.052051432107080e+00
6.062500000000001e-01 2.228999512477486e+00 1.052051905848575e+00
6.093750000000000e-01 2.264263732000228e+00 1.052052372148164e+00
6.125000000000000e-01 2.300080761532477e+00 1.052052831117815e+00
6.156250000000001e-01 2.336459345644116e+00 1.052053282818895e+00
6.187500000000000e-01 2.373408366006099e+00 1.052053727306688e+00
6.218750000000001e-01 2.410936843558884e+00 1.052054164768181e+00
6.250000000000000e-01 2.449053940714840e+00 1.052054595434494e+00
6.281250000000000e-01 2.487768963595221e+00 1.052055019306798e+00
6.312500000000001e-01 2.527091364302215e+00 1.052055436378837e+00
6.343750000000000e-01 2.567030743226622e+00 1.052055846866545e+00
6.375000000000001e-01 2.607596851391758e+00 1.052056251031475e+00
6.406250000000000e-01 2.648799592834118e+00 1.052056648906706e+00
6.437500000000000e-01 2.690649027021411e+00 1.052057040243854e+00
6.468750000000001e-01 2.733155371308524e+00 1.052057425422972e+00
6.500000000000000e-01 2.776329003432049e+00 1.052057804967286e+00
6.531250000000001e-01 2.820180464043967e+00 1.052058178353559e+00
6.562500000000000e-01 2.864720459285089e+00 1.052058545632603e+00
6.593750000000000e-01 2.909959863398929e+00 1.052058907401791e+00
6.625000000000001e-01 2.955909721386590e+00 1.052059263720013e+00
6.656250000000000e-01 3.002581251703353e+00 1.052059614274351e+00
6.687500000000001e-01 3.049985848997626e+00 1.052059959011634e+00
6.718750000000000e-01 3.098135086892879e+00 1.052060298927567e+00
6.750000000000000e-01 3.147040720813310e+00 1.052060633803362e+00
6.781250000000001e-01 3.196714690853871e+00 1.052060962488941e+00
6.812500000000000e-01 3.247169124695383e+00 1.052061286639976e+00
6.843750000000001e-01 3.298416340565477e+00 1.052061606810746e+00
6.875000000000000e-01 3.350468850246008e+00 1.052061920352395e+00
6.906250000000000e-01 3.403339362127777e+00 1.052062229487378e+00
6.937500000000001e-01 3.457040784313211e+00 1.052062535906208e+00
6.968750000000000e-01 3.511586227767823e+00 1.052062835101031e+00
7.000000000000001e-01 3.566989009521205e+00 1.052063130132421e+00
7.031250000000000e-01 3.623262655918307e+00 1.052063423877337e+00
7.062500000000000e-01 3.680420905921852e+00 1.052063709285860e+00
7.093750000000001e-01 3.738477714466631e+00 1.052063991435051e+00
7.125000000000000e-01 3.797447255866536e+00 1.052064273628973e+00
7.156250000000001e-01 3.857343927275175e+00 1.052064545721833e+00
7.187500000000000e-01 3.918182352200844e+00 1.052064817083343e+00
7.218750000000000e-01 3.979977384076828e+00 1.052065088005837e+00
7.250000000000001e-01 4.042744109887770e+00 1.052065348221707e+00
7.281250000000000e-01 4.106497853853101e+00 1.052065611889335e+00
7.312500000000001e-01 4.171254181168399e+00 1.052065869039241e+00
7.343750000000000e-01 4.237028901805528e+00 1.052066123847855e+00
7.375000000000000e-01 4.303838074372613e+00 1.052066380159688e+00
7.406250000000001e-01 4.371698010034643e+00 1.052066620809867e+00
7.437500000000000e-01 4.440625276495786e+00 1.052066883749037e+00
7.468750000000001e-01 4.510636702044332e+00 1.052067122237276e+00
7.500000000000000e-01 4.581749379661216e+00 1.052067362500030e+00
7.531250000000000e-01 4.653980671193226e+00 1.052067625572052e+00
7.562500000000001e-01 4.727348211591802e+00 1.052067856122226e+00
7.593750000000000e-01 4.801869913218528e+00 1.052068118494893e+00
7.625000000000001e-01 4.877563970218381e+00 1.052068337658726e+00
7.656250000000000e-01 4.954448862961714e+00 1.052068641856901e+00
7.687500000000000e-01 5.032543362556198e+00 1.052068858833497e+00
7.718750000000001e-01 5.111866535429675e+00 1.052069135949944e+00
7.750000000000000e-01 5.192437747985146e+00 1.052069395777119e+00
7.781250000000001e-01 5.274276671329015e+00 1.052069739769272e+00
7.812500000000000e-01 5.357403286073669e+00 1.052069991497100e+00
7.843750000000000e-01 5.441837887215693e+00 1.052070301783391e+00
7.875000000000001e-01 5.527601089090773e+00 1.052070656099576e+00
7.906250000000000e-01 5.614713830406605e+00 1.052071163985625e+00
7.937500000000001e-01 5.703197379355005e+00 1.052071445928056e+00
7.968750000000000e-01 5.793073338804412e+00 1.052071980501996e+00
8.000000000000000e-01 5.884363651574169e+00 1.052072338691867e+00
8.031250000000001e-01 5.977090605791737e+00 1.052073579924615e+00
8.062500000000000e-01 6.071276840334257e+00 1.052073794508674e+00
8.093750000000001e-01 6.166945350355728e+00 1.052075097595017e+00
8.125000000000000e-01 6.264119492901173e+00 1.052075422000311e+00
8.156250000000000e-01 6.362822992609162e+00 1.052077678428568e+00
8.187500000000001e-01 6.463079947504072e+00 1.052080411639140e+00
8.218750000000000e-01 6.564914834879517e+00 1.052080888938799e+00
8.250000000000001e-01 6.668352517274371e+00 1.052085287088547e+00
8.281250000000000e-01 6.773418248542846e+00 1.052086139011293e+00
8.312500000000000e-01 6.880137680020114e+00 1.052092573247793e+00
8.343750000000001e-01 6.988536866784961e+00 1.052108246351578e+00
8.375000000000000e-01 7.098642274021019e+00 1.052110965540316e+00
8.406250000000001e-01 7.210480783478133e+00 1.052120795515910e+00
8.437500000000000e-01 7.324079700035414e+00 1.052147478047171e+00
8.468750000000000e-01 7.439466758367605e+00 1.052152091935152e+00
8.500000000000001e-01 7.556670129716381e+00 1.052182675098689e+00
8.531250000000000e-01 7.675718428768239e+00 1.052329844186680e+00
8.562500000000001e-01 7.796640720640633e+00 1.052506286988389e+00
8.593750000000000e-01 7.919466527978115e+00 1.052553526570046e+00
8.625000000000000e-01 8.044225838160141e+00 1.052606518707062e+00
8.656250000000001e-01 8.170949110622363e+00 1.053118305045330e+00
8.687500000000000e-01 8.299667284293170e+00 1.054443976829686e+00
8.718750000000001e-01 8.430411785147284e+00 1.056485965413595e+00
8.750000000000000e-01 8.563214533878281e+00 1.058755521352392e+00
8.781250000000000e-01 8.698107953691880e+00 1.060713296995496e+00
8.812500000000001e-01 8.835124978221932e+00 1.062056835579031e+00
8.843750000000000e-01 8.974299059571019e+00 1.062785506802901e+00
8.875000000000001e-01 9.115664176477637e+00 1.063097833181597e+00
8.906250000000000e-01 9.259254842611947e+00 1.063252493580109e+00
8.937500000000000e-01 9.405106115002161e+00 1.063471754214503e+00
8.968750000000001e-01 9.553253602593529e+00 1.063899082632042e+00
9.000000000000000e-01 9.703733474942130e+00 1.064596826768526e+00
9.031250000000001e-01 9.856582471045494e+00 1.065568187270238e+00
9.062500000000000e-01 1.001183790831228e+01 1.066786501354323e+00
9.093750000000000e-01 1.016953769167313e+01 1.068214846141557e+00
9.125000000000001e-01 1.032972032283505e+01 1.069807122679294e+00
9.156250000000000e-01 1.049242490968134e+01 1.071494747145719e+00
9.187500000000001e-01 1.065769117581972e+01 1.073173432696175e+00
9.218750000000000e-01 1.082555947028058e+01 1.074707822231394e+00
9.250000000000000e-01 1.099607077736805e+01 1.075964319563832e+00
9.281250000000001e-01 1.116926672666618e+01 1.076863735064785e+00
9.312500000000000e-01 1.134518960320255e+01 1.077424773800614e+00
9.343750000000001e-01 1.152388235777201e+01 1.077765280875974e+00
9.375000000000000e-01 1.170538861742293e+01 1.078051396805568e+00
9.406250000000000e-01 1.188975269610854e+01 1.078421695032079e+00
9.437500000000001e-01 1.207701960550600e+01 1.078932537818940e+00
9.468750000000000e-01 1.226723506600578e+01 1.079554154883594e+00
9.500000000000001e-01 1.246044551787411e+01 1.080209752486206e+00
9.531250000000000e-01 1.265669813259115e+01 1.080824819313940e+00
9.562500000000000e-01 1.285604082436773e+01 1.081357353397567e+00
9.593750000000001e-01 1.305852226184337e+01 1.081801165809996e+00
9.625000000000000e-01 1.326419187996850e+01 1.082172493561090e+00
9.656250000000001e-01 1.347309989207381e+01 1.082494207460678e+00
9.687500000000000e-01 1.368529730212962e+01 1.082785845331904e+00
9.718750000000000e-01 1.390083591719824e+01 1.083060384682845e+00
9.750000000000001e-01 1.411976836008246e+01 1.083325044465589e+00
9.781250000000000e-01 1.434214808217320e+01 1.083583314335134e+00
9.812500000000001e-01 1.456802937649935e+01 1.083836702943284e+00
9.843750000000000e-01 1.479746739098328e+01 1.084085817628434e+00
9.875000000000000e-01 1.503051814190487e+01 1.084330906000491e+00
9.906250000000001e-01 1.526723852757770e+01 1.084572087635272e+00
9.937500000000000e-01 1.550768634224049e+01 1.084809440647351e+00
9.968750000000001e-01 1.575192029016732e+01 1.085043030477619e+00
1.000000000000000e+00 1.600000000000000e+01 1.085272918539326e+00
