0.000000000000000e+00 0.000000000000000e+00 1.000000000000000e+00
3.125000000000000e-03 3.369263549427258e-03 1.000000000260489e+00
6.250000000000000e-03 6.739349689698711e-03 1.000000000648676e+00
9.375000000000001e-03 1.011108121249049e-02 1.000000000711683e+00
1.250000000000000e-02 1.348528131119160e-02 1.000000000756708e+00
1.562500000000000e-02 1.686277378188298e-02 1.000000000769952e+00
1.875000000000000e-02 2.024438322446370e-02 1.000000000801603e+00
2.187500000000000e-02 2.363093524397333e-02 1.000000000828412e+00
2.500000000000000e-02 2.702325665215984e-02 1.000000000851672e+00
2.812500000000000e-02 3.042217566934200e-02 1.000000000872222e+00
3.125000000000000e-02 3.382852212661575e-02 1.000000000890636e+00
3.437500000000000e-02 3.724312766845378e-02 1.000000000907323e+00
3.750000000000001e-02 4.066682595574785e-02 1.000000000922586e+00
4.062500000000000e-02 4.410045286934348e-02 1.000000000936654e+00
4.375000000000000e-02 4.754484671411652e-02 1.000000000949708e+00
4.687500000000000e-02 5.100084842364160e-02 1.000000000961889e+00
5.000000000000000e-02 5.446930176550237e-02 1.000000000973311e+00
5.312500000000001e-02 5.795105354729364e-02 1.000000000984067e+00
5.625000000000000e-02 6.144695382336569e-02 1.000000000994237e+00
5.937500000000000e-02 6.495785610236132e-02 1.000000001003884e+00
6.250000000000000e-02 6.848461755559625e-02 1.000000001013063e+00
6.562500000000000e-02 7.202809922633362e-02 1.000000001021822e+00
6.875000000000001e-02 7.558916624000402e-02 1.000000001030200e+00
7.187500000000001e-02 7.916868801542200e-02 1.000000001038234e+00
7.500000000000001e-02 8.276753847705080e-02 1.000000001045953e+00
7.812500000000000e-02 8.638659626836727e-02 1.000000001053384e+00
8.125000000000000e-02 9.002674496637868e-02 1.000000001060550e+00
8.437500000000001e-02 9.368887329734420e-02 1.000000001067474e+00
8.750000000000001e-02 9.737387535375355e-02 1.000000001074172e+00
9.062500000000001e-02 1.010826508126157e-01 1.000000001080663e+00
9.375000000000000e-02 1.048161051551108e-01 1.000000001086961e+00
9.687500000000000e-02 1.085751498876601e-01 1.000000001093079e+00
1.000000000000000e-01 1.123607027644654e-01 1.000000001099030e+00
1.031250000000000e-01 1.161736880115753e-01 1.000000001104825e+00
1.062500000000000e-01 1.200150365525305e-01 1.000000001110474e+00
1.093750000000000e-01 1.238856862356450e-01 1.000000001115986e+00
1.125000000000000e-01 1.277865820629775e-01 1.000000001121370e+00
1.156250000000000e-01 1.317186764210495e-01 1.000000001126633e+00
1.187500000000000e-01 1.356829293133661e-01 1.000000001131782e+00
1.218750000000000e-01 1.396803085947971e-01 1.000000001136824e+00
1.250000000000000e-01 1.437117902078738e-01 1.000000001141765e+00
1.281250000000000e-01 1.477783584210617e-01 1.000000001146610e+00
1.312500000000000e-01 1.518810060690650e-01 1.000000001151365e+00
1.343750000000000e-01 1.560207347952229e-01 1.000000001156035e+00
1.375000000000000e-01 1.601985552960564e-01 1.000000001160624e+00
1.406250000000000e-01 1.644154875680252e-01 1.000000001165136e+00
1.437500000000000e-01 1.686725611565558e-01 1.000000001169575e+00
1.468750000000000e-01 1.729708154074000e-01 1.000000001173945e+00
1.500000000000000e-01 1.773112997203869e-01 1.000000001178249e+00
1.531250000000000e-01 1.816950738056289e-01 1.000000001182490e+00
1.562500000000000e-01 1.861232079422458e-01 1.000000001186671e+00
1.593750000000000e-01 1.905967832396682e-01 1.000000001190796e+00
1.625000000000000e-01 1.951168919015860e-01 1.000000001228317e+00
1.656250000000000e-01 1.996846374926046e-01 1.000000001267290e+00
1.687500000000000e-01 2.043011352076760e-01 1.000000001274247e+00
1.718750000000000e-01 2.089675121443681e-01 1.000000001314544e+00
1.750000000000000e-01 2.136849075780412e-01 1.000000001356213e+00
1.781250000000000e-01 2.184544732399964e-01 1.000000001399225e+00
1.812500000000000e-01 2.232773735986666e-01 1.000000001410155e+00
1.843750000000000e-01 2.281547861439151e-01 1.000000001454362e+00
1.875000000000000e-01 2.330879016745160e-01 1.000000001499850e+00
1.906250000000000e-01 2.380779245888810e-01 1.000000001546599e+00
1.937500000000000e-01 2.431260731791094e-01 1.000000001594586e+00
1.968750000000000e-01 2.482335799284277e-01 1.000000001643792e+00
2.000000000000000e-01 2.534016918120952e-01 1.000000001694198e+00
2.031250000000000e-01 2.586316706018478e-01 1.000000001745788e+00
2.062500000000000e-01 2.639247931739538e-01 1.000000001798546e+00
2.093750000000000e-01 2.692823518209576e-01 1.000000001852455e+00
2.125000000000000e-01 2.747056545671873e-01 1.000000001907502e+00
2.156250000000000e-01 2.801960254881028e-01 1.000000001963675e+00
2.187500000000000e-01 2.857548050335636e-01 1.000000002020960e+00
2.218750000000000e-01 2.913833503550930e-01 1.000000002079346e+00
2.250000000000000e-01 2.970830356372213e-01 1.000000002138822e+00
2.281250000000000e-01 3.028552524329863e-01 1.000000002199378e+00
2.312500000000000e-01 3.087014100036755e-01 1.000000002261004e+00
2.343750000000000e-01 3.146229356628902e-01 1.000000002323693e+00
2.375000000000000e-01 3.206212751250189e-01 1.000000002387435e+00
2.406250000000000e-01 3.266978928582008e-01 1.000000002452222e+00
2.437500000000000e-01 3.328542724418705e-01 1.000000002518048e+00
2.468750000000000e-01 3.390919169289667e-01 1.000000002584907e+00
2.500000000000000e-01 3.454123492128958e-01 1.000000002652790e+00
2.531250000000000e-01 3.518171123993401e-01 1.000000002721693e+00
2.562500000000000e-01 3.583077701830001e-01 1.000000002791610e+00
2.593750000000000e-01 3.648859072293631e-01 1.000000002862537e+00
2.625000000000000e-01 3.715531295615936e-01 1.000000002934468e+00
2.656250000000000e-01 3.783110649526354e-01 1.000000003007399e+00
2.687500000000000e-01 3.851613633226258e-01 1.000000003081326e+00
2.718750000000000e-01 3.921056971417164e-01 1.000000003156245e+00
2.750000000000000e-01 3.991457618383991e-01 1.000000003232153e+00
2.781250000000000e-01 4.062832762134377e-01 1.000000003309047e+00
2.812500000000000e-01 4.135199828595055e-01 1.000000003386923e+00
2.843750000000000e-01 4.208576485866312e-01 1.000000003499038e+00
2.875000000000000e-01 4.282980648535585e-01 1.000000003613275e+00
2.906250000000000e-01 4.358430482051222e-01 1.000000003696366e+00
2.937500000000000e-01 4.434944407157500e-01 1.000000003813676e+00
2.968750000000000e-01 4.512541104391968e-01 1.000000003933082e+00
3.000000000000000e-01 4.591239518646220e-01 1.000000004054575e+00
3.031250000000000e-01 4.671058863791195e-01 1.000000004178146e+00
3.062500000000000e-01 4.752018627368176e-01 1.000000004303788e+00
3.093750000000000e-01 4.834138575346580e-01 1.000000004431494e+00
3.125000000000000e-01 4.917438756949728e-01 1.000000004561256e+00
3.156250000000000e-01 5.001939509549778e-01 1.000000004693070e+00
3.187500000000000e-01 5.087661463633005e-01 1.000000004826928e+00
3.218750000000000e-01 5.174625547836644e-01 1.000000004962825e+00
3.250000000000000e-01 5.262852994058529e-01 1.000000005100756e+00
3.281250000000000e-01 5.352365342640750e-01 1.000000005240716e+00
3.312500000000000e-01 5.443184447628656e-01 1.000000005382700e+00
3.343750000000000e-01 5.535332482106405e-01 1.000000005559939e+00
3.375000000000000e-01 5.628831943610435e-01 1.000000005740287e+00
3.406250000000000e-01 5.723705659622137e-01 1.000000005923738e+00
3.437500000000000e-01 5.819976793141081e-01 1.000000006110283e+00
3.468750000000000e-01 5.917668848340161e-01 1.000000006299914e+00
3.500000000000000e-01 6.016805676304035e-01 1.000000006492625e+00
3.531250000000000e-01 6.117411480852264e-01 1.000000006688409e+00
3.562500000000000e-01 6.219510824448572e-01 1.000000006887261e+00
3.593750000000000e-01 6.323128634197650e-01 1.000000007089174e+00
3.625000000000000e-01 6.428290207931012e-01 1.000000007327367e+00
3.656250000000000e-01 6.535021220383342e-01 1.000000007569688e+00
3.687500000000000e-01 6.643347729460869e-01 1.000000007816127e+00
3.718750000000000e-01 6.753296182603294e-01 1.000000008066677e+00
3.750000000000000e-01 6.864893423240808e-01 1.000000008321331e+00
3.781250000000000e-01 6.978166697347804e-01 1.000000008613303e+00
3.812500000000000e-01 7.093143660094854e-01 1.000000008910432e+00
3.843750000000000e-01 7.209852382600603e-01 1.000000009212711e+00
3.875000000000000e-01 7.328321358785219e-01 1.000000009520131e+00
3.906250000000000e-01 7.448579512327029e-01 1.000000009832685e+00
3.937500000000000e-01 7.570656203724140e-01 1.000000010183581e+00
3.968750000000000e-01 7.694581237462648e-01 1.000000010540656e+00
4.000000000000000e-01 7.820384869293291e-01 1.000000010903903e+00
4.031250000000000e-01 7.948097813618253e-01 1.000000011273311e+00
4.062500000000000e-01 8.077751250989945e-01 1.000000011682088e+00
4.093750000000000e-01 8.209376835723596e-01 1.000000012098067e+00
4.125000000000000e-01 8.343006703625532e-01 1.000000012521240e+00
4.156250000000000e-01 8.478673479838968e-01 1.000000012984809e+00
4.187500000000000e-01 8.616410286809313e-01 1.000000013456608e+00
4.218750000000000e-01 8.756250752370857e-01 1.000000013936627e+00
4.250000000000000e-01 8.898229017956865e-01 1.000000014458067e+00
4.281250000000000e-01 9.042379746935050e-01 1.000000014988759e+00
4.312500000000000e-01 9.188738133070491e-01 1.000000015561903e+00
4.343750000000000e-01 9.337339909118028e-01 1.000000016145327e+00
4.375000000000000e-01 9.488221355546261e-01 1.000000016739022e+00
4.406250000000000e-01 9.641419309395265e-01 1.000000017376186e+00
4.437500000000000e-01 9.796971173270190e-01 1.000000018057855e+00
4.468750000000000e-01 9.954914924472941e-01 1.000000018751856e+00
4.500000000000000e-01 1.011528912427417e+00 1.000000019491385e+00
4.531250000000000e-01 1.027813292732786e+00 1.000000020244267e+00
4.562500000000000e-01 1.044348609123070e+00 1.000000021043698e+00
4.593750000000000e-01 1.061138898622882e+00 1.000000021890709e+00
4.625000000000000e-01 1.078188260507393e+00 1.000000022786329e+00
4.656250000000000e-01 1.095500857303154e+00 1.000000023698382e+00
4.687500000000000e-01 1.113080915804360e+00 1.000000024660061e+00
4.718750000000000e-01 1.130932728104805e+00 1.000000025672392e+00
4.750000000000000e-01 1.149060652645771e+00 1.000000026736404e+00
4.781250000000000e-01 1.167469115280130e+00 1.000000027886324e+00
4.812500000000000e-01 1.186162610352890e+00 1.000000029091013e+00
4.843750000000000e-01 1.205145701798475e+00 1.000000030351492e+00
4.875000000000000e-01 1.224423024254985e+00 1.000000031668784e+00
4.906250000000000e-01 1.243999284195726e+00 1.000000033077113e+00
4.937500000000000e-01 1.263879261078271e+00 1.000000034545334e+00
4.968750000000000e-01 1.284067808511348e+00 1.000000036107668e+00
5.000000000000000e-01 1.304569855439823e+00 1.000000037766170e+00
5.031250000000000e-01 1.325390407348082e+00 1.000000039522892e+00
5.062500000000000e-01 1.346534547482100e+00 1.000000041379884e+00
5.093750000000000e-01 1.368007438090487e+00 1.000000043339195e+00
5.125000000000001e-01 1.389814321684837e+00 1.000000045402874e+00
5.156250000000000e-01 1.411960522319654e+00 1.000000047606169e+00
5.187500000000000e-01 1.434451446892208e+00 1.000000049952158e+00
5.218750000000000e-01 1.457292586462593e+00 1.000000052443916e+00
5.250000000000000e-01 1.480489517594354e+00 1.000000055084519e+00
5.281250000000001e-01 1.504047903715979e+00 1.000000057877038e+00
5.312500000000000e-01 1.527973496503592e+00 1.000000060857745e+00
5.343750000000000e-01 1.552272137285215e+00 1.000000064030740e+00
5.375000000000000e-01 1.576949758466886e+00 1.000000067433320e+00
5.406250000000000e-01 1.602012384981041e+00 1.000000071070613e+00
5.437500000000001e-01 1.627466135757470e+00 1.000000074947740e+00
5.468750000000000e-01 1.653317225217225e+00 1.000000079103022e+00
5.500000000000000e-01 1.679571964789851e+00 1.000000083542608e+00
5.531250000000000e-01 1.706236764454286e+00 1.000000088305840e+00
5.562500000000000e-01 1.733318134303830e+00 1.000000093433091e+00
5.593750000000001e-01 1.760822686135563e+00 1.000000098932555e+00
5.625000000000000e-01 1.788757135064574e+00 1.000000104845625e+00
5.656250000000000e-01 1.817128301163438e+00 1.000000111247918e+00
5.687500000000000e-01 1.845943111127301e+00 1.000000118150702e+00
5.718750000000000e-01 1.875208599965003e+00 1.000000125598441e+00
5.750000000000001e-01 1.904931912716643e+00 1.000000133669823e+00
5.781250000000000e-01 1.935120306198011e+00 1.000000142412384e+00
5.812500000000000e-01 1.965781150772311e+00 1.000000151907882e+00
5.843750000000000e-01 1.996921932149593e+00 1.000000162240124e+00
5.875000000000000e-01 2.028550253214365e+00 1.000000173461763e+00
5.906250000000001e-01 2.060673835881802e+00 1.000000185692872e+00
5.937500000000000e-01 2.093300522983012e+00 1.000000199056595e+00
5.968750000000000e-01 2.126438280179837e+00 1.000000213712347e+00
6.000000000000001e-01 2.160095197909630e+00 1.000000229757240e+00
6.031250000000000e-01 2.194279493360494e+00 1.000000247323628e+00
6.062500000000001e-01 2.228999512477486e+00 1.000000266746122e+00
6.093750000000000e-01 2.264263732000228e+00 1.000000288102969e+00
6.125000000000000e-01 2.300080761532477e+00 1.000000311606221e+00
6.156250000000001e-01 2.336459345644116e+00 1.000000337771823e+00
6.187500000000000e-01 2.373408366006099e+00 1.000000366831283e+00
6.218750000000001e-01 2.410936843558884e+00 1.000000398888428e+00
6.250000000000000e-01 2.449053940714840e+00 1.000000434745237e+00
6.281250000000000e-01 2.487768963595221e+00 1.000000475093438e+00
6.312500000000001e-01 2.527091364302215e+00 1.000000519946031e+00
6.343750000000000e-01 2.567030743226622e+00 1.000000570043258e+00
6.375000000000001e-01 2.607596851391758e+00 1.000000627140730e+00
6.406250000000000e-01 2.648799592834118e+00 1.000000691849128e+00
6.437500000000000e-01 2.690649027021411e+00 1.000000763995676e+00
6.468750000000001e-01 2.733155371308524e+00 1.000000845985670e+00
6.500000000000000e-01 2.776329003432049e+00 1.000000941554499e+00
6.531250000000001e-01 2.820180464043967e+00 1.000001050428595e+00
6.562500000000000e-01 2.864720459285089e+00 1.000001172016076e+00
6.593750000000000e-01 2.909959863398929e+00 1.000001313530837e+00
6.625000000000001e-01 2.955909721386590e+00 1.000001483296042e+00
6.656250000000000e-01 3.002581251703353e+00 1.000001677891248e+00
6.687500000000001e-01 3.049985848997626e+00 1.000001894596771e+00
6.718750000000000e-01 3.098135086892879e+00 1.000002152034667e+00
6.750000000000000e-01 3.147040720813310e+00 1.000002474032436e+00
6.781250000000001e-01 3.196714690853871e+00 1.000002852784803e+00
6.812500000000000e-01 3.247169124695383e+00 1.000003267708302e+00
6.843750000000001e-01 3.298416340565477e+00 1.000003751085145e+00
6.875000000000000e-01 3.350468850246008e+00 1.000004385498341e+00
6.906250000000000e-01 3.403339362127777e+00 1.000005199919101e+00
6.937500000000001e-01 3.457040784313211e+00 1.000006099956325e+00
6.968750000000000e-01 3.511586227767823e+00 1.000007025798352e+00
7.000000000000001e-01 3.566989009521205e+00 1.000008134396761e+00
7.031250000000000e-01 3.623262655918307e+00 1.000009733506387e+00
7.062500000000000e-01 3.680420905921852e+00 1.000011884933277e+00
7.093750000000001e-01 3.738477714466631e+00 1.000014019081021e+00
7.125000000000000e-01 3.797447255866536e+00 1.000015522780812e+00
7.156250000000001e-01 3.857343927275175e+00 1.000016526408185e+00
7.187500000000000e-01 3.918182352200844e+00 1.000017606732907e+00
7.218750000000000e-01 3.979977384076828e+00 1.000019274356835e+00
7.250000000000001e-01 4.042744109887770e+00 1.000020711344973e+00
7.281250000000000e-01 4.106497853853101e+00 1.000021161690120e+00
7.312500000000001e-01 4.171254181168399e+00 1.000039204662112e+00
7.343750000000000e-01 4.237028901805528e+00 1.000152989944475e+00
7.375000000000000e-01 4.303838074372613e+00 1.000523946606318e+00
7.406250000000001e-01 4.371698010034643e+00 1.001356532010205e+00
7.437500000000000e-01 4.440625276495786e+00 1.002799492396465e+00
7.468750000000001e-01 4.510636702044332e+00 1.004853529315037e+00
7.500000000000000e-01 4.581749379661216e+00 1.007349216883131e+00
7.531250000000000e-01 4.653980671193226e+00 1.010004879187505e+00
7.562500000000001e-01 4.727348211591802e+00 1.012523622229458e+00
7.593750000000000e-01 4.801869913218528e+00 1.014677821151513e+00
7.625000000000001e-01 4.877563970218381e+00 1.016351148909273e+00
7.656250000000000e-01 4.954448862961714e+00 1.017536937850687e+00
7.687500000000000e-01 5.032543362556198e+00 1.018309052902976e+00
7.718750000000001e-01 5.111866535429675e+00 1.018784348524076e+00
7.750000000000000e-01 5.192437747985146e+00 1.019090021910452e+00
7.781250000000001e-01 5.274276671329015e+00 1.019341587519337e+00
7.812500000000000e-01 5.357403286073669e+00 1.019631627280682e+00
7.843750000000000e-01 5.441837887215693e+00 1.020026735550031e+00
7.875000000000001e-01 5.527601089090773e+00 1.020569459906634e+00
7.906250000000000e-01 5.614713830406605e+00 1.021282533202641e+00
7.937500000000001e-01 5.703197379355005e+00 1.022173576956154e+00
7.968750000000000e-01 5.793073338804412e+00 1.023239311598576e+00
8.000000000000000e-01 5.884363651574169e+00 1.024468905571749e+00
8.031250000000001e-01 5.977090605791737e+00 1.025846390785474e+00
8.062500000000000e-01 6.071276840334257e+00 1.027352190434475e+00
8.093750000000001e-01 6.166945350355728e+00 1.028963908545949e+00
8.125000000000000e-01 6.264119492901173e+00 1.030656652580130e+00
8.156250000000000e-01 6.362822992609162e+00 1.032403173056171e+00
8.187500000000001e-01 6.463079947504072e+00 1.034173927470784e+00
8.218750000000000e-01 6.564914834879517e+00 1.035936945697770e+00
8.250000000000001e-01 6.668352517274371e+00 1.037657397095525e+00
8.281250000000000e-01 6.773418248542846e+00 1.039297216609469e+00
8.312500000000000e-01 6.880137680020114e+00 1.040815828026159e+00
8.343750000000001e-01 6.988536866784961e+00 1.042173324733922e+00
8.375000000000000e-01 7.098642274021019e+00 1.043336844382096e+00
8.406250000000001e-01 7.210480783478133e+00 1.044289225192368e+00
8.437500000000000e-01 7.324079700035414e+00 1.045037107564512e+00
8.468750000000000e-01 7.439466758367605e+00 1.045614724092878e+00
8.500000000000001e-01 7.556670129716381e+00 1.046080596218212e+00
8.531250000000000e-01 7.675718428768239e+00 1.046506940431770e+00
8.562500000000001e-01 7.796640720640633e+00 1.046964466447944e+00
8.593750000000000e-01 7.919466527978115e+00 1.047507042690409e+00
8.625000000000000e-01 8.044225838160141e+00 1.048160785270927e+00
8.656250000000001e-01 8.170949110622363e+00 1.048920672680273e+00
8.687500000000000e-01 8.299667284293170e+00 1.049755386629041e+00
8.718750000000001e-01 8.430411785147284e+00 1.050618467612858e+00
8.750000000000000e-01 8.563214533878281e+00 1.051461908154495e+00
8.781250000000000e-01 8.698107953691880e+00 1.052247779469045e+00
8.812500000000001e-01 8.835124978221932e+00 1.052954680484349e+00
8.843750000000000e-01 8.974299059571019e+00 1.053578146635542e+00
8.875000000000001e-01 9.115664176477637e+00 1.054126475620325e+00
8.906250000000000e-01 9.259254842611947e+00 1.054614651203491e+00
8.937500000000000e-01 9.405106115002161e+00 1.055058856119316e+00
8.968750000000001e-01 9.553253602593529e+00 1.055472956112936e+00
9.000000000000000e-01 9.703733474942130e+00 1.055867109856405e+00
9.031250000000001e-01 9.856582471045494e+00 1.056247893923795e+00
9.062500000000000e-01 1.001183790831228e+01 1.056619144848839e+00
9.093750000000000e-01 1.016953769167313e+01 1.056982913274714e+00
9.125000000000001e-01 1.032972032283505e+01 1.057340225727101e+00
9.156250000000000e-01 1.049242490968134e+01 1.057691583012617e+00
9.187500000000001e-01 1.065769117581972e+01 1.058037241239552e+00
9.218750000000000e-01 1.082555947028058e+01 1.058377352330619e+00
9.250000000000000e-01 1.099607077736805e+01 1.058712026906080e+00
9.281250000000001e-01 1.116926672666618e+01 1.059041360028779e+00
9.312500000000000e-01 1.134518960320255e+01 1.059365440591366e+00
9.343750000000001e-01 1.152388235777201e+01 1.059684354594775e+00
9.375000000000000e-01 1.170538861742293e+01 1.059998186181886e+00
9.406250000000000e-01 1.188975269610854e+01 1.060307018036305e+00
9.437500000000001e-01 1.207701960550600e+01 1.060610931405312e+00
9.468750000000000e-01 1.226723506600578e+01 1.060910006121417e+00
9.500000000000001e-01 1.246044551787411e+01 1.061204320693049e+00
9.531250000000000e-01 1.265669813259115e+01 1.061493952290465e+00
9.562500000000000e-01 1.285604082436773e+01 1.061778976799647e+00
9.593750000000001e-01 1.305852226184337e+01 1.062059468840758e+00
9.625000000000000e-01 1.326419187996850e+01 1.062335501749968e+00
9.656250000000001e-01 1.347309989207381e+01 1.062607147699929e+00
9.687500000000000e-01 1.368529730212962e+01 1.062874477575350e+00
9.718750000000000e-01 1.390083591719824e+01 1.063137561125015e+00
9.750000000000001e-01 1.411976836008246e+01 1.063396466905287e+00
9.781250000000000e-01 1.434214808217320e+01 1.063651262361241e+00
9.812500000000001e-01 1.456802937649935e+01 1.063902013802852e+00
9.843750000000000e-01 1.479746739098328e+01 1.064148786414040e+00
9.875000000000000e-01 1.503051814190487e+01 1.064391644331137e+00
9.906250000000001e-01 1.526723852757770e+01 1.064630650580958e+00
9.937500000000000e-01 1.550768634224049e+01 1.064865867192095e+00
9.968750000000001e-01 1.575192029016732e+01 1.065097355131559e+00
1.000000000000000e+00 1.600000000000000e+01 1.065325174379351e+00
