0.000000000000000e+00 0.000000000000000e+00 1.000000000000000e+00
3.125000000000000e-03 3.369263549427258e-03 1.036177647580398e+00
6.250000000000000e-03 6.739349689698711e-03 1.043016603257948e+00
9.375000000000001e-03 1.011108121249049e-02 1.045792858481517e+00
1.250000000000000e-02 1.348528131119160e-02 1.047275810073061e+00
1.562500000000000e-02 1.686277378188298e-02 1.048196011589296e+00
1.875000000000000e-02 2.024438322446370e-02 1.048822161122155e+00
2.187500000000000e-02 2.363093524397333e-02 1.049275650260340e+00
2.500000000000000e-02 2.702325665215984e-02 1.049619218035206e+00
2.812500000000000e-02 3.042217566934200e-02 1.049888520978784e+00
3.125000000000000e-02 3.382852212661575e-02 1.050105311546232e+00
3.437500000000000e-02 3.724312766845378e-02 1.050283608497260e+00
3.750000000000001e-02 4.066682595574785e-02 1.050432851409075e+00
4.062500000000000e-02 4.410045286934348e-02 1.050559628111208e+00
4.375000000000000e-02 4.754484671411652e-02 1.050668675663062e+00
4.687500000000000e-02 5.100084842364160e-02 1.050763487186149e+00
5.000000000000000e-02 5.446930176550237e-02 1.050846694961385e+00
5.312500000000001e-02 5.795105354729364e-02 1.050920320161350e+00
5.625000000000000e-02 6.144695382336569e-02 1.050985940289189e+00
5.937500000000000e-02 6.495785610236132e-02 1.051044804643666e+00
6.250000000000000e-02 6.848461755559625e-02 1.051097915402639e+00
6.562500000000000e-02 7.202809922633362e-02 1.051146085793469e+00
6.875000000000001e-02 7.558916624000402e-02 1.051189982629787e+00
7.187500000000001e-02 7.916868801542200e-02 1.051230157787763e+00
7.500000000000001e-02 8.276753847705080e-02 1.051267072059986e+00
7.812500000000000e-02 8.638659626836727e-02 1.051301113036814e+00
8.125000000000000e-02 9.002674496637868e-02 1.051332609204317e+00
8.437500000000001e-02 9.368887329734420e-02 1.051361840677689e+00
8.750000000000001e-02 9.737387535375355e-02 1.051389047920820e+00
9.062500000000001e-02 1.010826508126157e-01 1.051414438422574e+00
9.375000000000000e-02 1.048161051551108e-01 1.051438192164736e+00
9.687500000000000e-02 1.085751498876601e-01 1.051460466086945e+00
1.000000000000000e-01 1.123607027644654e-01 1.051481397577580e+00
1.031250000000000e-01 1.161736880115753e-01 1.051501107502266e+00
1.062500000000000e-01 1.200150365525305e-01 1.051519702550442e+00
1.093750000000000e-01 1.238856862356450e-01 1.051537277349366e+00
1.125000000000000e-01 1.277865820629775e-01 1.051553915962113e+00
1.156250000000000e-01 1.317186764210495e-01 1.051569693456289e+00
1.187500000000000e-01 1.356829293133661e-01 1.051584677056456e+00
1.218750000000000e-01 1.396803085947971e-01 1.051598927047726e+00
1.250000000000000e-01 1.437117902078738e-01 1.051612497778771e+00
1.281250000000000e-01 1.477783584210617e-01 1.051625438313539e+00
1.312500000000000e-01 1.518810060690650e-01 1.051637792998992e+00
1.343750000000000e-01 1.560207347952229e-01 1.051649602128031e+00
1.375000000000000e-01 1.601985552960564e-01 1.051660902312250e+00
1.406250000000000e-01 1.644154875680252e-01 1.051671726907036e+00
1.437500000000000e-01 1.686725611565558e-01 1.051682106373864e+00
1.468750000000000e-01 1.729708154074000e-01 1.051692068642775e+00
1.500000000000000e-01 1.773112997203869e-01 1.051701639255578e+00
1.531250000000000e-01 1.816950738056289e-01 1.051710841716017e+00
1.562500000000000e-01 1.861232079422458e-01 1.051719697645040e+00
1.593750000000000e-01 1.905967832396682e-01 1.051728226929198e+00
1.625000000000000e-01 1.951168919015860e-01 1.051736447964175e+00
1.656250000000000e-01 1.996846374926046e-01 1.051744377769648e+00
1.687500000000000e-01 2.043011352076760e-01 1.051752032069221e+00
1.718750000000000e-01 2.089675121443681e-01 1.051759425479893e+00
1.750000000000000e-01 2.136849075780412e-01 1.051766571585478e+00
1.781250000000000e-01 2.184544732399964e-01 1.051773482986250e+00
1.812500000000000e-01 2.232773735986666e-01 1.051780171420977e+00
1.843750000000000e-01 2.281547861439151e-01 1.051786647873393e+00
1.875000000000000e-01 2.330879016745160e-01 1.051792922523966e+00
1.906250000000000e-01 2.380779245888810e-01 1.051799004917760e+00
1.937500000000000e-01 2.431260731791094e-01 1.051804904031134e+00
1.968750000000000e-01 2.482335799284277e-01 1.051810628187505e+00
2.000000000000000e-01 2.534016918120952e-01 1.051816185239363e+00
2.031250000000000e-01 2.586316706018478e-01 1.051821582606919e+00
2.062500000000000e-01 2.639247931739538e-01 1.051826827168385e+00
2.093750000000000e-01 2.692823518209576e-01 1.051831925418700e+00
2.125000000000000e-01 2.747056545671873e-01 1.051836883533612e+00
2.156250000000000e-01 2.801960254881028e-01 1.051841707242159e+00
2.187500000000000e-01 2.857548050335636e-01 1.051846402015918e+00
2.218750000000000e-01 2.913833503550930e-01 1.051850972979357e+00
2.250000000000000e-01 2.970830356372213e-01 1.051855425036468e+00
2.281250000000000e-01 3.028552524329863e-01 1.051859762740584e+00
2.312500000000000e-01 3.087014100036755e-01 1.051863990445501e+00
2.343750000000000e-01 3.146229356628902e-01 1.051868112235387e+00
2.375000000000000e-01 3.206212751250189e-01 1.051872132038592e+00
2.406250000000000e-01 3.266978928582008e-01 1.051876053563050e+00
2.437500000000000e-01 3.328542724418705e-01 1.051879880322206e+00
2.468750000000000e-01 3.390919169289667e-01 1.051883615659424e+00
2.500000000000000e-01 3.454123492128958e-01 1.051887262723133e+00
2.531250000000000e-01 3.518171123993401e-01 1.051890824534717e+00
2.562500000000000e-01 3.583077701830001e-01 1.051894303961231e+00
2.593750000000000e-01 3.648859072293631e-01 1.051897703781059e+00
2.625000000000000e-01 3.715531295615936e-01 1.051901026558885e+00
2.656250000000000e-01 3.783110649526354e-01 1.051904274801781e+00
2.687500000000000e-01 3.851613633226258e-01 1.051907450880339e+00
2.718750000000000e-01 3.921056971417164e-01 1.051910557041368e+00
2.750000000000000e-01 3.991457618383991e-01 1.051913595467745e+00
2.781250000000000e-01 4.062832762134377e-01 1.051916568243638e+00
2.812500000000000e-01 4.135199828595055e-01 1.051919477365300e+00
2.843750000000000e-01 4.208576485866312e-01 1.051922324703517e+00
2.875000000000000e-01 4.282980648535585e-01 1.051925112059559e+00
2.906250000000000e-01 4.358430482051222e-01 1.051927841222345e+00
2.937500000000000e-01 4.434944407157500e-01 1.051930513835525e+00
2.968750000000000e-01 4.512541104391968e-01 1.051933131498356e+00
3.000000000000000e-01 4.591239518646220e-01 1.051935695726061e+00
3.031250000000000e-01 4.671058863791195e-01 1.051938208051655e+00
3.062500000000000e-01 4.752018627368176e-01 1.051940669843837e+00
3.093750000000000e-01 4.834138575346580e-01 1.051943082500609e+00
3.125000000000000e-01 4.917438756949728e-01 1.051945447314434e+00
3.156250000000000e-01 5.001939509549778e-01 1.051947765571347e+00
3.187500000000000e-01 5.087661463633005e-01 1.051950038461839e+00
3.218750000000000e-01 5.174625547836644e-01 1.051952267131734e+00
3.250000000000000e-01 5.262852994058529e-01 1.051954452782268e+00
3.281250000000000e-01 5.352365342640750e-01 1.051956596438579e+00
3.312500000000000e-01 5.443184447628656e-01 1.051958699188046e+00
3.343750000000000e-01 5.535332482106405e-01 1.051960762044046e+00
3.375000000000000e-01 5.628831943610435e-01 1.051962785948189e+00
3.406250000000000e-01 5.723705659622137e-01 1.051964771868010e+00
3.437500000000000e-01 5.819976793141081e-01 1.051966720706516e+00
3.468750000000000e-01 5.917668848340161e-01 1.051968633351835e+00
3.500000000000000e-01 6.016805676304035e-01 1.051970510680531e+00
3.531250000000000e-01 6.117411480852264e-01 1.051972353465256e+00
3.562500000000000e-01 6.219510824448572e-01 1.051974162518081e+00
3.593750000000000e-01 6.323128634197650e-01 1.051975938647304e+00
3.625000000000000e-01 6.428290207931012e-01 1.051977682612597e+00
3.656250000000000e-01 6.535021220383342e-01 1.051979395078528e+00
3.687500000000000e-01 6.643347729460869e-01 1.051981076805346e+00
3.718750000000000e-01 6.753296182603294e-01 1.051982728415902e+00
3.750000000000000e-01 6.864893423240808e-01 1.051984350632526e+00
3.781250000000000e-01 6.978166697347804e-01 1.051985944091587e+00
3.812500000000000e-01 7.093143660094854e-01 1.051987509390700e+00
3.843750000000000e-01 7.209852382600603e-01 1.051989047137414e+00
3.875000000000000e-01 7.328321358785219e-01 1.051990557903852e+00
3.906250000000000e-01 7.448579512327029e-01 1.051992042323066e+00
3.937500000000000e-01 7.570656203724140e-01 1.051993500901807e+00
3.968750000000000e-01 7.694581237462648e-01 1.051994934161496e+00
4.000000000000000e-01 7.820384869293291e-01 1.051996342688218e+00
4.031250000000000e-01 7.948097813618253e-01 1.051997726945365e+00
4.062500000000000e-01 8.077751250989945e-01 1.051999087462271e+00
4.093750000000000e-01 8.209376835723596e-01 1.052000424694550e+00
4.125000000000000e-01 8.343006703625532e-01 1.052001739166424e+00
4.156250000000000e-01 8.478673479838968e-01 1.052003031283237e+00
4.187500000000000e-01 8.616410286809313e-01 1.052004301519967e+00
4.218750000000000e-01 8.756250752370857e-01 1.052005550329213e+00
4.250000000000000e-01 8.898229017956865e-01 1.052006778141637e+00
4.281250000000000e-01 9.042379746935050e-01 1.052007985366392e+00
4.312500000000000e-01 9.188738133070491e-01 1.052009172391525e+00
4.343750000000000e-01 9.337339909118028e-01 1.052010339632118e+00
4.375000000000000e-01 9.488221355546261e-01 1.052011487484403e+00
4.406250000000000e-01 9.641419309395265e-01 1.052012616326102e+00
4.437500000000000e-01 9.796971173270190e-01 1.052013726516757e+00
4.468750000000000e-01 9.954914924472941e-01 1.052014818445793e+00
4.500000000000000e-01 1.011528912427417e+00 1.052015892438804e+00
4.531250000000000e-01 1.027813292732786e+00 1.052016948851843e+00
4.562500000000000e-01 1.044348609123070e+00 1.052017988073183e+00
4.593750000000000e-01 1.061138898622882e+00 1.052019010429564e+00
4.625000000000000e-01 1.078188260507393e+00 1.052020016232680e+00
4.656250000000000e-01 1.095500857303154e+00 1.052021005827165e+00
4.687500000000000e-01 1.113080915804360e+00 1.052021979496794e+00
4.718750000000000e-01 1.130932728104805e+00 1.052022937606450e+00
4.750000000000000e-01 1.149060652645771e+00 1.052023880414306e+00
4.781250000000000e-01 1.167469115280130e+00 1.052024808260019e+00
4.812500000000000e-01 1.186162610352890e+00 1.052025721424644e+00
4.843750000000000e-01 1.205145701798475e+00 1.052026620224807e+00
4.875000000000000e-01 1.224423024254985e+00 1.052027504966605e+00
4.906250000000000e-01 1.243999284195726e+00 1.052028375945756e+00
4.937500000000000e-01 1.263879261078271e+00 1.052029233447739e+00
4.968750000000000e-01 1.284067808511348e+00 1.052030077747935e+00
5.000000000000000e-01 1.304569855439823e+00 1.052030909111748e+00
5.031250000000000e-01 1.325390407348082e+00 1.052031727890234e+00
5.062500000000000e-01 1.346534547482100e+00 1.052032534332193e+00
5.093750000000000e-01 1.368007438090487e+00 1.052033328724552e+00
5.125000000000001e-01 1.389814321684837e+00 1.052034111346207e+00
5.156250000000000e-01 1.411960522319654e+00 1.052034882515874e+00
5.187500000000000e-01 1.434451446892208e+00 1.052035642498171e+00
5.218750000000000e-01 1.457292586462593e+00 1.052036391645464e+00
5.250000000000000e-01 1.480489517594354e+00 1.052037130209938e+00
5.281250000000001e-01 1.504047903715979e+00 1.052037858531693e+00
5.312500000000000e-01 1.527973496503592e+00 1.052038576898550e+00
5.343750000000000e-01 1.552272137285215e+00 1.052039285640133e+00
5.375000000000000e-01 1.576949758466886e+00 1.052039985129422e+00
5.406250000000000e-01 1.602012384981041e+00 1.052040675688808e+00
5.437500000000001e-01 1.627466135757470e+00 1.052041357636421e+00
5.468750000000000e-01 1.653317225217225e+00 1.052042031429423e+00
5.500000000000000e-01 1.679571964789851e+00 1.052042697429783e+00
5.531250000000000e-01 1.706236764454286e+00 1.052043356092346e+00
5.562500000000000e-01 1.733318134303830e+00 1.052044007872355e+00
5.593750000000001e-01 1.760822686135563e+00 1.052044653273244e+00
5.625000000000000e-01 1.788757135064574e+00 1.052045292752665e+00
5.656250000000000e-01 1.817128301163438e+00 1.052045926959782e+00
5.687500000000000e-01 1.845943111127301e+00 1.052046556502498e+00
5.718750000000000e-01 1.875208599965003e+00 1.052047182041499e+00
5.750000000000001e-01 1.904931912716643e+00 1.052047804291773e+00
5.781250000000000e-01 1.935120306198011e+00 1.052048424215083e+00
5.812500000000000e-01 1.965781150772311e+00 1.052049042645447e+00
5.843750000000000e-01 1.996921932149593e+00 1.052049660571180e+00
5.875000000000000e-01 2.028550253214365e+00 1.052050279330332e+00
5.906250000000001e-01 2.060673835881802e+00 1.052050900191350e+00
5.937500000000000e-01 2.093300522983012e+00 1.052051524541117e+00
5.968750000000000e-01 2.126438280179837e+00 1.052052154174379e+00
6.000000000000001e-01 2.160095197909630e+00 1.052052791210076e+00
6.031250000000000e-01 2.194279493360494e+00 1.052053437766011e+00
6.062500000000001e-01 2.228999512477486e+00 1.052054096434801e+00
6.093750000000000e-01 2.264263732000228e+00 1.052054770392644e+00
6.125000000000000e-01 2.300080761532477e+00 1.052055463367804e+00
6.156250000000001e-01 2.336459345644116e+00 1.052056179273412e+00
6.187500000000000e-01 2.373408366006099e+00 1.052056922640082e+00
6.218750000000001e-01 2.410936843558884e+00 1.052057699539221e+00
6.250000000000000e-01 2.449053940714840e+00 1.052058517340795e+00
6.281250000000000e-01 2.487768963595221e+00 1.052059383173186e+00
6.312500000000001e-01 2.527091364302215e+00 1.052060304673752e+00
6.343750000000000e-01 2.567030743226622e+00 1.052061293388794e+00
6.375000000000001e-01 2.607596851391758e+00 1.052062364554303e+00
6.406250000000000e-01 2.648799592834118e+00 1.052063530612131e+00
6.437500000000000e-01 2.690649027021411e+00 1.052064800299530e+00
6.468750000000001e-01 2.733155371308524e+00 1.052066189410491e+00
6.500000000000000e-01 2.776329003432049e+00 1.052067726164067e+00
6.531250000000001e-01 2.820180464043967e+00 1.052069431094300e+00
6.562500000000000e-01 2.864720459285089e+00 1.052071291772446e+00
6.593750000000000e-01 2.909959863398929e+00 1.052073277958681e+00
6.625000000000001e-01 2.955909721386590e+00 1.052075385994325e+00
6.656250000000000e-01 3.002581251703353e+00 1.052077626669284e+00
6.687500000000001e-01 3.049985848997626e+00 1.052079918445434e+00
6.718750000000000e-01 3.098135086892879e+00 1.052082001194865e+00
6.750000000000000e-01 3.147040720813310e+00 1.052083566551062e+00
6.781250000000001e-01 3.196714690853871e+00 1.052084537587456e+00
6.812500000000000e-01 3.247169124695383e+00 1.052085178174004e+00
6.843750000000001e-01 3.298416340565477e+00 1.052086228675380e+00
6.875000000000000e-01 3.350468850246008e+00 1.052090332925584e+00
6.906250000000000e-01 3.403339362127777e+00 1.052107524788681e+00
6.937500000000001e-01 3.457040784313211e+00 1.052168428770853e+00
6.968750000000000e-01 3.511586227767823e+00 1.052343607355208e+00
7.000000000000001e-01 3.566989009521205e+00 1.052754726922405e+00
7.031250000000000e-01 3.623262655918307e+00 1.053556922775353e+00
7.062500000000000e-01 3.680420905921852e+00 1.054887066213766e+00
7.093750000000001e-01 3.738477714466631e+00 1.056800532439780e+00
7.125000000000000e-01 3.797447255866536e+00 1.059232503468984e+00
7.156250000000001e-01 3.857343927275175e+00 1.062005748703248e+00
7.187500000000000e-01 3.918182352200844e+00 1.064878980259429e+00
7.218750000000000e-01 3.979977384076828e+00 1.067610599110674e+00
7.250000000000001e-01 4.042744109887770e+00 1.070011674877219e+00
7.281250000000000e-01 4.106497853853101e+00 1.071973719235728e+00
7.312500000000001e-01 4.171254181168399e+00 1.073470596796951e+00
7.343750000000000e-01 4.237028901805528e+00 1.074542539400238e+00
7.375000000000000e-01 4.303838074372613e+00 1.075272466777399e+00
7.406250000000001e-01 4.371698010034643e+00 1.075762702647518e+00
7.437500000000000e-01 4.440625276495786e+00 1.076116644546698e+00
7.468750000000001e-01 4.510636702044332e+00 1.076426822591589e+00
7.500000000000000e-01 4.581749379661216e+00 1.076768800494655e+00
7.531250000000000e-01 4.653980671193226e+00 1.077199470019971e+00
7.562500000000001e-01 4.727348211591802e+00 1.077758120397699e+00
7.593750000000000e-01 4.801869913218528e+00 1.078468928803651e+00
7.625000000000001e-01 4.877563970218381e+00 1.079343907082945e+00
7.656250000000000e-01 4.954448862961714e+00 1.080385735562621e+00
7.687500000000000e-01 5.032543362556198e+00 1.081590184889347e+00
7.718750000000001e-01 5.111866535429675e+00 1.082948025111647e+00
7.750000000000000e-01 5.192437747985146e+00 1.084446421027495e+00
7.781250000000001e-01 5.274276671329015e+00 1.086069878581050e+00
7.812500000000000e-01 5.357403286073669e+00 1.087800808013139e+00
7.843750000000000e-01 5.441837887215693e+00 1.089619775460507e+00
7.875000000000001e-01 5.527601089090773e+00 1.091505519304162e+00
7.906250000000000e-01 5.614713830406605e+00 1.093434841924617e+00
7.937500000000001e-01 5.703197379355005e+00 1.095382481855902e+00
7.968750000000000e-01 5.793073338804412e+00 1.097321029778231e+00
8.000000000000000e-01 5.884363651574169e+00 1.099220900649465e+00
8.031250000000001e-01 5.977090605791737e+00 1.101050428895903e+00
8.062500000000000e-01 6.071276840334257e+00 1.102776355117078e+00
8.093750000000001e-01 6.166945350355728e+00 1.104365233384055e+00
8.125000000000000e-01 6.264119492901173e+00 1.105786358639469e+00
8.156250000000000e-01 6.362822992609162e+00 1.107016449088167e+00
8.187500000000001e-01 6.463079947504072e+00 1.108045470372538e+00
8.218750000000000e-01 6.564914834879517e+00 1.108881975360833e+00
8.250000000000001e-01 6.668352517274371e+00 1.109555757068746e+00
8.281250000000000e-01 6.773418248542846e+00 1.110115993201777e+00
8.312500000000000e-01 6.880137680020114e+00 1.110624415010635e+00
8.343750000000001e-01 6.988536866784961e+00 1.111144785775348e+00
8.375000000000000e-01 7.098642274021019e+00 1.111731301615668e+00
8.406250000000001e-01 7.210480783478133e+00 1.112418902549321e+00
8.437500000000000e-01 7.324079700035414e+00 1.113217890330721e+00
8.468750000000000e-01 7.439466758367605e+00 1.114114036161819e+00
8.500000000000001e-01 7.556670129716381e+00 1.115073925840790e+00
8.531250000000000e-01 7.675718428768239e+00 1.116053965786074e+00
8.562500000000001e-01 7.796640720640633e+00 1.117010563822055e+00
8.593750000000000e-01 7.919466527978115e+00 1.117908801920021e+00
8.625000000000000e-01 8.044225838160141e+00 1.118727568186898e+00
8.656250000000001e-01 8.170949110622363e+00 1.119460418904839e+00
8.687500000000000e-01 8.299667284293170e+00 1.120112867430345e+00
8.718750000000001e-01 8.430411785147284e+00 1.120697750871451e+00
8.750000000000000e-01 8.563214533878281e+00 1.121230487595800e+00
8.781250000000000e-01 8.698107953691880e+00 1.121725510046409e+00
8.812500000000001e-01 8.835124978221932e+00 1.122194347723273e+00
8.843750000000000e-01 8.974299059571019e+00 1.122645153329739e+00
8.875000000000001e-01 9.115664176477637e+00 1.123083132013744e+00
8.906250000000000e-01 9.259254842611947e+00 1.123511328260061e+00
8.937500000000000e-01 9.405106115002161e+00 1.123931399056025e+00
8.968750000000001e-01 9.553253602593529e+00 1.124344204061242e+00
9.000000000000000e-01 9.703733474942130e+00 1.124750187677562e+00
9.031250000000001e-01 9.856582471045494e+00 1.125149596502315e+00
9.062500000000000e-01 1.001183790831228e+01 1.125542590047945e+00
9.093750000000000e-01 1.016953769167313e+01 1.125929291804107e+00
9.125000000000001e-01 1.032972032283505e+01 1.126309810802452e+00
9.156250000000000e-01 1.049242490968134e+01 1.126684250043046e+00
9.187500000000001e-01 1.065769117581972e+01 1.127052709387109e+00
9.218750000000000e-01 1.082555947028058e+01 1.127415286656615e+00
9.250000000000000e-01 1.099607077736805e+01 1.127772077797257e+00
9.281250000000001e-01 1.116926672666618e+01 1.128123177095883e+00
9.312500000000000e-01 1.134518960320255e+01 1.128468677351630e+00
9.343750000000001e-01 1.152388235777201e+01 1.128808669640252e+00
9.375000000000000e-01 1.170538861742293e+01 1.129143243580506e+00
9.406250000000000e-01 1.188975269610854e+01 1.129472487299526e+00
9.437500000000001e-01 1.207701960550600e+01 1.129796487343221e+00
9.468750000000000e-01 1.226723506600578e+01 1.130115328837843e+00
9.500000000000001e-01 1.246044551787411e+01 1.130429095500818e+00
9.531250000000000e-01 1.265669813259115e+01 1.130737869598322e+00
9.562500000000000e-01 1.285604082436773e+01 1.131041732053278e+00
9.593750000000001e-01 1.305852226184337e+01 1.131340762452157e+00
9.625000000000000e-01 1.326419187996850e+01 1.131635038947131e+00
9.656250000000001e-01 1.347309989207381e+01 1.131924638461255e+00
9.687500000000000e-01 1.368529730212962e+01 1.132209636590211e+00
9.718750000000000e-01 1.390083591719824e+01 1.132490107652998e+00
9.750000000000001e-01 1.411976836008246e+01 1.132766124793900e+00
9.781250000000000e-01 1.434214808217320e+01 1.133037759931696e+00
9.812500000000001e-01 1.456802937649935e+01 1.133305083705318e+00
9.843750000000000e-01 1.479746739098328e+01 1.133568165621808e+00
9.875000000000000e-01 1.503051814190487e+01 1.133827074053136e+00
9.906250000000001e-01 1.526723852757770e+01 1.134081876231187e+00
9.937500000000000e-01 1.550768634224049e+01 1.134332638292414e+00
9.968750000000001e-01 1.575192029016732e+01 1.134579425167860e+00
1.000000000000000e+00 1.600000000000000e+01 1.134822300828604e+00
