0.000000000000000e+00 0.000000000000000e+00 1.000000000000000e+00
3.125000000000000e-03 3.369263549427258e-03 1.036177649688700e+00
6.250000000000000e-03 6.739349689698711e-03 1.043016613368012e+00
9.375000000000001e-03 1.011108121249049e-02 1.045792870228384e+00
1.250000000000000e-02 1.348528131119160e-02 1.047275821897083e+00
1.562500000000000e-02 1.686277378188298e-02 1.048196023578580e+00
1.875000000000000e-02 2.024438322446370e-02 1.048822173319291e+00
2.187500000000000e-02 2.363093524397333e-02 1.049275662572067e+00
2.500000000000000e-02 2.702325665215984e-02 1.049619230408559e+00
2.812500000000000e-02 3.042217566934200e-02 1.049888533385012e+00
3.125000000000000e-02 3.382852212661575e-02 1.050105324000421e+00
3.437500000000000e-02 3.724312766845378e-02 1.050283620979699e+00
3.750000000000001e-02 4.066682595574785e-02 1.050432863895111e+00
4.062500000000000e-02 4.410045286934348e-02 1.050559640612834e+00
4.375000000000000e-02 4.754484671411652e-02 1.050668688149311e+00
4.687500000000000e-02 5.100084842364160e-02 1.050763499683419e+00
5.000000000000000e-02 5.446930176550237e-02 1.050846707470183e+00
5.312500000000001e-02 5.795105354729364e-02 1.050920332673687e+00
5.625000000000000e-02 6.144695382336569e-02 1.050985952815173e+00
5.937500000000000e-02 6.495785610236132e-02 1.051044817161243e+00
6.250000000000000e-02 6.848461755559625e-02 1.051097927913288e+00
6.562500000000000e-02 7.202809922633362e-02 1.051146098299810e+00
6.875000000000001e-02 7.558916624000402e-02 1.051189995108671e+00
7.187500000000001e-02 7.916868801542200e-02 1.051230170277506e+00
7.500000000000001e-02 8.276753847705080e-02 1.051267084489824e+00
7.812500000000000e-02 8.638659626836727e-02 1.051301125427383e+00
8.125000000000000e-02 9.002674496637868e-02 1.051332621520444e+00
8.437500000000001e-02 9.368887329734420e-02 1.051361852968327e+00
8.750000000000001e-02 9.737387535375355e-02 1.051389060148316e+00
9.062500000000001e-02 1.010826508126157e-01 1.051414450570607e+00
9.375000000000000e-02 1.048161051551108e-01 1.051438204229717e+00
9.687500000000000e-02 1.085751498876601e-01 1.051460478057163e+00
1.000000000000000e-01 1.123607027644654e-01 1.051481409504595e+00
1.031250000000000e-01 1.161736880115753e-01 1.051501119365028e+00
1.062500000000000e-01 1.200150365525305e-01 1.051519714383194e+00
1.093750000000000e-01 1.238856862356450e-01 1.051537289094111e+00
1.125000000000000e-01 1.277865820629775e-01 1.051553927629369e+00
1.156250000000000e-01 1.317186764210495e-01 1.051569705057483e+00
1.187500000000000e-01 1.356829293133661e-01 1.051584688567176e+00
1.218750000000000e-01 1.396803085947971e-01 1.051598938476031e+00
1.250000000000000e-01 1.437117902078738e-01 1.051612509132891e+00
1.281250000000000e-01 1.477783584210617e-01 1.051625449557568e+00
1.312500000000000e-01 1.518810060690650e-01 1.051637804174595e+00
1.343750000000000e-01 1.560207347952229e-01 1.051649613208059e+00
1.375000000000000e-01 1.601985552960564e-01 1.051660913286385e+00
1.406250000000000e-01 1.644154875680252e-01 1.051671737763613e+00
1.437500000000000e-01 1.686725611565558e-01 1.051682117138099e+00
1.468750000000000e-01 1.729708154074000e-01 1.051692079273649e+00
1.500000000000000e-01 1.773112997203869e-01 1.051701649748430e+00
1.531250000000000e-01 1.816950738056289e-01 1.051710852085548e+00
1.562500000000000e-01 1.861232079422458e-01 1.051719707870610e+00
1.593750000000000e-01 1.905967832396682e-01 1.051728237026340e+00
1.625000000000000e-01 1.951168919015860e-01 1.051736457941005e+00
1.656250000000000e-01 1.996846374926046e-01 1.051744387609824e+00
1.687500000000000e-01 2.043011352076760e-01 1.051752041795891e+00
1.718750000000000e-01 2.089675121443681e-01 1.051759435057195e+00
1.750000000000000e-01 2.136849075780412e-01 1.051766581009553e+00
1.781250000000000e-01 2.184544732399964e-01 1.051773492255916e+00
1.812500000000000e-01 2.232773735986666e-01 1.051780180553971e+00
1.843750000000000e-01 2.281547861439151e-01 1.051786656811132e+00
1.875000000000000e-01 2.330879016745160e-01 1.051792931272937e+00
1.906250000000000e-01 2.380779245888810e-01 1.051799013491049e+00
1.937500000000000e-01 2.431260731791094e-01 1.051804912381263e+00
1.968750000000000e-01 2.482335799284277e-01 1.051810636324058e+00
2.000000000000000e-01 2.534016918120952e-01 1.051816193151805e+00
2.031250000000000e-01 2.586316706018478e-01 1.051821590284015e+00
2.062500000000000e-01 2.639247931739538e-01 1.051826834594033e+00
2.093750000000000e-01 2.692823518209576e-01 1.051831932632745e+00
2.125000000000000e-01 2.747056545671873e-01 1.051836890483286e+00
2.156250000000000e-01 2.801960254881028e-01 1.051841713920846e+00
2.187500000000000e-01 2.857548050335636e-01 1.051846408414064e+00
2.218750000000000e-01 2.913833503550930e-01 1.051850979120925e+00
2.250000000000000e-01 2.970830356372213e-01 1.051855430879582e+00
2.281250000000000e-01 3.028552524329863e-01 1.051859768247335e+00
2.312500000000000e-01 3.087014100036755e-01 1.051863995642923e+00
2.343750000000000e-01 3.146229356628902e-01 1.051868117120254e+00
2.375000000000000e-01 3.206212751250189e-01 1.051872136606207e+00
2.406250000000000e-01 3.266978928582008e-01 1.051876057774286e+00
2.437500000000000e-01 3.328542724418705e-01 1.051879884175097e+00
2.468750000000000e-01 3.390919169289667e-01 1.051883619157684e+00
2.500000000000000e-01 3.454123492128958e-01 1.051887265838474e+00
2.531250000000000e-01 3.518171123993401e-01 1.051890827278499e+00
2.562500000000000e-01 3.583077701830001e-01 1.051894306295198e+00
2.593750000000000e-01 3.648859072293631e-01 1.051897705688357e+00
2.625000000000000e-01 3.715531295615936e-01 1.051901028049861e+00
2.656250000000000e-01 3.783110649526354e-01 1.051904275829246e+00
2.687500000000000e-01 3.851613633226258e-01 1.051907451453168e+00
2.718750000000000e-01 3.921056971417164e-01 1.051910557130845e+00
2.750000000000000e-01 3.991457618383991e-01 1.051913595074018e+00
2.781250000000000e-01 4.062832762134377e-01 1.051916567353910e+00
2.812500000000000e-01 4.135199828595055e-01 1.051919475910527e+00
2.843750000000000e-01 4.208576485866312e-01 1.051922322667098e+00
2.875000000000000e-01 4.282980648535585e-01 1.051925109489202e+00
2.906250000000000e-01 4.358430482051222e-01 1.051927838036004e+00
2.937500000000000e-01 4.434944407157500e-01 1.051930510028109e+00
2.968750000000000e-01 4.512541104391968e-01 1.051933127048824e+00
3.000000000000000e-01 4.591239518646220e-01 1.051935690654655e+00
3.031250000000000e-01 4.671058863791195e-01 1.051938202277876e+00
3.062500000000000e-01 4.752018627368176e-01 1.051940663389201e+00
3.093750000000000e-01 4.834138575346580e-01 1.051943075295958e+00
3.125000000000000e-01 4.917438756949728e-01 1.051945439355223e+00
3.156250000000000e-01 5.001939509549778e-01 1.051947756824276e+00
3.187500000000000e-01 5.087661463633005e-01 1.051950028863877e+00
3.218750000000000e-01 5.174625547836644e-01 1.051952256699716e+00
3.250000000000000e-01 5.262852994058529e-01 1.051954441472214e+00
3.281250000000000e-01 5.352365342640750e-01 1.051956584239228e+00
3.312500000000000e-01 5.443184447628656e-01 1.051958686031372e+00
3.343750000000000e-01 5.535332482106405e-01 1.051960747856158e+00
3.375000000000000e-01 5.628831943610435e-01 1.051962770754753e+00
3.406250000000000e-01 5.723705659622137e-01 1.051964755596462e+00
3.437500000000000e-01 5.819976793141081e-01 1.051966703341105e+00
3.468750000000000e-01 5.917668848340161e-01 1.051968614834987e+00
3.500000000000000e-01 6.016805676304035e-01 1.051970490969236e+00
3.531250000000000e-01 6.117411480852264e-01 1.051972332526597e+00
3.562500000000000e-01 6.219510824448572e-01 1.051974140339559e+00
3.593750000000000e-01 6.323128634197650e-01 1.051975915136974e+00
3.625000000000000e-01 6.428290207931012e-01 1.051977657701999e+00
3.656250000000000e-01 6.535021220383342e-01 1.051979368718546e+00
3.687500000000000e-01 6.643347729460869e-01 1.051981048929080e+00
3.718750000000000e-01 6.753296182603294e-01 1.051982698980908e+00
3.750000000000000e-01 6.864893423240808e-01 1.051984319583843e+00
3.781250000000000e-01 6.978166697347804e-01 1.051985911303616e+00
3.812500000000000e-01 7.093143660094854e-01 1.051987474823221e+00
3.843750000000000e-01 7.209852382600603e-01 1.051989010737913e+00
3.875000000000000e-01 7.328321358785219e-01 1.051990519607135e+00
3.906250000000000e-01 7.448579512327029e-01 1.051992002008091e+00
3.937500000000000e-01 7.570656203724140e-01 1.051993458485464e+00
3.968750000000000e-01 7.694581237462648e-01 1.051994889604898e+00
4.000000000000000e-01 7.820384869293291e-01 1.051996295849883e+00
4.031250000000000e-01 7.948097813618253e-01 1.051997677726222e+00
4.062500000000000e-01 8.077751250989945e-01 1.051999035764341e+00
4.093750000000000e-01 8.209376835723596e-01 1.052000370416059e+00
4.125000000000000e-01 8.343006703625532e-01 1.052001682158959e+00
4.156250000000000e-01 8.478673479838968e-01 1.052002971445850e+00
4.187500000000000e-01 8.616410286809313e-01 1.052004238758011e+00
4.218750000000000e-01 8.756250752370857e-01 1.052005484501846e+00
4.250000000000000e-01 8.898229017956865e-01 1.052006709060408e+00
4.281250000000000e-01 9.042379746935050e-01 1.052007912899310e+00
4.312500000000000e-01 9.188738133070491e-01 1.052009096412239e+00
4.343750000000000e-01 9.337339909118028e-01 1.052010259972412e+00
4.375000000000000e-01 9.488221355546261e-01 1.052011403932940e+00
4.406250000000000e-01 9.641419309395265e-01 1.052012528679913e+00
4.437500000000000e-01 9.796971173270190e-01 1.052013634581651e+00
4.468750000000000e-01 9.954914924472941e-01 1.052014722041750e+00
4.500000000000000e-01 1.011528912427417e+00 1.052015791342823e+00
4.531250000000000e-01 1.027813292732786e+00 1.052016842854409e+00
4.562500000000000e-01 1.044348609123070e+00 1.052017876878344e+00
4.593750000000000e-01 1.061138898622882e+00 1.052018893752831e+00
4.625000000000000e-01 1.078188260507393e+00 1.052019893801594e+00
4.656250000000000e-01 1.095500857303154e+00 1.052020877334111e+00
4.687500000000000e-01 1.113080915804360e+00 1.052021844645820e+00
4.718750000000000e-01 1.130932728104805e+00 1.052022796018334e+00
4.750000000000000e-01 1.149060652645771e+00 1.052023731719629e+00
4.781250000000000e-01 1.167469115280130e+00 1.052024652056964e+00
4.812500000000000e-01 1.186162610352890e+00 1.052025557325976e+00
4.843750000000000e-01 1.205145701798475e+00 1.052026447758110e+00
4.875000000000000e-01 1.224423024254985e+00 1.052027323624596e+00
4.906250000000000e-01 1.243999284195726e+00 1.052028185185517e+00
4.937500000000000e-01 1.263879261078271e+00 1.052029032742679e+00
4.968750000000000e-01 1.284067808511348e+00 1.052029866483205e+00
5.000000000000000e-01 1.304569855439823e+00 1.052030686634563e+00
5.031250000000000e-01 1.325390407348082e+00 1.052031493466336e+00
5.062500000000000e-01 1.346534547482100e+00 1.052032287239252e+00
5.093750000000000e-01 1.368007438090487e+00 1.052033068152565e+00
5.125000000000001e-01 1.389814321684837e+00 1.052033836395251e+00
5.156250000000000e-01 1.411960522319654e+00 1.052034592251561e+00
5.187500000000000e-01 1.434451446892208e+00 1.052035335893492e+00
5.218750000000000e-01 1.457292586462593e+00 1.052036067535779e+00
5.250000000000000e-01 1.480489517594354e+00 1.052036787384890e+00
5.281250000000001e-01 1.504047903715979e+00 1.052037495639117e+00
5.312500000000000e-01 1.527973496503592e+00 1.052038192488649e+00
5.343750000000000e-01 1.552272137285215e+00 1.052038878115649e+00
5.375000000000000e-01 1.576949758466886e+00 1.052039552747051e+00
5.406250000000000e-01 1.602012384981041e+00 1.052040216550815e+00
5.437500000000001e-01 1.627466135757470e+00 1.052040869739805e+00
5.468750000000000e-01 1.653317225217225e+00 1.052041512468034e+00
5.500000000000000e-01 1.679571964789851e+00 1.052042144881812e+00
5.531250000000000e-01 1.706236764454286e+00 1.052042767172535e+00
5.562500000000000e-01 1.733318134303830e+00 1.052043379525636e+00
5.593750000000001e-01 1.760822686135563e+00 1.052043982120646e+00
5.625000000000000e-01 1.788757135064574e+00 1.052044575078514e+00
5.656250000000000e-01 1.817128301163438e+00 1.052045158565463e+00
5.687500000000000e-01 1.845943111127301e+00 1.052045732794678e+00
5.718750000000000e-01 1.875208599965003e+00 1.052046297869797e+00
5.750000000000001e-01 1.904931912716643e+00 1.052046853939864e+00
5.781250000000000e-01 1.935120306198011e+00 1.052047401200999e+00
5.812500000000000e-01 1.965781150772311e+00 1.052047939739893e+00
5.843750000000000e-01 1.996921932149593e+00 1.052048469741471e+00
5.875000000000000e-01 2.028550253214365e+00 1.052048991334025e+00
5.906250000000001e-01 2.060673835881802e+00 1.052049504587603e+00
5.937500000000000e-01 2.093300522983012e+00 1.052050009776037e+00
5.968750000000000e-01 2.126438280179837e+00 1.052050506961697e+00
6.000000000000001e-01 2.160095197909630e+00 1.052050996199895e+00
6.031250000000000e-01 2.194279493360494e+00 1.052051477802525e+00
6.062500000000001e-01 2.228999512477486e+00 1.052051951713559e+00
6.093750000000000e-01 2.264263732000228e+00 1.052052418130341e+00
6.125000000000000e-01 2.300080761532477e+00 1.052052877300863e+00
6.156250000000001e-01 2.336459345644116e+00 1.052053329103632e+00
6.187500000000000e-01 2.373408366006099e+00 1.052053773827132e+00
6.218750000000001e-01 2.410936843558884e+00 1.052054211655642e+00
6.250000000000000e-01 2.449053940714840e+00 1.052054642402386e+00
6.281250000000000e-01 2.487768963595221e+00 1.052055066499885e+00
6.312500000000001e-01 2.527091364302215e+00 1.052055484017777e+00
6.343750000000000e-01 2.567030743226622e+00 1.052055894756885e+00
6.375000000000001e-01 2.607596851391758e+00 1.052056299295542e+00
6.406250000000000e-01 2.648799592834118e+00 1.052056697537794e+00
6.437500000000000e-01 2.690649027021411e+00 1.052057089219478e+00
6.468750000000001e-01 2.733155371308524e+00 1.052057475115964e+00
6.500000000000000e-01 2.776329003432049e+00 1.052057855123997e+00
6.531250000000001e-01 2.820180464043967e+00 1.052058228655815e+00
6.562500000000000e-01 2.864720459285089e+00 1.052058596944299e+00
6.593750000000000e-01 2.909959863398929e+00 1.052058959725709e+00
6.625000000000001e-01 2.955909721386590e+00 1.052059316036068e+00
6.656250000000000e-01 3.002581251703353e+00 1.052059667511516e+00
6.687500000000001e-01 3.049985848997626e+00 1.052060014357330e+00
6.718750000000000e-01 3.098135086892879e+00 1.052060354406118e+00
6.750000000000000e-01 3.147040720813310e+00 1.052060689740331e+00
6.781250000000001e-01 3.196714690853871e+00 1.052061021922481e+00
6.812500000000000e-01 3.247169124695383e+00 1.052061346968687e+00
6.843750000000001e-01 3.298416340565477e+00 1.052061666669682e+00
6.875000000000000e-01 3.350468850246008e+00 1.052061985187840e+00
6.906250000000000e-01 3.403339362127777e+00 1.052062297477209e+00
6.937500000000001e-01 3.457040784313211e+00 1.052062602334368e+00
6.968750000000000e-01 3.511586227767823e+00 1.052062906581542e+00
7.000000000000001e-01 3.566989009521205e+00 1.052063210342356e+00
7.031250000000000e-01 3.623262655918307e+00 1.052063502453032e+00
7.062500000000000e-01 3.680420905921852e+00 1.052063790534927e+00
7.093750000000001e-01 3.738477714466631e+00 1.052064087455102e+00
7.125000000000000e-01 3.797447255866536e+00 1.052064375682806e+00
7.156250000000001e-01 3.857343927275175e+00 1.052064649677538e+00
7.187500000000000e-01 3.918182352200844e+00 1.052064927400021e+00
7.218750000000000e-01 3.979977384076828e+00 1.052065228740544e+00
7.250000000000001e-01 4.042744109887770e+00 1.052065503596549e+00
7.281250000000000e-01 4.106497853853101e+00 1.052065761500603e+00
7.312500000000001e-01 4.171254181168399e+00 1.052066037919694e+00
7.343750000000000e-01 4.237028901805528e+00 1.052066373217988e+00
7.375000000000000e-01 4.303838074372613e+00 1.052066648810680e+00
7.406250000000001e-01 4.371698010034643e+00 1.052066892493776e+00
7.437500000000000e-01 4.440625276495786e+00 1.052067164604007e+00
7.468750000000001e-01 4.510636702044332e+00 1.052067615510185e+00
7.500000000000000e-01 4.581749379661216e+00 1.052067986264902e+00
7.531250000000000e-01 4.653980671193226e+00 1.052068221126845e+00
7.562500000000001e-01 4.727348211591802e+00 1.052068454407155e+00
7.593750000000000e-01 4.801869913218528e+00 1.052069028921489e+00
7.625000000000001e-01 4.877563970218381e+00 1.052070090212371e+00
7.656250000000000e-01 4.954448862961714e+00 1.052070547866928e+00
7.687500000000000e-01 5.032543362556198e+00 1.052070823107102e+00
7.718750000000001e-01 5.111866535429675e+00 1.052071058802476e+00
7.750000000000000e-01 5.192437747985146e+00 1.052072616668544e+00
7.781250000000001e-01 5.274276671329015e+00 1.052077314576703e+00
7.812500000000000e-01 5.357403286073669e+00 1.052080268883392e+00
7.843750000000000e-01 5.441837887215693e+00 1.052080628384761e+00
7.875000000000001e-01 5.527601089090773e+00 1.052082685483733e+00
7.906250000000000e-01 5.614713830406605e+00 1.052083115597169e+00
7.937500000000001e-01 5.703197379355005e+00 1.052093391370748e+00
7.968750000000000e-01 5.793073338804412e+00 1.052141014997371e+00
8.000000000000000e-01 5.884363651574169e+00 1.052204161084903e+00
8.031250000000001e-01 5.977090605791737e+00 1.052221690301069e+00
8.062500000000000e-01 6.071276840334257e+00 1.052251495092700e+00
8.093750000000001e-01 6.166945350355728e+00 1.052572008661740e+00
8.125000000000000e-01 6.264119492901173e+00 1.053536364163933e+00
8.156250000000000e-01 6.362822992609162e+00 1.055297050374467e+00
8.187500000000001e-01 6.463079947504072e+00 1.057666563657124e+00
8.218750000000000e-01 6.564914834879517e+00 1.060216669046556e+00
8.250000000000001e-01 6.668352517274371e+00 1.062502006401140e+00
8.281250000000000e-01 6.773418248542846e+00 1.064240088964435e+00
8.312500000000000e-01 6.880137680020114e+00 1.065366953291696e+00
8.343750000000001e-01 6.988536866784961e+00 1.065989766760901e+00
8.375000000000000e-01 7.098642274021019e+00 1.066299679554320e+00
8.406250000000001e-01 7.210480783478133e+00 1.066495420491238e+00
8.437500000000000e-01 7.324079700035414e+00 1.066738154664040e+00
8.468750000000000e-01 7.439466758367605e+00 1.067136159693478e+00
8.500000000000001e-01 7.556670129716381e+00 1.067748556696388e+00
8.531250000000000e-01 7.675718428768239e+00 1.068596594554468e+00
8.562500000000001e-01 7.796640720640633e+00 1.069674860249825e+00
8.593750000000000e-01 7.919466527978115e+00 1.070960012975363e+00
8.625000000000000e-01 8.044225838160141e+00 1.072417834792208e+00
8.656250000000001e-01 8.170949110622363e+00 1.074009061319252e+00
8.687500000000000e-01 8.299667284293170e+00 1.075692410610557e+00
8.718750000000001e-01 8.430411785147284e+00 1.077422911169232e+00
8.750000000000000e-01 8.563214533878281e+00 1.079146375936185e+00
8.781250000000000e-01 8.698107953691880e+00 1.080794798812400e+00
8.812500000000001e-01 8.835124978221932e+00 1.082289261431733e+00
8.843750000000000e-01 8.974299059571019e+00 1.083554294985434e+00
8.875000000000001e-01 9.115664176477637e+00 1.084540938905304e+00
8.906250000000000e-01 9.259254842611947e+00 1.085248714942480e+00
8.937500000000000e-01 9.405106115002161e+00 1.085734340177677e+00
8.968750000000001e-01 9.553253602593529e+00 1.086099649889162e+00
9.000000000000000e-01 9.703733474942130e+00 1.086460931378485e+00
9.031250000000001e-01 9.856582471045494e+00 1.086911607649939e+00
9.062500000000000e-01 1.001183790831228e+01 1.087494439100781e+00
9.093750000000000e-01 1.016953769167313e+01 1.088195139096485e+00
9.125000000000001e-01 1.032972032283505e+01 1.088958399493073e+00
9.156250000000000e-01 1.049242490968134e+01 1.089716229148892e+00
9.187500000000001e-01 1.065769117581972e+01 1.090414039490587e+00
9.218750000000000e-01 1.082555947028058e+01 1.091024103687379e+00
9.250000000000000e-01 1.099607077736805e+01 1.091544805430781e+00
9.281250000000001e-01 1.116926672666618e+01 1.091991149777357e+00
9.312500000000000e-01 1.134518960320255e+01 1.092383815186747e+00
9.343750000000001e-01 1.152388235777201e+01 1.092741514233328e+00
9.375000000000000e-01 1.170538861742293e+01 1.093077781421890e+00
9.406250000000000e-01 1.188975269610854e+01 1.093400949331740e+00
9.437500000000001e-01 1.207701960550600e+01 1.093715523747852e+00
9.468750000000000e-01 1.226723506600578e+01 1.094023694364633e+00
9.500000000000001e-01 1.246044551787411e+01 1.094326444159252e+00
9.531250000000000e-01 1.265669813259115e+01 1.094624202095256e+00
9.562500000000000e-01 1.285604082436773e+01 1.094917169441579e+00
9.593750000000001e-01 1.305852226184337e+01 1.095205462638631e+00
9.625000000000000e-01 1.326419187996850e+01 1.095489168770939e+00
9.656250000000001e-01 1.347309989207381e+01 1.095768365191371e+00
9.687500000000000e-01 1.368529730212962e+01 1.096043125598332e+00
9.718750000000000e-01 1.390083591719824e+01 1.096313521816298e+00
9.750000000000001e-01 1.411976836008246e+01 1.096579624372065e+00
9.781250000000000e-01 1.434214808217320e+01 1.096841502594225e+00
9.812500000000001e-01 1.456802937649935e+01 1.097099224549316e+00
9.843750000000000e-01 1.479746739098328e+01 1.097352857304294e+00
9.875000000000000e-01 1.503051814190487e+01 1.097602466700911e+00
9.906250000000001e-01 1.526723852757770e+01 1.097848117561197e+00
9.937500000000000e-01 1.550768634224049e+01 1.098089873623013e+00
9.968750000000001e-01 1.575192029016732e+01 1.098327797526929e+00
1.000000000000000e+00 1.600000000000000e+01 1.098561950856253e+00
