0.000000000000000e+00 0.000000000000000e+00 1.000000000000000e+00
3.125000000000000e-03 3.369263549427258e-03 1.036177649897939e+00
6.250000000000000e-03 6.739349689698711e-03 1.043016613803588e+00
9.375000000000001e-03 1.011108121249049e-02 1.045792870688323e+00
1.250000000000000e-02 1.348528131119160e-02 1.047275822487231e+00
1.562500000000000e-02 1.686277378188298e-02 1.048196024297660e+00
1.875000000000000e-02 2.024438322446370e-02 1.048822174087874e+00
2.187500000000000e-02 2.363093524397333e-02 1.049275663422045e+00
2.500000000000000e-02 2.702325665215984e-02 1.049619231296808e+00
2.812500000000000e-02 3.042217566934200e-02 1.049888534271947e+00
3.125000000000000e-02 3.382852212661575e-02 1.050105324900675e+00
3.437500000000000e-02 3.724312766845378e-02 1.050283621892913e+00
3.750000000000001e-02 4.066682595574785e-02 1.050432864817289e+00
4.062500000000000e-02 4.410045286934348e-02 1.050559641557663e+00
4.375000000000000e-02 4.754484671411652e-02 1.050668689091552e+00
4.687500000000000e-02 5.100084842364160e-02 1.050763500591850e+00
5.000000000000000e-02 5.446930176550237e-02 1.050846708370197e+00
5.312500000000001e-02 5.795105354729364e-02 1.050920333565227e+00
5.625000000000000e-02 6.144695382336569e-02 1.050985953703432e+00
5.937500000000000e-02 6.495785610236132e-02 1.051044818059075e+00
6.250000000000000e-02 6.848461755559625e-02 1.051097928800700e+00
6.562500000000000e-02 7.202809922633362e-02 1.051146099171182e+00
6.875000000000001e-02 7.558916624000402e-02 1.051189995963639e+00
7.187500000000001e-02 7.916868801542200e-02 1.051230171132452e+00
7.500000000000001e-02 8.276753847705080e-02 1.051267085372176e+00
7.812500000000000e-02 8.638659626836727e-02 1.051301126302638e+00
8.125000000000000e-02 9.002674496637868e-02 1.051332622413834e+00
8.437500000000001e-02 9.368887329734420e-02 1.051361853850620e+00
8.750000000000001e-02 9.737387535375355e-02 1.051389061068439e+00
9.062500000000001e-02 1.010826508126157e-01 1.051414451528951e+00
9.375000000000000e-02 1.048161051551108e-01 1.051438205212990e+00
9.687500000000000e-02 1.085751498876601e-01 1.051460479075659e+00
1.000000000000000e-01 1.123607027644654e-01 1.051481410498169e+00
1.031250000000000e-01 1.161736880115753e-01 1.051501120363694e+00
1.062500000000000e-01 1.200150365525305e-01 1.051519715361062e+00
1.093750000000000e-01 1.238856862356450e-01 1.051537290093082e+00
1.125000000000000e-01 1.277865820629775e-01 1.051553928658987e+00
1.156250000000000e-01 1.317186764210495e-01 1.051569706093753e+00
1.187500000000000e-01 1.356829293133661e-01 1.051584689631638e+00
1.218750000000000e-01 1.396803085947971e-01 1.051598939585772e+00
1.250000000000000e-01 1.437117902078738e-01 1.051612510269429e+00
1.281250000000000e-01 1.477783584210617e-01 1.051625450729773e+00
1.312500000000000e-01 1.518810060690650e-01 1.051637805334494e+00
1.343750000000000e-01 1.560207347952229e-01 1.051649614355699e+00
1.375000000000000e-01 1.601985552960564e-01 1.051660914437646e+00
1.406250000000000e-01 1.644154875680252e-01 1.051671738933317e+00
1.437500000000000e-01 1.686725611565558e-01 1.051682118310438e+00
1.468750000000000e-01 1.729708154074000e-01 1.051692080465853e+00
1.500000000000000e-01 1.773112997203869e-01 1.051701650959471e+00
1.531250000000000e-01 1.816950738056289e-01 1.051710853287618e+00
1.562500000000000e-01 1.861232079422458e-01 1.051719709062013e+00
1.593750000000000e-01 1.905967832396682e-01 1.051728238209536e+00
1.625000000000000e-01 1.951168919015860e-01 1.051736459128427e+00
1.656250000000000e-01 1.996846374926046e-01 1.051744388805710e+00
1.687500000000000e-01 2.043011352076760e-01 1.051752042973368e+00
1.718750000000000e-01 2.089675121443681e-01 1.051759436273318e+00
1.750000000000000e-01 2.136849075780412e-01 1.051766582252285e+00
1.781250000000000e-01 2.184544732399964e-01 1.051773493512861e+00
1.812500000000000e-01 2.232773735986666e-01 1.051780181810934e+00
1.843750000000000e-01 2.281547861439151e-01 1.051786658099734e+00
1.875000000000000e-01 2.330879016745160e-01 1.051792932557252e+00
1.906250000000000e-01 2.380779245888810e-01 1.051799014781728e+00
1.937500000000000e-01 2.431260731791094e-01 1.051804913687720e+00
1.968750000000000e-01 2.482335799284277e-01 1.051810637641203e+00
2.000000000000000e-01 2.534016918120952e-01 1.051816194515579e+00
2.031250000000000e-01 2.586316706018478e-01 1.051821591666382e+00
2.062500000000000e-01 2.639247931739538e-01 1.051826836005540e+00
2.093750000000000e-01 2.692823518209576e-01 1.051831934070435e+00
2.125000000000000e-01 2.747056545671873e-01 1.051836891941853e+00
2.156250000000000e-01 2.801960254881028e-01 1.051841715408167e+00
2.187500000000000e-01 2.857548050335636e-01 1.051846409947081e+00
2.218750000000000e-01 2.913833503550930e-01 1.051850980664528e+00
2.250000000000000e-01 2.970830356372213e-01 1.051855432445790e+00
2.281250000000000e-01 3.028552524329863e-01 1.051859769852042e+00
2.312500000000000e-01 3.087014100036755e-01 1.051863997264823e+00
2.343750000000000e-01 3.146229356628902e-01 1.051868118776448e+00
2.375000000000000e-01 3.206212751250189e-01 1.051872138292251e+00
2.406250000000000e-01 3.266978928582008e-01 1.051876059524041e+00
2.437500000000000e-01 3.328542724418705e-01 1.051879885980515e+00
2.468750000000000e-01 3.390919169289667e-01 1.051883620991344e+00
2.500000000000000e-01 3.454123492128958e-01 1.051887267729882e+00
2.531250000000000e-01 3.518171123993401e-01 1.051890829198048e+00
2.562500000000000e-01 3.583077701830001e-01 1.051894308281820e+00
2.593750000000000e-01 3.648859072293631e-01 1.051897707733899e+00
2.625000000000000e-01 3.715531295615936e-01 1.051901030117567e+00
2.656250000000000e-01 3.783110649526354e-01 1.051904277966233e+00
2.687500000000000e-01 3.851613633226258e-01 1.051907453618618e+00
2.718750000000000e-01 3.921056971417164e-01 1.051910559375447e+00
2.750000000000000e-01 3.991457618383991e-01 1.051913597368433e+00
2.781250000000000e-01 4.062832762134377e-01 1.051916569715659e+00
2.812500000000000e-01 4.135199828595055e-01 1.051919478352843e+00
2.843750000000000e-01 4.208576485866312e-01 1.051922325186334e+00
2.875000000000000e-01 4.282980648535585e-01 1.051925112031630e+00
2.906250000000000e-01 4.358430482051222e-01 1.051927840658426e+00
2.937500000000000e-01 4.434944407157500e-01 1.051930512726989e+00
2.968750000000000e-01 4.512541104391968e-01 1.051933129831151e+00
3.000000000000000e-01 4.591239518646220e-01 1.051935693469205e+00
3.031250000000000e-01 4.671058863791195e-01 1.051938205159225e+00
3.062500000000000e-01 4.752018627368176e-01 1.051940666338797e+00
3.093750000000000e-01 4.834138575346580e-01 1.051943078333752e+00
3.125000000000000e-01 4.917438756949728e-01 1.051945442471390e+00
3.156250000000000e-01 5.001939509549778e-01 1.051947760014684e+00
3.187500000000000e-01 5.087661463633005e-01 1.051950032166784e+00
3.218750000000000e-01 5.174625547836644e-01 1.051952260111801e+00
3.250000000000000e-01 5.262852994058529e-01 1.051954444947156e+00
3.281250000000000e-01 5.352365342640750e-01 1.051956587795740e+00
3.312500000000000e-01 5.443184447628656e-01 1.051958689702632e+00
3.343750000000000e-01 5.535332482106405e-01 1.051960751637488e+00
3.375000000000000e-01 5.628831943610435e-01 1.051962774606224e+00
3.406250000000000e-01 5.723705659622137e-01 1.051964759583772e+00
3.437500000000000e-01 5.819976793141081e-01 1.051966707444298e+00
3.468750000000000e-01 5.917668848340161e-01 1.051968619071295e+00
3.500000000000000e-01 6.016805676304035e-01 1.051970495325262e+00
3.531250000000000e-01 6.117411480852264e-01 1.051972337010063e+00
3.562500000000000e-01 6.219510824448572e-01 1.051974144947434e+00
3.593750000000000e-01 6.323128634197650e-01 1.051975919871404e+00
3.625000000000000e-01 6.428290207931012e-01 1.051977662574374e+00
3.656250000000000e-01 6.535021220383342e-01 1.051979373766091e+00
3.687500000000000e-01 6.643347729460869e-01 1.051981054146624e+00
3.718750000000000e-01 6.753296182603294e-01 1.051982704372239e+00
3.750000000000000e-01 6.864893423240808e-01 1.051984325129429e+00
3.781250000000000e-01 6.978166697347804e-01 1.051985917065360e+00
3.812500000000000e-01 7.093143660094854e-01 1.051987480752380e+00
3.843750000000000e-01 7.209852382600603e-01 1.051989016833629e+00
3.875000000000000e-01 7.328321358785219e-01 1.051990525881564e+00
3.906250000000000e-01 7.448579512327029e-01 1.051992008470536e+00
3.937500000000000e-01 7.570656203724140e-01 1.051993465178737e+00
3.968750000000000e-01 7.694581237462648e-01 1.051994896517174e+00
4.000000000000000e-01 7.820384869293291e-01 1.051996303002117e+00
4.031250000000000e-01 7.948097813618253e-01 1.051997685156932e+00
4.062500000000000e-01 8.077751250989945e-01 1.051999043477396e+00
4.093750000000000e-01 8.209376835723596e-01 1.052000378432290e+00
4.125000000000000e-01 8.343006703625532e-01 1.052001690463952e+00
4.156250000000000e-01 8.478673479838968e-01 1.052002980061734e+00
4.187500000000000e-01 8.616410286809313e-01 1.052004247655431e+00
4.218750000000000e-01 8.756250752370857e-01 1.052005493687520e+00
4.250000000000000e-01 8.898229017956865e-01 1.052006718614764e+00
4.281250000000000e-01 9.042379746935050e-01 1.052007922800413e+00
4.312500000000000e-01 9.188738133070491e-01 1.052009106658136e+00
4.343750000000000e-01 9.337339909118028e-01 1.052010270581792e+00
4.375000000000000e-01 9.488221355546261e-01 1.052011414945794e+00
4.406250000000000e-01 9.641419309395265e-01 1.052012540141907e+00
4.437500000000000e-01 9.796971173270190e-01 1.052013646507818e+00
4.468750000000000e-01 9.954914924472941e-01 1.052014734399199e+00
4.500000000000000e-01 1.011528912427417e+00 1.052015804191159e+00
4.531250000000000e-01 1.027813292732786e+00 1.052016856206752e+00
4.562500000000000e-01 1.044348609123070e+00 1.052017890752554e+00
4.593750000000000e-01 1.061138898622882e+00 1.052018908191823e+00
4.625000000000000e-01 1.078188260507393e+00 1.052019908801210e+00
4.656250000000000e-01 1.095500857303154e+00 1.052020892914514e+00
4.687500000000000e-01 1.113080915804360e+00 1.052021860852276e+00
4.718750000000000e-01 1.130932728104805e+00 1.052022812885529e+00
4.750000000000000e-01 1.149060652645771e+00 1.052023749307759e+00
4.781250000000000e-01 1.167469115280130e+00 1.052024670399777e+00
4.812500000000000e-01 1.186162610352890e+00 1.052025576429894e+00
4.843750000000000e-01 1.205145701798475e+00 1.052026467690540e+00
4.875000000000000e-01 1.224423024254985e+00 1.052027344426661e+00
4.906250000000000e-01 1.243999284195726e+00 1.052028206907629e+00
4.937500000000000e-01 1.263879261078271e+00 1.052029055392080e+00
4.968750000000000e-01 1.284067808511348e+00 1.052029890128040e+00
5.000000000000000e-01 1.304569855439823e+00 1.052030711353064e+00
5.031250000000000e-01 1.325390407348082e+00 1.052031519330804e+00
5.062500000000000e-01 1.346534547482100e+00 1.052032314279364e+00
5.093750000000000e-01 1.368007438090487e+00 1.052033096443175e+00
5.125000000000001e-01 1.389814321684837e+00 1.052033866021338e+00
5.156250000000000e-01 1.411960522319654e+00 1.052034623275936e+00
5.187500000000000e-01 1.434451446892208e+00 1.052035368388605e+00
5.218750000000000e-01 1.457292586462593e+00 1.052036101604153e+00
5.250000000000000e-01 1.480489517594354e+00 1.052036823123563e+00
5.281250000000001e-01 1.504047903715979e+00 1.052037533175847e+00
5.312500000000000e-01 1.527973496503592e+00 1.052038231946354e+00
5.343750000000000e-01 1.552272137285215e+00 1.052038919612166e+00
5.375000000000000e-01 1.576949758466886e+00 1.052039596415062e+00
5.406250000000000e-01 1.602012384981041e+00 1.052040262554504e+00
5.437500000000001e-01 1.627466135757470e+00 1.052040918186579e+00
5.468750000000000e-01 1.653317225217225e+00 1.052041563532260e+00
5.500000000000000e-01 1.679571964789851e+00 1.052042198770392e+00
5.531250000000000e-01 1.706236764454286e+00 1.052042824109510e+00
5.562500000000000e-01 1.733318134303830e+00 1.052043439716126e+00
5.593750000000001e-01 1.760822686135563e+00 1.052044045786547e+00
5.625000000000000e-01 1.788757135064574e+00 1.052044642475155e+00
5.656250000000000e-01 1.817128301163438e+00 1.052045230002665e+00
5.687500000000000e-01 1.845943111127301e+00 1.052045808549087e+00
5.718750000000000e-01 1.875208599965003e+00 1.052046378289088e+00
5.750000000000001e-01 1.904931912716643e+00 1.052046939428473e+00
5.781250000000000e-01 1.935120306198011e+00 1.052047492132460e+00
5.812500000000000e-01 1.965781150772311e+00 1.052048036561034e+00
5.843750000000000e-01 1.996921932149593e+00 1.052048572941873e+00
5.875000000000000e-01 2.028550253214365e+00 1.052049101463299e+00
5.906250000000001e-01 2.060673835881802e+00 1.052049622309624e+00
5.937500000000000e-01 2.093300522983012e+00 1.052050135734073e+00
5.968750000000000e-01 2.126438280179837e+00 1.052050641915284e+00
6.000000000000001e-01 2.160095197909630e+00 1.052051140991523e+00
6.031250000000000e-01 2.194279493360494e+00 1.052051633314701e+00
6.062500000000001e-01 2.228999512477486e+00 1.052052119092707e+00
6.093750000000000e-01 2.264263732000228e+00 1.052052598457811e+00
6.125000000000000e-01 2.300080761532477e+00 1.052053071792440e+00
6.156250000000001e-01 2.336459345644116e+00 1.052053539481967e+00
6.187500000000000e-01 2.373408366006099e+00 1.052054001586726e+00
6.218750000000001e-01 2.410936843558884e+00 1.052054458451456e+00
6.250000000000000e-01 2.449053940714840e+00 1.052054910787212e+00
6.281250000000000e-01 2.487768963595221e+00 1.052055358771529e+00
6.312500000000001e-01 2.527091364302215e+00 1.052055802432436e+00
6.343750000000000e-01 2.567030743226622e+00 1.052056242919521e+00
6.375000000000001e-01 2.607596851391758e+00 1.052056681044619e+00
6.406250000000000e-01 2.648799592834118e+00 1.052057116250125e+00
6.437500000000000e-01 2.690649027021411e+00 1.052057549591116e+00
6.468750000000001e-01 2.733155371308524e+00 1.052057983603768e+00
6.500000000000000e-01 2.776329003432049e+00 1.052058418013515e+00
6.531250000000001e-01 2.820180464043967e+00 1.052058851796389e+00
6.562500000000000e-01 2.864720459285089e+00 1.052059289024013e+00
6.593750000000000e-01 2.909959863398929e+00 1.052059734029356e+00
6.625000000000001e-01 2.955909721386590e+00 1.052060183502901e+00
6.656250000000000e-01 3.002581251703353e+00 1.052060636530305e+00
6.687500000000001e-01 3.049985848997626e+00 1.052061104473388e+00
6.718750000000000e-01 3.098135086892879e+00 1.052061595569939e+00
6.750000000000000e-01 3.147040720813310e+00 1.052062099265396e+00
6.781250000000001e-01 3.196714690853871e+00 1.052062612339351e+00
6.812500000000000e-01 3.247169124695383e+00 1.052063163268482e+00
6.843750000000001e-01 3.298416340565477e+00 1.052063779059922e+00
6.875000000000000e-01 3.350468850246008e+00 1.052064434595403e+00
6.906250000000000e-01 3.403339362127777e+00 1.052065099250942e+00
6.937500000000001e-01 3.457040784313211e+00 1.052065827461357e+00
6.968750000000000e-01 3.511586227767823e+00 1.052066731452892e+00
7.000000000000001e-01 3.566989009521205e+00 1.052067820835519e+00
7.031250000000000e-01 3.623262655918307e+00 1.052068934683307e+00
7.062500000000000e-01 3.680420905921852e+00 1.052070018784468e+00
7.093750000000001e-01 3.738477714466631e+00 1.052071327233899e+00
7.125000000000000e-01 3.797447255866536e+00 1.052073300536378e+00
7.156250000000001e-01 3.857343927275175e+00 1.052075975874617e+00
7.187500000000000e-01 3.918182352200844e+00 1.052078490325712e+00
7.218750000000000e-01 3.979977384076828e+00 1.052080149985450e+00
7.250000000000001e-01 4.042744109887770e+00 1.052081345881386e+00
7.281250000000000e-01 4.106497853853101e+00 1.052083022783365e+00
7.312500000000001e-01 4.171254181168399e+00 1.052086462883262e+00
7.343750000000000e-01 4.237028901805528e+00 1.052090595219505e+00
7.375000000000000e-01 4.303838074372613e+00 1.052091338026211e+00
7.406250000000001e-01 4.371698010034643e+00 1.052106379889884e+00
7.437500000000000e-01 4.440625276495786e+00 1.052227401233581e+00
7.468750000000001e-01 4.510636702044332e+00 1.052645187938667e+00
7.500000000000000e-01 4.581749379661216e+00 1.053590369274568e+00
7.531250000000000e-01 4.653980671193226e+00 1.055210096299313e+00
7.562500000000001e-01 4.727348211591802e+00 1.057468736869961e+00
7.593750000000000e-01 4.801869913218528e+00 1.060142496988155e+00
7.625000000000001e-01 4.877563970218381e+00 1.062903689703776e+00
7.656250000000000e-01 4.954448862961714e+00 1.065436080179623e+00
7.687500000000000e-01 5.032543362556198e+00 1.067521985682233e+00
7.718750000000001e-01 5.111866535429675e+00 1.069074830596047e+00
7.750000000000000e-01 5.192437747985146e+00 1.070124112439945e+00
7.781250000000001e-01 5.274276671329015e+00 1.070775423615052e+00
7.812500000000000e-01 5.357403286073669e+00 1.071167238753739e+00
7.843750000000000e-01 5.441837887215693e+00 1.071437336175254e+00
7.875000000000001e-01 5.527601089090773e+00 1.071702766454629e+00
7.906250000000000e-01 5.614713830406605e+00 1.072051668901285e+00
7.937500000000001e-01 5.703197379355005e+00 1.072543083613642e+00
7.968750000000000e-01 5.793073338804412e+00 1.073210976091176e+00
8.000000000000000e-01 5.884363651574169e+00 1.074069704002786e+00
8.031250000000001e-01 5.977090605791737e+00 1.075119330549891e+00
8.062500000000000e-01 6.071276840334257e+00 1.076350041477345e+00
8.093750000000001e-01 6.166945350355728e+00 1.077745404469222e+00
8.125000000000000e-01 6.264119492901173e+00 1.079284443360296e+00
8.156250000000000e-01 6.362822992609162e+00 1.080942733646874e+00
8.187500000000001e-01 6.463079947504072e+00 1.082692909743520e+00
8.218750000000000e-01 6.564914834879517e+00 1.084504962225818e+00
8.250000000000001e-01 6.668352517274371e+00 1.086346400364419e+00
8.281250000000000e-01 6.773418248542846e+00 1.088182044923979e+00
8.312500000000000e-01 6.880137680020114e+00 1.089973323458216e+00
8.343750000000001e-01 6.988536866784961e+00 1.091677638133068e+00
8.375000000000000e-01 7.098642274021019e+00 1.093249266686473e+00
8.406250000000001e-01 7.210480783478133e+00 1.094643517552060e+00
8.437500000000000e-01 7.324079700035414e+00 1.095824809764317e+00
8.468750000000000e-01 7.439466758367605e+00 1.096777099527975e+00
8.500000000000001e-01 7.556670129716381e+00 1.097512809387382e+00
8.531250000000000e-01 7.675718428768239e+00 1.098075752919133e+00
8.562500000000001e-01 7.796640720640633e+00 1.098535294914374e+00
8.593750000000000e-01 7.919466527978115e+00 1.098972388769490e+00
8.625000000000000e-01 8.044225838160141e+00 1.099461421946212e+00
8.656250000000001e-01 8.170949110622363e+00 1.100053472498228e+00
8.687500000000000e-01 8.299667284293170e+00 1.100766134637018e+00
8.718750000000001e-01 8.430411785147284e+00 1.101582860130128e+00
8.750000000000000e-01 8.563214533878281e+00 1.102461570895932e+00
8.781250000000000e-01 8.698107953691880e+00 1.103349181689458e+00
8.812500000000001e-01 8.835124978221932e+00 1.104196828335599e+00
8.843750000000000e-01 8.974299059571019e+00 1.104970873119892e+00
8.875000000000001e-01 9.115664176477637e+00 1.105657027719625e+00
8.906250000000000e-01 9.259254842611947e+00 1.106257985683770e+00
8.937500000000000e-01 9.405106115002161e+00 1.106787227339925e+00
8.968750000000001e-01 9.553253602593529e+00 1.107262232851740e+00
9.000000000000000e-01 9.703733474942130e+00 1.107699407126514e+00
9.031250000000001e-01 9.856582471045494e+00 1.108111506191957e+00
9.062500000000000e-01 1.001183790831228e+01 1.108507155822341e+00
9.093750000000000e-01 1.016953769167313e+01 1.108891556509288e+00
9.125000000000001e-01 1.032972032283505e+01 1.109267553691110e+00
9.156250000000000e-01 1.049242490968134e+01 1.109636587674725e+00
9.187500000000001e-01 1.065769117581972e+01 1.109999354394542e+00
9.218750000000000e-01 1.082555947028058e+01 1.110356194679413e+00
9.250000000000000e-01 1.099607077736805e+01 1.110707295054466e+00
9.281250000000001e-01 1.116926672666618e+01 1.111052780352482e+00
9.312500000000000e-01 1.134518960320255e+01 1.111392752102170e+00
9.343750000000001e-01 1.152388235777201e+01 1.111727303010302e+00
9.375000000000000e-01 1.170538861742293e+01 1.112056522128901e+00
9.406250000000000e-01 1.188975269610854e+01 1.112380496309228e+00
9.437500000000001e-01 1.207701960550600e+01 1.112699310817999e+00
9.468750000000000e-01 1.226723506600578e+01 1.113013049432819e+00
9.500000000000001e-01 1.246044551787411e+01 1.113321794500116e+00
9.531250000000000e-01 1.265669813259115e+01 1.113625626992898e+00
9.562500000000000e-01 1.285604082436773e+01 1.113924626529704e+00
9.593750000000001e-01 1.305852226184337e+01 1.114218871392084e+00
9.625000000000000e-01 1.326419187996850e+01 1.114508438501997e+00
9.656250000000001e-01 1.347309989207381e+01 1.114793403512359e+00
9.687500000000000e-01 1.368529730212962e+01 1.115073840860086e+00
9.718750000000000e-01 1.390083591719824e+01 1.115349823664350e+00
9.750000000000001e-01 1.411976836008246e+01 1.115621423890194e+00
9.781250000000000e-01 1.434214808217320e+01 1.115888712283825e+00
9.812500000000001e-01 1.456802937649935e+01 1.116151758342592e+00
9.843750000000000e-01 1.479746739098328e+01 1.116410630514411e+00
9.875000000000000e-01 1.503051814190487e+01 1.116665396053899e+00
9.906250000000001e-01 1.526723852757770e+01 1.116916121065514e+00
9.937500000000000e-01 1.550768634224049e+01 1.117162870624010e+00
9.968750000000001e-01 1.575192029016732e+01 1.117405708703717e+00
1.000000000000000e+00 1.600000000000000e+01 1.117644698220069e+00
