0.000000000000000e+00 0.000000000000000e+00 1.000000000000000e+00
3.125000000000000e-03 3.369263549427258e-03 1.036177649043101e+00
6.250000000000000e-03 6.739349689698711e-03 1.043016610388076e+00
9.375000000000001e-03 1.011108121249049e-02 1.045792868179483e+00
1.250000000000000e-02 1.348528131119160e-02 1.047275821795727e+00
1.562500000000000e-02 1.686277378188298e-02 1.048196026419624e+00
1.875000000000000e-02 2.024438322446370e-02 1.048822179778915e+00
2.187500000000000e-02 2.363093524397333e-02 1.049275673259165e+00
2.500000000000000e-02 2.702325665215984e-02 1.049619245933250e+00
2.812500000000000e-02 3.042217566934200e-02 1.049888554437873e+00
3.125000000000000e-02 3.382852212661575e-02 1.050105351279164e+00
3.437500000000000e-02 3.724312766845378e-02 1.050283655168110e+00
3.750000000000001e-02 4.066682595574785e-02 1.050432905627919e+00
4.062500000000000e-02 4.410045286934348e-02 1.050559690536733e+00
4.375000000000000e-02 4.754484671411652e-02 1.050668746833574e+00
4.687500000000000e-02 5.100084842364160e-02 1.050763567819639e+00
5.000000000000000e-02 5.446930176550237e-02 1.050846785773562e+00
5.312500000000001e-02 5.795105354729364e-02 1.050920421830667e+00
5.625000000000000e-02 6.144695382336569e-02 1.050986053599228e+00
5.937500000000000e-02 6.495785610236132e-02 1.051044930345543e+00
6.250000000000000e-02 6.848461755559625e-02 1.051098054167950e+00
6.562500000000000e-02 7.202809922633362e-02 1.051146238449976e+00
6.875000000000001e-02 7.558916624000402e-02 1.051190149968042e+00
7.187500000000001e-02 7.916868801542200e-02 1.051230340589230e+00
7.500000000000001e-02 8.276753847705080e-02 1.051267271031309e+00
7.812500000000000e-02 8.638659626836727e-02 1.051301328976352e+00
8.125000000000000e-02 9.002674496637868e-02 1.051332842999146e+00
8.437500000000001e-02 9.368887329734420e-02 1.051362093117878e+00
8.750000000000001e-02 9.737387535375355e-02 1.051389319880597e+00
9.062500000000001e-02 1.010826508126157e-01 1.051414730845086e+00
9.375000000000000e-02 1.048161051551108e-01 1.051438505968486e+00
9.687500000000000e-02 1.085751498876601e-01 1.051460802237895e+00
1.000000000000000e-01 1.123607027644654e-01 1.051481757071384e+00
1.031250000000000e-01 1.161736880115753e-01 1.051501491335729e+00
1.062500000000000e-01 1.200150365525305e-01 1.051520111794394e+00
1.093750000000000e-01 1.238856862356450e-01 1.051537713070113e+00
1.125000000000000e-01 1.277865820629775e-01 1.051554379156647e+00
1.156250000000000e-01 1.317186764210495e-01 1.051570185147712e+00
1.187500000000000e-01 1.356829293133661e-01 1.051585198377188e+00
1.218750000000000e-01 1.396803085947971e-01 1.051599479301512e+00
1.250000000000000e-01 1.437117902078738e-01 1.051613082233791e+00
1.281250000000000e-01 1.477783584210617e-01 1.051626056209344e+00
1.312500000000000e-01 1.518810060690650e-01 1.051638445638338e+00
1.343750000000000e-01 1.560207347952229e-01 1.051650290730167e+00
1.375000000000000e-01 1.601985552960564e-01 1.051661628292631e+00
1.406250000000000e-01 1.644154875680252e-01 1.051672491791613e+00
1.437500000000000e-01 1.686725611565558e-01 1.051682911504697e+00
1.468750000000000e-01 1.729708154074000e-01 1.051692915463983e+00
1.500000000000000e-01 1.773112997203869e-01 1.051702529412934e+00
1.531250000000000e-01 1.816950738056289e-01 1.051711776811429e+00
1.562500000000000e-01 1.861232079422458e-01 1.051720679350248e+00
1.593750000000000e-01 1.905967832396682e-01 1.051729256983593e+00
1.625000000000000e-01 1.951168919015860e-01 1.051737528177282e+00
1.656250000000000e-01 1.996846374926046e-01 1.051745509944331e+00
1.687500000000000e-01 2.043011352076760e-01 1.051753218153806e+00
1.718750000000000e-01 2.089675121443681e-01 1.051760667417965e+00
1.750000000000000e-01 2.136849075780412e-01 1.051767871388684e+00
1.781250000000000e-01 2.184544732399964e-01 1.051774842862202e+00
1.812500000000000e-01 2.232773735986666e-01 1.051781593553066e+00
1.843750000000000e-01 2.281547861439151e-01 1.051788134460205e+00
1.875000000000000e-01 2.330879016745160e-01 1.051794475963743e+00
1.906250000000000e-01 2.380779245888810e-01 1.051800627598022e+00
1.937500000000000e-01 2.431260731791094e-01 1.051806598422857e+00
1.968750000000000e-01 2.482335799284277e-01 1.051812397041919e+00
2.000000000000000e-01 2.534016918120952e-01 1.051818031343364e+00
2.031250000000000e-01 2.586316706018478e-01 1.051823508708315e+00
2.062500000000000e-01 2.639247931739538e-01 1.051828836218947e+00
2.093750000000000e-01 2.692823518209576e-01 1.051834020378064e+00
2.125000000000000e-01 2.747056545671873e-01 1.051839067476012e+00
2.156250000000000e-01 2.801960254881028e-01 1.051843983565959e+00
2.187500000000000e-01 2.857548050335636e-01 1.051848774298607e+00
2.218750000000000e-01 2.913833503550930e-01 1.051853444700623e+00
2.250000000000000e-01 2.970830356372213e-01 1.051857999738842e+00
2.281250000000000e-01 3.028552524329863e-01 1.051862444280752e+00
2.312500000000000e-01 3.087014100036755e-01 1.051866782871461e+00
2.343750000000000e-01 3.146229356628902e-01 1.051871019675846e+00
2.375000000000000e-01 3.206212751250189e-01 1.051875158770322e+00
2.406250000000000e-01 3.266978928582008e-01 1.051879204087813e+00
2.437500000000000e-01 3.328542724418705e-01 1.051883159357687e+00
2.468750000000000e-01 3.390919169289667e-01 1.051887028085247e+00
2.500000000000000e-01 3.454123492128958e-01 1.051890813572597e+00
2.531250000000000e-01 3.518171123993401e-01 1.051894519071267e+00
2.562500000000000e-01 3.583077701830001e-01 1.051898147716801e+00
2.593750000000000e-01 3.648859072293631e-01 1.051901702503386e+00
2.625000000000000e-01 3.715531295615936e-01 1.051905186255927e+00
2.656250000000000e-01 3.783110649526354e-01 1.051908601776961e+00
2.687500000000000e-01 3.851613633226258e-01 1.051911951598618e+00
2.718750000000000e-01 3.921056971417164e-01 1.051915238256233e+00
2.750000000000000e-01 3.991457618383991e-01 1.051918464304767e+00
2.781250000000000e-01 4.062832762134377e-01 1.051921632068700e+00
2.812500000000000e-01 4.135199828595055e-01 1.051924743958028e+00
2.843750000000000e-01 4.208576485866312e-01 1.051927802174299e+00
2.875000000000000e-01 4.282980648535585e-01 1.051930808848396e+00
2.906250000000000e-01 4.358430482051222e-01 1.051933766093900e+00
2.937500000000000e-01 4.434944407157500e-01 1.051936676017242e+00
2.968750000000000e-01 4.512541104391968e-01 1.051939540727443e+00
3.000000000000000e-01 4.591239518646220e-01 1.051942362079768e+00
3.031250000000000e-01 4.671058863791195e-01 1.051945142118582e+00
3.062500000000000e-01 4.752018627368176e-01 1.051947882649281e+00
3.093750000000000e-01 4.834138575346580e-01 1.051950585459163e+00
3.125000000000000e-01 4.917438756949728e-01 1.051953252634072e+00
3.156250000000000e-01 5.001939509549778e-01 1.051955885955360e+00
3.187500000000000e-01 5.087661463633005e-01 1.051958487205590e+00
3.218750000000000e-01 5.174625547836644e-01 1.051961058130268e+00
3.250000000000000e-01 5.262852994058529e-01 1.051963600486441e+00
3.281250000000000e-01 5.352365342640750e-01 1.051966116136838e+00
3.312500000000000e-01 5.443184447628656e-01 1.051968606881158e+00
3.343750000000000e-01 5.535332482106405e-01 1.051971074369860e+00
3.375000000000000e-01 5.628831943610435e-01 1.051973520369023e+00
3.406250000000000e-01 5.723705659622137e-01 1.051975946901034e+00
3.437500000000000e-01 5.819976793141081e-01 1.051978355459978e+00
3.468750000000000e-01 5.917668848340161e-01 1.051980747749897e+00
3.500000000000000e-01 6.016805676304035e-01 1.051983125827995e+00
3.531250000000000e-01 6.117411480852264e-01 1.051985491366872e+00
3.562500000000000e-01 6.219510824448572e-01 1.051987846131272e+00
3.593750000000000e-01 6.323128634197650e-01 1.051990191895337e+00
3.625000000000000e-01 6.428290207931012e-01 1.051992530489638e+00
3.656250000000000e-01 6.535021220383342e-01 1.051994863761056e+00
3.687500000000000e-01 6.643347729460869e-01 1.051997193398396e+00
3.718750000000000e-01 6.753296182603294e-01 1.051999521283222e+00
3.750000000000000e-01 6.864893423240808e-01 1.052001849055584e+00
3.781250000000000e-01 6.978166697347804e-01 1.052004178506130e+00
3.812500000000000e-01 7.093143660094854e-01 1.052006511317283e+00
3.843750000000000e-01 7.209852382600603e-01 1.052008848972831e+00
3.875000000000000e-01 7.328321358785219e-01 1.052011193151327e+00
3.906250000000000e-01 7.448579512327029e-01 1.052013545158857e+00
3.937500000000000e-01 7.570656203724140e-01 1.052015906272466e+00
3.968750000000000e-01 7.694581237462648e-01 1.052018277608223e+00
4.000000000000000e-01 7.820384869293291e-01 1.052020659896549e+00
4.031250000000000e-01 7.948097813618253e-01 1.052023053869849e+00
4.062500000000000e-01 8.077751250989945e-01 1.052025459645310e+00
4.093750000000000e-01 8.209376835723596e-01 1.052027876972774e+00
4.125000000000000e-01 8.343006703625532e-01 1.052030305314122e+00
4.156250000000000e-01 8.478673479838968e-01 1.052032743173433e+00
4.187500000000000e-01 8.616410286809313e-01 1.052035188688998e+00
4.218750000000000e-01 8.756250752370857e-01 1.052037639050630e+00
4.250000000000000e-01 8.898229017956865e-01 1.052040090341144e+00
4.281250000000000e-01 9.042379746935050e-01 1.052042537948770e+00
4.312500000000000e-01 9.188738133070491e-01 1.052044975622327e+00
4.343750000000000e-01 9.337339909118028e-01 1.052047396001079e+00
4.375000000000000e-01 9.488221355546261e-01 1.052049790410862e+00
4.406250000000000e-01 9.641419309395265e-01 1.052052148433507e+00
4.437500000000000e-01 9.796971173270190e-01 1.052054458481162e+00
4.468750000000000e-01 9.954914924472941e-01 1.052056707682443e+00
4.500000000000000e-01 1.011528912427417e+00 1.052058882252390e+00
4.531250000000000e-01 1.027813292732786e+00 1.052060968538414e+00
4.562500000000000e-01 1.044348609123070e+00 1.052062953745680e+00
4.593750000000000e-01 1.061138898622882e+00 1.052064828188419e+00
4.625000000000000e-01 1.078188260507393e+00 1.052066588052671e+00
4.656250000000000e-01 1.095500857303154e+00 1.052068239480230e+00
4.687500000000000e-01 1.113080915804360e+00 1.052069804764200e+00
4.718750000000000e-01 1.130932728104805e+00 1.052071331248835e+00
4.750000000000000e-01 1.149060652645771e+00 1.052072903586968e+00
4.781250000000000e-01 1.167469115280130e+00 1.052074661308761e+00
4.812500000000000e-01 1.186162610352890e+00 1.052076822961503e+00
4.843750000000000e-01 1.205145701798475e+00 1.052079719972165e+00
4.875000000000000e-01 1.224423024254985e+00 1.052083841752161e+00
4.906250000000000e-01 1.243999284195726e+00 1.052089897583576e+00
4.937500000000000e-01 1.263879261078271e+00 1.052098900504438e+00
4.968750000000000e-01 1.284067808511348e+00 1.052112275289702e+00
5.000000000000000e-01 1.304569855439823e+00 1.052132003382354e+00
5.031250000000000e-01 1.325390407348082e+00 1.052160809888676e+00
5.062500000000000e-01 1.346534547482100e+00 1.052202395610443e+00
5.093750000000000e-01 1.368007438090487e+00 1.052261730115414e+00
5.125000000000001e-01 1.389814321684837e+00 1.052345406352125e+00
5.156250000000000e-01 1.411960522319654e+00 1.052462043547586e+00
5.187500000000000e-01 1.434451446892208e+00 1.052622738573449e+00
5.218750000000000e-01 1.457292586462593e+00 1.052841529258779e+00
5.250000000000000e-01 1.480489517594354e+00 1.053135795703479e+00
5.281250000000001e-01 1.504047903715979e+00 1.053526532187244e+00
5.312500000000000e-01 1.527973496503592e+00 1.054038369400709e+00
5.343750000000000e-01 1.552272137285215e+00 1.054699162387583e+00
5.375000000000000e-01 1.576949758466886e+00 1.055539007256225e+00
5.406250000000000e-01 1.602012384981041e+00 1.056588583396028e+00
5.437500000000001e-01 1.627466135757470e+00 1.057876738627259e+00
5.468750000000000e-01 1.653317225217225e+00 1.059427429267876e+00
5.500000000000000e-01 1.679571964789851e+00 1.061256331852732e+00
5.531250000000000e-01 1.706236764454286e+00 1.063367528169945e+00
5.562500000000000e-01 1.733318134303830e+00 1.065750798066262e+00
5.593750000000001e-01 1.760822686135563e+00 1.068380154114759e+00
5.625000000000000e-01 1.788757135064574e+00 1.071214052468114e+00
5.656250000000000e-01 1.817128301163438e+00 1.074197382285541e+00
5.687500000000000e-01 1.845943111127301e+00 1.077265117593128e+00
5.718750000000000e-01 1.875208599965003e+00 1.080347181575328e+00
5.750000000000001e-01 1.904931912716643e+00 1.083373799526187e+00
5.781250000000000e-01 1.935120306198011e+00 1.086280566994831e+00
5.812500000000000e-01 1.965781150772311e+00 1.089012701062079e+00
5.843750000000000e-01 1.996921932149593e+00 1.091528042075242e+00
5.875000000000000e-01 2.028550253214365e+00 1.093798620925323e+00
5.906250000000001e-01 2.060673835881802e+00 1.095810835683705e+00
5.937500000000000e-01 2.093300522983012e+00 1.097564525728496e+00
5.968750000000000e-01 2.126438280179837e+00 1.099071213814981e+00
6.000000000000001e-01 2.160095197909630e+00 1.100351832439449e+00
6.031250000000000e-01 2.194279493360494e+00 1.101434236127170e+00
6.062500000000001e-01 2.228999512477486e+00 1.102350773793491e+00
6.093750000000000e-01 2.264263732000228e+00 1.103136083183830e+00
6.125000000000000e-01 2.300080761532477e+00 1.103825204808800e+00
6.156250000000001e-01 2.336459345644116e+00 1.104452075986958e+00
6.187500000000000e-01 2.373408366006099e+00 1.105048414172653e+00
6.218750000000001e-01 2.410936843558884e+00 1.105642964802008e+00
6.250000000000000e-01 2.449053940714840e+00 1.106261053454753e+00
6.281250000000000e-01 2.487768963595221e+00 1.106924398287030e+00
6.312500000000001e-01 2.527091364302215e+00 1.107651117967850e+00
6.343750000000000e-01 2.567030743226622e+00 1.108455887385187e+00
6.375000000000001e-01 2.607596851391758e+00 1.109350179966201e+00
6.406250000000000e-01 2.648799592834118e+00 1.110342569851426e+00
6.437500000000000e-01 2.690649027021411e+00 1.111439055684075e+00
6.468750000000001e-01 2.733155371308524e+00 1.112643390094003e+00
6.500000000000000e-01 2.776329003432049e+00 1.113957386853136e+00
6.531250000000001e-01 2.820180464043967e+00 1.115381206306067e+00
6.562500000000000e-01 2.864720459285089e+00 1.116913604767719e+00
6.593750000000000e-01 2.909959863398929e+00 1.118552152497694e+00
6.625000000000001e-01 2.955909721386590e+00 1.120293410692925e+00
6.656250000000000e-01 3.002581251703353e+00 1.122133074081978e+00
6.687500000000001e-01 3.049985848997626e+00 1.124066076198188e+00
6.718750000000000e-01 3.098135086892879e+00 1.126086669827233e+00
6.750000000000000e-01 3.147040720813310e+00 1.128188480546597e+00
6.781250000000001e-01 3.196714690853871e+00 1.130364539756012e+00
6.812500000000000e-01 3.247169124695383e+00 1.132607292500350e+00
6.843750000000001e-01 3.298416340565477e+00 1.134908584692036e+00
6.875000000000000e-01 3.350468850246008e+00 1.137259629112232e+00
6.906250000000000e-01 3.403339362127777e+00 1.139650957941809e+00
6.937500000000001e-01 3.457040784313211e+00 1.142072365376499e+00
6.968750000000000e-01 3.511586227767823e+00 1.144512848527417e+00
7.000000000000001e-01 3.566989009521205e+00 1.146960552662317e+00
7.031250000000000e-01 3.623262655918307e+00 1.149402729418398e+00
7.062500000000000e-01 3.680420905921852e+00 1.151825718641765e+00
7.093750000000001e-01 3.738477714466631e+00 1.154214968169200e+00
7.125000000000000e-01 3.797447255866536e+00 1.156555110354700e+00
7.156250000000001e-01 3.857343927275175e+00 1.158830118976574e+00
7.187500000000000e-01 3.918182352200844e+00 1.161023575503879e+00
7.218750000000000e-01 3.979977384076828e+00 1.163119076774540e+00
7.250000000000001e-01 4.042744109887770e+00 1.165100817633864e+00
7.281250000000000e-01 4.106497853853101e+00 1.166954376067406e+00
7.312500000000001e-01 4.171254181168399e+00 1.168667712478084e+00
7.343750000000000e-01 4.237028901805528e+00 1.170232359013976e+00
7.375000000000000e-01 4.303838074372613e+00 1.171644720756464e+00
7.406250000000001e-01 4.371698010034643e+00 1.172907337523356e+00
7.437500000000000e-01 4.440625276495786e+00 1.174029884115317e+00
7.468750000000001e-01 4.510636702044332e+00 1.175029641804319e+00
7.500000000000000e-01 4.581749379661216e+00 1.175931187925161e+00
7.531250000000000e-01 4.653980671193226e+00 1.176765140157492e+00
7.562500000000001e-01 4.727348211591802e+00 1.177565951844127e+00
7.593750000000000e-01 4.801869913218528e+00 1.178368951380334e+00
7.625000000000001e-01 4.877563970218381e+00 1.179206995198593e+00
7.656250000000000e-01 4.954448862961714e+00 1.180107211438033e+00
7.687500000000000e-01 5.032543362556198e+00 1.181088315990021e+00
7.718750000000001e-01 5.111866535429675e+00 1.182158891142193e+00
7.750000000000000e-01 5.192437747985146e+00 1.183316856510183e+00
7.781250000000001e-01 5.274276671329015e+00 1.184550177333032e+00
7.812500000000000e-01 5.357403286073669e+00 1.185838684105374e+00
7.843750000000000e-01 5.441837887215693e+00 1.187156737231113e+00
7.875000000000001e-01 5.527601089090773e+00 1.188476373022959e+00
7.906250000000000e-01 5.614713830406605e+00 1.189770510179281e+00
7.937500000000001e-01 5.703197379355005e+00 1.191015791236989e+00
7.968750000000000e-01 5.793073338804412e+00 1.192194686849434e+00
8.000000000000000e-01 5.884363651574169e+00 1.193296612559034e+00
8.031250000000001e-01 5.977090605791737e+00 1.194317981548437e+00
8.062500000000000e-01 6.071276840334257e+00 1.195261311965119e+00
8.093750000000001e-01 6.166945350355728e+00 1.196133672085676e+00
8.125000000000000e-01 6.264119492901173e+00 1.196944836885655e+00
8.156250000000000e-01 6.362822992609162e+00 1.197705523376483e+00
8.187500000000001e-01 6.463079947504072e+00 1.198425981200910e+00
8.218750000000000e-01 6.564914834879517e+00 1.199115077376029e+00
8.250000000000001e-01 6.668352517274371e+00 1.199779877006447e+00
8.281250000000000e-01 6.773418248542846e+00 1.200425621448795e+00
8.312500000000000e-01 6.880137680020114e+00 1.201055960933066e+00
8.343750000000001e-01 6.988536866784961e+00 1.201673301462491e+00
8.375000000000000e-01 7.098642274021019e+00 1.202279160487024e+00
8.406250000000001e-01 7.210480783478133e+00 1.202874469522123e+00
8.437500000000000e-01 7.324079700035414e+00 1.203459800812961e+00
8.468750000000000e-01 7.439466758367605e+00 1.204035520645670e+00
8.500000000000001e-01 7.556670129716381e+00 1.204601884224149e+00
8.531250000000000e-01 7.675718428768239e+00 1.205159089943389e+00
8.562500000000001e-01 7.796640720640633e+00 1.205707308141705e+00
8.593750000000000e-01 7.919466527978115e+00 1.206246695361646e+00
8.625000000000000e-01 8.044225838160141e+00 1.206777400869132e+00
8.656250000000001e-01 8.170949110622363e+00 1.207299569552459e+00
8.687500000000000e-01 8.299667284293170e+00 1.207813343197018e+00
8.718750000000001e-01 8.430411785147284e+00 1.208318860785729e+00
8.750000000000000e-01 8.563214533878281e+00 1.208816258806073e+00
8.781250000000000e-01 8.698107953691880e+00 1.209305671411090e+00
8.812500000000001e-01 8.835124978221932e+00 1.209787230378078e+00
8.843750000000000e-01 8.974299059571019e+00 1.210261065112400e+00
8.875000000000001e-01 9.115664176477637e+00 1.210727302901909e+00
8.906250000000000e-01 9.259254842611947e+00 1.211186068717701e+00
8.937500000000000e-01 9.405106115002161e+00 1.211637485411557e+00
8.968750000000001e-01 9.553253602593529e+00 1.212081673763542e+00
9.000000000000000e-01 9.703733474942130e+00 1.212518752374434e+00
9.031250000000001e-01 9.856582471045494e+00 1.212948837805829e+00
9.062500000000000e-01 1.001183790831228e+01 1.213372044721627e+00
9.093750000000000e-01 1.016953769167313e+01 1.213788485724585e+00
9.125000000000001e-01 1.032972032283505e+01 1.214198271490199e+00
9.156250000000000e-01 1.049242490968134e+01 1.214601510850911e+00
9.187500000000001e-01 1.065769117581972e+01 1.214998310726686e+00
9.218750000000000e-01 1.082555947028058e+01 1.215388776254530e+00
9.250000000000000e-01 1.099607077736805e+01 1.215773010714911e+00
9.281250000000001e-01 1.116926672666618e+01 1.216151115708425e+00
9.312500000000000e-01 1.134518960320255e+01 1.216523191079841e+00
9.343750000000001e-01 1.152388235777201e+01 1.216889334990207e+00
9.375000000000000e-01 1.170538861742293e+01 1.217249643886330e+00
9.406250000000000e-01 1.188975269610854e+01 1.217604212671360e+00
9.437500000000001e-01 1.207701960550600e+01 1.217953134520064e+00
9.468750000000000e-01 1.226723506600578e+01 1.218296501197580e+00
9.500000000000001e-01 1.246044551787411e+01 1.218634402771592e+00
9.531250000000000e-01 1.265669813259115e+01 1.218966927876123e+00
9.562500000000000e-01 1.285604082436773e+01 1.219294163623078e+00
9.593750000000001e-01 1.305852226184337e+01 1.219616195662303e+00
9.625000000000000e-01 1.326419187996850e+01 1.219933108241450e+00
9.656250000000001e-01 1.347309989207381e+01 1.220244984111726e+00
9.687500000000000e-01 1.368529730212962e+01 1.220551904736284e+00
9.718750000000000e-01 1.390083591719824e+01 1.220853950195539e+00
9.750000000000001e-01 1.411976836008246e+01 1.221151199189907e+00
9.781250000000000e-01 1.434214808217320e+01 1.221443729143396e+00
9.812500000000001e-01 1.456802937649935e+01 1.221731616206005e+00
9.843750000000000e-01 1.479746739098328e+01 1.222014935202892e+00
9.875000000000000e-01 1.503051814190487e+01 1.222293759734184e+00
9.906250000000001e-01 1.526723852757770e+01 1.222568162224946e+00
9.937500000000000e-01 1.550768634224049e+01 1.222838213820759e+00
9.968750000000001e-01 1.575192029016732e+01 1.223103984586663e+00
1.000000000000000e+00 1.600000000000000e+01 1.223365543299542e+00
