0.000000000000000e+00 0.000000000000000e+00 1.000000000000000e+00
3.125000000000000e-03 3.369263549427258e-03 1.036177648539497e+00
6.250000000000000e-03 6.739349689698711e-03 1.043016606613161e+00
9.375000000000001e-03 1.011108121249049e-02 1.045792862198785e+00
1.250000000000000e-02 1.348528131119160e-02 1.047275813851198e+00
1.562500000000000e-02 1.686277378188298e-02 1.048196015510456e+00
1.875000000000000e-02 2.024438322446370e-02 1.048822165098794e+00
2.187500000000000e-02 2.363093524397333e-02 1.049275654277824e+00
2.500000000000000e-02 2.702325665215984e-02 1.049619222080681e+00
2.812500000000000e-02 3.042217566934200e-02 1.049888525041138e+00
3.125000000000000e-02 3.382852212661575e-02 1.050105315657988e+00
3.437500000000000e-02 3.724312766845378e-02 1.050283612667378e+00
3.750000000000001e-02 4.066682595574785e-02 1.050432855594940e+00
4.062500000000000e-02 4.410045286934348e-02 1.050559632339077e+00
4.375000000000000e-02 4.754484671411652e-02 1.050668679931575e+00
4.687500000000000e-02 5.100084842364160e-02 1.050763491490055e+00
5.000000000000000e-02 5.446930176550237e-02 1.050846699327725e+00
5.312500000000001e-02 5.795105354729364e-02 1.050920324571748e+00
5.625000000000000e-02 6.144695382336569e-02 1.050985944763436e+00
5.937500000000000e-02 6.495785610236132e-02 1.051044809195557e+00
6.250000000000000e-02 6.848461755559625e-02 1.051097919994634e+00
6.562500000000000e-02 7.202809922633362e-02 1.051146090452402e+00
6.875000000000001e-02 7.558916624000402e-02 1.051189987328967e+00
7.187500000000001e-02 7.916868801542200e-02 1.051230162550045e+00
7.500000000000001e-02 8.276753847705080e-02 1.051267076866351e+00
7.812500000000000e-02 8.638659626836727e-02 1.051301117890541e+00
8.125000000000000e-02 9.002674496637868e-02 1.051332614085159e+00
8.437500000000001e-02 9.368887329734420e-02 1.051361845615669e+00
8.750000000000001e-02 9.737387535375355e-02 1.051389052940434e+00
9.062500000000001e-02 1.010826508126157e-01 1.051414443502337e+00
9.375000000000000e-02 1.048161051551108e-01 1.051438197328989e+00
9.687500000000000e-02 1.085751498876601e-01 1.051460471314065e+00
1.000000000000000e-01 1.123607027644654e-01 1.051481402879917e+00
1.031250000000000e-01 1.161736880115753e-01 1.051501112892907e+00
1.062500000000000e-01 1.200150365525305e-01 1.051519708070806e+00
1.093750000000000e-01 1.238856862356450e-01 1.051537282932651e+00
1.125000000000000e-01 1.277865820629775e-01 1.051553921635765e+00
1.156250000000000e-01 1.317186764210495e-01 1.051569699241486e+00
1.187500000000000e-01 1.356829293133661e-01 1.051584682932109e+00
1.218750000000000e-01 1.396803085947971e-01 1.051598933058277e+00
1.250000000000000e-01 1.437117902078738e-01 1.051612503955245e+00
1.281250000000000e-01 1.477783584210617e-01 1.051625444621458e+00
1.312500000000000e-01 1.518810060690650e-01 1.051637799433102e+00
1.343750000000000e-01 1.560207347952229e-01 1.051649608678672e+00
1.375000000000000e-01 1.601985552960564e-01 1.051660908980893e+00
1.406250000000000e-01 1.644154875680252e-01 1.051671733714752e+00
1.437500000000000e-01 1.686725611565558e-01 1.051682113315192e+00
1.468750000000000e-01 1.729708154074000e-01 1.051692075703981e+00
1.500000000000000e-01 1.773112997203869e-01 1.051701646469189e+00
1.531250000000000e-01 1.816950738056289e-01 1.051710849100346e+00
1.562500000000000e-01 1.861232079422458e-01 1.051719705164218e+00
1.593750000000000e-01 1.905967832396682e-01 1.051728234600334e+00
1.625000000000000e-01 1.951168919015860e-01 1.051736455805068e+00
1.656250000000000e-01 1.996846374926046e-01 1.051744385802683e+00
1.687500000000000e-01 2.043011352076760e-01 1.051752040341081e+00
1.718750000000000e-01 2.089675121443681e-01 1.051759433999951e+00
1.750000000000000e-01 2.136849075780412e-01 1.051766580316232e+00
1.781250000000000e-01 2.184544732399964e-01 1.051773491931280e+00
1.812500000000000e-01 2.232773735986666e-01 1.051780180591630e+00
1.843750000000000e-01 2.281547861439151e-01 1.051786657257842e+00
1.875000000000000e-01 2.330879016745160e-01 1.051792932156581e+00
1.906250000000000e-01 2.380779245888810e-01 1.051799014818533e+00
1.937500000000000e-01 2.431260731791094e-01 1.051804914146409e+00
1.968750000000000e-01 2.482335799284277e-01 1.051810638558845e+00
2.000000000000000e-01 2.534016918120952e-01 1.051816195913784e+00
2.031250000000000e-01 2.586316706018478e-01 1.051821593547196e+00
2.062500000000000e-01 2.639247931739538e-01 1.051826838390191e+00
2.093750000000000e-01 2.692823518209576e-01 1.051831936953742e+00
2.125000000000000e-01 2.747056545671873e-01 1.051836895348267e+00
2.156250000000000e-01 2.801960254881028e-01 1.051841719383196e+00
2.187500000000000e-01 2.857548050335636e-01 1.051846414492704e+00
2.218750000000000e-01 2.913833503550930e-01 1.051850985824764e+00
2.250000000000000e-01 2.970830356372213e-01 1.051855438242967e+00
2.281250000000000e-01 3.028552524329863e-01 1.051859776323949e+00
2.312500000000000e-01 3.087014100036755e-01 1.051864004393611e+00
2.343750000000000e-01 3.146229356628902e-01 1.051868126603995e+00
2.375000000000000e-01 3.206212751250189e-01 1.051872146838111e+00
2.406250000000000e-01 3.266978928582008e-01 1.051876068779705e+00
2.437500000000000e-01 3.328542724418705e-01 1.051879895982934e+00
2.468750000000000e-01 3.390919169289667e-01 1.051883631770541e+00
2.500000000000000e-01 3.454123492128958e-01 1.051887279297453e+00
2.531250000000000e-01 3.518171123993401e-01 1.051890841614678e+00
2.562500000000000e-01 3.583077701830001e-01 1.051894321562113e+00
2.593750000000000e-01 3.648859072293631e-01 1.051897721912849e+00
2.625000000000000e-01 3.715531295615936e-01 1.051901045263948e+00
2.656250000000000e-01 3.783110649526354e-01 1.051904294093181e+00
2.687500000000000e-01 3.851613633226258e-01 1.051907470773635e+00
2.718750000000000e-01 3.921056971417164e-01 1.051910577544712e+00
2.750000000000000e-01 3.991457618383991e-01 1.051913616609499e+00
2.781250000000000e-01 4.062832762134377e-01 1.051916590063098e+00
2.812500000000000e-01 4.135199828595055e-01 1.051919499860235e+00
2.843750000000000e-01 4.208576485866312e-01 1.051922347909378e+00
2.875000000000000e-01 4.282980648535585e-01 1.051925135997990e+00
2.906250000000000e-01 4.358430482051222e-01 1.051927865928540e+00
2.937500000000000e-01 4.434944407157500e-01 1.051930539315852e+00
2.968750000000000e-01 4.512541104391968e-01 1.051933157762198e+00
3.000000000000000e-01 4.591239518646220e-01 1.051935722823769e+00
3.031250000000000e-01 4.671058863791195e-01 1.051938236018152e+00
3.062500000000000e-01 4.752018627368176e-01 1.051940698703039e+00
3.093750000000000e-01 4.834138575346580e-01 1.051943112292884e+00
3.125000000000000e-01 4.917438756949728e-01 1.051945478097145e+00
3.156250000000000e-01 5.001939509549778e-01 1.051947797366600e+00
3.187500000000000e-01 5.087661463633005e-01 1.051950071298066e+00
3.218750000000000e-01 5.174625547836644e-01 1.051952301081728e+00
3.250000000000000e-01 5.262852994058529e-01 1.051954487864065e+00
3.281250000000000e-01 5.352365342640750e-01 1.051956632709165e+00
3.312500000000000e-01 5.443184447628656e-01 1.051958736644077e+00
3.343750000000000e-01 5.535332482106405e-01 1.051960800748232e+00
3.375000000000000e-01 5.628831943610435e-01 1.051962825945894e+00
3.406250000000000e-01 5.723705659622137e-01 1.051964813219461e+00
3.437500000000000e-01 5.819976793141081e-01 1.051966763487265e+00
3.468750000000000e-01 5.917668848340161e-01 1.051968677605430e+00
3.500000000000000e-01 6.016805676304035e-01 1.051970556455224e+00
3.531250000000000e-01 6.117411480852264e-01 1.051972400861916e+00
3.562500000000000e-01 6.219510824448572e-01 1.051974211596326e+00
3.593750000000000e-01 6.323128634197650e-01 1.051975989461881e+00
3.625000000000000e-01 6.428290207931012e-01 1.051977735213194e+00
3.656250000000000e-01 6.535021220383342e-01 1.051979449557358e+00
3.687500000000000e-01 6.643347729460869e-01 1.051981133240758e+00
3.718750000000000e-01 6.753296182603294e-01 1.051982786924628e+00
3.750000000000000e-01 6.864893423240808e-01 1.051984411270334e+00
3.781250000000000e-01 6.978166697347804e-01 1.051986006941791e+00
3.812500000000000e-01 7.093143660094854e-01 1.051987574522239e+00
3.843750000000000e-01 7.209852382600603e-01 1.051989114684931e+00
3.875000000000000e-01 7.328321358785219e-01 1.051990627984201e+00
3.906250000000000e-01 7.448579512327029e-01 1.051992115024671e+00
3.937500000000000e-01 7.570656203724140e-01 1.051993576336423e+00
3.968750000000000e-01 7.694581237462648e-01 1.051995012459929e+00
4.000000000000000e-01 7.820384869293291e-01 1.051996423990896e+00
4.031250000000000e-01 7.948097813618253e-01 1.051997811412526e+00
4.062500000000000e-01 8.077751250989945e-01 1.051999175221749e+00
4.093750000000000e-01 8.209376835723596e-01 1.052000515888399e+00
4.125000000000000e-01 8.343006703625532e-01 1.052001833941330e+00
4.156250000000000e-01 8.478673479838968e-01 1.052003129843323e+00
4.187500000000000e-01 8.616410286809313e-01 1.052004404033010e+00
4.218750000000000e-01 8.756250752370857e-01 1.052005657010894e+00
4.250000000000000e-01 8.898229017956865e-01 1.052006889171408e+00
4.281250000000000e-01 9.042379746935050e-01 1.052008100928957e+00
4.312500000000000e-01 9.188738133070491e-01 1.052009292719677e+00
4.343750000000000e-01 9.337339909118028e-01 1.052010465003166e+00
4.375000000000000e-01 9.488221355546261e-01 1.052011618135876e+00
4.406250000000000e-01 9.641419309395265e-01 1.052012752497074e+00
4.437500000000000e-01 9.796971173270190e-01 1.052013868533295e+00
4.468750000000000e-01 9.954914924472941e-01 1.052014966633028e+00
4.500000000000000e-01 1.011528912427417e+00 1.052016047125651e+00
4.531250000000000e-01 1.027813292732786e+00 1.052017110408694e+00
4.562500000000000e-01 1.044348609123070e+00 1.052018156865239e+00
4.593750000000000e-01 1.061138898622882e+00 1.052019186864176e+00
4.625000000000000e-01 1.078188260507393e+00 1.052020200717665e+00
4.656250000000000e-01 1.095500857303154e+00 1.052021198808334e+00
4.687500000000000e-01 1.113080915804360e+00 1.052022181506637e+00
4.718750000000000e-01 1.130932728104805e+00 1.052023149128284e+00
4.750000000000000e-01 1.149060652645771e+00 1.052024102061403e+00
4.781250000000000e-01 1.167469115280130e+00 1.052025040641097e+00
4.812500000000000e-01 1.186162610352890e+00 1.052025965233812e+00
4.843750000000000e-01 1.205145701798475e+00 1.052026876196074e+00
4.875000000000000e-01 1.224423024254985e+00 1.052027773831875e+00
4.906250000000000e-01 1.243999284195726e+00 1.052028658519793e+00
4.937500000000000e-01 1.263879261078271e+00 1.052029530630266e+00
4.968750000000000e-01 1.284067808511348e+00 1.052030390525727e+00
5.000000000000000e-01 1.304569855439823e+00 1.052031238560731e+00
5.031250000000000e-01 1.325390407348082e+00 1.052032075124842e+00
5.062500000000000e-01 1.346534547482100e+00 1.052032900601314e+00
5.093750000000000e-01 1.368007438090487e+00 1.052033715409965e+00
5.125000000000001e-01 1.389814321684837e+00 1.052034519923081e+00
5.156250000000000e-01 1.411960522319654e+00 1.052035314592476e+00
5.187500000000000e-01 1.434451446892208e+00 1.052036099866717e+00
5.218750000000000e-01 1.457292586462593e+00 1.052036876191214e+00
5.250000000000000e-01 1.480489517594354e+00 1.052037644093823e+00
5.281250000000001e-01 1.504047903715979e+00 1.052038404016536e+00
5.312500000000000e-01 1.527973496503592e+00 1.052039156612237e+00
5.343750000000000e-01 1.552272137285215e+00 1.052039902409306e+00
5.375000000000000e-01 1.576949758466886e+00 1.052040642021514e+00
5.406250000000000e-01 1.602012384981041e+00 1.052041376193512e+00
5.437500000000001e-01 1.627466135757470e+00 1.052042105591040e+00
5.468750000000000e-01 1.653317225217225e+00 1.052042831054919e+00
5.500000000000000e-01 1.679571964789851e+00 1.052043553520869e+00
5.531250000000000e-01 1.706236764454286e+00 1.052044273851163e+00
5.562500000000000e-01 1.733318134303830e+00 1.052044993174112e+00
5.593750000000001e-01 1.760822686135563e+00 1.052045712721017e+00
5.625000000000000e-01 1.788757135064574e+00 1.052046433743316e+00
5.656250000000000e-01 1.817128301163438e+00 1.052047157726435e+00
5.687500000000000e-01 1.845943111127301e+00 1.052047886439199e+00
5.718750000000000e-01 1.875208599965003e+00 1.052048621685225e+00
5.750000000000001e-01 1.904931912716643e+00 1.052049365559515e+00
5.781250000000000e-01 1.935120306198011e+00 1.052050120584700e+00
5.812500000000000e-01 1.965781150772311e+00 1.052050889551917e+00
5.843750000000000e-01 1.996921932149593e+00 1.052051675527422e+00
5.875000000000000e-01 2.028550253214365e+00 1.052052482073020e+00
5.906250000000001e-01 2.060673835881802e+00 1.052053313473101e+00
5.937500000000000e-01 2.093300522983012e+00 1.052054174583418e+00
5.968750000000000e-01 2.126438280179837e+00 1.052055070631802e+00
6.000000000000001e-01 2.160095197909630e+00 1.052056007739217e+00
6.031250000000000e-01 2.194279493360494e+00 1.052056993499433e+00
6.062500000000001e-01 2.228999512477486e+00 1.052058036036441e+00
6.093750000000000e-01 2.264263732000228e+00 1.052059144057736e+00
6.125000000000000e-01 2.300080761532477e+00 1.052060327550351e+00
6.156250000000001e-01 2.336459345644116e+00 1.052061598284215e+00
6.187500000000000e-01 2.373408366006099e+00 1.052062968662330e+00
6.218750000000001e-01 2.410936843558884e+00 1.052064449892511e+00
6.250000000000000e-01 2.449053940714840e+00 1.052066051385179e+00
6.281250000000000e-01 2.487768963595221e+00 1.052067782485925e+00
6.312500000000001e-01 2.527091364302215e+00 1.052069651013684e+00
6.343750000000000e-01 2.567030743226622e+00 1.052071653244416e+00
6.375000000000001e-01 2.607596851391758e+00 1.052073762518097e+00
6.406250000000000e-01 2.648799592834118e+00 1.052075930975185e+00
6.437500000000000e-01 2.690649027021411e+00 1.052078097868445e+00
6.468750000000001e-01 2.733155371308524e+00 1.052080177197639e+00
6.500000000000000e-01 2.776329003432049e+00 1.052082024832619e+00
6.531250000000001e-01 2.820180464043967e+00 1.052083452922518e+00
6.562500000000000e-01 2.864720459285089e+00 1.052084376766656e+00
6.593750000000000e-01 2.909959863398929e+00 1.052085085474981e+00
6.625000000000001e-01 2.955909721386590e+00 1.052086618626474e+00
6.656250000000000e-01 3.002581251703353e+00 1.052091644672527e+00
6.687500000000001e-01 3.049985848997626e+00 1.052107031240538e+00
6.718750000000000e-01 3.098135086892879e+00 1.052149973533379e+00
6.750000000000000e-01 3.147040720813310e+00 1.052258806638520e+00
6.781250000000001e-01 3.196714690853871e+00 1.052505379022592e+00
6.812500000000000e-01 3.247169124695383e+00 1.052999058672223e+00
6.843750000000001e-01 3.298416340565477e+00 1.053870471495902e+00
6.875000000000000e-01 3.350468850246008e+00 1.055232836906829e+00
6.906250000000000e-01 3.403339362127777e+00 1.057135371563953e+00
6.937500000000001e-01 3.457040784313211e+00 1.059532243065030e+00
6.968750000000000e-01 3.511586227767823e+00 1.062283468534155e+00
7.000000000000001e-01 3.566989009521205e+00 1.065186918400882e+00
7.031250000000000e-01 3.623262655918307e+00 1.068026196661141e+00
7.062500000000000e-01 3.680420905921852e+00 1.070615575215926e+00
7.093750000000001e-01 3.738477714466631e+00 1.072829038481876e+00
7.125000000000000e-01 3.797447255866536e+00 1.074609760340255e+00
7.156250000000001e-01 3.857343927275175e+00 1.075963514891662e+00
7.187500000000000e-01 3.918182352200844e+00 1.076942756349322e+00
7.218750000000000e-01 3.979977384076828e+00 1.077627893531015e+00
7.250000000000001e-01 4.042744109887770e+00 1.078110360653829e+00
7.281250000000000e-01 4.106497853853101e+00 1.078479789057738e+00
7.312500000000001e-01 4.171254181168399e+00 1.078815790567486e+00
7.343750000000000e-01 4.237028901805528e+00 1.079183792325725e+00
7.375000000000000e-01 4.303838074372613e+00 1.079633900074090e+00
7.406250000000001e-01 4.371698010034643e+00 1.080201724103153e+00
7.437500000000000e-01 4.440625276495786e+00 1.080910247460011e+00
7.468750000000001e-01 4.510636702044332e+00 1.081772075935202e+00
7.500000000000000e-01 4.581749379661216e+00 1.082791642751509e+00
7.531250000000000e-01 4.653980671193226e+00 1.083967153176117e+00
7.562500000000001e-01 4.727348211591802e+00 1.085292170562027e+00
7.593750000000000e-01 4.801869913218528e+00 1.086756833602110e+00
7.625000000000001e-01 4.877563970218381e+00 1.088348722967592e+00
7.656250000000000e-01 4.954448862961714e+00 1.090053430669754e+00
7.687500000000000e-01 5.032543362556198e+00 1.091854879782060e+00
7.718750000000001e-01 5.111866535429675e+00 1.093735448236340e+00
7.750000000000000e-01 5.192437747985146e+00 1.095675940439403e+00
7.781250000000001e-01 5.274276671329015e+00 1.097655468022534e+00
7.812500000000000e-01 5.357403286073669e+00 1.099651309204601e+00
7.843750000000000e-01 5.441837887215693e+00 1.101638814007387e+00
7.875000000000001e-01 5.527601089090773e+00 1.103591401686029e+00
7.906250000000000e-01 5.614713830406605e+00 1.105480704371344e+00
7.937500000000001e-01 5.703197379355005e+00 1.107276994756280e+00
7.968750000000000e-01 5.793073338804412e+00 1.108950185096858e+00
8.000000000000000e-01 5.884363651574169e+00 1.110471794547364e+00
8.031250000000001e-01 5.977090605791737e+00 1.111818180443110e+00
8.062500000000000e-01 6.071276840334257e+00 1.112974901527718e+00
8.093750000000001e-01 6.166945350355728e+00 1.113941396230826e+00
8.125000000000000e-01 6.264119492901173e+00 1.114734517695786e+00
8.156250000000000e-01 6.362822992609162e+00 1.115389289421839e+00
8.187500000000001e-01 6.463079947504072e+00 1.115955796498065e+00
8.218750000000000e-01 6.564914834879517e+00 1.116492286793114e+00
8.250000000000001e-01 6.668352517274371e+00 1.117055838551010e+00
8.281250000000000e-01 6.773418248542846e+00 1.117692788402315e+00
8.312500000000000e-01 6.880137680020114e+00 1.118431206062216e+00
8.343750000000001e-01 6.988536866784961e+00 1.119277114215459e+00
8.375000000000000e-01 7.098642274021019e+00 1.120215179207160e+00
8.406250000000001e-01 7.210480783478133e+00 1.121213535921412e+00
8.437500000000000e-01 7.324079700035414e+00 1.122231473473487e+00
8.468750000000000e-01 7.439466758367605e+00 1.123228072477283e+00
8.500000000000001e-01 7.556670129716381e+00 1.124169724973649e+00
8.531250000000000e-01 7.675718428768239e+00 1.125034890598116e+00
8.562500000000001e-01 7.796640720640633e+00 1.125815361680675e+00
8.593750000000000e-01 7.919466527978115e+00 1.126514398973030e+00
8.625000000000000e-01 8.044225838160141e+00 1.127142934364281e+00
8.656250000000001e-01 8.170949110622363e+00 1.127715320424784e+00
8.687500000000000e-01 8.299667284293170e+00 1.128245825321156e+00
8.718750000000001e-01 8.430411785147284e+00 1.128746469990898e+00
8.750000000000000e-01 8.563214533878281e+00 1.129226203940379e+00
8.781250000000000e-01 8.698107953691880e+00 1.129691041623124e+00
8.812500000000001e-01 8.835124978221932e+00 1.130144684179004e+00
8.843750000000000e-01 8.974299059571019e+00 1.130589245340166e+00
8.875000000000001e-01 9.115664176477637e+00 1.131025866209616e+00
8.906250000000000e-01 9.259254842611947e+00 1.131455148437490e+00
8.937500000000000e-01 9.405106115002161e+00 1.131877419929575e+00
8.968750000000001e-01 9.553253602593529e+00 1.132292880575798e+00
9.000000000000000e-01 9.703733474942130e+00 1.132701674346278e+00
9.031250000000001e-01 9.856582471045494e+00 1.133103921952126e+00
9.062500000000000e-01 1.001183790831228e+01 1.133499734455622e+00
9.093750000000000e-01 1.016953769167313e+01 1.133889218378229e+00
9.125000000000001e-01 1.032972032283505e+01 1.134272477622516e+00
9.156250000000000e-01 1.049242490968134e+01 1.134649614029519e+00
9.187500000000001e-01 1.065769117581972e+01 1.135020727676184e+00
9.218750000000000e-01 1.082555947028058e+01 1.135385916857150e+00
9.250000000000000e-01 1.099607077736805e+01 1.135745278201695e+00
9.281250000000001e-01 1.116926672666618e+01 1.136098906745766e+00
9.312500000000000e-01 1.134518960320255e+01 1.136446895865100e+00
9.343750000000001e-01 1.152388235777201e+01 1.136789337342095e+00
9.375000000000000e-01 1.170538861742293e+01 1.137126321432443e+00
9.406250000000000e-01 1.188975269610854e+01 1.137457936839011e+00
9.437500000000001e-01 1.207701960550600e+01 1.137784270821197e+00
9.468750000000000e-01 1.226723506600578e+01 1.138105409074206e+00
9.500000000000001e-01 1.246044551787411e+01 1.138421435925977e+00
9.531250000000000e-01 1.265669813259115e+01 1.138732434260715e+00
9.562500000000000e-01 1.285604082436773e+01 1.139038485576539e+00
9.593750000000001e-01 1.305852226184337e+01 1.139339669950282e+00
9.625000000000000e-01 1.326419187996850e+01 1.139636066184389e+00
9.656250000000001e-01 1.347309989207381e+01 1.139927751724964e+00
9.687500000000000e-01 1.368529730212962e+01 1.140214802714112e+00
9.718750000000000e-01 1.390083591719824e+01 1.140497294088499e+00
9.750000000000001e-01 1.411976836008246e+01 1.140775299447360e+00
9.781250000000000e-01 1.434214808217320e+01 1.141048891192590e+00
9.812500000000001e-01 1.456802937649935e+01 1.141318140532547e+00
9.843750000000000e-01 1.479746739098328e+01 1.141583117437750e+00
9.875000000000000e-01 1.503051814190487e+01 1.141843890825534e+00
9.906250000000001e-01 1.526723852757770e+01 1.142100528377651e+00
9.937500000000000e-01 1.550768634224049e+01 1.142353096628786e+00
9.968750000000001e-01 1.575192029016732e+01 1.142601661102944e+00
1.000000000000000e+00 1.600000000000000e+01 1.142846286173970e+00
