0.000000000000000e+00 0.000000000000000e+00 1.000000000000000e+00
3.125000000000000e-03 3.369263549427258e-03 1.036177650206789e+00
6.250000000000000e-03 6.739349689698711e-03 1.043016612045196e+00
9.375000000000001e-03 1.011108121249049e-02 1.045792868438166e+00
1.250000000000000e-02 1.348528131119160e-02 1.047275820359647e+00
1.562500000000000e-02 1.686277378188298e-02 1.048196022125357e+00
1.875000000000000e-02 2.024438322446370e-02 1.048822171843799e+00
2.187500000000000e-02 2.363093524397333e-02 1.049275661132992e+00
2.500000000000000e-02 2.702325665215984e-02 1.049619228973411e+00
2.812500000000000e-02 3.042217566934200e-02 1.049888531942941e+00
3.125000000000000e-02 3.382852212661575e-02 1.050105322545138e+00
3.437500000000000e-02 3.724312766845378e-02 1.050283619532449e+00
3.750000000000001e-02 4.066682595574785e-02 1.050432862445301e+00
4.062500000000000e-02 4.410045286934348e-02 1.050559639159199e+00
4.375000000000000e-02 4.754484671411652e-02 1.050668686695004e+00
4.687500000000000e-02 5.100084842364160e-02 1.050763498194528e+00
5.000000000000000e-02 5.446930176550237e-02 1.050846705978200e+00
5.312500000000001e-02 5.795105354729364e-02 1.050920331150325e+00
5.625000000000000e-02 6.144695382336569e-02 1.050985951292049e+00
5.937500000000000e-02 6.495785610236132e-02 1.051044815660893e+00
6.250000000000000e-02 6.848461755559625e-02 1.051097926421782e+00
6.562500000000000e-02 7.202809922633362e-02 1.051146096803997e+00
6.875000000000001e-02 7.558916624000402e-02 1.051189993605165e+00
7.187500000000001e-02 7.916868801542200e-02 1.051230168751151e+00
7.500000000000001e-02 8.276753847705080e-02 1.051267082979839e+00
7.812500000000000e-02 8.638659626836727e-02 1.051301123899053e+00
8.125000000000000e-02 9.002674496637868e-02 1.051332620018401e+00
8.437500000000001e-02 9.368887329734420e-02 1.051361851470943e+00
8.750000000000001e-02 9.737387535375355e-02 1.051389058662378e+00
9.062500000000001e-02 1.010826508126157e-01 1.051414449115216e+00
9.375000000000000e-02 1.048161051551108e-01 1.051438202791718e+00
9.687500000000000e-02 1.085751498876601e-01 1.051460476635761e+00
1.000000000000000e-01 1.123607027644654e-01 1.051481408075714e+00
1.031250000000000e-01 1.161736880115753e-01 1.051501117934366e+00
1.062500000000000e-01 1.200150365525305e-01 1.051519712917519e+00
1.093750000000000e-01 1.238856862356450e-01 1.051537287624353e+00
1.125000000000000e-01 1.277865820629775e-01 1.051553926166956e+00
1.156250000000000e-01 1.317186764210495e-01 1.051569703613297e+00
1.187500000000000e-01 1.356829293133661e-01 1.051584687122020e+00
1.218750000000000e-01 1.396803085947971e-01 1.051598937052733e+00
1.250000000000000e-01 1.437117902078738e-01 1.051612507721477e+00
1.281250000000000e-01 1.477783584210617e-01 1.051625448170044e+00
1.312500000000000e-01 1.518810060690650e-01 1.051637802757348e+00
1.343750000000000e-01 1.560207347952229e-01 1.051649611767366e+00
1.375000000000000e-01 1.601985552960564e-01 1.051660911824701e+00
1.406250000000000e-01 1.644154875680252e-01 1.051671736298105e+00
1.437500000000000e-01 1.686725611565558e-01 1.051682115674113e+00
1.468750000000000e-01 1.729708154074000e-01 1.051692077796702e+00
1.500000000000000e-01 1.773112997203869e-01 1.051701648266375e+00
1.531250000000000e-01 1.816950738056289e-01 1.051710850573705e+00
1.562500000000000e-01 1.861232079422458e-01 1.051719706330472e+00
1.593750000000000e-01 1.905967832396682e-01 1.051728235450751e+00
1.625000000000000e-01 1.951168919015860e-01 1.051736456328074e+00
1.656250000000000e-01 1.996846374926046e-01 1.051744385974802e+00
1.687500000000000e-01 2.043011352076760e-01 1.051752040127764e+00
1.718750000000000e-01 2.089675121443681e-01 1.051759433404668e+00
1.750000000000000e-01 2.136849075780412e-01 1.051766579355904e+00
1.781250000000000e-01 2.184544732399964e-01 1.051773490613086e+00
1.812500000000000e-01 2.232773735986666e-01 1.051780178899069e+00
1.843750000000000e-01 2.281547861439151e-01 1.051786655138828e+00
1.875000000000000e-01 2.330879016745160e-01 1.051792929597108e+00
1.906250000000000e-01 2.380779245888810e-01 1.051799011803331e+00
1.937500000000000e-01 2.431260731791094e-01 1.051804910701263e+00
1.968750000000000e-01 2.482335799284277e-01 1.051810634630439e+00
2.000000000000000e-01 2.534016918120952e-01 1.051816191497271e+00
2.031250000000000e-01 2.586316706018478e-01 1.051821588619658e+00
2.062500000000000e-01 2.639247931739538e-01 1.051826832919544e+00
2.093750000000000e-01 2.692823518209576e-01 1.051831930953546e+00
2.125000000000000e-01 2.747056545671873e-01 1.051836888816117e+00
2.156250000000000e-01 2.801960254881028e-01 1.051841712274433e+00
2.187500000000000e-01 2.857548050335636e-01 1.051846406781577e+00
2.218750000000000e-01 2.913833503550930e-01 1.051850977484739e+00
2.250000000000000e-01 2.970830356372213e-01 1.051855429228809e+00
2.281250000000000e-01 3.028552524329863e-01 1.051859766636373e+00
2.312500000000000e-01 3.087014100036755e-01 1.051863994025366e+00
2.343750000000000e-01 3.146229356628902e-01 1.051868115521617e+00
2.375000000000000e-01 3.206212751250189e-01 1.051872135011040e+00
2.406250000000000e-01 3.266978928582008e-01 1.051876056207959e+00
2.437500000000000e-01 3.328542724418705e-01 1.051879882602259e+00
2.468750000000000e-01 3.390919169289667e-01 1.051883617563331e+00
2.500000000000000e-01 3.454123492128958e-01 1.051887264243976e+00
2.531250000000000e-01 3.518171123993401e-01 1.051890825680214e+00
2.562500000000000e-01 3.583077701830001e-01 1.051894304731609e+00
2.593750000000000e-01 3.648859072293631e-01 1.051897704138559e+00
2.625000000000000e-01 3.715531295615936e-01 1.051901026499461e+00
2.656250000000000e-01 3.783110649526354e-01 1.051904274285842e+00
2.687500000000000e-01 3.851613633226258e-01 1.051907449896998e+00
2.718750000000000e-01 3.921056971417164e-01 1.051910555594394e+00
2.750000000000000e-01 3.991457618383991e-01 1.051913593553439e+00
2.781250000000000e-01 4.062832762134377e-01 1.051916565835456e+00
2.812500000000000e-01 4.135199828595055e-01 1.051919474397969e+00
2.843750000000000e-01 4.208576485866312e-01 1.051922321185021e+00
2.875000000000000e-01 4.282980648535585e-01 1.051925107978097e+00
2.906250000000000e-01 4.358430482051222e-01 1.051927836522988e+00
2.937500000000000e-01 4.434944407157500e-01 1.051930508499293e+00
2.968750000000000e-01 4.512541104391968e-01 1.051933125528421e+00
3.000000000000000e-01 4.591239518646220e-01 1.051935689100689e+00
3.031250000000000e-01 4.671058863791195e-01 1.051938200740981e+00
3.062500000000000e-01 4.752018627368176e-01 1.051940661817149e+00
3.093750000000000e-01 4.834138575346580e-01 1.051943073743976e+00
3.125000000000000e-01 4.917438756949728e-01 1.051945437791034e+00
3.156250000000000e-01 5.001939509549778e-01 1.051947755245877e+00
3.187500000000000e-01 5.087661463633005e-01 1.051950027300598e+00
3.218750000000000e-01 5.174625547836644e-01 1.051952255135418e+00
3.250000000000000e-01 5.262852994058529e-01 1.051954439884001e+00
3.281250000000000e-01 5.352365342640750e-01 1.051956582637498e+00
3.312500000000000e-01 5.443184447628656e-01 1.051958684408171e+00
3.343750000000000e-01 5.535332482106405e-01 1.051960746252532e+00
3.375000000000000e-01 5.628831943610435e-01 1.051962769116572e+00
3.406250000000000e-01 5.723705659622137e-01 1.051964753957292e+00
3.437500000000000e-01 5.819976793141081e-01 1.051966701707071e+00
3.468750000000000e-01 5.917668848340161e-01 1.051968613196368e+00
3.500000000000000e-01 6.016805676304035e-01 1.051970489315132e+00
3.531250000000000e-01 6.117411480852264e-01 1.051972330857426e+00
3.562500000000000e-01 6.219510824448572e-01 1.051974138642397e+00
3.593750000000000e-01 6.323128634197650e-01 1.051975913437878e+00
3.625000000000000e-01 6.428290207931012e-01 1.051977656002009e+00
3.656250000000000e-01 6.535021220383342e-01 1.051979367045597e+00
3.687500000000000e-01 6.643347729460869e-01 1.051981047233354e+00
3.718750000000000e-01 6.753296182603294e-01 1.051982697305764e+00
3.750000000000000e-01 6.864893423240808e-01 1.051984317882890e+00
3.781250000000000e-01 6.978166697347804e-01 1.051985909623755e+00
3.812500000000000e-01 7.093143660094854e-01 1.051987473149435e+00
3.843750000000000e-01 7.209852382600603e-01 1.051989009043983e+00
3.875000000000000e-01 7.328321358785219e-01 1.051990517895524e+00
3.906250000000000e-01 7.448579512327029e-01 1.051992000298380e+00
3.937500000000000e-01 7.570656203724140e-01 1.051993456774660e+00
3.968750000000000e-01 7.694581237462648e-01 1.051994887854174e+00
4.000000000000000e-01 7.820384869293291e-01 1.051996294076415e+00
4.031250000000000e-01 7.948097813618253e-01 1.051997675952273e+00
4.062500000000000e-01 8.077751250989945e-01 1.051999034004877e+00
4.093750000000000e-01 8.209376835723596e-01 1.052000368650788e+00
4.125000000000000e-01 8.343006703625532e-01 1.052001680399131e+00
4.156250000000000e-01 8.478673479838968e-01 1.052002969695051e+00
4.187500000000000e-01 8.616410286809313e-01 1.052004236999392e+00
4.218750000000000e-01 8.756250752370857e-01 1.052005482709990e+00
4.250000000000000e-01 8.898229017956865e-01 1.052006707281529e+00
4.281250000000000e-01 9.042379746935050e-01 1.052007911107833e+00
4.312500000000000e-01 9.188738133070491e-01 1.052009094601450e+00
4.343750000000000e-01 9.337339909118028e-01 1.052010258114857e+00
4.375000000000000e-01 9.488221355546261e-01 1.052011402060225e+00
4.406250000000000e-01 9.641419309395265e-01 1.052012526831852e+00
4.437500000000000e-01 9.796971173270190e-01 1.052013632766268e+00
4.468750000000000e-01 9.954914924472941e-01 1.052014720181502e+00
4.500000000000000e-01 1.011528912427417e+00 1.052015789457815e+00
4.531250000000000e-01 1.027813292732786e+00 1.052016840960073e+00
4.562500000000000e-01 1.044348609123070e+00 1.052017874997786e+00
4.593750000000000e-01 1.061138898622882e+00 1.052018891864318e+00
4.625000000000000e-01 1.078188260507393e+00 1.052019891917565e+00
4.656250000000000e-01 1.095500857303154e+00 1.052020875421832e+00
4.687500000000000e-01 1.113080915804360e+00 1.052021842706394e+00
4.718750000000000e-01 1.130932728104805e+00 1.052022794047574e+00
4.750000000000000e-01 1.149060652645771e+00 1.052023729748111e+00
4.781250000000000e-01 1.167469115280130e+00 1.052024650098384e+00
4.812500000000000e-01 1.186162610352890e+00 1.052025555336373e+00
4.843750000000000e-01 1.205145701798475e+00 1.052026445767218e+00
4.875000000000000e-01 1.224423024254985e+00 1.052027321645240e+00
4.906250000000000e-01 1.243999284195726e+00 1.052028183213056e+00
4.937500000000000e-01 1.263879261078271e+00 1.052029030741935e+00
4.968750000000000e-01 1.284067808511348e+00 1.052029864452758e+00
5.000000000000000e-01 1.304569855439823e+00 1.052030684595327e+00
5.031250000000000e-01 1.325390407348082e+00 1.052031491409523e+00
5.062500000000000e-01 1.346534547482100e+00 1.052032285165645e+00
5.093750000000000e-01 1.368007438090487e+00 1.052033066045121e+00
5.125000000000001e-01 1.389814321684837e+00 1.052033834298974e+00
5.156250000000000e-01 1.411960522319654e+00 1.052034590129781e+00
5.187500000000000e-01 1.434451446892208e+00 1.052035333730731e+00
5.218750000000000e-01 1.457292586462593e+00 1.052036065325935e+00
5.250000000000000e-01 1.480489517594354e+00 1.052036785131546e+00
5.281250000000001e-01 1.504047903715979e+00 1.052037493355844e+00
5.312500000000000e-01 1.527973496503592e+00 1.052038190159097e+00
5.343750000000000e-01 1.552272137285215e+00 1.052038875773033e+00
5.375000000000000e-01 1.576949758466886e+00 1.052039550382765e+00
5.406250000000000e-01 1.602012384981041e+00 1.052040214165825e+00
5.437500000000001e-01 1.627466135757470e+00 1.052040867292229e+00
5.468750000000000e-01 1.653317225217225e+00 1.052041509964750e+00
5.500000000000000e-01 1.679571964789851e+00 1.052042142339802e+00
5.531250000000000e-01 1.706236764454286e+00 1.052042764606669e+00
5.562500000000000e-01 1.733318134303830e+00 1.052043376908386e+00
5.593750000000001e-01 1.760822686135563e+00 1.052043979420962e+00
5.625000000000000e-01 1.788757135064574e+00 1.052044572314468e+00
5.656250000000000e-01 1.817128301163438e+00 1.052045155753078e+00
5.687500000000000e-01 1.845943111127301e+00 1.052045729895116e+00
5.718750000000000e-01 1.875208599965003e+00 1.052046294893096e+00
5.750000000000001e-01 1.904931912716643e+00 1.052046850893763e+00
5.781250000000000e-01 1.935120306198011e+00 1.052047398038130e+00
5.812500000000000e-01 1.965781150772311e+00 1.052047936461512e+00
5.843750000000000e-01 1.996921932149593e+00 1.052048466373988e+00
5.875000000000000e-01 2.028550253214365e+00 1.052048987821651e+00
5.906250000000001e-01 2.060673835881802e+00 1.052049501003353e+00
5.937500000000000e-01 2.093300522983012e+00 1.052050006034446e+00
5.968750000000000e-01 2.126438280179837e+00 1.052050503064952e+00
6.000000000000001e-01 2.160095197909630e+00 1.052050992240623e+00
6.031250000000000e-01 2.194279493360494e+00 1.052051473622550e+00
6.062500000000001e-01 2.228999512477486e+00 1.052051947385749e+00
6.093750000000000e-01 2.264263732000228e+00 1.052052413662073e+00
6.125000000000000e-01 2.300080761532477e+00 1.052052872538995e+00
6.156250000000001e-01 2.336459345644116e+00 1.052053324179010e+00
6.187500000000000e-01 2.373408366006099e+00 1.052053768661306e+00
6.218750000000001e-01 2.410936843558884e+00 1.052054206099926e+00
6.250000000000000e-01 2.449053940714840e+00 1.052054636765660e+00
6.281250000000000e-01 2.487768963595221e+00 1.052055060487877e+00
6.312500000000001e-01 2.527091364302215e+00 1.052055477525505e+00
6.343750000000000e-01 2.567030743226622e+00 1.052055888098185e+00
6.375000000000001e-01 2.607596851391758e+00 1.052056292103575e+00
6.406250000000000e-01 2.648799592834118e+00 1.052056689790999e+00
6.437500000000000e-01 2.690649027021411e+00 1.052057081169489e+00
6.468750000000001e-01 2.733155371308524e+00 1.052057466402446e+00
6.500000000000000e-01 2.776329003432049e+00 1.052057845772407e+00
6.531250000000001e-01 2.820180464043967e+00 1.052058218880586e+00
6.562500000000000e-01 2.864720459285089e+00 1.052058586153759e+00
6.593750000000000e-01 2.909959863398929e+00 1.052058948106351e+00
6.625000000000001e-01 2.955909721386590e+00 1.052059303855162e+00
6.656250000000000e-01 3.002581251703353e+00 1.052059654011266e+00
6.687500000000001e-01 3.049985848997626e+00 1.052059999480661e+00
6.718750000000000e-01 3.098135086892879e+00 1.052060338738709e+00
6.750000000000000e-01 3.147040720813310e+00 1.052060672619835e+00
6.781250000000001e-01 3.196714690853871e+00 1.052061002461902e+00
6.812500000000000e-01 3.247169124695383e+00 1.052061326059935e+00
6.843750000000001e-01 3.298416340565477e+00 1.052061644471790e+00
6.875000000000000e-01 3.350468850246008e+00 1.052061959748729e+00
6.906250000000000e-01 3.403339362127777e+00 1.052062268370832e+00
6.937500000000001e-01 3.457040784313211e+00 1.052062572050599e+00
6.968750000000000e-01 3.511586227767823e+00 1.052062873876901e+00
7.000000000000001e-01 3.566989009521205e+00 1.052063168182934e+00
7.031250000000000e-01 3.623262655918307e+00 1.052063458086238e+00
7.062500000000000e-01 3.680420905921852e+00 1.052063747562421e+00
7.093750000000001e-01 3.738477714466631e+00 1.052064028280083e+00
7.125000000000000e-01 3.797447255866536e+00 1.052064305997185e+00
7.156250000000001e-01 3.857343927275175e+00 1.052064582909366e+00
7.187500000000000e-01 3.918182352200844e+00 1.052064852629160e+00
7.218750000000000e-01 3.979977384076828e+00 1.052065119863321e+00
7.250000000000001e-01 4.042744109887770e+00 1.052065381581277e+00
7.281250000000000e-01 4.106497853853101e+00 1.052065648002668e+00
7.312500000000001e-01 4.171254181168399e+00 1.052065902437731e+00
7.343750000000000e-01 4.237028901805528e+00 1.052066150709885e+00
7.375000000000000e-01 4.303838074372613e+00 1.052066417925132e+00
7.406250000000001e-01 4.371698010034643e+00 1.052066659595380e+00
7.437500000000000e-01 4.440625276495786e+00 1.052066909168760e+00
7.468750000000001e-01 4.510636702044332e+00 1.052067151201742e+00
7.500000000000000e-01 4.581749379661216e+00 1.052067422675224e+00
7.531250000000000e-01 4.653980671193226e+00 1.052067654391832e+00
7.562500000000001e-01 4.727348211591802e+00 1.052067891272161e+00
7.593750000000000e-01 4.801869913218528e+00 1.052068166423688e+00
7.625000000000001e-01 4.877563970218381e+00 1.052068440459999e+00
7.656250000000000e-01 4.954448862961714e+00 1.052068685726276e+00
7.687500000000000e-01 5.032543362556198e+00 1.052068915086920e+00
7.718750000000001e-01 5.111866535429675e+00 1.052069270372736e+00
7.750000000000000e-01 5.192437747985146e+00 1.052069609896264e+00
7.781250000000001e-01 5.274276671329015e+00 1.052069878192241e+00
7.812500000000000e-01 5.357403286073669e+00 1.052070166993761e+00
7.843750000000000e-01 5.441837887215693e+00 1.052070594084324e+00
7.875000000000001e-01 5.527601089090773e+00 1.052071361469341e+00
7.906250000000000e-01 5.614713830406605e+00 1.052071575154084e+00
7.937500000000001e-01 5.703197379355005e+00 1.052072281075370e+00
7.968750000000000e-01 5.793073338804412e+00 1.052072495277112e+00
8.000000000000000e-01 5.884363651574169e+00 1.052074408044123e+00
8.031250000000001e-01 5.977090605791737e+00 1.052075852787724e+00
8.062500000000000e-01 6.071276840334257e+00 1.052076386417015e+00
8.093750000000001e-01 6.166945350355728e+00 1.052078661127105e+00
8.125000000000000e-01 6.264119492901173e+00 1.052078932541745e+00
8.156250000000000e-01 6.362822992609162e+00 1.052085462401130e+00
8.187500000000001e-01 6.463079947504072e+00 1.052095675731289e+00
8.218750000000000e-01 6.564914834879517e+00 1.052096649553356e+00
8.250000000000001e-01 6.668352517274371e+00 1.052105023991536e+00
8.281250000000000e-01 6.773418248542846e+00 1.052119379039254e+00
8.312500000000000e-01 6.880137680020114e+00 1.052120201041859e+00
8.343750000000001e-01 6.988536866784961e+00 1.052161345457697e+00
8.375000000000000e-01 7.098642274021019e+00 1.052293053353028e+00
8.406250000000001e-01 7.210480783478133e+00 1.052416666122878e+00
8.437500000000000e-01 7.324079700035414e+00 1.052433365339005e+00
8.468750000000000e-01 7.439466758367605e+00 1.052533361565714e+00
8.500000000000001e-01 7.556670129716381e+00 1.053153241444862e+00
8.531250000000000e-01 7.675718428768239e+00 1.054592984377625e+00
8.562500000000001e-01 7.796640720640633e+00 1.056729153579687e+00
8.593750000000000e-01 7.919466527978115e+00 1.059090365837820e+00
8.625000000000000e-01 8.044225838160141e+00 1.061159843002463e+00
8.656250000000001e-01 8.170949110622363e+00 1.062631343255520e+00
8.687500000000000e-01 8.299667284293170e+00 1.063478540458525e+00
8.718750000000001e-01 8.430411785147284e+00 1.063872775053095e+00
8.750000000000000e-01 8.563214533878281e+00 1.064055984535059e+00
8.781250000000000e-01 8.698107953691880e+00 1.064246914815188e+00
8.812500000000001e-01 8.835124978221932e+00 1.064599253975816e+00
8.843750000000000e-01 8.974299059571019e+00 1.065195635294889e+00
8.875000000000001e-01 9.115664176477637e+00 1.066059304731808e+00
8.906250000000000e-01 9.259254842611947e+00 1.067173836748132e+00
8.937500000000000e-01 9.405106115002161e+00 1.068503878821441e+00
8.968750000000001e-01 9.553253602593529e+00 1.070008456828512e+00
9.000000000000000e-01 9.703733474942130e+00 1.071641181332971e+00
9.031250000000001e-01 9.856582471045494e+00 1.073339766890838e+00
9.062500000000000e-01 1.001183790831228e+01 1.075015264787773e+00
9.093750000000000e-01 1.016953769167313e+01 1.076554322719953e+00
9.125000000000001e-01 1.032972032283505e+01 1.077842645405351e+00
9.156250000000000e-01 1.049242490968134e+01 1.078804913397420e+00
9.187500000000001e-01 1.065769117581972e+01 1.079441940510143e+00
9.218750000000000e-01 1.082555947028058e+01 1.079840622424485e+00
9.250000000000000e-01 1.099607077736805e+01 1.080143943086842e+00
9.281250000000001e-01 1.116926672666618e+01 1.080492603165246e+00
9.312500000000000e-01 1.134518960320255e+01 1.080969687929964e+00
9.343750000000001e-01 1.152388235777201e+01 1.081578472932965e+00
9.375000000000000e-01 1.170538861742293e+01 1.082261009612714e+00
9.406250000000000e-01 1.188975269610854e+01 1.082939666240819e+00
9.437500000000001e-01 1.207701960550600e+01 1.083554534433190e+00
9.468750000000000e-01 1.226723506600578e+01 1.084079790503746e+00
9.500000000000001e-01 1.246044551787411e+01 1.084519363042709e+00
9.531250000000000e-01 1.265669813259115e+01 1.084892822614931e+00
9.562500000000000e-01 1.285604082436773e+01 1.085222288973042e+00
9.593750000000001e-01 1.305852226184337e+01 1.085525262978832e+00
9.625000000000000e-01 1.326419187996850e+01 1.085812940114312e+00
9.656250000000001e-01 1.347309989207381e+01 1.086091430488487e+00
9.687500000000000e-01 1.368529730212962e+01 1.086363667110071e+00
9.718750000000000e-01 1.390083591719824e+01 1.086630923176480e+00
9.750000000000001e-01 1.411976836008246e+01 1.086893721145676e+00
9.781250000000000e-01 1.434214808217320e+01 1.087152283409773e+00
9.812500000000001e-01 1.456802937649935e+01 1.087406724762640e+00
9.843750000000000e-01 1.479746739098328e+01 1.087657124792158e+00
9.875000000000000e-01 1.503051814190487e+01 1.087903551958951e+00
9.906250000000001e-01 1.526723852757770e+01 1.088146071075969e+00
9.937500000000000e-01 1.550768634224049e+01 1.088384745177322e+00
9.968750000000001e-01 1.575192029016732e+01 1.088619636159846e+00
1.000000000000000e+00 1.600000000000000e+01 1.088850804903926e+00
