0.000000000000000e+00 0.000000000000000e+00 1.000000000000000e+00
3.125000000000000e-03 3.369263549427258e-03 9.999999999611719e-01
6.250000000000000e-03 6.739349689698711e-03 9.999999999439120e-01
9.375000000000001e-03 1.011108121249049e-02 9.999999999335527e-01
1.250000000000000e-02 1.348528131119160e-02 9.999999999261496e-01
1.562500000000000e-02 1.686277378188298e-02 9.999999999203880e-01
1.875000000000000e-02 2.024438322446370e-02 9.999999999156700e-01
2.187500000000000e-02 2.363093524397333e-02 9.999999999116741e-01
2.500000000000000e-02 2.702325665215984e-02 9.999999999082070e-01
2.812500000000000e-02 3.042217566934200e-02 9.999999999051438e-01
3.125000000000000e-02 3.382852212661575e-02 9.999999999023990e-01
3.437500000000000e-02 3.724312766845378e-02 9.999999998999116e-01
3.750000000000001e-02 4.066682595574785e-02 9.999999998976365e-01
4.062500000000000e-02 4.410045286934348e-02 9.999999998955396e-01
4.375000000000000e-02 4.754484671411652e-02 9.999999998935939e-01
4.687500000000000e-02 5.100084842364160e-02 9.999999998917783e-01
5.000000000000000e-02 5.446930176550237e-02 9.999999998900757e-01
5.312500000000001e-02 5.795105354729364e-02 9.999999998884722e-01
5.625000000000000e-02 6.144695382336569e-02 9.999999998869564e-01
5.937500000000000e-02 6.495785610236132e-02 9.999999998855185e-01
6.250000000000000e-02 6.848461755559625e-02 9.999999998841502e-01
6.562500000000000e-02 7.202809922633362e-02 9.999999998828446e-01
6.875000000000001e-02 7.558916624000402e-02 9.999999998815957e-01
7.187500000000001e-02 7.916868801542200e-02 9.999999998803983e-01
7.500000000000001e-02 8.276753847705080e-02 9.999999998792477e-01
7.812500000000000e-02 8.638659626836727e-02 9.999999998781401e-01
8.125000000000000e-02 9.002674496637868e-02 9.999999998770718e-01
8.437500000000001e-02 9.368887329734420e-02 9.999999998760397e-01
8.750000000000001e-02 9.737387535375355e-02 9.999999998750413e-01
9.062500000000001e-02 1.010826508126157e-01 9.999999998740737e-01
9.375000000000000e-02 1.048161051551108e-01 9.999999998731349e-01
9.687500000000000e-02 1.085751498876601e-01 9.999999998722229e-01
1.000000000000000e-01 1.123607027644654e-01 9.999999998713359e-01
1.031250000000000e-01 1.161736880115753e-01 9.999999998704722e-01
1.062500000000000e-01 1.200150365525305e-01 9.999999998696302e-01
1.093750000000000e-01 1.238856862356450e-01 9.999999998688086e-01
1.125000000000000e-01 1.277865820629775e-01 9.999999998680061e-01
1.156250000000000e-01 1.317186764210495e-01 9.999999998672218e-01
1.187500000000000e-01 1.356829293133661e-01 9.999999998664543e-01
1.218750000000000e-01 1.396803085947971e-01 9.999999998657028e-01
1.250000000000000e-01 1.437117902078738e-01 9.999999998649663e-01
1.281250000000000e-01 1.477783584210617e-01 9.999999998642441e-01
1.312500000000000e-01 1.518810060690650e-01 9.999999998635354e-01
1.343750000000000e-01 1.560207347952229e-01 9.999999998628394e-01
1.375000000000000e-01 1.601985552960564e-01 9.999999998621555e-01
1.406250000000000e-01 1.644154875680252e-01 9.999999998614830e-01
1.437500000000000e-01 1.686725611565558e-01 9.999999998608213e-01
1.468750000000000e-01 1.729708154074000e-01 9.999999998601700e-01
1.500000000000000e-01 1.773112997203869e-01 9.999999998595284e-01
1.531250000000000e-01 1.816950738056289e-01 9.999999998588961e-01
1.562500000000000e-01 1.861232079422458e-01 9.999999998582729e-01
1.593750000000000e-01 1.905967832396682e-01 9.999999998576582e-01
1.625000000000000e-01 1.951168919015860e-01 9.999999998570516e-01
1.656250000000000e-01 1.996846374926046e-01 9.999999998564525e-01
1.687500000000000e-01 2.043011352076760e-01 9.999999998558610e-01
1.718750000000000e-01 2.089675121443681e-01 9.999999998552764e-01
1.750000000000000e-01 2.136849075780412e-01 9.999999998546987e-01
1.781250000000000e-01 2.184544732399964e-01 9.999999998541272e-01
1.812500000000000e-01 2.232773735986666e-01 9.999999998535619e-01
1.843750000000000e-01 2.281547861439151e-01 9.999999998530025e-01
1.875000000000000e-01 2.330879016745160e-01 9.999999998524487e-01
1.906250000000000e-01 2.380779245888810e-01 9.999999998519004e-01
1.937500000000000e-01 2.431260731791094e-01 9.999999998513572e-01
1.968750000000000e-01 2.482335799284277e-01 9.999999998508190e-01
2.000000000000000e-01 2.534016918120952e-01 9.999999998502856e-01
2.031250000000000e-01 2.586316706018478e-01 9.999999998497568e-01
2.062500000000000e-01 2.639247931739538e-01 9.999999998492324e-01
2.093750000000000e-01 2.692823518209576e-01 9.999999998487122e-01
2.125000000000000e-01 2.747056545671873e-01 9.999999998481962e-01
2.156250000000000e-01 2.801960254881028e-01 9.999999998476841e-01
2.187500000000000e-01 2.857548050335636e-01 9.999999998471756e-01
2.218750000000000e-01 2.913833503550930e-01 9.999999998466707e-01
2.250000000000000e-01 2.970830356372213e-01 9.999999998461693e-01
2.281250000000000e-01 3.028552524329863e-01 9.999999998456711e-01
2.312500000000000e-01 3.087014100036755e-01 9.999999998451763e-01
2.343750000000000e-01 3.146229356628902e-01 9.999999998446846e-01
2.375000000000000e-01 3.206212751250189e-01 9.999999998441956e-01
2.406250000000000e-01 3.266978928582008e-01 9.999999998437097e-01
2.437500000000000e-01 3.328542724418705e-01 9.999999998432265e-01
2.468750000000000e-01 3.390919169289667e-01 9.999999998427460e-01
2.500000000000000e-01 3.454123492128958e-01 9.999999998422681e-01
2.531250000000000e-01 3.518171123993401e-01 9.999999998417924e-01
2.562500000000000e-01 3.583077701830001e-01 9.999999998413192e-01
2.593750000000000e-01 3.648859072293631e-01 9.999999998408483e-01
2.625000000000000e-01 3.715531295615936e-01 9.999999998403797e-01
2.656250000000000e-01 3.783110649526354e-01 9.999999998399131e-01
2.687500000000000e-01 3.851613633226258e-01 9.999999998394485e-01
2.718750000000000e-01 3.921056971417164e-01 9.999999998389859e-01
2.750000000000000e-01 3.991457618383991e-01 9.999999998385254e-01
2.781250000000000e-01 4.062832762134377e-01 9.999999998380666e-01
2.812500000000000e-01 4.135199828595055e-01 9.999999998376097e-01
2.843750000000000e-01 4.208576485866312e-01 9.999999998371545e-01
2.875000000000000e-01 4.282980648535585e-01 9.999999998367010e-01
2.906250000000000e-01 4.358430482051222e-01 9.999999998362489e-01
2.937500000000000e-01 4.434944407157500e-01 9.999999998357985e-01
2.968750000000000e-01 4.512541104391968e-01 9.999999998353495e-01
3.000000000000000e-01 4.591239518646220e-01 9.999999998349018e-01
3.031250000000000e-01 4.671058863791195e-01 9.999999998344556e-01
3.062500000000000e-01 4.752018627368176e-01 9.999999998340108e-01
3.093750000000000e-01 4.834138575346580e-01 9.999999998335672e-01
3.125000000000000e-01 4.917438756949728e-01 9.999999998331249e-01
3.156250000000000e-01 5.001939509549778e-01 9.999999998326840e-01
3.187500000000000e-01 5.087661463633005e-01 9.999999998322442e-01
3.218750000000000e-01 5.174625547836644e-01 9.999999998318054e-01
3.250000000000000e-01 5.262852994058529e-01 9.999999998313679e-01
3.281250000000000e-01 5.352365342640750e-01 9.999999998309314e-01
3.312500000000000e-01 5.443184447628656e-01 9.999999998304958e-01
3.343750000000000e-01 5.535332482106405e-01 9.999999998300614e-01
3.375000000000000e-01 5.628831943610435e-01 9.999999998296278e-01
3.406250000000000e-01 5.723705659622137e-01 9.999999998291952e-01
3.437500000000000e-01 5.819976793141081e-01 9.999999998287635e-01
3.468750000000000e-01 5.917668848340161e-01 9.999999998283327e-01
3.500000000000000e-01 6.016805676304035e-01 9.999999998279027e-01
3.531250000000000e-01 6.117411480852264e-01 9.999999998274733e-01
3.562500000000000e-01 6.219510824448572e-01 9.999999998270448e-01
3.593750000000000e-01 6.323128634197650e-01 9.999999998266171e-01
3.625000000000000e-01 6.428290207931012e-01 9.999999998261903e-01
3.656250000000000e-01 6.535021220383342e-01 9.999999998257639e-01
3.687500000000000e-01 6.643347729460869e-01 9.999999998253384e-01
3.718750000000000e-01 6.753296182603294e-01 9.999999998249134e-01
3.750000000000000e-01 6.864893423240808e-01 9.999999998244892e-01
3.781250000000000e-01 6.978166697347804e-01 9.999999998240655e-01
3.812500000000000e-01 7.093143660094854e-01 9.999999998236424e-01
3.843750000000000e-01 7.209852382600603e-01 9.999999998232201e-01
3.875000000000000e-01 7.328321358785219e-01 9.999999998227982e-01
3.906250000000000e-01 7.448579512327029e-01 9.999999998223769e-01
3.937500000000000e-01 7.570656203724140e-01 9.999999998219560e-01
3.968750000000000e-01 7.694581237462648e-01 9.999999998215358e-01
4.000000000000000e-01 7.820384869293291e-01 9.999999998211160e-01
4.031250000000000e-01 7.948097813618253e-01 9.999999998206968e-01
4.062500000000000e-01 8.077751250989945e-01 9.999999998202780e-01
4.093750000000000e-01 8.209376835723596e-01 9.999999998198597e-01
4.125000000000000e-01 8.343006703625532e-01 9.999999998194418e-01
4.156250000000000e-01 8.478673479838968e-01 9.999999998190243e-01
4.187500000000000e-01 8.616410286809313e-01 9.999999998186072e-01
4.218750000000000e-01 8.756250752370857e-01 9.999999998181905e-01
4.250000000000000e-01 8.898229017956865e-01 9.999999998177741e-01
4.281250000000000e-01 9.042379746935050e-01 9.999999998173581e-01
4.312500000000000e-01 9.188738133070491e-01 9.999999998169424e-01
4.343750000000000e-01 9.337339909118028e-01 9.999999998165272e-01
4.375000000000000e-01 9.488221355546261e-01 9.999999998161123e-01
4.406250000000000e-01 9.641419309395265e-01 9.999999998156976e-01
4.437500000000000e-01 9.796971173270190e-01 9.999999998152833e-01
4.468750000000000e-01 9.954914924472941e-01 9.999999998148694e-01
4.500000000000000e-01 1.011528912427417e+00 9.999999998144556e-01
4.531250000000000e-01 1.027813292732786e+00 9.999999998140422e-01
4.562500000000000e-01 1.044348609123070e+00 9.999999998136291e-01
4.593750000000000e-01 1.061138898622882e+00 9.999999998132162e-01
4.625000000000000e-01 1.078188260507393e+00 9.999999998128036e-01
4.656250000000000e-01 1.095500857303154e+00 9.999999998123912e-01
4.687500000000000e-01 1.113080915804360e+00 9.999999998119791e-01
4.718750000000000e-01 1.130932728104805e+00 9.999999998115673e-01
4.750000000000000e-01 1.149060652645771e+00 9.999999998111556e-01
4.781250000000000e-01 1.167469115280130e+00 9.999999998107443e-01
4.812500000000000e-01 1.186162610352890e+00 9.999999998103331e-01
4.843750000000000e-01 1.205145701798475e+00 9.999999998099222e-01
4.875000000000000e-01 1.224423024254985e+00 9.999999998095114e-01
4.906250000000000e-01 1.243999284195726e+00 9.999999998091007e-01
4.937500000000000e-01 1.263879261078271e+00 9.999999998086904e-01
4.968750000000000e-01 1.284067808511348e+00 9.999999998082801e-01
5.000000000000000e-01 1.304569855439823e+00 9.999999998078701e-01
5.031250000000000e-01 1.325390407348082e+00 9.999999998074602e-01
5.062500000000000e-01 1.346534547482100e+00 9.999999998070505e-01
5.093750000000000e-01 1.368007438090487e+00 9.999999998066410e-01
5.125000000000001e-01 1.389814321684837e+00 9.999999998062316e-01
5.156250000000000e-01 1.411960522319654e+00 9.999999998058224e-01
5.187500000000000e-01 1.434451446892208e+00 9.999999998054134e-01
5.218750000000000e-01 1.457292586462593e+00 9.999999998050044e-01
5.250000000000000e-01 1.480489517594354e+00 9.999999998045955e-01
5.281250000000001e-01 1.504047903715979e+00 9.999999998041870e-01
5.312500000000000e-01 1.527973496503592e+00 9.999999998037784e-01
5.343750000000000e-01 1.552272137285215e+00 9.999999998033700e-01
5.375000000000000e-01 1.576949758466886e+00 9.999999998029617e-01
5.406250000000000e-01 1.602012384981041e+00 9.999999998025536e-01
5.437500000000001e-01 1.627466135757470e+00 9.999999998021455e-01
5.468750000000000e-01 1.653317225217225e+00 9.999999998017375e-01
5.500000000000000e-01 1.679571964789851e+00 9.999999998013297e-01
5.531250000000000e-01 1.706236764454286e+00 9.999999998009220e-01
5.562500000000000e-01 1.733318134303830e+00 9.999999998005143e-01
5.593750000000001e-01 1.760822686135563e+00 9.999999998001068e-01
5.625000000000000e-01 1.788757135064574e+00 9.999999998362693e-01
5.656250000000000e-01 1.817128301163438e+00 9.999999998735648e-01
5.687500000000000e-01 1.845943111127301e+00 9.999999998754233e-01
5.718750000000000e-01 1.875208599965003e+00 9.999999998772814e-01
5.750000000000001e-01 1.904931912716643e+00 9.999999998791390e-01
5.781250000000000e-01 1.935120306198011e+00 9.999999999175656e-01
5.812500000000000e-01 1.965781150772311e+00 9.999999999571237e-01
5.843750000000000e-01 1.996921932149593e+00 9.999999999612439e-01
5.875000000000000e-01 2.028550253214365e+00 9.999999999653633e-01
5.906250000000001e-01 2.060673835881802e+00 1.000000000006051e+00
5.937500000000000e-01 2.093300522983012e+00 1.000000000084437e+00
5.968750000000000e-01 2.126438280179837e+00 1.000000000165085e+00
6.000000000000001e-01 2.160095197909630e+00 1.000000000174855e+00
6.031250000000000e-01 2.194279493360494e+00 1.000000000184625e+00
6.062500000000001e-01 2.228999512477486e+00 1.000000000230961e+00
6.093750000000000e-01 2.264263732000228e+00 1.000000000351562e+00
6.125000000000000e-01 2.300080761532477e+00 1.000000000438984e+00
6.156250000000001e-01 2.336459345644116e+00 1.000000000455527e+00
6.187500000000000e-01 2.373408366006099e+00 1.000000000508636e+00
6.218750000000001e-01 2.410936843558884e+00 1.000000000636009e+00
6.250000000000000e-01 2.449053940714840e+00 1.000000000803335e+00
6.281250000000000e-01 2.487768963595221e+00 1.000000000828905e+00
6.312500000000001e-01 2.527091364302215e+00 1.000000000854472e+00
6.343750000000000e-01 2.567030743226622e+00 1.000000001099443e+00
6.375000000000001e-01 2.607596851391758e+00 1.000000001314616e+00
6.406250000000000e-01 2.648799592834118e+00 1.000000001389160e+00
6.437500000000000e-01 2.690649027021411e+00 1.000000001464829e+00
6.468750000000001e-01 2.733155371308524e+00 1.000000001761027e+00
6.500000000000000e-01 2.776329003432049e+00 1.000000002138256e+00
6.531250000000001e-01 2.820180464043967e+00 1.000000002196529e+00
6.562500000000000e-01 2.864720459285089e+00 1.000000002364499e+00
6.593750000000000e-01 2.909959863398929e+00 1.000000003047790e+00
6.625000000000001e-01 2.955909721386590e+00 1.000000003348014e+00
6.656250000000000e-01 3.002581251703353e+00 1.000000003399029e+00
6.687500000000001e-01 3.049985848997626e+00 1.000000004143685e+00
6.718750000000000e-01 3.098135086892879e+00 1.000000004872068e+00
6.750000000000000e-01 3.147040720813310e+00 1.000000005071108e+00
6.781250000000001e-01 3.196714690853871e+00 1.000000005711199e+00
6.812500000000000e-01 3.247169124695383e+00 1.000000006915572e+00
6.843750000000001e-01 3.298416340565477e+00 1.000000007530994e+00
6.875000000000000e-01 3.350468850246008e+00 1.000000008086800e+00
6.906250000000000e-01 3.403339362127777e+00 1.000000009787440e+00
6.937500000000001e-01 3.457040784313211e+00 1.000000011058918e+00
6.968750000000000e-01 3.511586227767823e+00 1.000000011667173e+00
7.000000000000001e-01 3.566989009521205e+00 1.000000014113895e+00
7.031250000000000e-01 3.623262655918307e+00 1.000000016042031e+00
7.062500000000000e-01 3.680420905921852e+00 1.000000017031308e+00
7.093750000000001e-01 3.738477714466631e+00 1.000000020744531e+00
7.125000000000000e-01 3.797447255866536e+00 1.000000023023353e+00
7.156250000000001e-01 3.857343927275175e+00 1.000000025392805e+00
7.187500000000000e-01 3.918182352200844e+00 1.000000031035305e+00
7.218750000000000e-01 3.979977384076828e+00 1.000000032700114e+00
7.250000000000001e-01 4.042744109887770e+00 1.000000039328414e+00
7.281250000000000e-01 4.106497853853101e+00 1.000000046318649e+00
7.312500000000001e-01 4.171254181168399e+00 1.000000046911630e+00
7.343750000000000e-01 4.237028901805528e+00 1.000000062990731e+00
7.375000000000000e-01 4.303838074372613e+00 1.000000067279633e+00
7.406250000000001e-01 4.371698010034643e+00 1.000000072967097e+00
7.437500000000000e-01 4.440625276495786e+00 1.000000097499286e+00
7.468750000000001e-01 4.510636702044332e+00 1.000000099547792e+00
7.500000000000000e-01 4.581749379661216e+00 1.000000124398991e+00
7.531250000000000e-01 4.653980671193226e+00 1.000000135494562e+00
7.562500000000001e-01 4.727348211591802e+00 1.000000171515586e+00
7.593750000000000e-01 4.801869913218528e+00 1.000000194900732e+00
7.625000000000001e-01 4.877563970218381e+00 1.000000207570118e+00
7.656250000000000e-01 4.954448862961714e+00 1.000000286257495e+00
7.687500000000000e-01 5.032543362556198e+00 1.000000300106860e+00
7.718750000000001e-01 5.111866535429675e+00 1.000000385089392e+00
7.750000000000000e-01 5.192437747985146e+00 1.000000390725514e+00
7.781250000000001e-01 5.274276671329015e+00 1.000000578397026e+00
7.812500000000000e-01 5.357403286073669e+00 1.000000586040206e+00
7.843750000000000e-01 5.441837887215693e+00 1.000000768631942e+00
7.875000000000001e-01 5.527601089090773e+00 1.000000791537465e+00
7.906250000000000e-01 5.614713830406605e+00 1.000001207205843e+00
7.937500000000001e-01 5.703197379355005e+00 1.000001225209753e+00
7.968750000000000e-01 5.793073338804412e+00 1.000001648063473e+00
8.000000000000000e-01 5.884363651574169e+00 1.000001670479710e+00
8.031250000000001e-01 5.977090605791737e+00 1.000002610548763e+00
8.062500000000000e-01 6.071276840334257e+00 1.000002922150409e+00
8.093750000000001e-01 6.166945350355728e+00 1.000003602100351e+00
8.125000000000000e-01 6.264119492901173e+00 1.000004294349789e+00
8.156250000000000e-01 6.362822992609162e+00 1.000005071327367e+00
8.187500000000001e-01 6.463079947504072e+00 1.000008360046758e+00
8.218750000000000e-01 6.564914834879517e+00 1.000008623435110e+00
8.250000000000001e-01 6.668352517274371e+00 1.000011684399333e+00
8.281250000000000e-01 6.773418248542846e+00 1.000014162689735e+00
8.312500000000000e-01 6.880137680020114e+00 1.000016089497628e+00
8.343750000000001e-01 6.988536866784961e+00 1.000030349420748e+00
8.375000000000000e-01 7.098642274021019e+00 1.000037894392944e+00
8.406250000000001e-01 7.210480783478133e+00 1.000040626771110e+00
8.437500000000000e-01 7.324079700035414e+00 1.000064576817944e+00
8.468750000000000e-01 7.439466758367605e+00 1.000078288626401e+00
8.500000000000001e-01 7.556670129716381e+00 1.000085994969202e+00
8.531250000000000e-01 7.675718428768239e+00 1.000185792891346e+00
8.562500000000001e-01 7.796640720640633e+00 1.000366309254691e+00
8.593750000000000e-01 7.919466527978115e+00 1.000460610016371e+00
8.625000000000000e-01 8.044225838160141e+00 1.000469824743067e+00
8.656250000000001e-01 8.170949110622363e+00 1.000751795911825e+00
8.687500000000000e-01 8.299667284293170e+00 1.001730487882849e+00
8.718750000000001e-01 8.430411785147284e+00 1.003475253664308e+00
8.750000000000000e-01 8.563214533878281e+00 1.005616352756597e+00
8.781250000000000e-01 8.698107953691880e+00 1.007616573974577e+00
8.812500000000001e-01 8.835124978221932e+00 1.009094394829366e+00
8.843750000000000e-01 8.974299059571019e+00 1.009959946531700e+00
8.875000000000001e-01 9.115664176477637e+00 1.010355849754624e+00
8.906250000000000e-01 9.259254842611947e+00 1.010523545764995e+00
8.937500000000000e-01 9.405106115002161e+00 1.010693623370138e+00
8.968750000000001e-01 9.553253602593529e+00 1.011028907100730e+00
9.000000000000000e-01 9.703733474942130e+00 1.011611497479572e+00
9.031250000000001e-01 9.856582471045494e+00 1.012458619045572e+00
9.062500000000000e-01 1.001183790831228e+01 1.013550866739231e+00
9.093750000000000e-01 1.016953769167313e+01 1.014855172082388e+00
9.125000000000001e-01 1.032972032283505e+01 1.016330848242756e+00
9.156250000000000e-01 1.049242490968134e+01 1.017919402982020e+00
9.187500000000001e-01 1.065769117581972e+01 1.019530097010311e+00
9.218750000000000e-01 1.082555947028058e+01 1.021038525864677e+00
9.250000000000000e-01 1.099607077736805e+01 1.022311305367142e+00
9.281250000000001e-01 1.116926672666618e+01 1.023254133843589e+00
9.312500000000000e-01 1.134518960320255e+01 1.023859330928582e+00
9.343750000000001e-01 1.152388235777201e+01 1.024219257242076e+00
9.375000000000000e-01 1.170538861742293e+01 1.024488337053907e+00
9.406250000000000e-01 1.188975269610854e+01 1.024811755290149e+00
9.437500000000001e-01 1.207701960550600e+01 1.025264293139286e+00
9.468750000000000e-01 1.226723506600578e+01 1.025834498668425e+00
9.500000000000001e-01 1.246044551787411e+01 1.026455098347051e+00
9.531250000000000e-01 1.265669813259115e+01 1.027051121392354e+00
9.562500000000000e-01 1.285604082436773e+01 1.027574486356787e+00
9.593750000000001e-01 1.305852226184337e+01 1.028012493226884e+00
9.625000000000000e-01 1.326419187996850e+01 1.028377288991680e+00
9.656250000000001e-01 1.347309989207381e+01 1.028690317085468e+00
9.687500000000000e-01 1.368529730212962e+01 1.028971303973198e+00
9.718750000000000e-01 1.390083591719824e+01 1.029233952403545e+00
9.750000000000001e-01 1.411976836008246e+01 1.029486140968447e+00
9.781250000000000e-01 1.434214808217320e+01 1.029731778976051e+00
9.812500000000001e-01 1.456802937649935e+01 1.029972589801687e+00
9.843750000000000e-01 1.479746739098328e+01 1.030209273173404e+00
9.875000000000000e-01 1.503051814190487e+01 1.030442110177440e+00
9.906250000000001e-01 1.526723852757770e+01 1.030671229656312e+00
9.937500000000000e-01 1.550768634224049e+01 1.030896710373304e+00
9.968750000000001e-01 1.575192029016732e+01 1.031118615767844e+00
1.000000000000000e+00 1.600000000000000e+01 1.031337004482132e+00
