0.000000000000000e+00 0.000000000000000e+00 1.000000000000000e+00
3.125000000000000e-03 3.369263549427258e-03 1.036177649093175e+00
6.250000000000000e-03 6.739349689698711e-03 1.043016610137980e+00
9.375000000000001e-03 1.011108121249049e-02 1.045792866328206e+00
1.250000000000000e-02 1.348528131119160e-02 1.047275817812574e+00
1.562500000000000e-02 1.686277378188298e-02 1.048196019424549e+00
1.875000000000000e-02 2.024438322446370e-02 1.048822169090644e+00
2.187500000000000e-02 2.363093524397333e-02 1.049275658349885e+00
2.500000000000000e-02 2.702325665215984e-02 1.049619226181740e+00
2.812500000000000e-02 3.042217566934200e-02 1.049888529135855e+00
3.125000000000000e-02 3.382852212661575e-02 1.050105319751805e+00
3.437500000000000e-02 3.724312766845378e-02 1.050283616738531e+00
3.750000000000001e-02 4.066682595574785e-02 1.050432859640560e+00
4.062500000000000e-02 4.410045286934348e-02 1.050559636361409e+00
4.375000000000000e-02 4.754484671411652e-02 1.050668683904076e+00
4.687500000000000e-02 5.100084842364160e-02 1.050763495410313e+00
5.000000000000000e-02 5.446930176550237e-02 1.050846703175633e+00
5.312500000000001e-02 5.795105354729364e-02 1.050920328365853e+00
5.625000000000000e-02 6.144695382336569e-02 1.050985948502851e+00
5.937500000000000e-02 6.495785610236132e-02 1.051044812839325e+00
6.250000000000000e-02 6.848461755559625e-02 1.051097923583190e+00
6.562500000000000e-02 7.202809922633362e-02 1.051146093932823e+00
6.875000000000001e-02 7.558916624000402e-02 1.051189990739085e+00
7.187500000000001e-02 7.916868801542200e-02 1.051230165888082e+00
7.500000000000001e-02 8.276753847705080e-02 1.051267080109890e+00
7.812500000000000e-02 8.638659626836727e-02 1.051301121027068e+00
8.125000000000000e-02 9.002674496637868e-02 1.051332617146196e+00
8.437500000000001e-02 9.368887329734420e-02 1.051361848571422e+00
8.750000000000001e-02 9.737387535375355e-02 1.051389055772705e+00
9.062500000000001e-02 1.010826508126157e-01 1.051414446195230e+00
9.375000000000000e-02 1.048161051551108e-01 1.051438199871686e+00
9.687500000000000e-02 1.085751498876601e-01 1.051460473727230e+00
1.000000000000000e-01 1.123607027644654e-01 1.051481405167770e+00
1.031250000000000e-01 1.161736880115753e-01 1.051501115016244e+00
1.062500000000000e-01 1.200150365525305e-01 1.051519710014645e+00
1.093750000000000e-01 1.238856862356450e-01 1.051537284726207e+00
1.125000000000000e-01 1.277865820629775e-01 1.051553923250059e+00
1.156250000000000e-01 1.317186764210495e-01 1.051569700679118e+00
1.187500000000000e-01 1.356829293133661e-01 1.051584684194480e+00
1.218750000000000e-01 1.396803085947971e-01 1.051598934123061e+00
1.250000000000000e-01 1.437117902078738e-01 1.051612504785402e+00
1.281250000000000e-01 1.477783584210617e-01 1.051625445220346e+00
1.312500000000000e-01 1.518810060690650e-01 1.051637799831027e+00
1.343750000000000e-01 1.560207347952229e-01 1.051649608847009e+00
1.375000000000000e-01 1.601985552960564e-01 1.051660908911889e+00
1.406250000000000e-01 1.644154875680252e-01 1.051671733368207e+00
1.437500000000000e-01 1.686725611565558e-01 1.051682112745145e+00
1.468750000000000e-01 1.729708154074000e-01 1.051692074874125e+00
1.500000000000000e-01 1.773112997203869e-01 1.051701645376237e+00
1.531250000000000e-01 1.816950738056289e-01 1.051710847700494e+00
1.562500000000000e-01 1.861232079422458e-01 1.051719703483673e+00
1.593750000000000e-01 1.905967832396682e-01 1.051728232617700e+00
1.625000000000000e-01 1.951168919015860e-01 1.051736453515645e+00
1.656250000000000e-01 1.996846374926046e-01 1.051744383166650e+00
1.687500000000000e-01 2.043011352076760e-01 1.051752037330619e+00
1.718750000000000e-01 2.089675121443681e-01 1.051759430600367e+00
1.750000000000000e-01 2.136849075780412e-01 1.051766576542226e+00
1.781250000000000e-01 2.184544732399964e-01 1.051773487780540e+00
1.812500000000000e-01 2.232773735986666e-01 1.051780176062115e+00
1.843750000000000e-01 2.281547861439151e-01 1.051786652302572e+00
1.875000000000000e-01 2.330879016745160e-01 1.051792926757970e+00
1.906250000000000e-01 2.380779245888810e-01 1.051799008974803e+00
1.937500000000000e-01 2.431260731791094e-01 1.051804907864925e+00
1.968750000000000e-01 2.482335799284277e-01 1.051810631806163e+00
2.000000000000000e-01 2.534016918120952e-01 1.051816188664743e+00
2.031250000000000e-01 2.586316706018478e-01 1.051821585772863e+00
2.062500000000000e-01 2.639247931739538e-01 1.051826830108494e+00
2.093750000000000e-01 2.692823518209576e-01 1.051831928120339e+00
2.125000000000000e-01 2.747056545671873e-01 1.051836885962851e+00
2.156250000000000e-01 2.801960254881028e-01 1.051841709415656e+00
2.187500000000000e-01 2.857548050335636e-01 1.051846403935118e+00
2.218750000000000e-01 2.913833503550930e-01 1.051850974631812e+00
2.250000000000000e-01 2.970830356372213e-01 1.051855426383658e+00
2.281250000000000e-01 3.028552524329863e-01 1.051859763772230e+00
2.312500000000000e-01 3.087014100036755e-01 1.051863991153933e+00
2.343750000000000e-01 3.146229356628902e-01 1.051868112624238e+00
2.375000000000000e-01 3.206212751250189e-01 1.051872132118582e+00
2.406250000000000e-01 3.266978928582008e-01 1.051876053302029e+00
2.437500000000000e-01 3.328542724418705e-01 1.051879879699352e+00
2.468750000000000e-01 3.390919169289667e-01 1.051883614650840e+00
2.500000000000000e-01 3.454123492128958e-01 1.051887261334772e+00
2.531250000000000e-01 3.518171123993401e-01 1.051890822753301e+00
2.562500000000000e-01 3.583077701830001e-01 1.051894301786540e+00
2.593750000000000e-01 3.648859072293631e-01 1.051897701176238e+00
2.625000000000000e-01 3.715531295615936e-01 1.051901023542518e+00
2.656250000000000e-01 3.783110649526354e-01 1.051904271329122e+00
2.687500000000000e-01 3.851613633226258e-01 1.051907446957179e+00
2.718750000000000e-01 3.921056971417164e-01 1.051910552665486e+00
2.750000000000000e-01 3.991457618383991e-01 1.051913590626289e+00
2.781250000000000e-01 4.062832762134377e-01 1.051916562887674e+00
2.812500000000000e-01 4.135199828595055e-01 1.051919471454090e+00
2.843750000000000e-01 4.208576485866312e-01 1.051922318227618e+00
2.875000000000000e-01 4.282980648535585e-01 1.051925105016880e+00
2.906250000000000e-01 4.358430482051222e-01 1.051927833580791e+00
2.937500000000000e-01 4.434944407157500e-01 1.051930505567245e+00
2.968750000000000e-01 4.512541104391968e-01 1.051933122590138e+00
3.000000000000000e-01 4.591239518646220e-01 1.051935686167321e+00
3.031250000000000e-01 4.671058863791195e-01 1.051938197796932e+00
3.062500000000000e-01 4.752018627368176e-01 1.051940658894702e+00
3.093750000000000e-01 4.834138575346580e-01 1.051943070799151e+00
3.125000000000000e-01 4.917438756949728e-01 1.051945434847068e+00
3.156250000000000e-01 5.001939509549778e-01 1.051947752310029e+00
3.187500000000000e-01 5.087661463633005e-01 1.051950024363580e+00
3.218750000000000e-01 5.174625547836644e-01 1.051952252196133e+00
3.250000000000000e-01 5.262852994058529e-01 1.051954436944843e+00
3.281250000000000e-01 5.352365342640750e-01 1.051956579699485e+00
3.312500000000000e-01 5.443184447628656e-01 1.051958681506157e+00
3.343750000000000e-01 5.535332482106405e-01 1.051960743370835e+00
3.375000000000000e-01 5.628831943610435e-01 1.051962766262785e+00
3.406250000000000e-01 5.723705659622137e-01 1.051964751117828e+00
3.437500000000000e-01 5.819976793141081e-01 1.051966698876746e+00
3.468750000000000e-01 5.917668848340161e-01 1.051968610383672e+00
3.500000000000000e-01 6.016805676304035e-01 1.051970486492470e+00
3.531250000000000e-01 6.117411480852264e-01 1.051972328070694e+00
3.562500000000000e-01 6.219510824448572e-01 1.051974135862407e+00
3.593750000000000e-01 6.323128634197650e-01 1.051975910663633e+00
3.625000000000000e-01 6.428290207931012e-01 1.051977653221411e+00
3.656250000000000e-01 6.535021220383342e-01 1.051979364270350e+00
3.687500000000000e-01 6.643347729460869e-01 1.051981044499741e+00
3.718750000000000e-01 6.753296182603294e-01 1.051982694589969e+00
3.750000000000000e-01 6.864893423240808e-01 1.051984315179495e+00
3.781250000000000e-01 6.978166697347804e-01 1.051985906936391e+00
3.812500000000000e-01 7.093143660094854e-01 1.051987470455831e+00
3.843750000000000e-01 7.209852382600603e-01 1.051989006365625e+00
3.875000000000000e-01 7.328321358785219e-01 1.051990515258860e+00
3.906250000000000e-01 7.448579512327029e-01 1.051991997659464e+00
3.937500000000000e-01 7.570656203724140e-01 1.051993454162853e+00
3.968750000000000e-01 7.694581237462648e-01 1.051994885299054e+00
4.000000000000000e-01 7.820384869293291e-01 1.051996291567525e+00
4.031250000000000e-01 7.948097813618253e-01 1.051997673473054e+00
4.062500000000000e-01 8.077751250989945e-01 1.051999031527511e+00
4.093750000000000e-01 8.209376835723596e-01 1.052000366216310e+00
4.125000000000000e-01 8.343006703625532e-01 1.052001677998968e+00
4.156250000000000e-01 8.478673479838968e-01 1.052002967344873e+00
4.187500000000000e-01 8.616410286809313e-01 1.052004234664421e+00
4.218750000000000e-01 8.756250752370857e-01 1.052005480414099e+00
4.250000000000000e-01 8.898229017956865e-01 1.052006705028683e+00
4.281250000000000e-01 9.042379746935050e-01 1.052007908886422e+00
4.312500000000000e-01 9.188738133070491e-01 1.052009092414050e+00
4.343750000000000e-01 9.337339909118028e-01 1.052010255983673e+00
4.375000000000000e-01 9.488221355546261e-01 1.052011399982501e+00
4.406250000000000e-01 9.641419309395265e-01 1.052012524779067e+00
4.437500000000000e-01 9.796971173270190e-01 1.052013630758787e+00
4.468750000000000e-01 9.954914924472941e-01 1.052014718254904e+00
4.500000000000000e-01 1.011528912427417e+00 1.052015787618152e+00
4.531250000000000e-01 1.027813292732786e+00 1.052016839182903e+00
4.562500000000000e-01 1.044348609123070e+00 1.052017873267433e+00
4.593750000000000e-01 1.061138898622882e+00 1.052018890209412e+00
4.625000000000000e-01 1.078188260507393e+00 1.052019890296772e+00
4.656250000000000e-01 1.095500857303154e+00 1.052020873872544e+00
4.687500000000000e-01 1.113080915804360e+00 1.052021841231569e+00
4.718750000000000e-01 1.130932728104805e+00 1.052022792654835e+00
4.750000000000000e-01 1.149060652645771e+00 1.052023728444909e+00
4.781250000000000e-01 1.167469115280130e+00 1.052024648856750e+00
4.812500000000000e-01 1.186162610352890e+00 1.052025554202496e+00
4.843750000000000e-01 1.205145701798475e+00 1.052026444712884e+00
4.875000000000000e-01 1.224423024254985e+00 1.052027320676154e+00
4.906250000000000e-01 1.243999284195726e+00 1.052028182334692e+00
4.937500000000000e-01 1.263879261078271e+00 1.052029029954546e+00
4.968750000000000e-01 1.284067808511348e+00 1.052029863791424e+00
5.000000000000000e-01 1.304569855439823e+00 1.052030684055594e+00
5.031250000000000e-01 1.325390407348082e+00 1.052031491016604e+00
5.062500000000000e-01 1.346534547482100e+00 1.052032284899901e+00
5.093750000000000e-01 1.368007438090487e+00 1.052033065921073e+00
5.125000000000001e-01 1.389814321684837e+00 1.052033834321193e+00
5.156250000000000e-01 1.411960522319654e+00 1.052034590297547e+00
5.187500000000000e-01 1.434451446892208e+00 1.052035334073102e+00
5.218750000000000e-01 1.457292586462593e+00 1.052036065862460e+00
5.250000000000000e-01 1.480489517594354e+00 1.052036785871944e+00
5.281250000000001e-01 1.504047903715979e+00 1.052037494299682e+00
5.312500000000000e-01 1.527973496503592e+00 1.052038191335684e+00
5.343750000000000e-01 1.552272137285215e+00 1.052038877161922e+00
5.375000000000000e-01 1.576949758466886e+00 1.052039551987626e+00
5.406250000000000e-01 1.602012384981041e+00 1.052040216015221e+00
5.437500000000001e-01 1.627466135757470e+00 1.052040869405157e+00
5.468750000000000e-01 1.653317225217225e+00 1.052041512345338e+00
5.500000000000000e-01 1.679571964789851e+00 1.052042145017047e+00
5.531250000000000e-01 1.706236764454286e+00 1.052042767594999e+00
5.562500000000000e-01 1.733318134303830e+00 1.052043380247393e+00
5.593750000000001e-01 1.760822686135563e+00 1.052043983135966e+00
5.625000000000000e-01 1.788757135064574e+00 1.052044576451269e+00
5.656250000000000e-01 1.817128301163438e+00 1.052045160308115e+00
5.687500000000000e-01 1.845943111127301e+00 1.052045734919592e+00
5.718750000000000e-01 1.875208599965003e+00 1.052046300388994e+00
5.750000000000001e-01 1.904931912716643e+00 1.052046856882741e+00
5.781250000000000e-01 1.935120306198011e+00 1.052047404597369e+00
5.812500000000000e-01 1.965781150772311e+00 1.052047943654964e+00
5.843750000000000e-01 1.996921932149593e+00 1.052048474171477e+00
5.875000000000000e-01 2.028550253214365e+00 1.052048996362447e+00
5.906250000000001e-01 2.060673835881802e+00 1.052049510299690e+00
5.937500000000000e-01 2.093300522983012e+00 1.052050016153583e+00
5.968750000000000e-01 2.126438280179837e+00 1.052050514090667e+00
6.000000000000001e-01 2.160095197909630e+00 1.052051004167988e+00
6.031250000000000e-01 2.194279493360494e+00 1.052051486611692e+00
6.062500000000001e-01 2.228999512477486e+00 1.052051961540656e+00
6.093750000000000e-01 2.264263732000228e+00 1.052052428998475e+00
6.125000000000000e-01 2.300080761532477e+00 1.052052889268373e+00
6.156250000000001e-01 2.336459345644116e+00 1.052053342422861e+00
6.187500000000000e-01 2.373408366006099e+00 1.052053788422914e+00
6.218750000000001e-01 2.410936843558884e+00 1.052054227713626e+00
6.250000000000000e-01 2.449053940714840e+00 1.052054660288269e+00
6.281250000000000e-01 2.487768963595221e+00 1.052055086026458e+00
6.312500000000001e-01 2.527091364302215e+00 1.052055505501181e+00
6.343750000000000e-01 2.567030743226622e+00 1.052055918732315e+00
6.375000000000001e-01 2.607596851391758e+00 1.052056325345383e+00
6.406250000000000e-01 2.648799592834118e+00 1.052056726215379e+00
6.437500000000000e-01 2.690649027021411e+00 1.052057121427413e+00
6.468750000000001e-01 2.733155371308524e+00 1.052057510181248e+00
6.500000000000000e-01 2.776329003432049e+00 1.052057893547233e+00
6.531250000000001e-01 2.820180464043967e+00 1.052058272235141e+00
6.562500000000000e-01 2.864720459285089e+00 1.052058644609381e+00
6.593750000000000e-01 2.909959863398929e+00 1.052059011583478e+00
6.625000000000001e-01 2.955909721386590e+00 1.052059375256133e+00
6.656250000000000e-01 3.002581251703353e+00 1.052059733416140e+00
6.687500000000001e-01 3.049985848997626e+00 1.052060085326095e+00
6.718750000000000e-01 3.098135086892879e+00 1.052060435152211e+00
6.750000000000000e-01 3.147040720813310e+00 1.052060782358040e+00
6.781250000000001e-01 3.196714690853871e+00 1.052061121837441e+00
6.812500000000000e-01 3.247169124695383e+00 1.052061458077363e+00
6.843750000000001e-01 3.298416340565477e+00 1.052061797426615e+00
6.875000000000000e-01 3.350468850246008e+00 1.052062131415400e+00
6.906250000000000e-01 3.403339362127777e+00 1.052062456055921e+00
6.937500000000001e-01 3.457040784313211e+00 1.052062785094142e+00
6.968750000000000e-01 3.511586227767823e+00 1.052063124737787e+00
7.000000000000001e-01 3.566989009521205e+00 1.052063452027033e+00
7.031250000000000e-01 3.623262655918307e+00 1.052063768041161e+00
7.062500000000000e-01 3.680420905921852e+00 1.052064104087240e+00
7.093750000000001e-01 3.738477714466631e+00 1.052064469224034e+00
7.125000000000000e-01 3.797447255866536e+00 1.052064808187981e+00
7.156250000000001e-01 3.857343927275175e+00 1.052065123619133e+00
7.187500000000000e-01 3.918182352200844e+00 1.052065484628042e+00
7.218750000000000e-01 3.979977384076828e+00 1.052065944186711e+00
7.250000000000001e-01 4.042744109887770e+00 1.052066370595204e+00
7.281250000000000e-01 4.106497853853101e+00 1.052066705921276e+00
7.312500000000001e-01 4.171254181168399e+00 1.052067078491128e+00
7.343750000000000e-01 4.237028901805528e+00 1.052067738648036e+00
7.375000000000000e-01 4.303838074372613e+00 1.052068632528529e+00
7.406250000000001e-01 4.371698010034643e+00 1.052069230894753e+00
7.437500000000000e-01 4.440625276495786e+00 1.052069592436484e+00
7.468750000000001e-01 4.510636702044332e+00 1.052070130193305e+00
7.500000000000000e-01 4.581749379661216e+00 1.052071923891348e+00
7.531250000000000e-01 4.653980671193226e+00 1.052075271864952e+00
7.562500000000001e-01 4.727348211591802e+00 1.052077565977222e+00
7.593750000000000e-01 4.801869913218528e+00 1.052078101576227e+00
7.625000000000001e-01 4.877563970218381e+00 1.052078470315703e+00
7.656250000000000e-01 4.954448862961714e+00 1.052079567993223e+00
7.687500000000000e-01 5.032543362556198e+00 1.052089737751925e+00
7.718750000000001e-01 5.111866535429675e+00 1.052116696082062e+00
7.750000000000000e-01 5.192437747985146e+00 1.052139701106481e+00
7.781250000000001e-01 5.274276671329015e+00 1.052140987834339e+00
7.812500000000000e-01 5.357403286073669e+00 1.052213821692785e+00
7.843750000000000e-01 5.441837887215693e+00 1.052612660968908e+00
7.875000000000001e-01 5.527601089090773e+00 1.053634845120229e+00
7.906250000000000e-01 5.614713830406605e+00 1.055414907411949e+00
7.937500000000001e-01 5.703197379355005e+00 1.057810574577158e+00
7.968750000000000e-01 5.793073338804412e+00 1.060462427352796e+00
8.000000000000000e-01 5.884363651574169e+00 1.062961218117568e+00
8.031250000000001e-01 5.977090605791737e+00 1.065003653141503e+00
8.062500000000000e-01 6.071276840334257e+00 1.066463861986013e+00
8.093750000000001e-01 6.166945350355728e+00 1.067379173401178e+00
8.125000000000000e-01 6.264119492901173e+00 1.067889370780363e+00
8.156250000000000e-01 6.362822992609162e+00 1.068170591236018e+00
8.187500000000001e-01 6.463079947504072e+00 1.068387375785664e+00
8.218750000000000e-01 6.564914834879517e+00 1.068668074213133e+00
8.250000000000001e-01 6.668352517274371e+00 1.069098535260872e+00
8.281250000000000e-01 6.773418248542846e+00 1.069726467841452e+00
8.312500000000000e-01 6.880137680020114e+00 1.070570162066204e+00
8.343750000000001e-01 6.988536866784961e+00 1.071627393044834e+00
8.375000000000000e-01 7.098642274021019e+00 1.072882299919279e+00
8.406250000000001e-01 7.210480783478133e+00 1.074309860636730e+00
8.437500000000000e-01 7.324079700035414e+00 1.075878823329095e+00
8.468750000000000e-01 7.439466758367605e+00 1.077553996542147e+00
8.500000000000001e-01 7.556670129716381e+00 1.079297748913575e+00
8.531250000000000e-01 7.675718428768239e+00 1.081069719640498e+00
8.562500000000001e-01 7.796640720640633e+00 1.082824373683720e+00
8.593750000000000e-01 7.919466527978115e+00 1.084508114089887e+00
8.625000000000000e-01 8.044225838160141e+00 1.086059626025447e+00
8.656250000000001e-01 8.170949110622363e+00 1.087417001222138e+00
8.687500000000000e-01 8.299667284293170e+00 1.088532069027000e+00
8.718750000000001e-01 8.430411785147284e+00 1.089387507082952e+00
8.750000000000000e-01 8.563214533878281e+00 1.090008837212041e+00
8.781250000000000e-01 8.698107953691880e+00 1.090464073026669e+00
8.812500000000001e-01 8.835124978221932e+00 1.090848672887231e+00
8.843750000000000e-01 8.974299059571019e+00 1.091259999696813e+00
8.875000000000001e-01 9.115664176477637e+00 1.091770401202322e+00
8.906250000000000e-01 9.259254842611947e+00 1.092409028002342e+00
8.937500000000000e-01 9.405106115002161e+00 1.093159040096987e+00
8.968750000000001e-01 9.553253602593529e+00 1.093970288968092e+00
9.000000000000000e-01 9.703733474942130e+00 1.094780983678519e+00
9.031250000000001e-01 9.856582471045494e+00 1.095538703588447e+00
9.062500000000000e-01 1.001183790831228e+01 1.096212980703871e+00
9.093750000000000e-01 1.016953769167313e+01 1.096796996175699e+00
9.125000000000001e-01 1.032972032283505e+01 1.097301210128926e+00
9.156250000000000e-01 1.049242490968134e+01 1.097744150489594e+00
9.187500000000001e-01 1.065769117581972e+01 1.098144742972533e+00
9.218750000000000e-01 1.082555947028058e+01 1.098518084482511e+00
9.250000000000000e-01 1.099607077736805e+01 1.098874356746776e+00
9.281250000000001e-01 1.116926672666618e+01 1.099219574304174e+00
9.312500000000000e-01 1.134518960320255e+01 1.099556918782502e+00
9.343750000000001e-01 1.152388235777201e+01 1.099887929726312e+00
9.375000000000000e-01 1.170538861742293e+01 1.100213311315015e+00
9.406250000000000e-01 1.188975269610854e+01 1.100533388330826e+00
9.437500000000001e-01 1.207701960550600e+01 1.100848329761947e+00
9.468750000000000e-01 1.226723506600578e+01 1.101158245994307e+00
9.500000000000001e-01 1.246044551787411e+01 1.101463226647286e+00
9.531250000000000e-01 1.265669813259115e+01 1.101763354018251e+00
9.562500000000000e-01 1.285604082436773e+01 1.102058707325257e+00
9.593750000000001e-01 1.305852226184337e+01 1.102349363994554e+00
9.625000000000000e-01 1.326419187996850e+01 1.102635400067652e+00
9.656250000000001e-01 1.347309989207381e+01 1.102916890288022e+00
9.687500000000000e-01 1.368529730212962e+01 1.103193908151903e+00
9.718750000000000e-01 1.390083591719824e+01 1.103466525921993e+00
9.750000000000001e-01 1.411976836008246e+01 1.103734814639768e+00
9.781250000000000e-01 1.434214808217320e+01 1.103998844173406e+00
9.812500000000001e-01 1.456802937649935e+01 1.104258683228589e+00
9.843750000000000e-01 1.479746739098328e+01 1.104514399394946e+00
9.875000000000000e-01 1.503051814190487e+01 1.104766059044326e+00
9.906250000000001e-01 1.526723852757770e+01 1.105013727557223e+00
9.937500000000000e-01 1.550768634224049e+01 1.105257469147904e+00
9.968750000000001e-01 1.575192029016732e+01 1.105497347015398e+00
1.000000000000000e+00 1.600000000000000e+01 1.105733423312837e+00
