0.000000000000000e+00 0.000000000000000e+00 1.000000000000000e+00
3.125000000000000e-03 3.369263549427258e-03 1.036177648845129e+00
6.250000000000000e-03 6.739349689698711e-03 1.043016611063876e+00
9.375000000000001e-03 1.011108121249049e-02 1.045792867703577e+00
1.250000000000000e-02 1.348528131119160e-02 1.047275819186520e+00
1.562500000000000e-02 1.686277378188298e-02 1.048196020821079e+00
1.875000000000000e-02 2.024438322446370e-02 1.048822170576832e+00
2.187500000000000e-02 2.363093524397333e-02 1.049275659846554e+00
2.500000000000000e-02 2.702325665215984e-02 1.049619227673038e+00
2.812500000000000e-02 3.042217566934200e-02 1.049888530640358e+00
3.125000000000000e-02 3.382852212661575e-02 1.050105321244554e+00
3.437500000000000e-02 3.724312766845378e-02 1.050283618227245e+00
3.750000000000001e-02 4.066682595574785e-02 1.050432861143390e+00
4.062500000000000e-02 4.410045286934348e-02 1.050559637864923e+00
4.375000000000000e-02 4.754484671411652e-02 1.050668685389409e+00
4.687500000000000e-02 5.100084842364160e-02 1.050763496902509e+00
5.000000000000000e-02 5.446930176550237e-02 1.050846704667543e+00
5.312500000000001e-02 5.795105354729364e-02 1.050920329846126e+00
5.625000000000000e-02 6.144695382336569e-02 1.050985949951034e+00
5.937500000000000e-02 6.495785610236132e-02 1.051044814319207e+00
6.250000000000000e-02 6.848461755559625e-02 1.051097925046553e+00
6.562500000000000e-02 7.202809922633362e-02 1.051146095405133e+00
6.875000000000001e-02 7.558916624000402e-02 1.051189992189729e+00
7.187500000000001e-02 7.916868801542200e-02 1.051230167350738e+00
7.500000000000001e-02 8.276753847705080e-02 1.051267081559386e+00
7.812500000000000e-02 8.638659626836727e-02 1.051301122489161e+00
8.125000000000000e-02 9.002674496637868e-02 1.051332618581927e+00
8.437500000000001e-02 9.368887329734420e-02 1.051361850005787e+00
8.750000000000001e-02 9.737387535375355e-02 1.051389057182237e+00
9.062500000000001e-02 1.010826508126157e-01 1.051414447605774e+00
9.375000000000000e-02 1.048161051551108e-01 1.051438201285522e+00
9.687500000000000e-02 1.085751498876601e-01 1.051460475129903e+00
1.000000000000000e-01 1.123607027644654e-01 1.051481406544700e+00
1.031250000000000e-01 1.161736880115753e-01 1.051501116395593e+00
1.062500000000000e-01 1.200150365525305e-01 1.051519711395104e+00
1.093750000000000e-01 1.238856862356450e-01 1.051537286095106e+00
1.125000000000000e-01 1.277865820629775e-01 1.051553924621546e+00
1.156250000000000e-01 1.317186764210495e-01 1.051569702061669e+00
1.187500000000000e-01 1.356829293133661e-01 1.051584685567823e+00
1.218750000000000e-01 1.396803085947971e-01 1.051598935489462e+00
1.250000000000000e-01 1.437117902078738e-01 1.051612506154163e+00
1.281250000000000e-01 1.477783584210617e-01 1.051625446608408e+00
1.312500000000000e-01 1.518810060690650e-01 1.051637801214542e+00
1.343750000000000e-01 1.560207347952229e-01 1.051649610214182e+00
1.375000000000000e-01 1.601985552960564e-01 1.051660910252178e+00
1.406250000000000e-01 1.644154875680252e-01 1.051671734734145e+00
1.437500000000000e-01 1.686725611565558e-01 1.051682114108438e+00
1.468750000000000e-01 1.729708154074000e-01 1.051692076240902e+00
1.500000000000000e-01 1.773112997203869e-01 1.051701646712485e+00
1.531250000000000e-01 1.816950738056289e-01 1.051710849048971e+00
1.562500000000000e-01 1.861232079422458e-01 1.051719704814646e+00
1.593750000000000e-01 1.905967832396682e-01 1.051728233954005e+00
1.625000000000000e-01 1.951168919015860e-01 1.051736454830165e+00
1.656250000000000e-01 1.996846374926046e-01 1.051744384485345e+00
1.687500000000000e-01 2.043011352076760e-01 1.051752038644941e+00
1.718750000000000e-01 2.089675121443681e-01 1.051759431914938e+00
1.750000000000000e-01 2.136849075780412e-01 1.051766577881551e+00
1.781250000000000e-01 2.184544732399964e-01 1.051773489112230e+00
1.812500000000000e-01 2.232773735986666e-01 1.051780177399128e+00
1.843750000000000e-01 2.281547861439151e-01 1.051786653650239e+00
1.875000000000000e-01 2.330879016745160e-01 1.051792928099230e+00
1.906250000000000e-01 2.380779245888810e-01 1.051799010317991e+00
1.937500000000000e-01 2.431260731791094e-01 1.051804909215066e+00
1.968750000000000e-01 2.482335799284277e-01 1.051810633172994e+00
2.000000000000000e-01 2.534016918120952e-01 1.051816190027980e+00
2.031250000000000e-01 2.586316706018478e-01 1.051821587152254e+00
2.062500000000000e-01 2.639247931739538e-01 1.051826831454669e+00
2.093750000000000e-01 2.692823518209576e-01 1.051831929486863e+00
2.125000000000000e-01 2.747056545671873e-01 1.051836887318603e+00
2.156250000000000e-01 2.801960254881028e-01 1.051841710780830e+00
2.187500000000000e-01 2.857548050335636e-01 1.051846405295100e+00
2.218750000000000e-01 2.913833503550930e-01 1.051850975994209e+00
2.250000000000000e-01 2.970830356372213e-01 1.051855427728947e+00
2.281250000000000e-01 3.028552524329863e-01 1.051859765108550e+00
2.312500000000000e-01 3.087014100036755e-01 1.051863992500727e+00
2.343750000000000e-01 3.146229356628902e-01 1.051868113990107e+00
2.375000000000000e-01 3.206212751250189e-01 1.051872133483426e+00
2.406250000000000e-01 3.266978928582008e-01 1.051876054664101e+00
2.437500000000000e-01 3.328542724418705e-01 1.051879881055990e+00
2.468750000000000e-01 3.390919169289667e-01 1.051883616011229e+00
2.500000000000000e-01 3.454123492128958e-01 1.051887262695283e+00
2.531250000000000e-01 3.518171123993401e-01 1.051890824107245e+00
2.562500000000000e-01 3.583077701830001e-01 1.051894303136854e+00
2.593750000000000e-01 3.648859072293631e-01 1.051897702508193e+00
2.625000000000000e-01 3.715531295615936e-01 1.051901024871188e+00
2.656250000000000e-01 3.783110649526354e-01 1.051904272667703e+00
2.687500000000000e-01 3.851613633226258e-01 1.051907448294382e+00
2.718750000000000e-01 3.921056971417164e-01 1.051910554005064e+00
2.750000000000000e-01 3.991457618383991e-01 1.051913591959958e+00
2.781250000000000e-01 4.062832762134377e-01 1.051916564237649e+00
2.812500000000000e-01 4.135199828595055e-01 1.051919472808676e+00
2.843750000000000e-01 4.208576485866312e-01 1.051922319582970e+00
2.875000000000000e-01 4.282980648535585e-01 1.051925106382397e+00
2.906250000000000e-01 4.358430482051222e-01 1.051927834949401e+00
2.937500000000000e-01 4.434944407157500e-01 1.051930506917383e+00
2.968750000000000e-01 4.512541104391968e-01 1.051933123930774e+00
3.000000000000000e-01 4.591239518646220e-01 1.051935687503738e+00
3.031250000000000e-01 4.671058863791195e-01 1.051938199138253e+00
3.062500000000000e-01 4.752018627368176e-01 1.051940660218735e+00
3.093750000000000e-01 4.834138575346580e-01 1.051943072129539e+00
3.125000000000000e-01 4.917438756949728e-01 1.051945436186862e+00
3.156250000000000e-01 5.001939509549778e-01 1.051947753643516e+00
3.187500000000000e-01 5.087661463633005e-01 1.051950025693486e+00
3.218750000000000e-01 5.174625547836644e-01 1.051952253514092e+00
3.250000000000000e-01 5.262852994058529e-01 1.051954438271405e+00
3.281250000000000e-01 5.352365342640750e-01 1.051956581011989e+00
3.312500000000000e-01 5.443184447628656e-01 1.051958682777655e+00
3.343750000000000e-01 5.535332482106405e-01 1.051960744610356e+00
3.375000000000000e-01 5.628831943610435e-01 1.051962767481282e+00
3.406250000000000e-01 5.723705659622137e-01 1.051964752330783e+00
3.437500000000000e-01 5.819976793141081e-01 1.051966700071597e+00
3.468750000000000e-01 5.917668848340161e-01 1.051968611554132e+00
3.500000000000000e-01 6.016805676304035e-01 1.051970487681671e+00
3.531250000000000e-01 6.117411480852264e-01 1.051972329226661e+00
3.562500000000000e-01 6.219510824448572e-01 1.051974137018860e+00
3.593750000000000e-01 6.323128634197650e-01 1.051975911799252e+00
3.625000000000000e-01 6.428290207931012e-01 1.051977654333631e+00
3.656250000000000e-01 6.535021220383342e-01 1.051979365340733e+00
3.687500000000000e-01 6.643347729460869e-01 1.051981045531280e+00
3.718750000000000e-01 6.753296182603294e-01 1.051982695610347e+00
3.750000000000000e-01 6.864893423240808e-01 1.051984316204073e+00
3.781250000000000e-01 6.978166697347804e-01 1.051985907935078e+00
3.812500000000000e-01 7.093143660094854e-01 1.051987471462462e+00
3.843750000000000e-01 7.209852382600603e-01 1.051989007371749e+00
3.875000000000000e-01 7.328321358785219e-01 1.051990516212342e+00
3.906250000000000e-01 7.448579512327029e-01 1.051991998611751e+00
3.937500000000000e-01 7.570656203724140e-01 1.051993455090997e+00
3.968750000000000e-01 7.694581237462648e-01 1.051994886176329e+00
4.000000000000000e-01 7.820384869293291e-01 1.051996292401126e+00
4.031250000000000e-01 7.948097813618253e-01 1.051997674307764e+00
4.062500000000000e-01 8.077751250989945e-01 1.051999032336043e+00
4.093750000000000e-01 8.209376835723596e-01 1.052000367010359e+00
4.125000000000000e-01 8.343006703625532e-01 1.052001678754882e+00
4.156250000000000e-01 8.478673479838968e-01 1.052002968042874e+00
4.187500000000000e-01 8.616410286809313e-01 1.052004235323990e+00
4.218750000000000e-01 8.756250752370857e-01 1.052005481062552e+00
4.250000000000000e-01 8.898229017956865e-01 1.052006705625808e+00
4.281250000000000e-01 9.042379746935050e-01 1.052007909433140e+00
4.312500000000000e-01 9.188738133070491e-01 1.052009092921072e+00
4.343750000000000e-01 9.337339909118028e-01 1.052010256431460e+00
4.375000000000000e-01 9.488221355546261e-01 1.052011400398436e+00
4.406250000000000e-01 9.641419309395265e-01 1.052012525163365e+00
4.437500000000000e-01 9.796971173270190e-01 1.052013631086165e+00
4.468750000000000e-01 9.954914924472941e-01 1.052014718509018e+00
4.500000000000000e-01 1.011528912427417e+00 1.052015787794454e+00
4.531250000000000e-01 1.027813292732786e+00 1.052016839289026e+00
4.562500000000000e-01 1.044348609123070e+00 1.052017873323580e+00
4.593750000000000e-01 1.061138898622882e+00 1.052018890213499e+00
4.625000000000000e-01 1.078188260507393e+00 1.052019890258948e+00
4.656250000000000e-01 1.095500857303154e+00 1.052020873782888e+00
4.687500000000000e-01 1.113080915804360e+00 1.052021841056896e+00
4.718750000000000e-01 1.130932728104805e+00 1.052022792413558e+00
4.750000000000000e-01 1.149060652645771e+00 1.052023728097874e+00
4.781250000000000e-01 1.167469115280130e+00 1.052024648454011e+00
4.812500000000000e-01 1.186162610352890e+00 1.052025553702311e+00
4.843750000000000e-01 1.205145701798475e+00 1.052026444124839e+00
4.875000000000000e-01 1.224423024254985e+00 1.052027319992335e+00
4.906250000000000e-01 1.243999284195726e+00 1.052028181564365e+00
4.937500000000000e-01 1.263879261078271e+00 1.052029029089461e+00
4.968750000000000e-01 1.284067808511348e+00 1.052029862805261e+00
5.000000000000000e-01 1.304569855439823e+00 1.052030682976421e+00
5.031250000000000e-01 1.325390407348082e+00 1.052031489820351e+00
5.062500000000000e-01 1.346534547482100e+00 1.052032283581718e+00
5.093750000000000e-01 1.368007438090487e+00 1.052033064458169e+00
5.125000000000001e-01 1.389814321684837e+00 1.052033832712616e+00
5.156250000000000e-01 1.411960522319654e+00 1.052034588524545e+00
5.187500000000000e-01 1.434451446892208e+00 1.052035332138908e+00
5.218750000000000e-01 1.457292586462593e+00 1.052036063755202e+00
5.250000000000000e-01 1.480489517594354e+00 1.052036783564175e+00
5.281250000000001e-01 1.504047903715979e+00 1.052037491785682e+00
5.312500000000000e-01 1.527973496503592e+00 1.052038188594380e+00
5.343750000000000e-01 1.552272137285215e+00 1.052038874194192e+00
5.375000000000000e-01 1.576949758466886e+00 1.052039548819552e+00
5.406250000000000e-01 1.602012384981041e+00 1.052040212585515e+00
5.437500000000001e-01 1.627466135757470e+00 1.052040865710998e+00
5.468750000000000e-01 1.653317225217225e+00 1.052041508371232e+00
5.500000000000000e-01 1.679571964789851e+00 1.052042140734428e+00
5.531250000000000e-01 1.706236764454286e+00 1.052042762999618e+00
5.562500000000000e-01 1.733318134303830e+00 1.052043375284528e+00
5.593750000000001e-01 1.760822686135563e+00 1.052043977812203e+00
5.625000000000000e-01 1.788757135064574e+00 1.052044570725656e+00
5.656250000000000e-01 1.817128301163438e+00 1.052045154161134e+00
5.687500000000000e-01 1.845943111127301e+00 1.052045728323726e+00
5.718750000000000e-01 1.875208599965003e+00 1.052046293300840e+00
5.750000000000001e-01 1.904931912716643e+00 1.052046849285418e+00
5.781250000000000e-01 1.935120306198011e+00 1.052047396428363e+00
5.812500000000000e-01 1.965781150772311e+00 1.052047934875178e+00
5.843750000000000e-01 1.996921932149593e+00 1.052048464766009e+00
5.875000000000000e-01 2.028550253214365e+00 1.052048986235675e+00
5.906250000000001e-01 2.060673835881802e+00 1.052049499413694e+00
5.937500000000000e-01 2.093300522983012e+00 1.052050004462102e+00
5.968750000000000e-01 2.126438280179837e+00 1.052050501463301e+00
6.000000000000001e-01 2.160095197909630e+00 1.052050990644440e+00
6.031250000000000e-01 2.194279493360494e+00 1.052051472042078e+00
6.062500000000001e-01 2.228999512477486e+00 1.052051945798623e+00
6.093750000000000e-01 2.264263732000228e+00 1.052052412128074e+00
6.125000000000000e-01 2.300080761532477e+00 1.052052870978350e+00
6.156250000000001e-01 2.336459345644116e+00 1.052053322589854e+00
6.187500000000000e-01 2.373408366006099e+00 1.052053767164804e+00
6.218750000000001e-01 2.410936843558884e+00 1.052054204601620e+00
6.250000000000000e-01 2.449053940714840e+00 1.052054635203437e+00
6.281250000000000e-01 2.487768963595221e+00 1.052055059010908e+00
6.312500000000001e-01 2.527091364302215e+00 1.052055476020741e+00
6.343750000000000e-01 2.567030743226622e+00 1.052055886637907e+00
6.375000000000001e-01 2.607596851391758e+00 1.052056290668421e+00
6.406250000000000e-01 2.648799592834118e+00 1.052056688245200e+00
6.437500000000000e-01 2.690649027021411e+00 1.052057079876355e+00
6.468750000000001e-01 2.733155371308524e+00 1.052057465058996e+00
6.500000000000000e-01 2.776329003432049e+00 1.052057844136770e+00
6.531250000000001e-01 2.820180464043967e+00 1.052058217722213e+00
6.562500000000000e-01 2.864720459285089e+00 1.052058584967028e+00
6.593750000000000e-01 2.909959863398929e+00 1.052058946425703e+00
6.625000000000001e-01 2.955909721386590e+00 1.052059302890855e+00
6.656250000000000e-01 3.002581251703353e+00 1.052059653057872e+00
6.687500000000001e-01 3.049985848997626e+00 1.052059997728789e+00
6.718750000000000e-01 3.098135086892879e+00 1.052060338027518e+00
6.750000000000000e-01 3.147040720813310e+00 1.052060671933412e+00
6.781250000000001e-01 3.196714690853871e+00 1.052061000605984e+00
6.812500000000000e-01 3.247169124695383e+00 1.052061325764971e+00
6.843750000000001e-01 3.298416340565477e+00 1.052061644266344e+00
6.875000000000000e-01 3.350468850246008e+00 1.052061957660284e+00
6.906250000000000e-01 3.403339362127777e+00 1.052062268636722e+00
6.937500000000001e-01 3.457040784313211e+00 1.052062572709782e+00
6.968750000000000e-01 3.511586227767823e+00 1.052062871708205e+00
7.000000000000001e-01 3.566989009521205e+00 1.052063168836483e+00
7.031250000000000e-01 3.623262655918307e+00 1.052063460479644e+00
7.062500000000000e-01 3.680420905921852e+00 1.052063745963973e+00
7.093750000000001e-01 3.738477714466631e+00 1.052064028444726e+00
7.125000000000000e-01 3.797447255866536e+00 1.052064311700295e+00
7.156250000000001e-01 3.857343927275175e+00 1.052064583827708e+00
7.187500000000000e-01 3.918182352200844e+00 1.052064851626529e+00
7.218750000000000e-01 3.979977384076828e+00 1.052065128492882e+00
7.250000000000001e-01 4.042744109887770e+00 1.052065390754117e+00
7.281250000000000e-01 4.106497853853101e+00 1.052065648408435e+00
7.312500000000001e-01 4.171254181168399e+00 1.052065906819174e+00
7.343750000000000e-01 4.237028901805528e+00 1.052066180654028e+00
7.375000000000000e-01 4.303838074372613e+00 1.052066425030258e+00
7.406250000000001e-01 4.371698010034643e+00 1.052066667481267e+00
7.437500000000000e-01 4.440625276495786e+00 1.052066938374396e+00
7.468750000000001e-01 4.510636702044332e+00 1.052067211884280e+00
7.500000000000000e-01 4.581749379661216e+00 1.052067446961695e+00
7.531250000000000e-01 4.653980671193226e+00 1.052067676087485e+00
7.562500000000001e-01 4.727348211591802e+00 1.052067990651593e+00
7.593750000000000e-01 4.801869913218528e+00 1.052068304838803e+00
7.625000000000001e-01 4.877563970218381e+00 1.052068535013958e+00
7.656250000000000e-01 4.954448862961714e+00 1.052068770334097e+00
7.687500000000000e-01 5.032543362556198e+00 1.052069138177252e+00
7.718750000000001e-01 5.111866535429675e+00 1.052069716904251e+00
7.750000000000000e-01 5.192437747985146e+00 1.052069932705240e+00
7.781250000000001e-01 5.274276671329015e+00 1.052070311788180e+00
7.812500000000000e-01 5.357403286073669e+00 1.052070545141651e+00
7.843750000000000e-01 5.441837887215693e+00 1.052071883318062e+00
7.875000000000001e-01 5.527601089090773e+00 1.052072979499301e+00
7.906250000000000e-01 5.614713830406605e+00 1.052073279412138e+00
7.937500000000001e-01 5.703197379355005e+00 1.052074328489199e+00
7.968750000000000e-01 5.793073338804412e+00 1.052074610297238e+00
8.000000000000000e-01 5.884363651574169e+00 1.052079415400063e+00
8.031250000000001e-01 5.977090605791737e+00 1.052086698097012e+00
8.062500000000000e-01 6.071276840334257e+00 1.052087636327160e+00
8.093750000000001e-01 6.166945350355728e+00 1.052092002013902e+00
8.125000000000000e-01 6.264119492901173e+00 1.052099230955762e+00
8.156250000000000e-01 6.362822992609162e+00 1.052100010981092e+00
8.187500000000001e-01 6.463079947504072e+00 1.052135252075063e+00
8.218750000000000e-01 6.564914834879517e+00 1.052237134752733e+00
8.250000000000001e-01 6.668352517274371e+00 1.052326629324857e+00
8.281250000000000e-01 6.773418248542846e+00 1.052335343578124e+00
8.312500000000000e-01 6.880137680020114e+00 1.052441848233478e+00
8.343750000000001e-01 6.988536866784961e+00 1.053046967335571e+00
8.375000000000000e-01 7.098642274021019e+00 1.054451447096075e+00
8.406250000000001e-01 7.210480783478133e+00 1.056582669179474e+00
8.437500000000000e-01 7.324079700035414e+00 1.059024716084115e+00
8.468750000000000e-01 7.439466758367605e+00 1.061272808846746e+00
8.500000000000001e-01 7.556670129716381e+00 1.062980078062328e+00
8.531250000000000e-01 7.675718428768239e+00 1.064054234916537e+00
8.562500000000001e-01 7.796640720640633e+00 1.064611269603573e+00
8.593750000000000e-01 7.919466527978115e+00 1.064867430408797e+00
8.625000000000000e-01 8.044225838160141e+00 1.065042751326710e+00
8.656250000000001e-01 8.170949110622363e+00 1.065307808332506e+00
8.687500000000000e-01 8.299667284293170e+00 1.065769645887505e+00
8.718750000000001e-01 8.430411785147284e+00 1.066478580908630e+00
8.750000000000000e-01 8.563214533878281e+00 1.067441511440253e+00
8.781250000000000e-01 8.698107953691880e+00 1.068636405926573e+00
8.812500000000001e-01 8.835124978221932e+00 1.070026349482534e+00
8.843750000000000e-01 8.974299059571019e+00 1.071569717659785e+00
8.875000000000001e-01 9.115664176477637e+00 1.073222162933224e+00
8.906250000000000e-01 9.259254842611947e+00 1.074929998676855e+00
8.937500000000000e-01 9.405106115002161e+00 1.076620897140872e+00
8.968750000000001e-01 9.553253602593529e+00 1.078201863103081e+00
9.000000000000000e-01 9.703733474942130e+00 1.079572647987240e+00
9.031250000000001e-01 9.856582471045494e+00 1.080654447596678e+00
9.062500000000000e-01 1.001183790831228e+01 1.081422583113786e+00
9.093750000000000e-01 1.016953769167313e+01 1.081925092916430e+00
9.125000000000001e-01 1.032972032283505e+01 1.082272865823329e+00
9.156250000000000e-01 1.049242490968134e+01 1.082601165919590e+00
9.187500000000001e-01 1.065769117581972e+01 1.083019448457342e+00
9.218750000000000e-01 1.082555947028058e+01 1.083574615919631e+00
9.250000000000000e-01 1.099607077736805e+01 1.084245337884657e+00
9.281250000000001e-01 1.116926672666618e+01 1.084966363163308e+00
9.312500000000000e-01 1.134518960320255e+01 1.085665367090379e+00
9.343750000000001e-01 1.152388235777201e+01 1.086291804183235e+00
9.375000000000000e-01 1.170538861742293e+01 1.086827070039471e+00
9.406250000000000e-01 1.188975269610854e+01 1.087278343292412e+00
9.437500000000001e-01 1.207701960550600e+01 1.087665556830275e+00
9.468750000000000e-01 1.226723506600578e+01 1.088010039281676e+00
9.500000000000001e-01 1.246044551787411e+01 1.088328469471992e+00
9.531250000000000e-01 1.265669813259115e+01 1.088631557402798e+00
9.562500000000000e-01 1.285604082436773e+01 1.088925220274790e+00
9.593750000000001e-01 1.305852226184337e+01 1.089212350103244e+00
9.625000000000000e-01 1.326419187996850e+01 1.089494230545891e+00
9.656250000000001e-01 1.347309989207381e+01 1.089771401709796e+00
9.687500000000000e-01 1.368529730212962e+01 1.090044098823889e+00
9.718750000000000e-01 1.390083591719824e+01 1.090312444837089e+00
9.750000000000001e-01 1.411976836008246e+01 1.090576524765263e+00
9.781250000000000e-01 1.434214808217320e+01 1.090836411334978e+00
9.812500000000001e-01 1.456802937649935e+01 1.091092173146258e+00
9.843750000000000e-01 1.479746739098328e+01 1.091343876890217e+00
9.875000000000000e-01 1.503051814190487e+01 1.091591588018896e+00
9.906250000000001e-01 1.526723852757770e+01 1.091835370827371e+00
9.937500000000000e-01 1.550768634224049e+01 1.092075288537161e+00
9.968750000000001e-01 1.575192029016732e+01 1.092311403337926e+00
1.000000000000000e+00 1.600000000000000e+01 1.092543776386015e+00
