0.000000000000000e+00 0.000000000000000e+00 1.000000000000000e+00
3.125000000000000e-03 3.369263549427258e-03 1.036177650765296e+00
6.250000000000000e-03 6.739349689698711e-03 1.043016616777605e+00
9.375000000000001e-03 1.011108121249049e-02 1.045792873953277e+00
1.250000000000000e-02 1.348528131119160e-02 1.047275825772746e+00
1.562500000000000e-02 1.686277378188298e-02 1.048196027649869e+00
1.875000000000000e-02 2.024438322446370e-02 1.048822177521783e+00
2.187500000000000e-02 2.363093524397333e-02 1.049275666921115e+00
2.500000000000000e-02 2.702325665215984e-02 1.049619234825790e+00
2.812500000000000e-02 3.042217566934200e-02 1.049888537843952e+00
3.125000000000000e-02 3.382852212661575e-02 1.050105328480185e+00
3.437500000000000e-02 3.724312766845378e-02 1.050283625463382e+00
3.750000000000001e-02 4.066682595574785e-02 1.050432868425138e+00
4.062500000000000e-02 4.410045286934348e-02 1.050559645185532e+00
4.375000000000000e-02 4.754484671411652e-02 1.050668692761564e+00
4.687500000000000e-02 5.100084842364160e-02 1.050763504277060e+00
5.000000000000000e-02 5.446930176550237e-02 1.050846712091537e+00
5.312500000000001e-02 5.795105354729364e-02 1.050920337266048e+00
5.625000000000000e-02 6.144695382336569e-02 1.050985957371182e+00
5.937500000000000e-02 6.495785610236132e-02 1.051044821729055e+00
6.250000000000000e-02 6.848461755559625e-02 1.051097932492317e+00
6.562500000000000e-02 7.202809922633362e-02 1.051146102889532e+00
6.875000000000001e-02 7.558916624000402e-02 1.051189999708612e+00
7.187500000000001e-02 7.916868801542200e-02 1.051230174887237e+00
7.500000000000001e-02 8.276753847705080e-02 1.051267089108954e+00
7.812500000000000e-02 8.638659626836727e-02 1.051301130055555e+00
8.125000000000000e-02 9.002674496637868e-02 1.051332626157330e+00
8.437500000000001e-02 9.368887329734420e-02 1.051361857613626e+00
8.750000000000001e-02 9.737387535375355e-02 1.051389064801751e+00
9.062500000000001e-02 1.010826508126157e-01 1.051414455231920e+00
9.375000000000000e-02 1.048161051551108e-01 1.051438208898671e+00
9.687500000000000e-02 1.085751498876601e-01 1.051460482733536e+00
1.000000000000000e-01 1.123607027644654e-01 1.051481414188182e+00
1.031250000000000e-01 1.161736880115753e-01 1.051501124055636e+00
1.062500000000000e-01 1.200150365525305e-01 1.051519719080642e+00
1.093750000000000e-01 1.238856862356450e-01 1.051537293798232e+00
1.125000000000000e-01 1.277865820629775e-01 1.051553932340005e+00
1.156250000000000e-01 1.317186764210495e-01 1.051569709774486e+00
1.187500000000000e-01 1.356829293133661e-01 1.051584693290406e+00
1.218750000000000e-01 1.396803085947971e-01 1.051598943205356e+00
1.250000000000000e-01 1.437117902078738e-01 1.051612513868188e+00
1.281250000000000e-01 1.477783584210617e-01 1.051625454298720e+00
1.312500000000000e-01 1.518810060690650e-01 1.051637808868181e+00
1.343750000000000e-01 1.560207347952229e-01 1.051649617904490e+00
1.375000000000000e-01 1.601985552960564e-01 1.051660917985611e+00
1.406250000000000e-01 1.644154875680252e-01 1.051671742465586e+00
1.437500000000000e-01 1.686725611565558e-01 1.051682121842773e+00
1.468750000000000e-01 1.729708154074000e-01 1.051692083980981e+00
1.500000000000000e-01 1.773112997203869e-01 1.051701654458378e+00
1.531250000000000e-01 1.816950738056289e-01 1.051710856798074e+00
1.562500000000000e-01 1.861232079422458e-01 1.051719712585677e+00
1.593750000000000e-01 1.905967832396682e-01 1.051728241743912e+00
1.625000000000000e-01 1.951168919015860e-01 1.051736462661048e+00
1.656250000000000e-01 1.996846374926046e-01 1.051744392332306e+00
1.687500000000000e-01 2.043011352076760e-01 1.051752046520781e+00
1.718750000000000e-01 2.089675121443681e-01 1.051759439784463e+00
1.750000000000000e-01 2.136849075780412e-01 1.051766585739172e+00
1.781250000000000e-01 2.184544732399964e-01 1.051773496987858e+00
1.812500000000000e-01 2.232773735986666e-01 1.051780185288211e+00
1.843750000000000e-01 2.281547861439151e-01 1.051786661547645e+00
1.875000000000000e-01 2.330879016745160e-01 1.051792936011700e+00
1.906250000000000e-01 2.380779245888810e-01 1.051799018232039e+00
1.937500000000000e-01 2.431260731791094e-01 1.051804917124459e+00
1.968750000000000e-01 2.482335799284277e-01 1.051810641069439e+00
2.000000000000000e-01 2.534016918120952e-01 1.051816197899351e+00
2.031250000000000e-01 2.586316706018478e-01 1.051821595033706e+00
2.062500000000000e-01 2.639247931739538e-01 1.051826839345851e+00
2.093750000000000e-01 2.692823518209576e-01 1.051831937386673e+00
2.125000000000000e-01 2.747056545671873e-01 1.051836895239307e+00
2.156250000000000e-01 2.801960254881028e-01 1.051841718678944e+00
2.187500000000000e-01 2.857548050335636e-01 1.051846413174223e+00
2.218750000000000e-01 2.913833503550930e-01 1.051850983883130e+00
2.250000000000000e-01 2.970830356372213e-01 1.051855435643819e+00
2.281250000000000e-01 3.028552524329863e-01 1.051859773013589e+00
2.312500000000000e-01 3.087014100036755e-01 1.051864000411182e+00
2.343750000000000e-01 3.146229356628902e-01 1.051868121890505e+00
2.375000000000000e-01 3.206212751250189e-01 1.051872141378437e+00
2.406250000000000e-01 3.266978928582008e-01 1.051876062548484e+00
2.437500000000000e-01 3.328542724418705e-01 1.051879888951251e+00
2.468750000000000e-01 3.390919169289667e-01 1.051883623935783e+00
2.500000000000000e-01 3.454123492128958e-01 1.051887270618507e+00
2.531250000000000e-01 3.518171123993401e-01 1.051890832060456e+00
2.562500000000000e-01 3.583077701830001e-01 1.051894311079069e+00
2.593750000000000e-01 3.648859072293631e-01 1.051897710474133e+00
2.625000000000000e-01 3.715531295615936e-01 1.051901032837532e+00
2.656250000000000e-01 3.783110649526354e-01 1.051904280618803e+00
2.687500000000000e-01 3.851613633226258e-01 1.051907456244604e+00
2.718750000000000e-01 3.921056971417164e-01 1.051910561924150e+00
2.750000000000000e-01 3.991457618383991e-01 1.051913599869185e+00
2.781250000000000e-01 4.062832762134377e-01 1.051916572150930e+00
2.812500000000000e-01 4.135199828595055e-01 1.051919480709395e+00
2.843750000000000e-01 4.208576485866312e-01 1.051922327467804e+00
2.875000000000000e-01 4.282980648535585e-01 1.051925114291741e+00
2.906250000000000e-01 4.358430482051222e-01 1.051927842840369e+00
2.937500000000000e-01 4.434944407157500e-01 1.051930514834293e+00
2.968750000000000e-01 4.512541104391968e-01 1.051933131856821e+00
3.000000000000000e-01 4.591239518646220e-01 1.051935695464459e+00
3.031250000000000e-01 4.671058863791195e-01 1.051938207089481e+00
3.062500000000000e-01 4.752018627368176e-01 1.051940668202602e+00
3.093750000000000e-01 4.834138575346580e-01 1.051943080111149e+00
3.125000000000000e-01 4.917438756949728e-01 1.051945444172199e+00
3.156250000000000e-01 5.001939509549778e-01 1.051947761643031e+00
3.187500000000000e-01 5.087661463633005e-01 1.051950033684407e+00
3.218750000000000e-01 5.174625547836644e-01 1.051952261522016e+00
3.250000000000000e-01 5.262852994058529e-01 1.051954446296279e+00
3.281250000000000e-01 5.352365342640750e-01 1.051956589065054e+00
3.312500000000000e-01 5.443184447628656e-01 1.051958690858955e+00
3.343750000000000e-01 5.535332482106405e-01 1.051960752685494e+00
3.375000000000000e-01 5.628831943610435e-01 1.051962775585837e+00
3.406250000000000e-01 5.723705659622137e-01 1.051964760429291e+00
3.437500000000000e-01 5.819976793141081e-01 1.051966708175675e+00
3.468750000000000e-01 5.917668848340161e-01 1.051968619671295e+00
3.500000000000000e-01 6.016805676304035e-01 1.051970495807277e+00
3.531250000000000e-01 6.117411480852264e-01 1.051972337366368e+00
3.562500000000000e-01 6.219510824448572e-01 1.051974145181058e+00
3.593750000000000e-01 6.323128634197650e-01 1.051975919980196e+00
3.625000000000000e-01 6.428290207931012e-01 1.051977662546941e+00
3.656250000000000e-01 6.535021220383342e-01 1.051979373565206e+00
3.687500000000000e-01 6.643347729460869e-01 1.051981053777454e+00
3.718750000000000e-01 6.753296182603294e-01 1.051982703830994e+00
3.750000000000000e-01 6.864893423240808e-01 1.051984324435639e+00
3.781250000000000e-01 6.978166697347804e-01 1.051985916157118e+00
3.812500000000000e-01 7.093143660094854e-01 1.051987479678427e+00
3.843750000000000e-01 7.209852382600603e-01 1.051989015594820e+00
3.875000000000000e-01 7.328321358785219e-01 1.051990524465742e+00
3.906250000000000e-01 7.448579512327029e-01 1.051992006868395e+00
3.937500000000000e-01 7.570656203724140e-01 1.051993463347462e+00
3.968750000000000e-01 7.694581237462648e-01 1.051994894468589e+00
4.000000000000000e-01 7.820384869293291e-01 1.051996300715264e+00
4.031250000000000e-01 7.948097813618253e-01 1.051997682593292e+00
4.062500000000000e-01 8.077751250989945e-01 1.051999040633097e+00
4.093750000000000e-01 8.209376835723596e-01 1.052000375286499e+00
4.125000000000000e-01 8.343006703625532e-01 1.052001687031081e+00
4.156250000000000e-01 8.478673479838968e-01 1.052002976372397e+00
4.187500000000000e-01 8.616410286809313e-01 1.052004243687910e+00
4.218750000000000e-01 8.756250752370857e-01 1.052005489435094e+00
4.250000000000000e-01 8.898229017956865e-01 1.052006713997002e+00
4.281250000000000e-01 9.042379746935050e-01 1.052007917839247e+00
4.312500000000000e-01 9.188738133070491e-01 1.052009101355515e+00
4.343750000000000e-01 9.337339909118028e-01 1.052010264919024e+00
4.375000000000000e-01 9.488221355546261e-01 1.052011408882886e+00
4.406250000000000e-01 9.641419309395265e-01 1.052012533633191e+00
4.437500000000000e-01 9.796971173270190e-01 1.052013639590995e+00
4.468750000000000e-01 9.954914924472941e-01 1.052014727056080e+00
4.500000000000000e-01 1.011528912427417e+00 1.052015796362137e+00
4.531250000000000e-01 1.027813292732786e+00 1.052016847878702e+00
4.562500000000000e-01 1.044348609123070e+00 1.052017881907613e+00
4.593750000000000e-01 1.061138898622882e+00 1.052018898787073e+00
4.625000000000000e-01 1.078188260507393e+00 1.052019898840806e+00
4.656250000000000e-01 1.095500857303154e+00 1.052020882378289e+00
4.687500000000000e-01 1.113080915804360e+00 1.052021849694961e+00
4.718750000000000e-01 1.130932728104805e+00 1.052022801072436e+00
4.750000000000000e-01 1.149060652645771e+00 1.052023736778688e+00
4.781250000000000e-01 1.167469115280130e+00 1.052024657120979e+00
4.812500000000000e-01 1.186162610352890e+00 1.052025562394942e+00
4.843750000000000e-01 1.205145701798475e+00 1.052026452832026e+00
4.875000000000000e-01 1.224423024254985e+00 1.052027328756191e+00
4.906250000000000e-01 1.243999284195726e+00 1.052028190376433e+00
4.937500000000000e-01 1.263879261078271e+00 1.052029037941830e+00
4.968750000000000e-01 1.284067808511348e+00 1.052029871690587e+00
5.000000000000000e-01 1.304569855439823e+00 1.052030691902902e+00
5.031250000000000e-01 1.325390407348082e+00 1.052031498797272e+00
5.062500000000000e-01 1.346534547482100e+00 1.052032292581695e+00
5.093750000000000e-01 1.368007438090487e+00 1.052033073506510e+00
5.125000000000001e-01 1.389814321684837e+00 1.052033841813422e+00
5.156250000000000e-01 1.411960522319654e+00 1.052034597682867e+00
5.187500000000000e-01 1.434451446892208e+00 1.052035341337928e+00
5.218750000000000e-01 1.457292586462593e+00 1.052036072993340e+00
5.250000000000000e-01 1.480489517594354e+00 1.052036792855572e+00
5.281250000000001e-01 1.504047903715979e+00 1.052037501122915e+00
5.312500000000000e-01 1.527973496503592e+00 1.052038198038286e+00
5.343750000000000e-01 1.552272137285215e+00 1.052038883732759e+00
5.375000000000000e-01 1.576949758466886e+00 1.052039558433267e+00
5.406250000000000e-01 1.602012384981041e+00 1.052040222307770e+00
5.437500000000001e-01 1.627466135757470e+00 1.052040875516403e+00
5.468750000000000e-01 1.653317225217225e+00 1.052041518264269e+00
5.500000000000000e-01 1.679571964789851e+00 1.052042150750407e+00
5.531250000000000e-01 1.706236764454286e+00 1.052042773115117e+00
5.562500000000000e-01 1.733318134303830e+00 1.052043385543836e+00
5.593750000000001e-01 1.760822686135563e+00 1.052043988216094e+00
5.625000000000000e-01 1.788757135064574e+00 1.052044581252836e+00
5.656250000000000e-01 1.817128301163438e+00 1.052045164873014e+00
5.687500000000000e-01 1.845943111127301e+00 1.052045739185991e+00
5.718750000000000e-01 1.875208599965003e+00 1.052046304346500e+00
5.750000000000001e-01 1.904931912716643e+00 1.052046860556308e+00
5.781250000000000e-01 1.935120306198011e+00 1.052047407907717e+00
5.812500000000000e-01 1.965781150772311e+00 1.052047946591234e+00
5.843750000000000e-01 1.996921932149593e+00 1.052048476740691e+00
5.875000000000000e-01 2.028550253214365e+00 1.052048998431654e+00
5.906250000000001e-01 2.060673835881802e+00 1.052049511890713e+00
5.937500000000000e-01 2.093300522983012e+00 1.052050017236788e+00
5.968750000000000e-01 2.126438280179837e+00 1.052050514583342e+00
6.000000000000001e-01 2.160095197909630e+00 1.052051004143856e+00
6.031250000000000e-01 2.194279493360494e+00 1.052051485918774e+00
6.062500000000001e-01 2.228999512477486e+00 1.052051960058068e+00
6.093750000000000e-01 2.264263732000228e+00 1.052052426866158e+00
6.125000000000000e-01 2.300080761532477e+00 1.052052886226862e+00
6.156250000000001e-01 2.336459345644116e+00 1.052053338381228e+00
6.187500000000000e-01 2.373408366006099e+00 1.052053783569904e+00
6.218750000000001e-01 2.410936843558884e+00 1.052054221611365e+00
6.250000000000000e-01 2.449053940714840e+00 1.052054652837918e+00
6.281250000000000e-01 2.487768963595221e+00 1.052055077532055e+00
6.312500000000001e-01 2.527091364302215e+00 1.052055495344889e+00
6.343750000000000e-01 2.567030743226622e+00 1.052055906700142e+00
6.375000000000001e-01 2.607596851391758e+00 1.052056311975024e+00
6.406250000000000e-01 2.648799592834118e+00 1.052056710602332e+00
6.437500000000000e-01 2.690649027021411e+00 1.052057103150063e+00
6.468750000000001e-01 2.733155371308524e+00 1.052057490144624e+00
6.500000000000000e-01 2.776329003432049e+00 1.052057870698428e+00
6.531250000000001e-01 2.820180464043967e+00 1.052058245365701e+00
6.562500000000000e-01 2.864720459285089e+00 1.052058615239052e+00
6.593750000000000e-01 2.909959863398929e+00 1.052058978855143e+00
6.625000000000001e-01 2.955909721386590e+00 1.052059336490919e+00
6.656250000000000e-01 3.002581251703353e+00 1.052059690271654e+00
6.687500000000001e-01 3.049985848997626e+00 1.052060038428462e+00
6.718750000000000e-01 3.098135086892879e+00 1.052060380079466e+00
6.750000000000000e-01 3.147040720813310e+00 1.052060718527844e+00
6.781250000000001e-01 3.196714690853871e+00 1.052061053378204e+00
6.812500000000000e-01 3.247169124695383e+00 1.052061380472229e+00
6.843750000000001e-01 3.298416340565477e+00 1.052061703741102e+00
6.875000000000000e-01 3.350468850246008e+00 1.052062027445430e+00
6.906250000000000e-01 3.403339362127777e+00 1.052062343423091e+00
6.937500000000001e-01 3.457040784313211e+00 1.052062651949188e+00
6.968750000000000e-01 3.511586227767823e+00 1.052062963480474e+00
7.000000000000001e-01 3.566989009521205e+00 1.052063275982428e+00
7.031250000000000e-01 3.623262655918307e+00 1.052063574112533e+00
7.062500000000000e-01 3.680420905921852e+00 1.052063868617135e+00
7.093750000000001e-01 3.738477714466631e+00 1.052064179436076e+00
7.125000000000000e-01 3.797447255866536e+00 1.052064486944701e+00
7.156250000000001e-01 3.857343927275175e+00 1.052064770045859e+00
7.187500000000000e-01 3.918182352200844e+00 1.052065056282030e+00
7.218750000000000e-01 3.979977384076828e+00 1.052065388083844e+00
7.250000000000001e-01 4.042744109887770e+00 1.052065713172702e+00
7.281250000000000e-01 4.106497853853101e+00 1.052065986781440e+00
7.312500000000001e-01 4.171254181168399e+00 1.052066264990260e+00
7.343750000000000e-01 4.237028901805528e+00 1.052066656525958e+00
7.375000000000000e-01 4.303838074372613e+00 1.052067098365915e+00
7.406250000000001e-01 4.371698010034643e+00 1.052067394260447e+00
7.437500000000000e-01 4.440625276495786e+00 1.052067651599682e+00
7.468750000000001e-01 4.510636702044332e+00 1.052068067470679e+00
7.500000000000000e-01 4.581749379661216e+00 1.052068957463666e+00
7.531250000000000e-01 4.653980671193226e+00 1.052069689842733e+00
7.562500000000001e-01 4.727348211591802e+00 1.052069975944365e+00
7.593750000000000e-01 4.801869913218528e+00 1.052070228055628e+00
7.625000000000001e-01 4.877563970218381e+00 1.052071061389737e+00
7.656250000000000e-01 4.954448862961714e+00 1.052074301109721e+00
7.687500000000000e-01 5.032543362556198e+00 1.052077920760462e+00
7.718750000000001e-01 5.111866535429675e+00 1.052078776697843e+00
7.750000000000000e-01 5.192437747985146e+00 1.052079422112051e+00
7.781250000000001e-01 5.274276671329015e+00 1.052079902234039e+00
7.812500000000000e-01 5.357403286073669e+00 1.052083894567021e+00
7.843750000000000e-01 5.441837887215693e+00 1.052110648117112e+00
7.875000000000001e-01 5.527601089090773e+00 1.052157974117939e+00
7.906250000000000e-01 5.614713830406605e+00 1.052180470768184e+00
7.937500000000001e-01 5.703197379355005e+00 1.052188780544390e+00
7.968750000000000e-01 5.793073338804412e+00 1.052376835848803e+00
8.000000000000000e-01 5.884363651574169e+00 1.053076539761638e+00
8.031250000000001e-01 5.977090605791737e+00 1.054533022855033e+00
8.062500000000000e-01 6.071276840334257e+00 1.056707534718084e+00
8.093750000000001e-01 6.166945350355728e+00 1.059275577022509e+00
8.125000000000000e-01 6.264119492901173e+00 1.061794831453742e+00
8.156250000000000e-01 6.362822992609162e+00 1.063901120141747e+00
8.187500000000001e-01 6.463079947504072e+00 1.065418816230101e+00
8.218750000000000e-01 6.564914834879517e+00 1.066362941696376e+00
8.250000000000001e-01 6.668352517274371e+00 1.066874612089419e+00
8.281250000000000e-01 6.773418248542846e+00 1.067143110358421e+00
8.312500000000000e-01 6.880137680020114e+00 1.067347432194810e+00
8.343750000000001e-01 6.988536866784961e+00 1.067625927248719e+00
8.375000000000000e-01 7.098642274021019e+00 1.068068663457650e+00
8.406250000000001e-01 7.210480783478133e+00 1.068723102654307e+00
8.437500000000000e-01 7.324079700035414e+00 1.069604673969947e+00
8.468750000000000e-01 7.439466758367605e+00 1.070706726436085e+00
8.500000000000001e-01 7.556670129716381e+00 1.072007783937985e+00
8.531250000000000e-01 7.675718428768239e+00 1.073476699999480e+00
8.562500000000001e-01 7.796640720640633e+00 1.075076826747469e+00
8.593750000000000e-01 7.919466527978115e+00 1.076768926239936e+00
8.625000000000000e-01 8.044225838160141e+00 1.078511303697324e+00
8.656250000000001e-01 8.170949110622363e+00 1.080256547769196e+00
8.687500000000000e-01 8.299667284293170e+00 1.081947138649355e+00
8.718750000000001e-01 8.430411785147284e+00 1.083514817874460e+00
8.750000000000000e-01 8.563214533878281e+00 1.084888435143220e+00
8.781250000000000e-01 8.698107953691880e+00 1.086010943002787e+00
8.812500000000001e-01 8.835124978221932e+00 1.086860023591326e+00
8.843750000000000e-01 8.974299059571019e+00 1.087462495253757e+00
8.875000000000001e-01 9.115664176477637e+00 1.087893558395375e+00
8.906250000000000e-01 9.259254842611947e+00 1.088258189963678e+00
8.937500000000000e-01 9.405106115002161e+00 1.088660390082629e+00
8.968750000000001e-01 9.553253602593529e+00 1.089172203480143e+00
9.000000000000000e-01 9.703733474942130e+00 1.089815175530332e+00
9.031250000000001e-01 9.856582471045494e+00 1.090561365219283e+00
9.062500000000000e-01 1.001183790831228e+01 1.091351800014064e+00
9.093750000000000e-01 1.016953769167313e+01 1.092122402981382e+00
9.125000000000001e-01 1.032972032283505e+01 1.092825451657431e+00
9.156250000000000e-01 1.049242490968134e+01 1.093439135839783e+00
9.187500000000001e-01 1.065769117581972e+01 1.093965104159145e+00
9.218750000000000e-01 1.082555947028058e+01 1.094419211562591e+00
9.250000000000000e-01 1.099607077736805e+01 1.094821648385137e+00
9.281250000000001e-01 1.116926672666618e+01 1.095190281478000e+00
9.312500000000000e-01 1.134518960320255e+01 1.095537960062876e+00
9.343750000000001e-01 1.152388235777201e+01 1.095872614948102e+00
9.375000000000000e-01 1.170538861742293e+01 1.096198568821262e+00
9.406250000000000e-01 1.188975269610854e+01 1.096517947670933e+00
9.437500000000001e-01 1.207701960550600e+01 1.096831720948444e+00
9.468750000000000e-01 1.226723506600578e+01 1.097140319730255e+00
9.500000000000001e-01 1.246044551787411e+01 1.097443950081847e+00
9.531250000000000e-01 1.265669813259115e+01 1.097742732771924e+00
9.562500000000000e-01 1.285604082436773e+01 1.098036758530552e+00
9.593750000000001e-01 1.305852226184337e+01 1.098326107754308e+00
9.625000000000000e-01 1.326419187996850e+01 1.098610856966606e+00
9.656250000000001e-01 1.347309989207381e+01 1.098891080819328e+00
9.687500000000000e-01 1.368529730212962e+01 1.099166852453924e+00
9.718750000000000e-01 1.390083591719824e+01 1.099438243873402e+00
9.750000000000001e-01 1.411976836008246e+01 1.099705325773815e+00
9.781250000000000e-01 1.434214808217320e+01 1.099968167699174e+00
9.812500000000001e-01 1.456802937649935e+01 1.100226838034396e+00
9.843750000000000e-01 1.479746739098328e+01 1.100481404051474e+00
9.875000000000000e-01 1.503051814190487e+01 1.100731931900331e+00
9.906250000000001e-01 1.526723852757770e+01 1.100978486597723e+00
9.937500000000000e-01 1.550768634224049e+01 1.101221132069421e+00
9.968750000000001e-01 1.575192029016732e+01 1.101459931247492e+00
1.000000000000000e+00 1.600000000000000e+01 1.101694946003598e+00
