0.000000000000000e+00 0.000000000000000e+00 1.000000000000000e+00
3.125000000000000e-03 3.369263549427258e-03 1.036177649227302e+00
6.250000000000000e-03 6.739349689698711e-03 1.043016610343444e+00
9.375000000000001e-03 1.011108121249049e-02 1.045792866587749e+00
1.250000000000000e-02 1.348528131119160e-02 1.047275818156089e+00
1.562500000000000e-02 1.686277378188298e-02 1.048196019785596e+00
1.875000000000000e-02 2.024438322446370e-02 1.048822169414273e+00
2.187500000000000e-02 2.363093524397333e-02 1.049275658656324e+00
2.500000000000000e-02 2.702325665215984e-02 1.049619226466616e+00
2.812500000000000e-02 3.042217566934200e-02 1.049888529438432e+00
3.125000000000000e-02 3.382852212661575e-02 1.050105320066221e+00
3.437500000000000e-02 3.724312766845378e-02 1.050283617014842e+00
3.750000000000001e-02 4.066682595574785e-02 1.050432859902267e+00
4.062500000000000e-02 4.410045286934348e-02 1.050559636594234e+00
4.375000000000000e-02 4.754484671411652e-02 1.050668684106845e+00
4.687500000000000e-02 5.100084842364160e-02 1.050763495618712e+00
5.000000000000000e-02 5.446930176550237e-02 1.050846703384642e+00
5.312500000000001e-02 5.795105354729364e-02 1.050920328568543e+00
5.625000000000000e-02 6.144695382336569e-02 1.050985948691513e+00
5.937500000000000e-02 6.495785610236132e-02 1.051044813020031e+00
6.250000000000000e-02 6.848461755559625e-02 1.051097923755386e+00
6.562500000000000e-02 7.202809922633362e-02 1.051146094125993e+00
6.875000000000001e-02 7.558916624000402e-02 1.051189990919639e+00
7.187500000000001e-02 7.916868801542200e-02 1.051230166073893e+00
7.500000000000001e-02 8.276753847705080e-02 1.051267080272207e+00
7.812500000000000e-02 8.638659626836727e-02 1.051301121196292e+00
8.125000000000000e-02 9.002674496637868e-02 1.051332617276363e+00
8.437500000000001e-02 9.368887329734420e-02 1.051361848711701e+00
8.750000000000001e-02 9.737387535375355e-02 1.051389055879557e+00
9.062500000000001e-02 1.010826508126157e-01 1.051414446290095e+00
9.375000000000000e-02 1.048161051551108e-01 1.051438199991569e+00
9.687500000000000e-02 1.085751498876601e-01 1.051460473811604e+00
1.000000000000000e-01 1.123607027644654e-01 1.051481405251832e+00
1.031250000000000e-01 1.161736880115753e-01 1.051501115105253e+00
1.062500000000000e-01 1.200150365525305e-01 1.051519710116585e+00
1.093750000000000e-01 1.238856862356450e-01 1.051537284820837e+00
1.125000000000000e-01 1.277865820629775e-01 1.051553923349587e+00
1.156250000000000e-01 1.317186764210495e-01 1.051569700771341e+00
1.187500000000000e-01 1.356829293133661e-01 1.051584684274813e+00
1.218750000000000e-01 1.396803085947971e-01 1.051598934177578e+00
1.250000000000000e-01 1.437117902078738e-01 1.051612504828472e+00
1.281250000000000e-01 1.477783584210617e-01 1.051625445247300e+00
1.312500000000000e-01 1.518810060690650e-01 1.051637799858588e+00
1.343750000000000e-01 1.560207347952229e-01 1.051649608886418e+00
1.375000000000000e-01 1.601985552960564e-01 1.051660908959208e+00
1.406250000000000e-01 1.644154875680252e-01 1.051671733430994e+00
1.437500000000000e-01 1.686725611565558e-01 1.051682112800128e+00
1.468750000000000e-01 1.729708154074000e-01 1.051692074930410e+00
1.500000000000000e-01 1.773112997203869e-01 1.051701645400003e+00
1.531250000000000e-01 1.816950738056289e-01 1.051710847732010e+00
1.562500000000000e-01 1.861232079422458e-01 1.051719703512034e+00
1.593750000000000e-01 1.905967832396682e-01 1.051728232662796e+00
1.625000000000000e-01 1.951168919015860e-01 1.051736453572558e+00
1.656250000000000e-01 1.996846374926046e-01 1.051744383236538e+00
1.687500000000000e-01 2.043011352076760e-01 1.051752037417826e+00
1.718750000000000e-01 2.089675121443681e-01 1.051759430674408e+00
1.750000000000000e-01 2.136849075780412e-01 1.051766576622100e+00
1.781250000000000e-01 2.184544732399964e-01 1.051773487863849e+00
1.812500000000000e-01 2.232773735986666e-01 1.051780176157340e+00
1.843750000000000e-01 2.281547861439151e-01 1.051786652409986e+00
1.875000000000000e-01 2.330879016745160e-01 1.051792926867323e+00
1.906250000000000e-01 2.380779245888810e-01 1.051799009081009e+00
1.937500000000000e-01 2.431260731791094e-01 1.051804907966841e+00
1.968750000000000e-01 2.482335799284277e-01 1.051810631905294e+00
2.000000000000000e-01 2.534016918120952e-01 1.051816188781705e+00
2.031250000000000e-01 2.586316706018478e-01 1.051821585911771e+00
2.062500000000000e-01 2.639247931739538e-01 1.051826830219663e+00
2.093750000000000e-01 2.692823518209576e-01 1.051831928256267e+00
2.125000000000000e-01 2.747056545671873e-01 1.051836886104716e+00
2.156250000000000e-01 2.801960254881028e-01 1.051841709540202e+00
2.187500000000000e-01 2.857548050335636e-01 1.051846404031361e+00
2.218750000000000e-01 2.913833503550930e-01 1.051850974736177e+00
2.250000000000000e-01 2.970830356372213e-01 1.051855426492804e+00
2.281250000000000e-01 3.028552524329863e-01 1.051859763858540e+00
2.312500000000000e-01 3.087014100036755e-01 1.051863991252126e+00
2.343750000000000e-01 3.146229356628902e-01 1.051868112727467e+00
2.375000000000000e-01 3.206212751250189e-01 1.051872132211441e+00
2.406250000000000e-01 3.266978928582008e-01 1.051876053377554e+00
2.437500000000000e-01 3.328542724418705e-01 1.051879879776411e+00
2.468750000000000e-01 3.390919169289667e-01 1.051883614757055e+00
2.500000000000000e-01 3.454123492128958e-01 1.051887261435912e+00
2.531250000000000e-01 3.518171123993401e-01 1.051890822874014e+00
2.562500000000000e-01 3.583077701830001e-01 1.051894301888801e+00
2.593750000000000e-01 3.648859072293631e-01 1.051897701280057e+00
2.625000000000000e-01 3.715531295615936e-01 1.051901023639666e+00
2.656250000000000e-01 3.783110649526354e-01 1.051904271417166e+00
2.687500000000000e-01 3.851613633226258e-01 1.051907447039212e+00
2.718750000000000e-01 3.921056971417164e-01 1.051910552715019e+00
2.750000000000000e-01 3.991457618383991e-01 1.051913590656332e+00
2.781250000000000e-01 4.062832762134377e-01 1.051916562934371e+00
2.812500000000000e-01 4.135199828595055e-01 1.051919471489143e+00
2.843750000000000e-01 4.208576485866312e-01 1.051922318243875e+00
2.875000000000000e-01 4.282980648535585e-01 1.051925105064148e+00
2.906250000000000e-01 4.358430482051222e-01 1.051927833609125e+00
2.937500000000000e-01 4.434944407157500e-01 1.051930505599412e+00
2.968750000000000e-01 4.512541104391968e-01 1.051933122618315e+00
3.000000000000000e-01 4.591239518646220e-01 1.051935686222339e+00
3.031250000000000e-01 4.671058863791195e-01 1.051938197843760e+00
3.062500000000000e-01 4.752018627368176e-01 1.051940658953291e+00
3.093750000000000e-01 4.834138575346580e-01 1.051943070858259e+00
3.125000000000000e-01 4.917438756949728e-01 1.051945434915740e+00
3.156250000000000e-01 5.001939509549778e-01 1.051947752383014e+00
3.187500000000000e-01 5.087661463633005e-01 1.051950024420842e+00
3.218750000000000e-01 5.174625547836644e-01 1.051952252254911e+00
3.250000000000000e-01 5.262852994058529e-01 1.051954437025644e+00
3.281250000000000e-01 5.352365342640750e-01 1.051956579790898e+00
3.312500000000000e-01 5.443184447628656e-01 1.051958681581287e+00
3.343750000000000e-01 5.535332482106405e-01 1.051960743404321e+00
3.375000000000000e-01 5.628831943610435e-01 1.051962766301168e+00
3.406250000000000e-01 5.723705659622137e-01 1.051964751141134e+00
3.437500000000000e-01 5.819976793141081e-01 1.051966698884036e+00
3.468750000000000e-01 5.917668848340161e-01 1.051968610376182e+00
3.500000000000000e-01 6.016805676304035e-01 1.051970486508698e+00
3.531250000000000e-01 6.117411480852264e-01 1.051972328064328e+00
3.562500000000000e-01 6.219510824448572e-01 1.051974135875565e+00
3.593750000000000e-01 6.323128634197650e-01 1.051975910671256e+00
3.625000000000000e-01 6.428290207931012e-01 1.051977653234561e+00
3.656250000000000e-01 6.535021220383342e-01 1.051979364249391e+00
3.687500000000000e-01 6.643347729460869e-01 1.051981044458210e+00
3.718750000000000e-01 6.753296182603294e-01 1.051982694508327e+00
3.750000000000000e-01 6.864893423240808e-01 1.051984315109554e+00
3.781250000000000e-01 6.978166697347804e-01 1.051985906827620e+00
3.812500000000000e-01 7.093143660094854e-01 1.051987470345521e+00
3.843750000000000e-01 7.209852382600603e-01 1.051989006258513e+00
3.875000000000000e-01 7.328321358785219e-01 1.051990515126036e+00
3.906250000000000e-01 7.448579512327029e-01 1.051991997525296e+00
3.937500000000000e-01 7.570656203724140e-01 1.051993454000975e+00
3.968750000000000e-01 7.694581237462648e-01 1.051994885118717e+00
4.000000000000000e-01 7.820384869293291e-01 1.051996291362012e+00
4.031250000000000e-01 7.948097813618253e-01 1.051997673289410e+00
4.062500000000000e-01 8.077751250989945e-01 1.051999031327523e+00
4.093750000000000e-01 8.209376835723596e-01 1.052000365979236e+00
4.125000000000000e-01 8.343006703625532e-01 1.052001677774874e+00
4.156250000000000e-01 8.478673479838968e-01 1.052002967116178e+00
4.187500000000000e-01 8.616410286809313e-01 1.052004234431680e+00
4.218750000000000e-01 8.756250752370857e-01 1.052005480178853e+00
4.250000000000000e-01 8.898229017956865e-01 1.052006704740751e+00
4.281250000000000e-01 9.042379746935050e-01 1.052007908582985e+00
4.312500000000000e-01 9.188738133070491e-01 1.052009092099243e+00
4.343750000000000e-01 9.337339909118028e-01 1.052010255662742e+00
4.375000000000000e-01 9.488221355546261e-01 1.052011399626594e+00
4.406250000000000e-01 9.641419309395265e-01 1.052012524429627e+00
4.437500000000000e-01 9.796971173270190e-01 1.052013630389083e+00
4.468750000000000e-01 9.954914924472941e-01 1.052014717855819e+00
4.500000000000000e-01 1.011528912427417e+00 1.052015787163525e+00
4.531250000000000e-01 1.027813292732786e+00 1.052016838681739e+00
4.562500000000000e-01 1.044348609123070e+00 1.052017872712299e+00
4.593750000000000e-01 1.061138898622882e+00 1.052018889593405e+00
4.625000000000000e-01 1.078188260507393e+00 1.052019889648784e+00
4.656250000000000e-01 1.095500857303154e+00 1.052020873187912e+00
4.687500000000000e-01 1.113080915804360e+00 1.052021840506230e+00
4.718750000000000e-01 1.130932728104805e+00 1.052022791885348e+00
4.750000000000000e-01 1.149060652645771e+00 1.052023727645976e+00
4.781250000000000e-01 1.167469115280130e+00 1.052024648044290e+00
4.812500000000000e-01 1.186162610352890e+00 1.052025553323194e+00
4.843750000000000e-01 1.205145701798475e+00 1.052026443765215e+00
4.875000000000000e-01 1.224423024254985e+00 1.052027319694315e+00
4.906250000000000e-01 1.243999284195726e+00 1.052028181319490e+00
4.937500000000000e-01 1.263879261078271e+00 1.052029028889818e+00
4.968750000000000e-01 1.284067808511348e+00 1.052029862643504e+00
5.000000000000000e-01 1.304569855439823e+00 1.052030682860746e+00
5.031250000000000e-01 1.325390407348082e+00 1.052031489760041e+00
5.062500000000000e-01 1.346534547482100e+00 1.052032283549386e+00
5.093750000000000e-01 1.368007438090487e+00 1.052033064479123e+00
5.125000000000001e-01 1.389814321684837e+00 1.052033832790954e+00
5.156250000000000e-01 1.411960522319654e+00 1.052034588665316e+00
5.187500000000000e-01 1.434451446892208e+00 1.052035332325294e+00
5.218750000000000e-01 1.457292586462593e+00 1.052036063985620e+00
5.250000000000000e-01 1.480489517594354e+00 1.052036783852765e+00
5.281250000000001e-01 1.504047903715979e+00 1.052037492125020e+00
5.312500000000000e-01 1.527973496503592e+00 1.052038189045301e+00
5.343750000000000e-01 1.552272137285215e+00 1.052038874744682e+00
5.375000000000000e-01 1.576949758466886e+00 1.052039549450097e+00
5.406250000000000e-01 1.602012384981041e+00 1.052040213329505e+00
5.437500000000001e-01 1.627466135757470e+00 1.052040866543043e+00
5.468750000000000e-01 1.653317225217225e+00 1.052041509348538e+00
5.500000000000000e-01 1.679571964789851e+00 1.052042141841213e+00
5.531250000000000e-01 1.706236764454286e+00 1.052042764212460e+00
5.562500000000000e-01 1.733318134303830e+00 1.052043376647714e+00
5.593750000000001e-01 1.760822686135563e+00 1.052043979326504e+00
5.625000000000000e-01 1.788757135064574e+00 1.052044572369778e+00
5.656250000000000e-01 1.817128301163438e+00 1.052045155996486e+00
5.687500000000000e-01 1.845943111127301e+00 1.052045730315993e+00
5.718750000000000e-01 1.875208599965003e+00 1.052046295535754e+00
5.750000000000001e-01 1.904931912716643e+00 1.052046851753721e+00
5.781250000000000e-01 1.935120306198011e+00 1.052047399113288e+00
5.812500000000000e-01 1.965781150772311e+00 1.052047937804960e+00
5.843750000000000e-01 1.996921932149593e+00 1.052048467962572e+00
5.875000000000000e-01 2.028550253214365e+00 1.052048989714413e+00
5.906250000000001e-01 2.060673835881802e+00 1.052049503235978e+00
5.937500000000000e-01 2.093300522983012e+00 1.052050008593466e+00
5.968750000000000e-01 2.126438280179837e+00 1.052050506004155e+00
6.000000000000001e-01 2.160095197909630e+00 1.052050995577708e+00
6.031250000000000e-01 2.194279493360494e+00 1.052051477365663e+00
6.062500000000001e-01 2.228999512477486e+00 1.052051951623439e+00
6.093750000000000e-01 2.264263732000228e+00 1.052052418447823e+00
6.125000000000000e-01 2.300080761532477e+00 1.052052877824817e+00
6.156250000000001e-01 2.336459345644116e+00 1.052053330100919e+00
6.187500000000000e-01 2.373408366006099e+00 1.052053775309139e+00
6.218750000000001e-01 2.410936843558884e+00 1.052054213422865e+00
6.250000000000000e-01 2.449053940714840e+00 1.052054644881478e+00
6.281250000000000e-01 2.487768963595221e+00 1.052055069550572e+00
6.312500000000001e-01 2.527091364302215e+00 1.052055487442177e+00
6.343750000000000e-01 2.567030743226622e+00 1.052055899141439e+00
6.375000000000001e-01 2.607596851391758e+00 1.052056304401036e+00
6.406250000000000e-01 2.648799592834118e+00 1.052056703116872e+00
6.437500000000000e-01 2.690649027021411e+00 1.052057096176534e+00
6.468750000000001e-01 2.733155371308524e+00 1.052057483170445e+00
6.500000000000000e-01 2.776329003432049e+00 1.052057863721967e+00
6.531250000000001e-01 2.820180464043967e+00 1.052058239123437e+00
6.562500000000000e-01 2.864720459285089e+00 1.052058609066741e+00
6.593750000000000e-01 2.909959863398929e+00 1.052058972489168e+00
6.625000000000001e-01 2.955909721386590e+00 1.052059331188471e+00
6.656250000000000e-01 3.002581251703353e+00 1.052059685536409e+00
6.687500000000001e-01 3.049985848997626e+00 1.052060033062447e+00
6.718750000000000e-01 3.098135086892879e+00 1.052060375747005e+00
6.750000000000000e-01 3.147040720813310e+00 1.052060716049028e+00
6.781250000000001e-01 3.196714690853871e+00 1.052061049748816e+00
6.812500000000000e-01 3.247169124695383e+00 1.052061377180543e+00
6.843750000000001e-01 3.298416340565477e+00 1.052061704062356e+00
6.875000000000000e-01 3.350468850246008e+00 1.052062027638224e+00
6.906250000000000e-01 3.403339362127777e+00 1.052062341736219e+00
6.937500000000001e-01 3.457040784313211e+00 1.052062653853384e+00
6.968750000000000e-01 3.511586227767823e+00 1.052062971242956e+00
7.000000000000001e-01 3.566989009521205e+00 1.052063279072986e+00
7.031250000000000e-01 3.623262655918307e+00 1.052063576485782e+00
7.062500000000000e-01 3.680420905921852e+00 1.052063881840900e+00
7.093750000000001e-01 3.738477714466631e+00 1.052064199461078e+00
7.125000000000000e-01 3.797447255866536e+00 1.052064495141108e+00
7.156250000000001e-01 3.857343927275175e+00 1.052064779521980e+00
7.187500000000000e-01 3.918182352200844e+00 1.052065092055379e+00
7.218750000000000e-01 3.979977384076828e+00 1.052065436084680e+00
7.250000000000001e-01 4.042744109887770e+00 1.052065732143401e+00
7.281250000000000e-01 4.106497853853101e+00 1.052066005303649e+00
7.312500000000001e-01 4.171254181168399e+00 1.052066337439793e+00
7.343750000000000e-01 4.237028901805528e+00 1.052066791084069e+00
7.375000000000000e-01 4.303838074372613e+00 1.052067156375642e+00
7.406250000000001e-01 4.371698010034643e+00 1.052067422637971e+00
7.437500000000000e-01 4.440625276495786e+00 1.052067731839384e+00
7.468750000000001e-01 4.510636702044332e+00 1.052068420576757e+00
7.500000000000000e-01 4.581749379661216e+00 1.052069330435190e+00
7.531250000000000e-01 4.653980671193226e+00 1.052069767483023e+00
7.562500000000001e-01 4.727348211591802e+00 1.052070023394764e+00
7.593750000000000e-01 4.801869913218528e+00 1.052070427654929e+00
7.625000000000001e-01 4.877563970218381e+00 1.052072489792403e+00
7.656250000000000e-01 4.954448862961714e+00 1.052076428678830e+00
7.687500000000000e-01 5.032543362556198e+00 1.052078463414234e+00
7.718750000000001e-01 5.111866535429675e+00 1.052078812866091e+00
7.750000000000000e-01 5.192437747985146e+00 1.052079537371409e+00
7.781250000000001e-01 5.274276671329015e+00 1.052080437291343e+00
7.812500000000000e-01 5.357403286073669e+00 1.052094598721540e+00
7.843750000000000e-01 5.441837887215693e+00 1.052134851907832e+00
7.875000000000001e-01 5.527601089090773e+00 1.052171199802107e+00
7.906250000000000e-01 5.614713830406605e+00 1.052173762697493e+00
7.937500000000001e-01 5.703197379355005e+00 1.052249202247832e+00
7.968750000000000e-01 5.793073338804412e+00 1.052686474267897e+00
8.000000000000000e-01 5.884363651574169e+00 1.053796931191765e+00
8.031250000000001e-01 5.977090605791737e+00 1.055680389635115e+00
8.062500000000000e-01 6.071276840334257e+00 1.058129123259948e+00
8.093750000000001e-01 6.166945350355728e+00 1.060731625316875e+00
8.125000000000000e-01 6.264119492901173e+00 1.063070806808962e+00
8.156250000000000e-01 6.362822992609162e+00 1.064879362969072e+00
8.187500000000001e-01 6.463079947504072e+00 1.066088683527171e+00
8.218750000000000e-01 6.564914834879517e+00 1.066789174906628e+00
8.250000000000001e-01 6.668352517274371e+00 1.067154314784890e+00
8.281250000000000e-01 6.773418248542846e+00 1.067371779249535e+00
8.312500000000000e-01 6.880137680020114e+00 1.067600465103779e+00
8.343750000000001e-01 6.988536866784961e+00 1.067953223075214e+00
8.375000000000000e-01 7.098642274021019e+00 1.068497104570446e+00
8.406250000000001e-01 7.210480783478133e+00 1.069262177997157e+00
8.437500000000000e-01 7.324079700035414e+00 1.070252091359339e+00
8.468750000000000e-01 7.439466758367605e+00 1.071452646062427e+00
8.500000000000001e-01 7.556670129716381e+00 1.072837717670984e+00
8.531250000000000e-01 7.675718428768239e+00 1.074373632857166e+00
8.562500000000001e-01 7.796640720640633e+00 1.076022714959771e+00
8.593750000000000e-01 7.919466527978115e+00 1.077745144106966e+00
8.625000000000000e-01 8.044225838160141e+00 1.079497728754355e+00
8.656250000000001e-01 8.170949110622363e+00 1.081229927927795e+00
8.687500000000000e-01 8.299667284293170e+00 1.082880453127318e+00
8.718750000000001e-01 8.430411785147284e+00 1.084379533115734e+00
8.750000000000000e-01 8.563214533878281e+00 1.085660311465021e+00
8.781250000000000e-01 8.698107953691880e+00 1.086677772778507e+00
8.812500000000001e-01 8.835124978221932e+00 1.087427775639320e+00
8.843750000000000e-01 8.974299059571019e+00 1.087956256480136e+00
8.875000000000001e-01 9.115664176477637e+00 1.088351733067430e+00
8.906250000000000e-01 9.259254842611947e+00 1.088721565127561e+00
8.937500000000000e-01 9.405106115002161e+00 1.089160224715832e+00
8.968750000000001e-01 9.553253602593529e+00 1.089722119880563e+00
9.000000000000000e-01 9.703733474942130e+00 1.090409933135647e+00
9.031250000000001e-01 9.856582471045494e+00 1.091182374333915e+00
9.062500000000000e-01 1.001183790831228e+01 1.091976204806914e+00
9.093750000000000e-01 1.016953769167313e+01 1.092731416515130e+00
9.125000000000001e-01 1.032972032283505e+01 1.093408842258201e+00
9.156250000000000e-01 1.049242490968134e+01 1.093995288278341e+00
9.187500000000001e-01 1.065769117581972e+01 1.094498197792567e+00
9.218750000000000e-01 1.082555947028058e+01 1.094935723365268e+00
9.250000000000000e-01 1.099607077736805e+01 1.095327748492276e+00
9.281250000000001e-01 1.116926672666618e+01 1.095690603918959e+00
9.312500000000000e-01 1.134518960320255e+01 1.096035449568016e+00
9.343750000000001e-01 1.152388235777201e+01 1.096368905184244e+00
9.375000000000000e-01 1.170538861742293e+01 1.096694464291333e+00
9.406250000000000e-01 1.188975269610854e+01 1.097013803449317e+00
9.437500000000001e-01 1.207701960550600e+01 1.097327677858838e+00
9.468750000000000e-01 1.226723506600578e+01 1.097636427464771e+00
9.500000000000001e-01 1.246044551787411e+01 1.097940223427423e+00
9.531250000000000e-01 1.265669813259115e+01 1.098239174365014e+00
9.562500000000000e-01 1.285604082436773e+01 1.098533367123244e+00
9.593750000000001e-01 1.305852226184337e+01 1.098822881103765e+00
9.625000000000000e-01 1.326419187996850e+01 1.099107792513460e+00
9.656250000000001e-01 1.347309989207381e+01 1.099388176004854e+00
9.687500000000000e-01 1.368529730212962e+01 1.099664104772658e+00
9.718750000000000e-01 1.390083591719824e+01 1.099935650762309e+00
9.750000000000001e-01 1.411976836008246e+01 1.100202884773545e+00
9.781250000000000e-01 1.434214808217320e+01 1.100465876400145e+00
9.812500000000001e-01 1.456802937649935e+01 1.100724694076251e+00
9.843750000000000e-01 1.479746739098328e+01 1.100979405067358e+00
9.875000000000000e-01 1.503051814190487e+01 1.101230075569768e+00
9.906250000000001e-01 1.526723852757770e+01 1.101476770646091e+00
9.937500000000000e-01 1.550768634224049e+01 1.101719554322665e+00
9.968750000000001e-01 1.575192029016732e+01 1.101958489467722e+00
1.000000000000000e+00 1.600000000000000e+01 1.102193637995511e+00
