0.000000000000000e+00 0.000000000000000e+00 1.000000000000000e+00
3.125000000000000e-03 3.369263549427258e-03 1.036177649944794e+00
6.250000000000000e-03 6.739349689698711e-03 1.043016613928390e+00
9.375000000000001e-03 1.011108121249049e-02 1.045792870824841e+00
1.250000000000000e-02 1.348528131119160e-02 1.047275822623668e+00
1.562500000000000e-02 1.686277378188298e-02 1.048196024374108e+00
1.875000000000000e-02 2.024438322446370e-02 1.048822174165487e+00
2.187500000000000e-02 2.363093524397333e-02 1.049275663472283e+00
2.500000000000000e-02 2.702325665215984e-02 1.049619231366666e+00
2.812500000000000e-02 3.042217566934200e-02 1.049888534355523e+00
3.125000000000000e-02 3.382852212661575e-02 1.050105325019959e+00
3.437500000000000e-02 3.724312766845378e-02 1.050283622011914e+00
3.750000000000001e-02 4.066682595574785e-02 1.050432864942261e+00
4.062500000000000e-02 4.410045286934348e-02 1.050559641657432e+00
4.375000000000000e-02 4.754484671411652e-02 1.050668689200341e+00
4.687500000000000e-02 5.100084842364160e-02 1.050763500699284e+00
5.000000000000000e-02 5.446930176550237e-02 1.050846708492452e+00
5.312500000000001e-02 5.795105354729364e-02 1.050920333665769e+00
5.625000000000000e-02 6.144695382336569e-02 1.050985953773215e+00
5.937500000000000e-02 6.495785610236132e-02 1.051044818134114e+00
6.250000000000000e-02 6.848461755559625e-02 1.051097928892097e+00
6.562500000000000e-02 7.202809922633362e-02 1.051146099279567e+00
6.875000000000001e-02 7.558916624000402e-02 1.051189996088114e+00
7.187500000000001e-02 7.916868801542200e-02 1.051230171239262e+00
7.500000000000001e-02 8.276753847705080e-02 1.051267085494512e+00
7.812500000000000e-02 8.638659626836727e-02 1.051301126426729e+00
8.125000000000000e-02 9.002674496637868e-02 1.051332622525928e+00
8.437500000000001e-02 9.368887329734420e-02 1.051361853969514e+00
8.750000000000001e-02 9.737387535375355e-02 1.051389061183395e+00
9.062500000000001e-02 1.010826508126157e-01 1.051414451623465e+00
9.375000000000000e-02 1.048161051551108e-01 1.051438205323989e+00
9.687500000000000e-02 1.085751498876601e-01 1.051460479179580e+00
1.000000000000000e-01 1.123607027644654e-01 1.051481410599463e+00
1.031250000000000e-01 1.161736880115753e-01 1.051501120470856e+00
1.062500000000000e-01 1.200150365525305e-01 1.051519715464609e+00
1.093750000000000e-01 1.238856862356450e-01 1.051537290201419e+00
1.125000000000000e-01 1.277865820629775e-01 1.051553928761319e+00
1.156250000000000e-01 1.317186764210495e-01 1.051569706208193e+00
1.187500000000000e-01 1.356829293133661e-01 1.051584689749047e+00
1.218750000000000e-01 1.396803085947971e-01 1.051598939705045e+00
1.250000000000000e-01 1.437117902078738e-01 1.051612510362340e+00
1.281250000000000e-01 1.477783584210617e-01 1.051625450809601e+00
1.312500000000000e-01 1.518810060690650e-01 1.051637805409203e+00
1.343750000000000e-01 1.560207347952229e-01 1.051649614427578e+00
1.375000000000000e-01 1.601985552960564e-01 1.051660914515252e+00
1.406250000000000e-01 1.644154875680252e-01 1.051671739006006e+00
1.437500000000000e-01 1.686725611565558e-01 1.051682118351071e+00
1.468750000000000e-01 1.729708154074000e-01 1.051692080513408e+00
1.500000000000000e-01 1.773112997203869e-01 1.051701651034068e+00
1.531250000000000e-01 1.816950738056289e-01 1.051710853371084e+00
1.562500000000000e-01 1.861232079422458e-01 1.051719709134005e+00
1.593750000000000e-01 1.905967832396682e-01 1.051728238268327e+00
1.625000000000000e-01 1.951168919015860e-01 1.051736459195500e+00
1.656250000000000e-01 1.996846374926046e-01 1.051744388863173e+00
1.687500000000000e-01 2.043011352076760e-01 1.051752043058768e+00
1.718750000000000e-01 2.089675121443681e-01 1.051759436351280e+00
1.750000000000000e-01 2.136849075780412e-01 1.051766582300487e+00
1.781250000000000e-01 2.184544732399964e-01 1.051773493548379e+00
1.812500000000000e-01 2.232773735986666e-01 1.051780181840649e+00
1.843750000000000e-01 2.281547861439151e-01 1.051786658128401e+00
1.875000000000000e-01 2.330879016745160e-01 1.051792932605707e+00
1.906250000000000e-01 2.380779245888810e-01 1.051799014832585e+00
1.937500000000000e-01 2.431260731791094e-01 1.051804913748466e+00
1.968750000000000e-01 2.482335799284277e-01 1.051810637723279e+00
2.000000000000000e-01 2.534016918120952e-01 1.051816194599127e+00
2.031250000000000e-01 2.586316706018478e-01 1.051821591723383e+00
2.062500000000000e-01 2.639247931739538e-01 1.051826836073972e+00
2.093750000000000e-01 2.692823518209576e-01 1.051831934131264e+00
2.125000000000000e-01 2.747056545671873e-01 1.051836891987478e+00
2.156250000000000e-01 2.801960254881028e-01 1.051841715453880e+00
2.187500000000000e-01 2.857548050335636e-01 1.051846409966113e+00
2.218750000000000e-01 2.913833503550930e-01 1.051850980680291e+00
2.250000000000000e-01 2.970830356372213e-01 1.051855432432837e+00
2.281250000000000e-01 3.028552524329863e-01 1.051859769860758e+00
2.312500000000000e-01 3.087014100036755e-01 1.051863997233878e+00
2.343750000000000e-01 3.146229356628902e-01 1.051868118725784e+00
2.375000000000000e-01 3.206212751250189e-01 1.051872138226407e+00
2.406250000000000e-01 3.266978928582008e-01 1.051876059420339e+00
2.437500000000000e-01 3.328542724418705e-01 1.051879885865412e+00
2.468750000000000e-01 3.390919169289667e-01 1.051883620863568e+00
2.500000000000000e-01 3.454123492128958e-01 1.051887267584708e+00
2.531250000000000e-01 3.518171123993401e-01 1.051890829037050e+00
2.562500000000000e-01 3.583077701830001e-01 1.051894308086428e+00
2.593750000000000e-01 3.648859072293631e-01 1.051897707474545e+00
2.625000000000000e-01 3.715531295615936e-01 1.051901029836244e+00
2.656250000000000e-01 3.783110649526354e-01 1.051904277663888e+00
2.687500000000000e-01 3.851613633226258e-01 1.051907453321084e+00
2.718750000000000e-01 3.921056971417164e-01 1.051910559055669e+00
2.750000000000000e-01 3.991457618383991e-01 1.051913597012021e+00
2.781250000000000e-01 4.062832762134377e-01 1.051916569294716e+00
2.812500000000000e-01 4.135199828595055e-01 1.051919477877487e+00
2.843750000000000e-01 4.208576485866312e-01 1.051922324663944e+00
2.875000000000000e-01 4.282980648535585e-01 1.051925111497638e+00
2.906250000000000e-01 4.358430482051222e-01 1.051927840067751e+00
2.937500000000000e-01 4.434944407157500e-01 1.051930512070600e+00
2.968750000000000e-01 4.512541104391968e-01 1.051933129116311e+00
3.000000000000000e-01 4.591239518646220e-01 1.051935692735482e+00
3.031250000000000e-01 4.671058863791195e-01 1.051938204385533e+00
3.062500000000000e-01 4.752018627368176e-01 1.051940665508686e+00
3.093750000000000e-01 4.834138575346580e-01 1.051943077435596e+00
3.125000000000000e-01 4.917438756949728e-01 1.051945441492973e+00
3.156250000000000e-01 5.001939509549778e-01 1.051947758958644e+00
3.187500000000000e-01 5.087661463633005e-01 1.051950031066565e+00
3.218750000000000e-01 5.174625547836644e-01 1.051952258959701e+00
3.250000000000000e-01 5.262852994058529e-01 1.051954443744842e+00
3.281250000000000e-01 5.352365342640750e-01 1.051956586548974e+00
3.312500000000000e-01 5.443184447628656e-01 1.051958688369479e+00
3.343750000000000e-01 5.535332482106405e-01 1.051960750282506e+00
3.375000000000000e-01 5.628831943610435e-01 1.051962773190736e+00
3.406250000000000e-01 5.723705659622137e-01 1.051964758081678e+00
3.437500000000000e-01 5.819976793141081e-01 1.051966705879012e+00
3.468750000000000e-01 5.917668848340161e-01 1.051968617444448e+00
3.500000000000000e-01 6.016805676304035e-01 1.051970493631393e+00
3.531250000000000e-01 6.117411480852264e-01 1.051972335236391e+00
3.562500000000000e-01 6.219510824448572e-01 1.051974143104502e+00
3.593750000000000e-01 6.323128634197650e-01 1.051975917978412e+00
3.625000000000000e-01 6.428290207931012e-01 1.051977660601942e+00
3.656250000000000e-01 6.535021220383342e-01 1.051979371723042e+00
3.687500000000000e-01 6.643347729460869e-01 1.051981051992877e+00
3.718750000000000e-01 6.753296182603294e-01 1.051982702121031e+00
3.750000000000000e-01 6.864893423240808e-01 1.051984322776145e+00
3.781250000000000e-01 6.978166697347804e-01 1.051985914586938e+00
3.812500000000000e-01 7.093143660094854e-01 1.051987478195092e+00
3.843750000000000e-01 7.209852382600603e-01 1.051989014154032e+00
3.875000000000000e-01 7.328321358785219e-01 1.051990523083837e+00
3.906250000000000e-01 7.448579512327029e-01 1.051992005571586e+00
3.937500000000000e-01 7.570656203724140e-01 1.051993462172137e+00
3.968750000000000e-01 7.694581237462648e-01 1.051994893356959e+00
4.000000000000000e-01 7.820384869293291e-01 1.051996299720762e+00
4.031250000000000e-01 7.948097813618253e-01 1.051997681727642e+00
4.062500000000000e-01 8.077751250989945e-01 1.051999039864078e+00
4.093750000000000e-01 8.209376835723596e-01 1.052000374641179e+00
4.125000000000000e-01 8.343006703625532e-01 1.052001686544994e+00
4.156250000000000e-01 8.478673479838968e-01 1.052002975985145e+00
4.187500000000000e-01 8.616410286809313e-01 1.052004243397468e+00
4.218750000000000e-01 8.756250752370857e-01 1.052005489246133e+00
4.250000000000000e-01 8.898229017956865e-01 1.052006713973846e+00
4.281250000000000e-01 9.042379746935050e-01 1.052007917950384e+00
4.312500000000000e-01 9.188738133070491e-01 1.052009101575133e+00
4.343750000000000e-01 9.337339909118028e-01 1.052010265279117e+00
4.375000000000000e-01 9.488221355546261e-01 1.052011409423216e+00
4.406250000000000e-01 9.641419309395265e-01 1.052012534348764e+00
4.437500000000000e-01 9.796971173270190e-01 1.052013640481652e+00
4.468750000000000e-01 9.954914924472941e-01 1.052014728128355e+00
4.500000000000000e-01 1.011528912427417e+00 1.052015797628621e+00
4.531250000000000e-01 1.027813292732786e+00 1.052016849357382e+00
4.562500000000000e-01 1.044348609123070e+00 1.052017883622882e+00
4.593750000000000e-01 1.061138898622882e+00 1.052018900769062e+00
4.625000000000000e-01 1.078188260507393e+00 1.052019901073664e+00
4.656250000000000e-01 1.095500857303154e+00 1.052020884850595e+00
4.687500000000000e-01 1.113080915804360e+00 1.052021852399891e+00
4.718750000000000e-01 1.130932728104805e+00 1.052022804059798e+00
4.750000000000000e-01 1.149060652645771e+00 1.052023740052948e+00
4.781250000000000e-01 1.167469115280130e+00 1.052024660742705e+00
4.812500000000000e-01 1.186162610352890e+00 1.052025566326920e+00
4.843750000000000e-01 1.205145701798475e+00 1.052026457092637e+00
4.875000000000000e-01 1.224423024254985e+00 1.052027333367612e+00
4.906250000000000e-01 1.243999284195726e+00 1.052028195366447e+00
4.937500000000000e-01 1.263879261078271e+00 1.052029043291249e+00
4.968750000000000e-01 1.284067808511348e+00 1.052029877487411e+00
5.000000000000000e-01 1.304569855439823e+00 1.052030698137315e+00
5.031250000000000e-01 1.325390407348082e+00 1.052031505463122e+00
5.062500000000000e-01 1.346534547482100e+00 1.052032299728505e+00
5.093750000000000e-01 1.368007438090487e+00 1.052033081188501e+00
5.125000000000001e-01 1.389814321684837e+00 1.052033850037736e+00
5.156250000000000e-01 1.411960522319654e+00 1.052034606460786e+00
5.187500000000000e-01 1.434451446892208e+00 1.052035350736036e+00
5.218750000000000e-01 1.457292586462593e+00 1.052036083031485e+00
5.250000000000000e-01 1.480489517594354e+00 1.052036803609114e+00
5.281250000000001e-01 1.504047903715979e+00 1.052037512620690e+00
5.312500000000000e-01 1.527973496503592e+00 1.052038210260244e+00
5.343750000000000e-01 1.552272137285215e+00 1.052038896765767e+00
5.375000000000000e-01 1.576949758466886e+00 1.052039572317134e+00
5.406250000000000e-01 1.602012384981041e+00 1.052040237086437e+00
5.437500000000001e-01 1.627466135757470e+00 1.052040891289929e+00
5.468750000000000e-01 1.653317225217225e+00 1.052041535137815e+00
5.500000000000000e-01 1.679571964789851e+00 1.052042168730564e+00
5.531250000000000e-01 1.706236764454286e+00 1.052042792315120e+00
5.562500000000000e-01 1.733318134303830e+00 1.052043406030409e+00
5.593750000000001e-01 1.760822686135563e+00 1.052044010059793e+00
5.625000000000000e-01 1.788757135064574e+00 1.052044604580858e+00
5.656250000000000e-01 1.817128301163438e+00 1.052045189765452e+00
5.687500000000000e-01 1.845943111127301e+00 1.052045765779736e+00
5.718750000000000e-01 1.875208599965003e+00 1.052046332784219e+00
5.750000000000001e-01 1.904931912716643e+00 1.052046890933804e+00
5.781250000000000e-01 1.935120306198011e+00 1.052047440429694e+00
5.812500000000000e-01 1.965781150772311e+00 1.052047981417291e+00
5.843750000000000e-01 1.996921932149593e+00 1.052048514036492e+00
5.875000000000000e-01 2.028550253214365e+00 1.052049038421728e+00
5.906250000000001e-01 2.060673835881802e+00 1.052049554805740e+00
5.937500000000000e-01 2.093300522983012e+00 1.052050063315323e+00
5.968750000000000e-01 2.126438280179837e+00 1.052050564071893e+00
6.000000000000001e-01 2.160095197909630e+00 1.052051057347132e+00
6.031250000000000e-01 2.194279493360494e+00 1.052051543256587e+00
6.062500000000001e-01 2.228999512477486e+00 1.052052021858630e+00
6.093750000000000e-01 2.264263732000228e+00 1.052052493515989e+00
6.125000000000000e-01 2.300080761532477e+00 1.052052958282910e+00
6.156250000000001e-01 2.336459345644116e+00 1.052053416258677e+00
6.187500000000000e-01 2.373408366006099e+00 1.052053867848589e+00
6.218750000000001e-01 2.410936843558884e+00 1.052054313203004e+00
6.250000000000000e-01 2.449053940714840e+00 1.052054752209339e+00
6.281250000000000e-01 2.487768963595221e+00 1.052055185469655e+00
6.312500000000001e-01 2.527091364302215e+00 1.052055613285652e+00
6.343750000000000e-01 2.567030743226622e+00 1.052056035234096e+00
6.375000000000001e-01 2.607596851391758e+00 1.052056452063682e+00
6.406250000000000e-01 2.648799592834118e+00 1.052056864642568e+00
6.437500000000000e-01 2.690649027021411e+00 1.052057272146063e+00
6.468750000000001e-01 2.733155371308524e+00 1.052057674908635e+00
6.500000000000000e-01 2.776329003432049e+00 1.052058074979467e+00
6.531250000000001e-01 2.820180464043967e+00 1.052058471818057e+00
6.562500000000000e-01 2.864720459285089e+00 1.052058863976225e+00
6.593750000000000e-01 2.909959863398929e+00 1.052059254413712e+00
6.625000000000001e-01 2.955909721386590e+00 1.052059645759889e+00
6.656250000000000e-01 3.002581251703353e+00 1.052060034076346e+00
6.687500000000001e-01 3.049985848997626e+00 1.052060419285757e+00
6.718750000000000e-01 3.098135086892879e+00 1.052060809652322e+00
6.750000000000000e-01 3.147040720813310e+00 1.052061206270409e+00
6.781250000000001e-01 3.196714690853871e+00 1.052061599100997e+00
6.812500000000000e-01 3.247169124695383e+00 1.052061992511622e+00
6.843750000000001e-01 3.298416340565477e+00 1.052062405938191e+00
6.875000000000000e-01 3.350468850246008e+00 1.052062838191227e+00
6.906250000000000e-01 3.403339362127777e+00 1.052063263689377e+00
6.937500000000001e-01 3.457040784313211e+00 1.052063692243245e+00
6.968750000000000e-01 3.511586227767823e+00 1.052064173335848e+00
7.000000000000001e-01 3.566989009521205e+00 1.052064719269961e+00
7.031250000000000e-01 3.623262655918307e+00 1.052065258328380e+00
7.062500000000000e-01 3.680420905921852e+00 1.052065775131240e+00
7.093750000000001e-01 3.738477714466631e+00 1.052066384855220e+00
7.125000000000000e-01 3.797447255866536e+00 1.052067229327947e+00
7.156250000000001e-01 3.857343927275175e+00 1.052068202873461e+00
7.187500000000000e-01 3.918182352200844e+00 1.052069041239845e+00
7.218750000000000e-01 3.979977384076828e+00 1.052069812553378e+00
7.250000000000001e-01 4.042744109887770e+00 1.052070970091958e+00
7.281250000000000e-01 4.106497853853101e+00 1.052073152035440e+00
7.312500000000001e-01 4.171254181168399e+00 1.052076031297477e+00
7.343750000000000e-01 4.237028901805528e+00 1.052078124169683e+00
7.375000000000000e-01 4.303838074372613e+00 1.052079129231737e+00
7.406250000000001e-01 4.371698010034643e+00 1.052079986798597e+00
7.437500000000000e-01 4.440625276495786e+00 1.052082465378946e+00
7.468750000000001e-01 4.510636702044332e+00 1.052090134498764e+00
7.500000000000000e-01 4.581749379661216e+00 1.052100508964403e+00
7.531250000000000e-01 4.653980671193226e+00 1.052102666470278e+00
7.562500000000001e-01 4.727348211591802e+00 1.052120204332049e+00
7.593750000000000e-01 4.801869913218528e+00 1.052281710645624e+00
7.625000000000001e-01 4.877563970218381e+00 1.052826613445346e+00
7.656250000000000e-01 4.954448862961714e+00 1.053996080971439e+00
7.687500000000000e-01 5.032543362556198e+00 1.055880163252988e+00
7.718750000000001e-01 5.111866535429675e+00 1.058341102186754e+00
7.750000000000000e-01 5.192437747985146e+00 1.061062997616955e+00
7.781250000000001e-01 5.274276671329015e+00 1.063680973637642e+00
7.812500000000000e-01 5.357403286073669e+00 1.065906410323371e+00
7.843750000000000e-01 5.441837887215693e+00 1.067593119521782e+00
7.875000000000001e-01 5.527601089090773e+00 1.068737674793857e+00
7.906250000000000e-01 5.614713830406605e+00 1.069438282091919e+00
7.937500000000001e-01 5.703197379355005e+00 1.069842272630770e+00
7.968750000000000e-01 5.793073338804412e+00 1.070102532908587e+00
8.000000000000000e-01 5.884363651574169e+00 1.070350541754053e+00
8.031250000000001e-01 5.977090605791737e+00 1.070684903271949e+00
8.062500000000000e-01 6.071276840334257e+00 1.071170513485887e+00
8.093750000000001e-01 6.166945350355728e+00 1.071843302276669e+00
8.125000000000000e-01 6.264119492901173e+00 1.072716886610078e+00
8.156250000000000e-01 6.362822992609162e+00 1.073789033235999e+00
8.187500000000001e-01 6.463079947504072e+00 1.075046876779846e+00
8.218750000000000e-01 6.564914834879517e+00 1.076470502006247e+00
8.250000000000001e-01 6.668352517274371e+00 1.078035025527769e+00
8.281250000000000e-01 6.773418248542846e+00 1.079711741970061e+00
8.312500000000000e-01 6.880137680020114e+00 1.081468905191383e+00
8.343750000000001e-01 6.988536866784961e+00 1.083272244634134e+00
8.375000000000000e-01 7.098642274021019e+00 1.085084794483212e+00
8.406250000000001e-01 7.210480783478133e+00 1.086865752545281e+00
8.437500000000000e-01 7.324079700035414e+00 1.088569112169650e+00
8.468750000000000e-01 7.439466758367605e+00 1.090144093844602e+00
8.500000000000001e-01 7.556670129716381e+00 1.091539757176850e+00
8.531250000000000e-01 7.675718428768239e+00 1.092714695219146e+00
8.562500000000001e-01 7.796640720640633e+00 1.093649683154877e+00
8.593750000000000e-01 7.919466527978115e+00 1.094358277638052e+00
8.625000000000000e-01 8.044225838160141e+00 1.094889763868223e+00
8.656250000000001e-01 8.170949110622363e+00 1.095321355259153e+00
8.687500000000000e-01 8.299667284293170e+00 1.095740943765871e+00
8.718750000000001e-01 8.430411785147284e+00 1.096225685664737e+00
8.750000000000000e-01 8.563214533878281e+00 1.096823503434439e+00
8.781250000000000e-01 8.698107953691880e+00 1.097543621796775e+00
8.812500000000001e-01 8.835124978221932e+00 1.098358990203072e+00
8.843750000000000e-01 8.974299059571019e+00 1.099219055627611e+00
8.875000000000001e-01 9.115664176477637e+00 1.100067574843296e+00
8.906250000000000e-01 9.259254842611947e+00 1.100858720038559e+00
8.937500000000000e-01 9.405106115002161e+00 1.101566331486543e+00
8.968750000000001e-01 9.553253602593529e+00 1.102184823171497e+00
9.000000000000000e-01 9.703733474942130e+00 1.102723847063167e+00
9.031250000000001e-01 9.856582471045494e+00 1.103200580119212e+00
9.062500000000000e-01 1.001183790831228e+01 1.103633042260743e+00
9.093750000000000e-01 1.016953769167313e+01 1.104036122543912e+00
9.125000000000001e-01 1.032972032283505e+01 1.104420282567560e+00
9.156250000000000e-01 1.049242490968134e+01 1.104791989215282e+00
9.187500000000001e-01 1.065769117581972e+01 1.105154833084570e+00
9.218750000000000e-01 1.082555947028058e+01 1.105510638792117e+00
9.250000000000000e-01 1.099607077736805e+01 1.105860278043861e+00
9.281250000000001e-01 1.116926672666618e+01 1.106204162837951e+00
9.312500000000000e-01 1.134518960320255e+01 1.106542504527764e+00
9.343750000000001e-01 1.152388235777201e+01 1.106875434134713e+00
9.375000000000000e-01 1.170538861742293e+01 1.107203052792722e+00
9.406250000000000e-01 1.188975269610854e+01 1.107525450719648e+00
9.437500000000001e-01 1.207701960550600e+01 1.107842713828261e+00
9.468750000000000e-01 1.226723506600578e+01 1.108154925701465e+00
9.500000000000001e-01 1.246044551787411e+01 1.108462168347971e+00
9.531250000000000e-01 1.265669813259115e+01 1.108764522366458e+00
9.562500000000000e-01 1.285604082436773e+01 1.109062067001331e+00
9.593750000000001e-01 1.305852226184337e+01 1.109354880086286e+00
9.625000000000000e-01 1.326419187996850e+01 1.109643038264055e+00
9.656250000000001e-01 1.347309989207381e+01 1.109926616763334e+00
9.687500000000000e-01 1.368529730212962e+01 1.110205689670628e+00
9.718750000000000e-01 1.390083591719824e+01 1.110480329760923e+00
9.750000000000001e-01 1.411976836008246e+01 1.110750608601121e+00
9.781250000000000e-01 1.434214808217320e+01 1.111016596599111e+00
9.812500000000001e-01 1.456802937649935e+01 1.111278362996597e+00
9.843750000000000e-01 1.479746739098328e+01 1.111535975803821e+00
9.875000000000000e-01 1.503051814190487e+01 1.111789501954949e+00
9.906250000000001e-01 1.526723852757770e+01 1.112039007298625e+00
9.937500000000000e-01 1.550768634224049e+01 1.112284556586559e+00
9.968750000000001e-01 1.575192029016732e+01 1.112526213403979e+00
1.000000000000000e+00 1.600000000000000e+01 1.112764040377141e+00
