0.000000000000000e+00 0.000000000000000e+00 1.000000000000000e+00
3.125000000000000e-03 3.369263549427258e-03 1.036177647532291e+00
6.250000000000000e-03 6.739349689698711e-03 1.043016603514733e+00
9.375000000000001e-03 1.011108121249049e-02 1.045792858741456e+00
1.250000000000000e-02 1.348528131119160e-02 1.047275810252219e+00
1.562500000000000e-02 1.686277378188298e-02 1.048196011766090e+00
1.875000000000000e-02 2.024438322446370e-02 1.048822161331689e+00
2.187500000000000e-02 2.363093524397333e-02 1.049275650501760e+00
2.500000000000000e-02 2.702325665215984e-02 1.049619218330829e+00
2.812500000000000e-02 3.042217566934200e-02 1.049888521344381e+00
3.125000000000000e-02 3.382852212661575e-02 1.050105311989068e+00
3.437500000000000e-02 3.724312766845378e-02 1.050283609035811e+00
3.750000000000001e-02 4.066682595574785e-02 1.050432852054342e+00
4.062500000000000e-02 4.410045286934348e-02 1.050559628857175e+00
4.375000000000000e-02 4.754484671411652e-02 1.050668676513544e+00
4.687500000000000e-02 5.100084842364160e-02 1.050763488140380e+00
5.000000000000000e-02 5.446930176550237e-02 1.050846696050338e+00
5.312500000000001e-02 5.795105354729364e-02 1.050920321370131e+00
5.625000000000000e-02 6.144695382336569e-02 1.050985941685230e+00
5.937500000000000e-02 6.495785610236132e-02 1.051044806248126e+00
6.250000000000000e-02 6.848461755559625e-02 1.051097917184645e+00
6.562500000000000e-02 7.202809922633362e-02 1.051146087785930e+00
6.875000000000001e-02 7.558916624000402e-02 1.051189984811579e+00
7.187500000000001e-02 7.916868801542200e-02 1.051230160230892e+00
7.500000000000001e-02 8.276753847705080e-02 1.051267074753862e+00
7.812500000000000e-02 8.638659626836727e-02 1.051301115948670e+00
8.125000000000000e-02 9.002674496637868e-02 1.051332612361605e+00
8.437500000000001e-02 9.368887329734420e-02 1.051361844117393e+00
8.750000000000001e-02 9.737387535375355e-02 1.051389051630281e+00
9.062500000000001e-02 1.010826508126157e-01 1.051414442427034e+00
9.375000000000000e-02 1.048161051551108e-01 1.051438196450876e+00
9.687500000000000e-02 1.085751498876601e-01 1.051460470679422e+00
1.000000000000000e-01 1.123607027644654e-01 1.051481402494207e+00
1.031250000000000e-01 1.161736880115753e-01 1.051501112761350e+00
1.062500000000000e-01 1.200150365525305e-01 1.051519708198404e+00
1.093750000000000e-01 1.238856862356450e-01 1.051537283367626e+00
1.125000000000000e-01 1.277865820629775e-01 1.051553922385329e+00
1.156250000000000e-01 1.317186764210495e-01 1.051569700312575e+00
1.187500000000000e-01 1.356829293133661e-01 1.051584684331412e+00
1.218750000000000e-01 1.396803085947971e-01 1.051598934792255e+00
1.250000000000000e-01 1.437117902078738e-01 1.051612505986875e+00
1.281250000000000e-01 1.477783584210617e-01 1.051625446997741e+00
1.312500000000000e-01 1.518810060690650e-01 1.051637802159984e+00
1.343750000000000e-01 1.560207347952229e-01 1.051649611805157e+00
1.375000000000000e-01 1.601985552960564e-01 1.051660912514836e+00
1.406250000000000e-01 1.644154875680252e-01 1.051671737663799e+00
1.437500000000000e-01 1.686725611565558e-01 1.051682117686805e+00
1.468750000000000e-01 1.729708154074000e-01 1.051692080505448e+00
1.500000000000000e-01 1.773112997203869e-01 1.051701651707643e+00
1.531250000000000e-01 1.816950738056289e-01 1.051710854782776e+00
1.562500000000000e-01 1.861232079422458e-01 1.051719711340580e+00
1.593750000000000e-01 1.905967832396682e-01 1.051728241279347e+00
1.625000000000000e-01 1.951168919015860e-01 1.051736463038367e+00
1.656250000000000e-01 1.996846374926046e-01 1.051744393557547e+00
1.687500000000000e-01 2.043011352076760e-01 1.051752048625753e+00
1.718750000000000e-01 2.089675121443681e-01 1.051759442822548e+00
1.750000000000000e-01 2.136849075780412e-01 1.051766589727781e+00
1.781250000000000e-01 2.184544732399964e-01 1.051773501984541e+00
1.812500000000000e-01 2.232773735986666e-01 1.051780191298033e+00
1.843750000000000e-01 2.281547861439151e-01 1.051786668628651e+00
1.875000000000000e-01 2.330879016745160e-01 1.051792944202905e+00
1.906250000000000e-01 2.380779245888810e-01 1.051799027551339e+00
1.937500000000000e-01 2.431260731791094e-01 1.051804927619504e+00
1.968750000000000e-01 2.482335799284277e-01 1.051810652784683e+00
2.000000000000000e-01 2.534016918120952e-01 1.051816210904672e+00
2.031250000000000e-01 2.586316706018478e-01 1.051821609358262e+00
2.062500000000000e-01 2.639247931739538e-01 1.051826855035182e+00
2.093750000000000e-01 2.692823518209576e-01 1.051831954446265e+00
2.125000000000000e-01 2.747056545671873e-01 1.051836913744726e+00
2.156250000000000e-01 2.801960254881028e-01 1.051841738698602e+00
2.187500000000000e-01 2.857548050335636e-01 1.051846434784847e+00
2.218750000000000e-01 2.913833503550930e-01 1.051851007110023e+00
2.250000000000000e-01 2.970830356372213e-01 1.051855460537578e+00
2.281250000000000e-01 3.028552524329863e-01 1.051859799644014e+00
2.312500000000000e-01 3.087014100036755e-01 1.051864028798008e+00
2.343750000000000e-01 3.146229356628902e-01 1.051868152153076e+00
2.375000000000000e-01 3.206212751250189e-01 1.051872173550796e+00
2.406250000000000e-01 3.266978928582008e-01 1.051876096717659e+00
2.437500000000000e-01 3.328542724418705e-01 1.051879925166380e+00
2.468750000000000e-01 3.390919169289667e-01 1.051883662262442e+00
2.500000000000000e-01 3.454123492128958e-01 1.051887311162193e+00
2.531250000000000e-01 3.518171123993401e-01 1.051890874875179e+00
2.562500000000000e-01 3.583077701830001e-01 1.051894356284019e+00
2.593750000000000e-01 3.648859072293631e-01 1.051897758120337e+00
2.625000000000000e-01 3.715531295615936e-01 1.051901083023916e+00
2.656250000000000e-01 3.783110649526354e-01 1.051904333431058e+00
2.687500000000000e-01 3.851613633226258e-01 1.051907511757563e+00
2.718750000000000e-01 3.921056971417164e-01 1.051910620287060e+00
2.750000000000000e-01 3.991457618383991e-01 1.051913661139801e+00
2.781250000000000e-01 4.062832762134377e-01 1.051916636453587e+00
2.812500000000000e-01 4.135199828595055e-01 1.051919548184489e+00
2.843750000000000e-01 4.208576485866312e-01 1.051922398242314e+00
2.875000000000000e-01 4.282980648535585e-01 1.051925188415859e+00
2.906250000000000e-01 4.358430482051222e-01 1.051927920466085e+00
2.937500000000000e-01 4.434944407157500e-01 1.051930596093330e+00
2.968750000000000e-01 4.512541104391968e-01 1.051933216859821e+00
3.000000000000000e-01 4.591239518646220e-01 1.051935784365881e+00
3.031250000000000e-01 4.671058863791195e-01 1.051938300046204e+00
3.062500000000000e-01 4.752018627368176e-01 1.051940765343972e+00
3.093750000000000e-01 4.834138575346580e-01 1.051943181590736e+00
3.125000000000000e-01 4.917438756949728e-01 1.051945550181439e+00
3.156250000000000e-01 5.001939509549778e-01 1.051947872326764e+00
3.187500000000000e-01 5.087661463633005e-01 1.051950149267623e+00
3.218750000000000e-01 5.174625547836644e-01 1.051952382154093e+00
3.250000000000000e-01 5.262852994058529e-01 1.051954572176731e+00
3.281250000000000e-01 5.352365342640750e-01 1.051956720402311e+00
3.312500000000000e-01 5.443184447628656e-01 1.051958827860559e+00
3.343750000000000e-01 5.535332482106405e-01 1.051960895633570e+00
3.375000000000000e-01 5.628831943610435e-01 1.051962924648266e+00
3.406250000000000e-01 5.723705659622137e-01 1.051964915889693e+00
3.437500000000000e-01 5.819976793141081e-01 1.051966870278824e+00
3.468750000000000e-01 5.917668848340161e-01 1.051968788674417e+00
3.500000000000000e-01 6.016805676304035e-01 1.051970671960369e+00
3.531250000000000e-01 6.117411480852264e-01 1.051972521007367e+00
3.562500000000000e-01 6.219510824448572e-01 1.051974336590237e+00
3.593750000000000e-01 6.323128634197650e-01 1.051976119516406e+00
3.625000000000000e-01 6.428290207931012e-01 1.051977870544470e+00
3.656250000000000e-01 6.535021220383342e-01 1.051979590385498e+00
3.687500000000000e-01 6.643347729460869e-01 1.051981279789841e+00
3.718750000000000e-01 6.753296182603294e-01 1.051982939422690e+00
3.750000000000000e-01 6.864893423240808e-01 1.051984569992150e+00
3.781250000000000e-01 6.978166697347804e-01 1.051986172167454e+00
3.812500000000000e-01 7.093143660094854e-01 1.051987746579935e+00
3.843750000000000e-01 7.209852382600603e-01 1.051989293823945e+00
3.875000000000000e-01 7.328321358785219e-01 1.051990814543294e+00
3.906250000000000e-01 7.448579512327029e-01 1.051992309349250e+00
3.937500000000000e-01 7.570656203724140e-01 1.051993778778527e+00
3.968750000000000e-01 7.694581237462648e-01 1.051995223463777e+00
4.000000000000000e-01 7.820384869293291e-01 1.051996643881698e+00
4.031250000000000e-01 7.948097813618253e-01 1.051998040606280e+00
4.062500000000000e-01 8.077751250989945e-01 1.051999414185177e+00
4.093750000000000e-01 8.209376835723596e-01 1.052000765140293e+00
4.125000000000000e-01 8.343006703625532e-01 1.052002093968333e+00
4.156250000000000e-01 8.478673479838968e-01 1.052003401184116e+00
4.187500000000000e-01 8.616410286809313e-01 1.052004687236870e+00
4.218750000000000e-01 8.756250752370857e-01 1.052005952680457e+00
4.250000000000000e-01 8.898229017956865e-01 1.052007197964006e+00
4.281250000000000e-01 9.042379746935050e-01 1.052008423515177e+00
4.312500000000000e-01 9.188738133070491e-01 1.052009629868889e+00
4.343750000000000e-01 9.337339909118028e-01 1.052010817457884e+00
4.375000000000000e-01 9.488221355546261e-01 1.052011986738707e+00
4.406250000000000e-01 9.641419309395265e-01 1.052013138150620e+00
4.437500000000000e-01 9.796971173270190e-01 1.052014272158705e+00
4.468750000000000e-01 9.954914924472941e-01 1.052015389255516e+00
4.500000000000000e-01 1.011528912427417e+00 1.052016489834394e+00
4.531250000000000e-01 1.027813292732786e+00 1.052017574358147e+00
4.562500000000000e-01 1.044348609123070e+00 1.052018643276455e+00
4.593750000000000e-01 1.061138898622882e+00 1.052019697068884e+00
4.625000000000000e-01 1.078188260507393e+00 1.052020736203703e+00
4.656250000000000e-01 1.095500857303154e+00 1.052021761095323e+00
4.687500000000000e-01 1.113080915804360e+00 1.052022772274259e+00
4.718750000000000e-01 1.130932728104805e+00 1.052023770220263e+00
4.750000000000000e-01 1.149060652645771e+00 1.052024755403946e+00
4.781250000000000e-01 1.167469115280130e+00 1.052025728329728e+00
4.812500000000000e-01 1.186162610352890e+00 1.052026689537342e+00
4.843750000000000e-01 1.205145701798475e+00 1.052027639560567e+00
4.875000000000000e-01 1.224423024254985e+00 1.052028578970145e+00
4.906250000000000e-01 1.243999284195726e+00 1.052029508332494e+00
4.937500000000000e-01 1.263879261078271e+00 1.052030428295378e+00
4.968750000000000e-01 1.284067808511348e+00 1.052031339462401e+00
5.000000000000000e-01 1.304569855439823e+00 1.052032242562865e+00
5.031250000000000e-01 1.325390407348082e+00 1.052033138327580e+00
5.062500000000000e-01 1.346534547482100e+00 1.052034027488969e+00
5.093750000000000e-01 1.368007438090487e+00 1.052034910952235e+00
5.125000000000001e-01 1.389814321684837e+00 1.052035789501420e+00
5.156250000000000e-01 1.411960522319654e+00 1.052036664180388e+00
5.187500000000000e-01 1.434451446892208e+00 1.052037536044302e+00
5.218750000000000e-01 1.457292586462593e+00 1.052038406202457e+00
5.250000000000000e-01 1.480489517594354e+00 1.052039275905216e+00
5.281250000000001e-01 1.504047903715979e+00 1.052040146548055e+00
5.312500000000000e-01 1.527973496503592e+00 1.052041019590084e+00
5.343750000000000e-01 1.552272137285215e+00 1.052041896769246e+00
5.375000000000000e-01 1.576949758466886e+00 1.052042779896510e+00
5.406250000000000e-01 1.602012384981041e+00 1.052043671028297e+00
5.437500000000001e-01 1.627466135757470e+00 1.052044572473149e+00
5.468750000000000e-01 1.653317225217225e+00 1.052045486755626e+00
5.500000000000000e-01 1.679571964789851e+00 1.052046416792694e+00
5.531250000000000e-01 1.706236764454286e+00 1.052047365733291e+00
5.562500000000000e-01 1.733318134303830e+00 1.052048337177462e+00
5.593750000000001e-01 1.760822686135563e+00 1.052049335231050e+00
5.625000000000000e-01 1.788757135064574e+00 1.052050364347894e+00
5.656250000000000e-01 1.817128301163438e+00 1.052051429466054e+00
5.687500000000000e-01 1.845943111127301e+00 1.052052536447351e+00
5.718750000000000e-01 1.875208599965003e+00 1.052053691461056e+00
5.750000000000001e-01 1.904931912716643e+00 1.052054901117444e+00
5.781250000000000e-01 1.935120306198011e+00 1.052056173075704e+00
5.812500000000000e-01 1.965781150772311e+00 1.052057515473018e+00
5.843750000000000e-01 1.996921932149593e+00 1.052058936463387e+00
5.875000000000000e-01 2.028550253214365e+00 1.052060444212289e+00
5.906250000000001e-01 2.060673835881802e+00 1.052062046848590e+00
5.937500000000000e-01 2.093300522983012e+00 1.052063751346077e+00
5.968750000000000e-01 2.126438280179837e+00 1.052065561942982e+00
6.000000000000001e-01 2.160095197909630e+00 1.052067478257375e+00
6.031250000000000e-01 2.194279493360494e+00 1.052069493988510e+00
6.062500000000001e-01 2.228999512477486e+00 1.052071594214179e+00
6.093750000000000e-01 2.264263732000228e+00 1.052073750044421e+00
6.125000000000000e-01 2.300080761532477e+00 1.052075912519422e+00
6.156250000000001e-01 2.336459345644116e+00 1.052078010437089e+00
6.187500000000000e-01 2.373408366006099e+00 1.052079952151788e+00
6.218750000000001e-01 2.410936843558884e+00 1.052081633050682e+00
6.250000000000000e-01 2.449053940714840e+00 1.052082958031872e+00
6.281250000000000e-01 2.487768963595221e+00 1.052083907791239e+00
6.312500000000001e-01 2.527091364302215e+00 1.052084701862499e+00
6.343750000000000e-01 2.567030743226622e+00 1.052086119319163e+00
6.375000000000001e-01 2.607596851391758e+00 1.052090064215952e+00
6.406250000000000e-01 2.648799592834118e+00 1.052100607695587e+00
6.437500000000000e-01 2.690649027021411e+00 1.052126051164326e+00
6.468750000000001e-01 2.733155371308524e+00 1.052182818199359e+00
6.500000000000000e-01 2.776329003432049e+00 1.052301652059907e+00
6.531250000000001e-01 2.820180464043967e+00 1.052534952808853e+00
6.562500000000000e-01 2.864720459285089e+00 1.052961143646219e+00
6.593750000000000e-01 2.909959863398929e+00 1.053679732292071e+00
6.625000000000001e-01 2.955909721386590e+00 1.054792655409581e+00
6.656250000000000e-01 3.002581251703353e+00 1.056374603806889e+00
6.687500000000001e-01 3.049985848997626e+00 1.058443129262091e+00
6.718750000000000e-01 3.098135086892879e+00 1.060941969808585e+00
6.750000000000000e-01 3.147040720813310e+00 1.063745599030992e+00
6.781250000000001e-01 3.196714690853871e+00 1.066683249663849e+00
6.812500000000000e-01 3.247169124695383e+00 1.069572918422673e+00
6.843750000000001e-01 3.298416340565477e+00 1.072253830278693e+00
6.875000000000000e-01 3.350468850246008e+00 1.074609017573506e+00
6.906250000000000e-01 3.403339362127777e+00 1.076574902826046e+00
6.937500000000001e-01 3.457040784313211e+00 1.078139344173507e+00
6.968750000000000e-01 3.511586227767823e+00 1.079331981395399e+00
7.000000000000001e-01 3.566989009521205e+00 1.080211144970865e+00
7.031250000000000e-01 3.623262655918307e+00 1.080850707632410e+00
7.062500000000000e-01 3.680420905921852e+00 1.081328992258313e+00
7.093750000000001e-01 3.738477714466631e+00 1.081720648274913e+00
7.125000000000000e-01 3.797447255866536e+00 1.082091538529930e+00
7.156250000000001e-01 3.857343927275175e+00 1.082496183648872e+00
7.187500000000000e-01 3.918182352200844e+00 1.082977108691518e+00
7.218750000000000e-01 3.979977384076828e+00 1.083565452426203e+00
7.250000000000001e-01 4.042744109887770e+00 1.084282282419392e+00
7.281250000000000e-01 4.106497853853101e+00 1.085140205568234e+00
7.312500000000001e-01 4.171254181168399e+00 1.086144983352520e+00
7.343750000000000e-01 4.237028901805528e+00 1.087296996405982e+00
7.375000000000000e-01 4.303838074372613e+00 1.088592478033374e+00
7.406250000000001e-01 4.371698010034643e+00 1.090024505476423e+00
7.437500000000000e-01 4.440625276495786e+00 1.091583750187029e+00
7.468750000000001e-01 4.510636702044332e+00 1.093259013098168e+00
7.500000000000000e-01 4.581749379661216e+00 1.095037566132888e+00
7.531250000000000e-01 4.653980671193226e+00 1.096905337272009e+00
7.562500000000001e-01 4.727348211591802e+00 1.098846968096077e+00
7.593750000000000e-01 4.801869913218528e+00 1.100845777690060e+00
7.625000000000001e-01 4.877563970218381e+00 1.102883662042019e+00
7.656250000000000e-01 4.954448862961714e+00 1.104940967372873e+00
7.687500000000000e-01 5.032543362556198e+00 1.106996383632717e+00
7.718750000000001e-01 5.111866535429675e+00 1.109026909549269e+00
7.750000000000000e-01 5.192437747985146e+00 1.111007941602016e+00
7.781250000000001e-01 5.274276671329015e+00 1.112913557993832e+00
7.812500000000000e-01 5.357403286073669e+00 1.114717122494735e+00
7.843750000000000e-01 5.441837887215693e+00 1.116392409967602e+00
7.875000000000001e-01 5.527601089090773e+00 1.117915489434406e+00
7.906250000000000e-01 5.614713830406605e+00 1.119267495783580e+00
7.937500000000001e-01 5.703197379355005e+00 1.120438117902854e+00
7.968750000000000e-01 5.793073338804412e+00 1.121429177652165e+00
8.000000000000000e-01 5.884363651574169e+00 1.122257257320789e+00
8.031250000000001e-01 5.977090605791737e+00 1.122954214004383e+00
8.062500000000000e-01 6.071276840334257e+00 1.123564771750475e+00
8.093750000000001e-01 6.166945350355728e+00 1.124141163646493e+00
8.125000000000000e-01 6.264119492901173e+00 1.124735713149605e+00
8.156250000000000e-01 6.362822992609162e+00 1.125392918609655e+00
8.187500000000001e-01 6.463079947504072e+00 1.126142782899097e+00
8.218750000000000e-01 6.564914834879517e+00 1.126996798113530e+00
8.250000000000001e-01 6.668352517274371e+00 1.127947337218391e+00
8.281250000000000e-01 6.773418248542846e+00 1.128970446622717e+00
8.312500000000000e-01 6.880137680020114e+00 1.130031337661687e+00
8.343750000000001e-01 6.988536866784961e+00 1.131091345238026e+00
8.375000000000000e-01 7.098642274021019e+00 1.132114843133665e+00
8.406250000000001e-01 7.210480783478133e+00 1.133074670218559e+00
8.437500000000000e-01 7.324079700035414e+00 1.133955064901139e+00
8.468750000000000e-01 7.439466758367605e+00 1.134751826237136e+00
8.500000000000001e-01 7.556670129716381e+00 1.135470181489509e+00
8.531250000000000e-01 7.675718428768239e+00 1.136121367724565e+00
8.562500000000001e-01 7.796640720640633e+00 1.136719058047085e+00
8.593750000000000e-01 7.919466527978115e+00 1.137276504287348e+00
8.625000000000000e-01 8.044225838160141e+00 1.137804805089234e+00
8.656250000000001e-01 8.170949110622363e+00 1.138312265241587e+00
8.687500000000000e-01 8.299667284293170e+00 1.138804537414622e+00
8.718750000000001e-01 8.430411785147284e+00 1.139285165894279e+00
8.750000000000000e-01 8.563214533878281e+00 1.139756223257836e+00
8.781250000000000e-01 8.698107953691880e+00 1.140218859897360e+00
8.812500000000001e-01 8.835124978221932e+00 1.140673700276073e+00
8.843750000000000e-01 8.974299059571019e+00 1.141121093795171e+00
8.875000000000001e-01 9.115664176477637e+00 1.141561256678956e+00
8.906250000000000e-01 9.259254842611947e+00 1.141994344819753e+00
8.937500000000000e-01 9.405106115002161e+00 1.142420488142936e+00
8.968750000000001e-01 9.553253602593529e+00 1.142839805453109e+00
9.000000000000000e-01 9.703733474942130e+00 1.143252410287034e+00
9.031250000000001e-01 9.856582471045494e+00 1.143658413208454e+00
9.062500000000000e-01 1.001183790831228e+01 1.144057922507452e+00
9.093750000000000e-01 1.016953769167313e+01 1.144451044549469e+00
9.125000000000001e-01 1.032972032283505e+01 1.144837883900758e+00
9.156250000000000e-01 1.049242490968134e+01 1.145218543222224e+00
9.187500000000001e-01 1.065769117581972e+01 1.145593123529344e+00
9.218750000000000e-01 1.082555947028058e+01 1.145961724038676e+00
9.250000000000000e-01 1.099607077736805e+01 1.146324442285892e+00
9.281250000000001e-01 1.116926672666618e+01 1.146681374151851e+00
9.312500000000000e-01 1.134518960320255e+01 1.147032613886827e+00
9.343750000000001e-01 1.152388235777201e+01 1.147378254179565e+00
9.375000000000000e-01 1.170538861742293e+01 1.147718386132746e+00
9.406250000000000e-01 1.188975269610854e+01 1.148053099235066e+00
9.437500000000001e-01 1.207701960550600e+01 1.148382481563455e+00
9.468750000000000e-01 1.226723506600578e+01 1.148706619662786e+00
9.500000000000001e-01 1.246044551787411e+01 1.149025598606011e+00
9.531250000000000e-01 1.265669813259115e+01 1.149339502054091e+00
9.562500000000000e-01 1.285604082436773e+01 1.149648412222235e+00
9.593750000000001e-01 1.305852226184337e+01 1.149952410029867e+00
9.625000000000000e-01 1.326419187996850e+01 1.150251574972898e+00
9.656250000000001e-01 1.347309989207381e+01 1.150545985176724e+00
9.687500000000000e-01 1.368529730212962e+01 1.150835717589443e+00
9.718750000000000e-01 1.390083591719824e+01 1.151120847758314e+00
9.750000000000001e-01 1.411976836008246e+01 1.151401449971277e+00
9.781250000000000e-01 1.434214808217320e+01 1.151677597354607e+00
9.812500000000001e-01 1.456802937649935e+01 1.151949361784603e+00
9.843750000000000e-01 1.479746739098328e+01 1.152216813888194e+00
9.875000000000000e-01 1.503051814190487e+01 1.152480023182443e+00
9.906250000000001e-01 1.526723852757770e+01 1.152739057982666e+00
9.937500000000000e-01 1.550768634224049e+01 1.152993985493302e+00
9.968750000000001e-01 1.575192029016732e+01 1.153244871853327e+00
1.000000000000000e+00 1.600000000000000e+01 1.153491781993934e+00
