0.000000000000000e+00 0.000000000000000e+00 1.000000000000000e+00
3.125000000000000e-03 3.369263549427258e-03 1.000000000098301e+00
6.250000000000000e-03 6.739349689698711e-03 1.000000000141998e+00
9.375000000000001e-03 1.011108121249049e-02 1.000000000212807e+00
1.250000000000000e-02 1.348528131119160e-02 1.000000000290707e+00
1.562500000000000e-02 1.686277378188298e-02 1.000000000372569e+00
1.875000000000000e-02 2.024438322446370e-02 1.000000000456975e+00
2.187500000000000e-02 2.363093524397333e-02 1.000000000579923e+00
2.500000000000000e-02 2.702325665215984e-02 1.000000000712085e+00
2.812500000000000e-02 3.042217566934200e-02 1.000000000886947e+00
3.125000000000000e-02 3.382852212661575e-02 1.000000001038601e+00
3.437500000000000e-02 3.724312766845378e-02 1.000000001229141e+00
3.750000000000001e-02 4.066682595574785e-02 1.000000001463001e+00
4.062500000000000e-02 4.410045286934348e-02 1.000000001709164e+00
4.375000000000000e-02 4.754484671411652e-02 1.000000001965902e+00
4.687500000000000e-02 5.100084842364160e-02 1.000000002265925e+00
5.000000000000000e-02 5.446930176550237e-02 1.000000002578118e+00
5.312500000000001e-02 5.795105354729364e-02 1.000000002901125e+00
5.625000000000000e-02 6.144695382336569e-02 1.000000003233830e+00
5.937500000000000e-02 6.495785610236132e-02 1.000000003608917e+00
6.250000000000000e-02 6.848461755559625e-02 1.000000003995280e+00
6.562500000000000e-02 7.202809922633362e-02 1.000000004391966e+00
6.875000000000001e-02 7.558916624000402e-02 1.000000004831535e+00
7.187500000000001e-02 7.916868801542200e-02 1.000000005282798e+00
7.500000000000001e-02 8.276753847705080e-02 1.000000005744928e+00
7.812500000000000e-02 8.638659626836727e-02 1.000000006250412e+00
8.125000000000000e-02 9.002674496637868e-02 1.000000006768001e+00
8.437500000000001e-02 9.368887329734420e-02 1.000000007330086e+00
8.750000000000001e-02 9.737387535375355e-02 1.000000007905337e+00
9.062500000000001e-02 1.010826508126157e-01 1.000000008493046e+00
9.375000000000000e-02 1.048161051551108e-01 1.000000009125580e+00
9.687500000000000e-02 1.085751498876601e-01 1.000000009771597e+00
1.000000000000000e-01 1.123607027644654e-01 1.000000010430480e+00
1.031250000000000e-01 1.161736880115753e-01 1.000000011134579e+00
1.062500000000000e-01 1.200150365525305e-01 1.000000011885417e+00
1.093750000000000e-01 1.238856862356450e-01 1.000000012684423e+00
1.125000000000000e-01 1.277865820629775e-01 1.000000013500117e+00
1.156250000000000e-01 1.317186764210495e-01 1.000000014299082e+00
1.187500000000000e-01 1.356829293133661e-01 1.000000015144487e+00
1.218750000000000e-01 1.396803085947971e-01 1.000000016037716e+00
1.250000000000000e-01 1.437117902078738e-01 1.000000016980088e+00
1.281250000000000e-01 1.477783584210617e-01 1.000000017940132e+00
1.312500000000000e-01 1.518810060690650e-01 1.000000018950054e+00
1.343750000000000e-01 1.560207347952229e-01 1.000000020011073e+00
1.375000000000000e-01 1.601985552960564e-01 1.000000021091684e+00
1.406250000000000e-01 1.644154875680252e-01 1.000000022224058e+00
1.437500000000000e-01 1.686725611565558e-01 1.000000023376692e+00
1.468750000000000e-01 1.729708154074000e-01 1.000000024581762e+00
1.500000000000000e-01 1.773112997203869e-01 1.000000025840396e+00
1.531250000000000e-01 1.816950738056289e-01 1.000000027153690e+00
1.562500000000000e-01 1.861232079422458e-01 1.000000028490106e+00
1.593750000000000e-01 1.905967832396682e-01 1.000000029881790e+00
1.625000000000000e-01 1.951168919015860e-01 1.000000031297214e+00
1.656250000000000e-01 1.996846374926046e-01 1.000000032801112e+00
1.687500000000000e-01 2.043011352076760e-01 1.000000034363404e+00
1.718750000000000e-01 2.089675121443681e-01 1.000000035985088e+00
1.750000000000000e-01 2.136849075780412e-01 1.000000037634593e+00
1.781250000000000e-01 2.184544732399964e-01 1.000000039344037e+00
1.812500000000000e-01 2.232773735986666e-01 1.000000041114402e+00
1.843750000000000e-01 2.281547861439151e-01 1.000000042946660e+00
1.875000000000000e-01 2.330879016745160e-01 1.000000044841767e+00
1.906250000000000e-01 2.380779245888810e-01 1.000000046833187e+00
1.937500000000000e-01 2.431260731791094e-01 1.000000048890673e+00
1.968750000000000e-01 2.482335799284277e-01 1.000000050982632e+00
2.000000000000000e-01 2.534016918120952e-01 1.000000053173655e+00
2.031250000000000e-01 2.586316706018478e-01 1.000000055433461e+00
2.062500000000000e-01 2.639247931739538e-01 1.000000057795428e+00
2.093750000000000e-01 2.692823518209576e-01 1.000000060229234e+00
2.125000000000000e-01 2.747056545671873e-01 1.000000062735748e+00
2.156250000000000e-01 2.801960254881028e-01 1.000000065283365e+00
2.187500000000000e-01 2.857548050335636e-01 1.000000067969106e+00
2.218750000000000e-01 2.913833503550930e-01 1.000000070763859e+00
2.250000000000000e-01 2.970830356372213e-01 1.000000073637244e+00
2.281250000000000e-01 3.028552524329863e-01 1.000000076590094e+00
2.312500000000000e-01 3.087014100036755e-01 1.000000079688144e+00
2.343750000000000e-01 3.146229356628902e-01 1.000000082902196e+00
2.375000000000000e-01 3.206212751250189e-01 1.000000086234258e+00
2.406250000000000e-01 3.266978928582008e-01 1.000000089653889e+00
2.437500000000000e-01 3.328542724418705e-01 1.000000093194319e+00
2.468750000000000e-01 3.390919169289667e-01 1.000000096857530e+00
2.500000000000000e-01 3.454123492128958e-01 1.000000100645490e+00
2.531250000000000e-01 3.518171123993401e-01 1.000000104592580e+00
2.562500000000000e-01 3.583077701830001e-01 1.000000108669483e+00
2.593750000000000e-01 3.648859072293631e-01 1.000000112910546e+00
2.625000000000000e-01 3.715531295615936e-01 1.000000117318836e+00
2.656250000000000e-01 3.783110649526354e-01 1.000000121864985e+00
2.687500000000000e-01 3.851613633226258e-01 1.000000126550882e+00
2.718750000000000e-01 3.921056971417164e-01 1.000000131410820e+00
2.750000000000000e-01 3.991457618383991e-01 1.000000136447809e+00
2.781250000000000e-01 4.062832762134377e-01 1.000000141664843e+00
2.812500000000000e-01 4.135199828595055e-01 1.000000147097304e+00
2.843750000000000e-01 4.208576485866312e-01 1.000000152749273e+00
2.875000000000000e-01 4.282980648535585e-01 1.000000158592413e+00
2.906250000000000e-01 4.358430482051222e-01 1.000000164629651e+00
2.937500000000000e-01 4.434944407157500e-01 1.000000170928697e+00
2.968750000000000e-01 4.512541104391968e-01 1.000000177494663e+00
3.000000000000000e-01 4.591239518646220e-01 1.000000184267857e+00
3.031250000000000e-01 4.671058863791195e-01 1.000000191283540e+00
3.062500000000000e-01 4.752018627368176e-01 1.000000198545672e+00
3.093750000000000e-01 4.834138575346580e-01 1.000000206122970e+00
3.125000000000000e-01 4.917438756949728e-01 1.000000213989157e+00
3.156250000000000e-01 5.001939509549778e-01 1.000000222149229e+00
3.187500000000000e-01 5.087661463633005e-01 1.000000230640545e+00
3.218750000000000e-01 5.174625547836644e-01 1.000000239436767e+00
3.250000000000000e-01 5.262852994058529e-01 1.000000248607593e+00
3.281250000000000e-01 5.352365342640750e-01 1.000000258127723e+00
3.312500000000000e-01 5.443184447628656e-01 1.000000268035510e+00
3.343750000000000e-01 5.535332482106405e-01 1.000000278337984e+00
3.375000000000000e-01 5.628831943610435e-01 1.000000289074525e+00
3.406250000000000e-01 5.723705659622137e-01 1.000000300220810e+00
3.437500000000000e-01 5.819976793141081e-01 1.000000311816174e+00
3.468750000000000e-01 5.917668848340161e-01 1.000000323868621e+00
3.500000000000000e-01 6.016805676304035e-01 1.000000336418505e+00
3.531250000000000e-01 6.117411480852264e-01 1.000000349507212e+00
3.562500000000000e-01 6.219510824448572e-01 1.000000363177154e+00
3.593750000000000e-01 6.323128634197650e-01 1.000000377439404e+00
3.625000000000000e-01 6.428290207931012e-01 1.000000392272637e+00
3.656250000000000e-01 6.535021220383342e-01 1.000000407751547e+00
3.687500000000000e-01 6.643347729460869e-01 1.000000423888170e+00
3.718750000000000e-01 6.753296182603294e-01 1.000000440759240e+00
3.750000000000000e-01 6.864893423240808e-01 1.000000458378822e+00
3.781250000000000e-01 6.978166697347804e-01 1.000000476760951e+00
3.812500000000000e-01 7.093143660094854e-01 1.000000495984351e+00
3.843750000000000e-01 7.209852382600603e-01 1.000000516032714e+00
3.875000000000000e-01 7.328321358785219e-01 1.000000537018096e+00
3.906250000000000e-01 7.448579512327029e-01 1.000000559023275e+00
3.937500000000000e-01 7.570656203724140e-01 1.000000582003627e+00
3.968750000000000e-01 7.694581237462648e-01 1.000000606074209e+00
4.000000000000000e-01 7.820384869293291e-01 1.000000631256069e+00
4.031250000000000e-01 7.948097813618253e-01 1.000000657667287e+00
4.062500000000000e-01 8.077751250989945e-01 1.000000685396636e+00
4.093750000000000e-01 8.209376835723596e-01 1.000000714470194e+00
4.125000000000000e-01 8.343006703625532e-01 1.000000744978702e+00
4.156250000000000e-01 8.478673479838968e-01 1.000000777014910e+00
4.187500000000000e-01 8.616410286809313e-01 1.000000810705926e+00
4.218750000000000e-01 8.756250752370857e-01 1.000000846084827e+00
4.250000000000000e-01 8.898229017956865e-01 1.000000883314043e+00
4.281250000000000e-01 9.042379746935050e-01 1.000000922527696e+00
4.312500000000000e-01 9.188738133070491e-01 1.000000963798213e+00
4.343750000000000e-01 9.337339909118028e-01 1.000001007328389e+00
4.375000000000000e-01 9.488221355546261e-01 1.000001053229008e+00
4.406250000000000e-01 9.641419309395265e-01 1.000001101677530e+00
4.437500000000000e-01 9.796971173270190e-01 1.000001152855422e+00
4.468750000000000e-01 9.954914924472941e-01 1.000001206915805e+00
4.500000000000000e-01 1.011528912427417e+00 1.000001264144176e+00
4.531250000000000e-01 1.027813292732786e+00 1.000001324703675e+00
4.562500000000000e-01 1.044348609123070e+00 1.000001388857456e+00
4.593750000000000e-01 1.061138898622882e+00 1.000001456907026e+00
4.625000000000000e-01 1.078188260507393e+00 1.000001529063863e+00
4.656250000000000e-01 1.095500857303154e+00 1.000001605769836e+00
4.687500000000000e-01 1.113080915804360e+00 1.000001687283784e+00
4.718750000000000e-01 1.130932728104805e+00 1.000001774031236e+00
4.750000000000000e-01 1.149060652645771e+00 1.000001866447732e+00
4.781250000000000e-01 1.167469115280130e+00 1.000001964914123e+00
4.812500000000000e-01 1.186162610352890e+00 1.000002070077985e+00
4.843750000000000e-01 1.205145701798475e+00 1.000002182408869e+00
4.875000000000000e-01 1.224423024254985e+00 1.000002302515663e+00
4.906250000000000e-01 1.243999284195726e+00 1.000002431182965e+00
4.937500000000000e-01 1.263879261078271e+00 1.000002569052673e+00
4.968750000000000e-01 1.284067808511348e+00 1.000002717071734e+00
5.000000000000000e-01 1.304569855439823e+00 1.000002876145422e+00
5.031250000000000e-01 1.325390407348082e+00 1.000003047199983e+00
5.062500000000000e-01 1.346534547482100e+00 1.000003231570740e+00
5.093750000000000e-01 1.368007438090487e+00 1.000003430399629e+00
5.125000000000001e-01 1.389814321684837e+00 1.000003645080926e+00
5.156250000000000e-01 1.411960522319654e+00 1.000003877365297e+00
5.187500000000000e-01 1.434451446892208e+00 1.000004128819998e+00
5.218750000000000e-01 1.457292586462593e+00 1.000004401500992e+00
5.250000000000000e-01 1.480489517594354e+00 1.000004697675910e+00
5.281250000000001e-01 1.504047903715979e+00 1.000005019570297e+00
5.312500000000000e-01 1.527973496503592e+00 1.000005370108420e+00
5.343750000000000e-01 1.552272137285215e+00 1.000005752351160e+00
5.375000000000000e-01 1.576949758466886e+00 1.000006169400939e+00
5.406250000000000e-01 1.602012384981041e+00 1.000006625241546e+00
5.437500000000001e-01 1.627466135757470e+00 1.000007123954634e+00
5.468750000000000e-01 1.653317225217225e+00 1.000007669849019e+00
5.500000000000000e-01 1.679571964789851e+00 1.000008268143800e+00
5.531250000000000e-01 1.706236764454286e+00 1.000008923990781e+00
5.562500000000000e-01 1.733318134303830e+00 1.000009642953503e+00
5.593750000000001e-01 1.760822686135563e+00 1.000010431242584e+00
5.625000000000000e-01 1.788757135064574e+00 1.000011294502732e+00
5.656250000000000e-01 1.817128301163438e+00 1.000012238566813e+00
5.687500000000000e-01 1.845943111127301e+00 1.000013269134407e+00
5.718750000000000e-01 1.875208599965003e+00 1.000014389758622e+00
5.750000000000001e-01 1.904931912716643e+00 1.000015602358119e+00
5.781250000000000e-01 1.935120306198011e+00 1.000016906809327e+00
5.812500000000000e-01 1.965781150772311e+00 1.000018297067269e+00
5.843750000000000e-01 1.996921932149593e+00 1.000019760143670e+00
5.875000000000000e-01 2.028550253214365e+00 1.000021275317920e+00
5.906250000000001e-01 2.060673835881802e+00 1.000022809869749e+00
5.937500000000000e-01 2.093300522983012e+00 1.000024316207032e+00
5.968750000000000e-01 2.126438280179837e+00 1.000025731600072e+00
6.000000000000001e-01 2.160095197909630e+00 1.000026979893969e+00
6.031250000000000e-01 2.194279493360494e+00 1.000027982924678e+00
6.062500000000001e-01 2.228999512477486e+00 1.000028688275246e+00
6.093750000000000e-01 2.264263732000228e+00 1.000029125410926e+00
6.125000000000000e-01 2.300080761532477e+00 1.000029523803036e+00
6.156250000000001e-01 2.336459345644116e+00 1.000030540049309e+00
6.187500000000000e-01 2.373408366006099e+00 1.000033658016094e+00
6.218750000000001e-01 2.410936843558884e+00 1.000041875141762e+00
6.250000000000000e-01 2.449053940714840e+00 1.000060873447030e+00
6.281250000000000e-01 2.487768963595221e+00 1.000101006211578e+00
6.312500000000001e-01 2.527091364302215e+00 1.000180493317837e+00
6.343750000000000e-01 2.567030743226622e+00 1.000329849695915e+00
6.375000000000001e-01 2.607596851391758e+00 1.000596471649005e+00
6.406250000000000e-01 2.648799592834118e+00 1.001046707495391e+00
6.437500000000000e-01 2.690649027021411e+00 1.001761656358755e+00
6.468750000000001e-01 2.733155371308524e+00 1.002823983147792e+00
6.500000000000000e-01 2.776329003432049e+00 1.004297038796883e+00
6.531250000000001e-01 2.820180464043967e+00 1.006202689030060e+00
6.562500000000000e-01 2.864720459285089e+00 1.008506660189440e+00
6.593750000000000e-01 2.909959863398929e+00 1.011117798436753e+00
6.625000000000001e-01 2.955909721386590e+00 1.013902001665284e+00
6.656250000000000e-01 3.002581251703353e+00 1.016706010523726e+00
6.687500000000001e-01 3.049985848997626e+00 1.019383337848782e+00
6.718750000000000e-01 3.098135086892879e+00 1.021815294283603e+00
6.750000000000000e-01 3.147040720813310e+00 1.023923249895591e+00
6.781250000000001e-01 3.196714690853871e+00 1.025671757589079e+00
6.812500000000000e-01 3.247169124695383e+00 1.027064423375764e+00
6.843750000000001e-01 3.298416340565477e+00 1.028135314454605e+00
6.875000000000000e-01 3.350468850246008e+00 1.028938681425996e+00
6.906250000000000e-01 3.403339362127777e+00 1.029539153538596e+00
6.937500000000001e-01 3.457040784313211e+00 1.030003666894529e+00
6.968750000000000e-01 3.511586227767823e+00 1.030395579747694e+00
7.000000000000001e-01 3.566989009521205e+00 1.030770926561330e+00
7.031250000000000e-01 3.623262655918307e+00 1.031176506798557e+00
7.062500000000000e-01 3.680420905921852e+00 1.031649378059456e+00
7.093750000000001e-01 3.738477714466631e+00 1.032217288077336e+00
7.125000000000000e-01 3.797447255866536e+00 1.032899637485139e+00
7.156250000000001e-01 3.857343927275175e+00 1.033708680459347e+00
7.187500000000000e-01 3.918182352200844e+00 1.034650775597094e+00
7.218750000000000e-01 3.979977384076828e+00 1.035727565737670e+00
7.250000000000001e-01 4.042744109887770e+00 1.036937008161470e+00
7.281250000000000e-01 4.106497853853101e+00 1.038274213823109e+00
7.312500000000001e-01 4.171254181168399e+00 1.039732088500512e+00
7.343750000000000e-01 4.237028901805528e+00 1.041301797129286e+00
7.375000000000000e-01 4.303838074372613e+00 1.042973081086427e+00
7.406250000000001e-01 4.371698010034643e+00 1.044734456140592e+00
7.437500000000000e-01 4.440625276495786e+00 1.046573314290630e+00
7.468750000000001e-01 4.510636702044332e+00 1.048475946171356e+00
7.500000000000000e-01 4.581749379661216e+00 1.050427500469432e+00
7.531250000000000e-01 4.653980671193226e+00 1.052411898817171e+00
7.562500000000001e-01 4.727348211591802e+00 1.054411730732111e+00
7.593750000000000e-01 4.801869913218528e+00 1.056408163708271e+00
7.625000000000001e-01 4.877563970218381e+00 1.058380910814104e+00
7.656250000000000e-01 4.954448862961714e+00 1.060308305048814e+00
7.687500000000000e-01 5.032543362556198e+00 1.062167539689565e+00
7.718750000000001e-01 5.111866535429675e+00 1.063935163073386e+00
7.750000000000000e-01 5.192437747985146e+00 1.065587959036647e+00
7.781250000000001e-01 5.274276671329015e+00 1.067104374718075e+00
7.812500000000000e-01 5.357403286073669e+00 1.068466611800301e+00
7.843750000000000e-01 5.441837887215693e+00 1.069663325219210e+00
7.875000000000001e-01 5.527601089090773e+00 1.070692574186114e+00
7.906250000000000e-01 5.614713830406605e+00 1.071564337591425e+00
7.937500000000001e-01 5.703197379355005e+00 1.072301706991722e+00
7.968750000000000e-01 5.793073338804412e+00 1.072939972400055e+00
8.000000000000000e-01 5.884363651574169e+00 1.073523266626735e+00
8.031250000000001e-01 5.977090605791737e+00 1.074099111359385e+00
8.062500000000000e-01 6.071276840334257e+00 1.074711852307625e+00
8.093750000000001e-01 6.166945350355728e+00 1.075396330540095e+00
8.125000000000000e-01 6.264119492901173e+00 1.076173096697180e+00
8.156250000000000e-01 6.362822992609162e+00 1.077046093263628e+00
8.187500000000001e-01 6.463079947504072e+00 1.078003172373589e+00
8.218750000000000e-01 6.564914834879517e+00 1.079019242478866e+00
8.250000000000001e-01 6.668352517274371e+00 1.080061347041273e+00
8.281250000000000e-01 6.773418248542846e+00 1.081094631093157e+00
8.312500000000000e-01 6.880137680020114e+00 1.082088000749402e+00
8.343750000000001e-01 6.988536866784961e+00 1.083018384758513e+00
8.375000000000000e-01 7.098642274021019e+00 1.083872883183003e+00
8.406250000000001e-01 7.210480783478133e+00 1.084648652876578e+00
8.437500000000000e-01 7.324079700035414e+00 1.085350959341576e+00
8.468750000000000e-01 7.439466758367605e+00 1.085990217972726e+00
8.500000000000001e-01 7.556670129716381e+00 1.086578933223086e+00
8.531250000000000e-01 7.675718428768239e+00 1.087129239296444e+00
8.562500000000001e-01 7.796640720640633e+00 1.087651381900254e+00
8.593750000000000e-01 7.919466527978115e+00 1.088153125031703e+00
8.625000000000000e-01 8.044225838160141e+00 1.088639838767707e+00
8.656250000000001e-01 8.170949110622363e+00 1.089114953750197e+00
8.687500000000000e-01 8.299667284293170e+00 1.089580518012311e+00
8.718750000000001e-01 8.430411785147284e+00 1.090037692455915e+00
8.750000000000000e-01 8.563214533878281e+00 1.090487119306408e+00
8.781250000000000e-01 8.698107953691880e+00 1.090929161874718e+00
8.812500000000001e-01 8.835124978221932e+00 1.091364044637497e+00
8.843750000000000e-01 8.974299059571019e+00 1.091791927436621e+00
8.875000000000001e-01 9.115664176477637e+00 1.092212941432338e+00
8.906250000000000e-01 9.259254842611947e+00 1.092627205377960e+00
8.937500000000000e-01 9.405106115002161e+00 1.093034832089364e+00
8.968750000000001e-01 9.553253602593529e+00 1.093435931255580e+00
9.000000000000000e-01 9.703733474942130e+00 1.093830610153339e+00
9.031250000000001e-01 9.856582471045494e+00 1.094218974136602e+00
9.062500000000000e-01 1.001183790831228e+01 1.094601126715297e+00
9.093750000000000e-01 1.016953769167313e+01 1.094977169598302e+00
9.125000000000001e-01 1.032972032283505e+01 1.095347202734898e+00
9.156250000000000e-01 1.049242490968134e+01 1.095711324390164e+00
9.187500000000001e-01 1.065769117581972e+01 1.096069631113681e+00
9.218750000000000e-01 1.082555947028058e+01 1.096422217846241e+00
9.250000000000000e-01 1.099607077736805e+01 1.096769177921023e+00
9.281250000000001e-01 1.116926672666618e+01 1.097110603026598e+00
9.312500000000000e-01 1.134518960320255e+01 1.097446583343628e+00
9.343750000000001e-01 1.152388235777201e+01 1.097777207506125e+00
9.375000000000000e-01 1.170538861742293e+01 1.098102562629929e+00
9.406250000000000e-01 1.188975269610854e+01 1.098422734375316e+00
9.437500000000001e-01 1.207701960550600e+01 1.098737806938284e+00
9.468750000000000e-01 1.226723506600578e+01 1.099047863110356e+00
9.500000000000001e-01 1.246044551787411e+01 1.099352984267050e+00
9.531250000000000e-01 1.265669813259115e+01 1.099653250460504e+00
9.562500000000000e-01 1.285604082436773e+01 1.099948740335163e+00
9.593750000000001e-01 1.305852226184337e+01 1.100239531252111e+00
9.625000000000000e-01 1.326419187996850e+01 1.100525699273189e+00
9.656250000000001e-01 1.347309989207381e+01 1.100807319178176e+00
9.687500000000000e-01 1.368529730212962e+01 1.101084464516257e+00
9.718750000000000e-01 1.390083591719824e+01 1.101357207550427e+00
9.750000000000001e-01 1.411976836008246e+01 1.101625619376417e+00
9.781250000000000e-01 1.434214808217320e+01 1.101889769936875e+00
9.812500000000001e-01 1.456802937649935e+01 1.102149727927272e+00
9.843750000000000e-01 1.479746739098328e+01 1.102405560982258e+00
9.875000000000000e-01 1.503051814190487e+01 1.102657335545564e+00
9.906250000000001e-01 1.526723852757770e+01 1.102905116983648e+00
9.937500000000000e-01 1.550768634224049e+01 1.103148969594508e+00
9.968750000000001e-01 1.575192029016732e+01 1.103388956615210e+00
1.000000000000000e+00 1.600000000000000e+01 1.103625140192417e+00
