0.000000000000000e+00 0.000000000000000e+00 1.000000000000000e+00
3.125000000000000e-03 3.369263549427258e-03 1.000075953459884e+00
6.250000000000000e-03 6.739349689698711e-03 1.000208134360606e+00
9.375000000000001e-03 1.011108121249049e-02 1.000405588279760e+00
1.250000000000000e-02 1.348528131119160e-02 1.000669866940591e+00
1.562500000000000e-02 1.686277378188298e-02 1.001001608839970e+00
1.875000000000000e-02 2.024438322446370e-02 1.001401341038785e+00
2.187500000000000e-02 2.363093524397333e-02 1.001869576180702e+00
2.500000000000000e-02 2.702325665215984e-02 1.002406731008717e+00
2.812500000000000e-02 3.042217566934200e-02 1.003013355879580e+00
3.125000000000000e-02 3.382852212661575e-02 1.003690128343208e+00
3.437500000000000e-02 3.724312766845378e-02 1.004437654404945e+00
3.750000000000001e-02 4.066682595574785e-02 1.005256628176861e+00
4.062500000000000e-02 4.410045286934348e-02 1.006147899267543e+00
4.375000000000000e-02 4.754484671411652e-02 1.007112291542238e+00
4.687500000000000e-02 5.100084842364160e-02 1.008150685412837e+00
5.000000000000000e-02 5.446930176550237e-02 1.009264112292916e+00
5.312500000000001e-02 5.795105354729364e-02 1.010453624509236e+00
5.625000000000000e-02 6.144695382336569e-02 1.011720328607494e+00
5.937500000000000e-02 6.495785610236132e-02 1.013065445048908e+00
6.250000000000000e-02 6.848461755559625e-02 1.014490226361403e+00
6.562500000000000e-02 7.202809922633362e-02 1.015996005175377e+00
6.875000000000001e-02 7.558916624000402e-02 1.017584223332188e+00
7.187500000000001e-02 7.916868801542200e-02 1.019256349143139e+00
7.500000000000001e-02 8.276753847705080e-02 1.021013942652109e+00
7.812500000000000e-02 8.638659626836727e-02 1.022858673834041e+00
8.125000000000000e-02 9.002674496637868e-02 1.024792230771352e+00
8.437500000000001e-02 9.368887329734420e-02 1.026816395116448e+00
8.750000000000001e-02 9.737387535375355e-02 1.028933069751590e+00
9.062500000000001e-02 1.010826508126157e-01 1.031144181694479e+00
9.375000000000000e-02 1.048161051551108e-01 1.033451751545129e+00
9.687500000000000e-02 1.085751498876601e-01 1.035857917436873e+00
1.000000000000000e-01 1.123607027644654e-01 1.038364837959145e+00
1.031250000000000e-01 1.161736880115753e-01 1.040974765565218e+00
1.062500000000000e-01 1.200150365525305e-01 1.043690080365675e+00
1.093750000000000e-01 1.238856862356450e-01 1.046513188121288e+00
1.125000000000000e-01 1.277865820629775e-01 1.049446583964827e+00
1.156250000000000e-01 1.317186764210495e-01 1.052492887285054e+00
1.187500000000000e-01 1.356829293133661e-01 1.055654738184939e+00
1.218750000000000e-01 1.396803085947971e-01 1.058934860607479e+00
1.250000000000000e-01 1.437117902078738e-01 1.062336113588108e+00
1.281250000000000e-01 1.477783584210617e-01 1.065861380933802e+00
1.312500000000000e-01 1.518810060690650e-01 1.069513614789615e+00
1.343750000000000e-01 1.560207347952229e-01 1.073295896445580e+00
1.375000000000000e-01 1.601985552960564e-01 1.077211328353415e+00
1.406250000000000e-01 1.644154875680252e-01 1.081263065806408e+00
1.437500000000000e-01 1.686725611565558e-01 1.085454399510932e+00
1.468750000000000e-01 1.729708154074000e-01 1.089788645512200e+00
1.500000000000000e-01 1.773112997203869e-01 1.094269139930602e+00
1.531250000000000e-01 1.816950738056289e-01 1.098899337021344e+00
1.562500000000000e-01 1.861232079422458e-01 1.103682719531388e+00
1.593750000000000e-01 1.905967832396682e-01 1.108622764121788e+00
1.625000000000000e-01 1.951168919015860e-01 1.113723050734506e+00
1.656250000000000e-01 1.996846374926046e-01 1.118987191747497e+00
1.687500000000000e-01 2.043011352076760e-01 1.124418746903341e+00
1.718750000000000e-01 2.089675121443681e-01 1.130021332764665e+00
1.750000000000000e-01 2.136849075780412e-01 1.135798609685092e+00
1.781250000000000e-01 2.184544732399964e-01 1.141754160333865e+00
1.812500000000000e-01 2.232773735986666e-01 1.147891560422961e+00
1.843750000000000e-01 2.281547861439151e-01 1.154214414606025e+00
1.875000000000000e-01 2.330879016745160e-01 1.160726220383989e+00
1.906250000000000e-01 2.380779245888810e-01 1.167430386328277e+00
1.937500000000000e-01 2.431260731791094e-01 1.174330328580682e+00
1.968750000000000e-01 2.482335799284277e-01 1.181429353503231e+00
2.000000000000000e-01 2.534016918120952e-01 1.188730576302407e+00
2.031250000000000e-01 2.586316706018478e-01 1.196237033208375e+00
2.062500000000000e-01 2.639247931739538e-01 1.203951658807151e+00
2.093750000000000e-01 2.692823518209576e-01 1.211877140165229e+00
2.125000000000000e-01 2.747056545671873e-01 1.220015959477042e+00
2.156250000000000e-01 2.801960254881028e-01 1.228370458572789e+00
2.187500000000000e-01 2.857548050335636e-01 1.236942706832934e+00
2.218750000000000e-01 2.913833503550930e-01 1.245734440275455e+00
2.250000000000000e-01 2.970830356372213e-01 1.254747167730844e+00
2.281250000000000e-01 3.028552524329863e-01 1.263982131197621e+00
2.312500000000000e-01 3.087014100036755e-01 1.273440147960187e+00
2.343750000000000e-01 3.146229356628902e-01 1.283121645272632e+00
2.375000000000000e-01 3.206212751250189e-01 1.293026761205732e+00
2.406250000000000e-01 3.266978928582008e-01 1.303155231081462e+00
2.437500000000000e-01 3.328542724418705e-01 1.313506258521640e+00
2.468750000000000e-01 3.390919169289667e-01 1.324078608826838e+00
2.500000000000000e-01 3.454123492128958e-01 1.334870685508006e+00
2.531250000000000e-01 3.518171123993401e-01 1.345880391305686e+00
2.562500000000000e-01 3.583077701830001e-01 1.357105036553271e+00
2.593750000000000e-01 3.648859072293631e-01 1.368541462319871e+00
2.625000000000000e-01 3.715531295615936e-01 1.380186111685350e+00
2.656250000000000e-01 3.783110649526354e-01 1.392034898783849e+00
2.687500000000000e-01 3.851613633226258e-01 1.404083137621538e+00
2.718750000000000e-01 3.921056971417164e-01 1.416325681073746e+00
2.750000000000000e-01 3.991457618383991e-01 1.428757019224985e+00
2.781250000000000e-01 4.062832762134377e-01 1.441371177668350e+00
2.812500000000000e-01 4.135199828595055e-01 1.454161644862312e+00
2.843750000000000e-01 4.208576485866312e-01 1.467121507976282e+00
2.875000000000000e-01 4.282980648535585e-01 1.480243598575577e+00
2.906250000000000e-01 4.358430482051222e-01 1.493520449582812e+00
2.937500000000000e-01 4.434944407157500e-01 1.506944213512443e+00
2.968750000000000e-01 4.512541104391968e-01 1.520506750435252e+00
3.000000000000000e-01 4.591239518646220e-01 1.534199797029253e+00
3.031250000000000e-01 4.671058863791195e-01 1.548015023268524e+00
3.062500000000000e-01 4.752018627368176e-01 1.561943982989744e+00
3.093750000000000e-01 4.834138575346580e-01 1.575978101418945e+00
3.125000000000000e-01 4.917438756949728e-01 1.590108775398454e+00
3.156250000000000e-01 5.001939509549778e-01 1.604327526495648e+00
3.187500000000000e-01 5.087661463633005e-01 1.618626062550298e+00
3.218750000000000e-01 5.174625547836644e-01 1.632996205848201e+00
3.250000000000000e-01 5.262852994058529e-01 1.647429853314064e+00
3.281250000000000e-01 5.352365342640750e-01 1.661919082044886e+00
3.312500000000000e-01 5.443184447628656e-01 1.676456275827949e+00
3.343750000000000e-01 5.535332482106405e-01 1.691034156850375e+00
3.375000000000000e-01 5.628831943610435e-01 1.705645748407453e+00
3.406250000000000e-01 5.723705659622137e-01 1.720284307287228e+00
3.437500000000000e-01 5.819976793141081e-01 1.734943301763682e+00
3.468750000000000e-01 5.917668848340161e-01 1.749616493924715e+00
3.500000000000000e-01 6.016805676304035e-01 1.764298011156207e+00
3.531250000000000e-01 6.117411480852264e-01 1.778982330374885e+00
3.562500000000000e-01 6.219510824448572e-01 1.793664227539916e+00
3.593750000000000e-01 6.323128634197650e-01 1.808338694609455e+00
3.625000000000000e-01 6.428290207931012e-01 1.823000875752996e+00
3.656250000000000e-01 6.535021220383342e-01 1.837646086154332e+00
3.687500000000000e-01 6.643347729460869e-01 1.852269829792644e+00
3.718750000000000e-01 6.753296182603294e-01 1.866867806583552e+00
3.750000000000000e-01 6.864893423240808e-01 1.881435908561039e+00
3.781250000000000e-01 6.978166697347804e-01 1.895970152146702e+00
3.812500000000000e-01 7.093143660094854e-01 1.910466621215126e+00
3.843750000000000e-01 7.209852382600603e-01 1.924921412276581e+00
3.875000000000000e-01 7.328321358785219e-01 1.939330582589191e+00
3.906250000000000e-01 7.448579512327029e-01 1.953690142188238e+00
3.937500000000000e-01 7.570656203724140e-01 1.967996029040206e+00
3.968750000000000e-01 7.694581237462648e-01 1.982244109394734e+00
4.000000000000000e-01 7.820384869293291e-01 1.996430163735137e+00
4.031250000000000e-01 7.948097813618253e-01 2.010549871502563e+00
4.062500000000000e-01 8.077751250989945e-01 2.024598797012494e+00
4.093750000000000e-01 8.209376835723596e-01 2.038572366582822e+00
4.125000000000000e-01 8.343006703625532e-01 2.052465855738865e+00
4.156250000000000e-01 8.478673479838968e-01 2.066274370554801e+00
4.187500000000000e-01 8.616410286809313e-01 2.079992838636387e+00
4.218750000000000e-01 8.756250752370857e-01 2.093615999116277e+00
4.250000000000000e-01 8.898229017956865e-01 2.107138398303479e+00
4.281250000000000e-01 9.042379746935050e-01 2.120554386634580e+00
4.312500000000000e-01 9.188738133070491e-01 2.133858119253542e+00
4.343750000000000e-01 9.337339909118028e-01 2.147043558867551e+00
4.375000000000000e-01 9.488221355546261e-01 2.160104480674171e+00
4.406250000000000e-01 9.641419309395265e-01 2.173034480312054e+00
4.437500000000000e-01 9.796971173270190e-01 2.185826984061577e+00
4.468750000000000e-01 9.954914924472941e-01 2.198475261877697e+00
4.500000000000000e-01 1.011528912427417e+00 2.210972443511864e+00
4.531250000000000e-01 1.027813292732786e+00 2.223311537252552e+00
4.562500000000000e-01 1.044348609123070e+00 2.235485452102100e+00
4.593750000000000e-01 1.061138898622882e+00 2.247487023893941e+00
4.625000000000000e-01 1.078188260507393e+00 2.259309044637122e+00
4.656250000000000e-01 1.095500857303154e+00 2.270944295909322e+00
4.687500000000000e-01 1.113080915804360e+00 2.282385587421169e+00
4.718750000000000e-01 1.130932728104805e+00 2.293625799553920e+00
4.750000000000000e-01 1.149060652645771e+00 2.304657930943859e+00
4.781250000000000e-01 1.167469115280130e+00 2.315475151744734e+00
4.812500000000000e-01 1.186162610352890e+00 2.326070862328276e+00
4.843750000000000e-01 1.205145701798475e+00 2.336438757516042e+00
4.875000000000000e-01 1.224423024254985e+00 2.346572897057651e+00
4.906250000000000e-01 1.243999284195726e+00 2.356467781418216e+00
4.937500000000000e-01 1.263879261078271e+00 2.366118433911475e+00
4.968750000000000e-01 1.284067808511348e+00 2.375520487796977e+00
5.000000000000000e-01 1.304569855439823e+00 2.384670278793102e+00
5.031250000000000e-01 1.325390407348082e+00 2.393564940854545e+00
5.062500000000000e-01 1.346534547482100e+00 2.402202505926646e+00
5.093750000000000e-01 1.368007438090487e+00 2.410582005012644e+00
5.125000000000001e-01 1.389814321684837e+00 2.418703569040227e+00
5.156250000000000e-01 1.411960522319654e+00 2.426568528076347e+00
5.187500000000000e-01 1.434451446892208e+00 2.434179505656242e+00
5.218750000000000e-01 1.457292586462593e+00 2.441540505243811e+00
5.250000000000000e-01 1.480489517594354e+00 2.448656987210461e+00
5.281250000000001e-01 1.504047903715979e+00 2.455535930421553e+00
5.312500000000000e-01 1.527973496503592e+00 2.462185876584117e+00
5.343750000000000e-01 1.552272137285215e+00 2.468616952978992e+00
5.375000000000000e-01 1.576949758466886e+00 2.474840869090696e+00
5.406250000000000e-01 1.602012384981041e+00 2.480870884586596e+00
5.437500000000001e-01 1.627466135757470e+00 2.486721744216845e+00
5.468750000000000e-01 1.653317225217225e+00 2.492409577570665e+00
5.500000000000000e-01 1.679571964789851e+00 2.497951761937676e+00
5.531250000000000e-01 1.706236764454286e+00 2.503366745596835e+00
5.562500000000000e-01 1.733318134303830e+00 2.508673834159015e+00
5.593750000000001e-01 1.760822686135563e+00 2.513892939225969e+00
5.625000000000000e-01 1.788757135064574e+00 2.519044293698709e+00
5.656250000000000e-01 1.817128301163438e+00 2.524148136896967e+00
5.687500000000000e-01 1.845943111127301e+00 2.529224376478298e+00
5.718750000000000e-01 1.875208599965003e+00 2.534292233711781e+00
5.750000000000001e-01 1.904931912716643e+00 2.539369880108159e+00
5.781250000000000e-01 1.935120306198011e+00 2.544474076167054e+00
5.812500000000000e-01 1.965781150772311e+00 2.549619820887349e+00
5.843750000000000e-01 1.996921932149593e+00 2.554820023625534e+00
5.875000000000000e-01 2.028550253214365e+00 2.560085207555245e+00
5.906250000000001e-01 2.060673835881802e+00 2.565423256177114e+00
5.937500000000000e-01 2.093300522983012e+00 2.570839210646316e+00
5.968750000000000e-01 2.126438280179837e+00 2.576335128172967e+00
6.000000000000001e-01 2.160095197909630e+00 2.581910005810717e+00
6.031250000000000e-01 2.194279493360494e+00 2.587559777739672e+00
6.062500000000001e-01 2.228999512477486e+00 2.593277387260648e+00
6.093750000000000e-01 2.264263732000228e+00 2.599052936377817e+00
6.125000000000000e-01 2.300080761532477e+00 2.604873911747652e+00
6.156250000000001e-01 2.336459345644116e+00 2.610725483681513e+00
6.187500000000000e-01 2.373408366006099e+00 2.616590873774448e+00
6.218750000000001e-01 2.410936843558884e+00 2.622451782202726e+00
6.250000000000000e-01 2.449053940714840e+00 2.628288865197549e+00
6.281250000000000e-01 2.487768963595221e+00 2.634082249286010e+00
6.312500000000001e-01 2.527091364302215e+00 2.639812066603024e+00
6.343750000000000e-01 2.567030743226622e+00 2.645458995337757e+00
6.375000000000001e-01 2.607596851391758e+00 2.651004784528954e+00
6.406250000000000e-01 2.648799592834118e+00 2.656432744924919e+00
6.437500000000000e-01 2.690649027021411e+00 2.661728184849390e+00
6.468750000000001e-01 2.733155371308524e+00 2.666878773192574e+00
6.500000000000000e-01 2.776329003432049e+00 2.671874812373371e+00
6.531250000000001e-01 2.820180464043967e+00 2.676709409122470e+00
6.562500000000000e-01 2.864720459285089e+00 2.681378534721079e+00
6.593750000000000e-01 2.909959863398929e+00 2.685880973043232e+00
6.625000000000001e-01 2.955909721386590e+00 2.690218160677408e+00
6.656250000000000e-01 3.002581251703353e+00 2.694393930060785e+00
6.687500000000001e-01 3.049985848997626e+00 2.698414172159140e+00
6.718750000000000e-01 3.098135086892879e+00 2.702286441138011e+00
6.750000000000000e-01 3.147040720813310e+00 2.706019524799013e+00
6.781250000000001e-01 3.196714690853871e+00 2.709623006824116e+00
6.812500000000000e-01 3.247169124695383e+00 2.713106846874646e+00
6.843750000000001e-01 3.298416340565477e+00 2.716480998675391e+00
6.875000000000000e-01 3.350468850246008e+00 2.719755084373097e+00
6.906250000000000e-01 3.403339362127777e+00 2.722938136267020e+00
6.937500000000001e-01 3.457040784313211e+00 2.726038411539761e+00
6.968750000000000e-01 3.511586227767823e+00 2.729063277964562e+00
7.000000000000001e-01 3.566989009521205e+00 2.732019166561602e+00
7.031250000000000e-01 3.623262655918307e+00 2.734911579453597e+00
7.062500000000000e-01 3.680420905921852e+00 2.737745142570148e+00
7.093750000000001e-01 3.738477714466631e+00 2.740523688384224e+00
7.125000000000000e-01 3.797447255866536e+00 2.743250357486391e+00
7.156250000000001e-01 3.857343927275175e+00 2.745927707283863e+00
7.187500000000000e-01 3.918182352200844e+00 2.748557818455281e+00
7.218750000000000e-01 3.979977384076828e+00 2.751142394068994e+00
7.250000000000001e-01 4.042744109887770e+00 2.753682845342010e+00
7.281250000000000e-01 4.106497853853101e+00 2.756180364277015e+00
7.312500000000001e-01 4.171254181168399e+00 2.758635981668316e+00
7.343750000000000e-01 4.237028901805528e+00 2.761050611965037e+00
7.375000000000000e-01 4.303838074372613e+00 2.763425086435057e+00
7.406250000000001e-01 4.371698010034643e+00 2.765760177679758e+00
7.437500000000000e-01 4.440625276495786e+00 2.768056615835379e+00
7.468750000000001e-01 4.510636702044332e+00 2.770315100462287e+00
7.500000000000000e-01 4.581749379661216e+00 2.772536307161177e+00
7.531250000000000e-01 4.653980671193226e+00 2.774720892924727e+00
7.562500000000001e-01 4.727348211591802e+00 2.776869498950512e+00
7.593750000000000e-01 4.801869913218528e+00 2.778982752019975e+00
7.625000000000001e-01 4.877563970218381e+00 2.781061266204778e+00
7.656250000000000e-01 4.954448862961714e+00 2.783105643393465e+00
7.687500000000000e-01 5.032543362556198e+00 2.785116473655068e+00
7.718750000000001e-01 5.111866535429675e+00 2.787094335738121e+00
7.750000000000000e-01 5.192437747985146e+00 2.789039797406779e+00
7.781250000000001e-01 5.274276671329015e+00 2.790953415608428e+00
7.812500000000000e-01 5.357403286073669e+00 2.792835736924278e+00
7.843750000000000e-01 5.441837887215693e+00 2.794687297552458e+00
7.875000000000001e-01 5.527601089090773e+00 2.796508623721832e+00
7.906250000000000e-01 5.614713830406605e+00 2.798300231943456e+00
7.937500000000001e-01 5.703197379355005e+00 2.800062628788583e+00
7.968750000000000e-01 5.793073338804412e+00 2.801796311857502e+00
8.000000000000000e-01 5.884363651574169e+00 2.803501769079471e+00
8.031250000000001e-01 5.977090605791737e+00 2.805179479800552e+00
8.062500000000000e-01 6.071276840334257e+00 2.806829914359547e+00
8.093750000000001e-01 6.166945350355728e+00 2.808453534546394e+00
8.125000000000000e-01 6.264119492901173e+00 2.810050793597749e+00
8.156250000000000e-01 6.362822992609162e+00 2.811622136479733e+00
8.187500000000001e-01 6.463079947504072e+00 2.813168000315821e+00
8.218750000000000e-01 6.564914834879517e+00 2.814688813890957e+00
8.250000000000001e-01 6.668352517274371e+00 2.816184998502337e+00
8.281250000000000e-01 6.773418248542846e+00 2.817656967902320e+00
8.312500000000000e-01 6.880137680020114e+00 2.819105128222425e+00
8.343750000000001e-01 6.988536866784961e+00 2.820529878186278e+00
8.375000000000000e-01 7.098642274021019e+00 2.821931609622751e+00
8.406250000000001e-01 7.210480783478133e+00 2.823310707366650e+00
8.437500000000000e-01 7.324079700035414e+00 2.824667549140970e+00
8.468750000000000e-01 7.439466758367605e+00 2.826002506191501e+00
8.500000000000001e-01 7.556670129716381e+00 2.827315942851222e+00
8.531250000000000e-01 7.675718428768239e+00 2.828608217464042e+00
8.562500000000001e-01 7.796640720640633e+00 2.829879681631069e+00
8.593750000000000e-01 7.919466527978115e+00 2.831130680806767e+00
8.625000000000000e-01 8.044225838160141e+00 2.832361554595556e+00
8.656250000000001e-01 8.170949110622363e+00 2.833572636274323e+00
8.687500000000000e-01 8.299667284293170e+00 2.834764253677737e+00
8.718750000000001e-01 8.430411785147284e+00 2.835936728557374e+00
8.750000000000000e-01 8.563214533878281e+00 2.837090377144829e+00
8.781250000000000e-01 8.698107953691880e+00 2.838225510260069e+00
8.812500000000001e-01 8.835124978221932e+00 2.839342433258379e+00
8.843750000000000e-01 8.974299059571019e+00 2.840441446120299e+00
8.875000000000001e-01 9.115664176477637e+00 2.841522843535114e+00
8.906250000000000e-01 9.259254842611947e+00 2.842586915442911e+00
8.937500000000000e-01 9.405106115002161e+00 2.843633946345899e+00
8.968750000000001e-01 9.553253602593529e+00 2.844664216137767e+00
9.000000000000000e-01 9.703733474942130e+00 2.845677999712167e+00
9.031250000000001e-01 9.856582471045494e+00 2.846675567325041e+00
9.062500000000000e-01 1.001183790831228e+01 2.847657184650878e+00
9.093750000000000e-01 1.016953769167313e+01 2.848623112677496e+00
9.125000000000001e-01 1.032972032283505e+01 2.849573607900149e+00
9.156250000000000e-01 1.049242490968134e+01 2.850508922514874e+00
9.187500000000001e-01 1.065769117581972e+01 2.851429304300150e+00
9.218750000000000e-01 1.082555947028058e+01 2.852334997109324e+00
9.250000000000000e-01 1.099607077736805e+01 2.853226240283994e+00
9.281250000000001e-01 1.116926672666618e+01 2.854103269285205e+00
9.312500000000000e-01 1.134518960320255e+01 2.854966315561557e+00
9.343750000000001e-01 1.152388235777201e+01 2.855815606561877e+00
9.375000000000000e-01 1.170538861742293e+01 2.856651365897788e+00
9.406250000000000e-01 1.188975269610854e+01 2.857473813505703e+00
9.437500000000001e-01 1.207701960550600e+01 2.858283165652443e+00
9.468750000000000e-01 1.226723506600578e+01 2.859079634623375e+00
9.500000000000001e-01 1.246044551787411e+01 2.859863429485686e+00
9.531250000000000e-01 1.265669813259115e+01 2.860634755624505e+00
9.562500000000000e-01 1.285604082436773e+01 2.861393815037590e+00
9.593750000000001e-01 1.305852226184337e+01 2.862140806322748e+00
9.625000000000000e-01 1.326419187996850e+01 2.862875924659588e+00
9.656250000000001e-01 1.347309989207381e+01 2.863599362097875e+00
9.687500000000000e-01 1.368529730212962e+01 2.864311307226105e+00
9.718750000000000e-01 1.390083591719824e+01 2.865011945917362e+00
9.750000000000001e-01 1.411976836008246e+01 2.865701460533398e+00
9.781250000000000e-01 1.434214808217320e+01 2.866380030503509e+00
9.812500000000001e-01 1.456802937649935e+01 2.867047832449745e+00
9.843750000000000e-01 1.479746739098328e+01 2.867705039842817e+00
9.875000000000000e-01 1.503051814190487e+01 2.868351823267592e+00
9.906250000000001e-01 1.526723852757770e+01 2.868988350693444e+00
9.937500000000000e-01 1.550768634224049e+01 2.869614787123771e+00
9.968750000000001e-01 1.575192029016732e+01 2.870231294855577e+00
1.000000000000000e+00 1.600000000000000e+01 2.870838033587433e+00
