0.000000000000000e+00 0.000000000000000e+00 1.000000000000000e+00
3.125000000000000e-03 3.369263549427258e-03 1.000000000218324e+00
6.250000000000000e-03 6.739349689698711e-03 1.000000000506855e+00
9.375000000000001e-03 1.011108121249049e-02 1.000000000576627e+00
1.250000000000000e-02 1.348528131119160e-02 1.000000000577241e+00
1.562500000000000e-02 1.686277378188298e-02 1.000000000609639e+00
1.875000000000000e-02 2.024438322446370e-02 1.000000000636167e+00
2.187500000000000e-02 2.363093524397333e-02 1.000000000658636e+00
2.500000000000000e-02 2.702325665215984e-02 1.000000000678131e+00
2.812500000000000e-02 3.042217566934200e-02 1.000000000695355e+00
3.125000000000000e-02 3.382852212661575e-02 1.000000000710788e+00
3.437500000000000e-02 3.724312766845378e-02 1.000000000724774e+00
3.750000000000001e-02 4.066682595574785e-02 1.000000000737566e+00
4.062500000000000e-02 4.410045286934348e-02 1.000000000749358e+00
4.375000000000000e-02 4.754484671411652e-02 1.000000000760299e+00
4.687500000000000e-02 5.100084842364160e-02 1.000000000770508e+00
5.000000000000000e-02 5.446930176550237e-02 1.000000000780081e+00
5.312500000000001e-02 5.795105354729364e-02 1.000000000789097e+00
5.625000000000000e-02 6.144695382336569e-02 1.000000000797620e+00
5.937500000000000e-02 6.495785610236132e-02 1.000000000805706e+00
6.250000000000000e-02 6.848461755559625e-02 1.000000000813399e+00
6.562500000000000e-02 7.202809922633362e-02 1.000000000820740e+00
6.875000000000001e-02 7.558916624000402e-02 1.000000000827763e+00
7.187500000000001e-02 7.916868801542200e-02 1.000000000834496e+00
7.500000000000001e-02 8.276753847705080e-02 1.000000000840966e+00
7.812500000000000e-02 8.638659626836727e-02 1.000000000847194e+00
8.125000000000000e-02 9.002674496637868e-02 1.000000000853200e+00
8.437500000000001e-02 9.368887329734420e-02 1.000000000859003e+00
8.750000000000001e-02 9.737387535375355e-02 1.000000000864618e+00
9.062500000000001e-02 1.010826508126157e-01 1.000000000870058e+00
9.375000000000000e-02 1.048161051551108e-01 1.000000000875336e+00
9.687500000000000e-02 1.085751498876601e-01 1.000000000880464e+00
1.000000000000000e-01 1.123607027644654e-01 1.000000000885452e+00
1.031250000000000e-01 1.161736880115753e-01 1.000000000890309e+00
1.062500000000000e-01 1.200150365525305e-01 1.000000000895044e+00
1.093750000000000e-01 1.238856862356450e-01 1.000000000899663e+00
1.125000000000000e-01 1.277865820629775e-01 1.000000000904175e+00
1.156250000000000e-01 1.317186764210495e-01 1.000000000908586e+00
1.187500000000000e-01 1.356829293133661e-01 1.000000000912902e+00
1.218750000000000e-01 1.396803085947971e-01 1.000000000917128e+00
1.250000000000000e-01 1.437117902078738e-01 1.000000000921269e+00
1.281250000000000e-01 1.477783584210617e-01 1.000000000925330e+00
1.312500000000000e-01 1.518810060690650e-01 1.000000000929316e+00
1.343750000000000e-01 1.560207347952229e-01 1.000000000933229e+00
1.375000000000000e-01 1.601985552960564e-01 1.000000000937076e+00
1.406250000000000e-01 1.644154875680252e-01 1.000000000940857e+00
1.437500000000000e-01 1.686725611565558e-01 1.000000000944578e+00
1.468750000000000e-01 1.729708154074000e-01 1.000000000948240e+00
1.500000000000000e-01 1.773112997203869e-01 1.000000000951847e+00
1.531250000000000e-01 1.816950738056289e-01 1.000000000955402e+00
1.562500000000000e-01 1.861232079422458e-01 1.000000000958907e+00
1.593750000000000e-01 1.905967832396682e-01 1.000000000962364e+00
1.625000000000000e-01 1.951168919015860e-01 1.000000000965775e+00
1.656250000000000e-01 1.996846374926046e-01 1.000000000969143e+00
1.687500000000000e-01 2.043011352076760e-01 1.000000000972470e+00
1.718750000000000e-01 2.089675121443681e-01 1.000000000975757e+00
1.750000000000000e-01 2.136849075780412e-01 1.000000000979006e+00
1.781250000000000e-01 2.184544732399964e-01 1.000000000982219e+00
1.812500000000000e-01 2.232773735986666e-01 1.000000000985397e+00
1.843750000000000e-01 2.281547861439151e-01 1.000000000988542e+00
1.875000000000000e-01 2.330879016745160e-01 1.000000000991656e+00
1.906250000000000e-01 2.380779245888810e-01 1.000000000994739e+00
1.937500000000000e-01 2.431260731791094e-01 1.000000000997793e+00
1.968750000000000e-01 2.482335799284277e-01 1.000000001000819e+00
2.000000000000000e-01 2.534016918120952e-01 1.000000001003818e+00
2.031250000000000e-01 2.586316706018478e-01 1.000000001006792e+00
2.062500000000000e-01 2.639247931739538e-01 1.000000001009740e+00
2.093750000000000e-01 2.692823518209576e-01 1.000000001012665e+00
2.125000000000000e-01 2.747056545671873e-01 1.000000001015567e+00
2.156250000000000e-01 2.801960254881028e-01 1.000000001018448e+00
2.187500000000000e-01 2.857548050335636e-01 1.000000001021307e+00
2.218750000000000e-01 2.913833503550930e-01 1.000000001024146e+00
2.250000000000000e-01 2.970830356372213e-01 1.000000001026966e+00
2.281250000000000e-01 3.028552524329863e-01 1.000000001029766e+00
2.312500000000000e-01 3.087014100036755e-01 1.000000001032549e+00
2.343750000000000e-01 3.146229356628902e-01 1.000000001035315e+00
2.375000000000000e-01 3.206212751250189e-01 1.000000001038063e+00
2.406250000000000e-01 3.266978928582008e-01 1.000000001040796e+00
2.437500000000000e-01 3.328542724418705e-01 1.000000001043513e+00
2.468750000000000e-01 3.390919169289667e-01 1.000000001046216e+00
2.500000000000000e-01 3.454123492128958e-01 1.000000001048904e+00
2.531250000000000e-01 3.518171123993401e-01 1.000000001051578e+00
2.562500000000000e-01 3.583077701830001e-01 1.000000001054239e+00
2.593750000000000e-01 3.648859072293631e-01 1.000000001056887e+00
2.625000000000000e-01 3.715531295615936e-01 1.000000001059522e+00
2.656250000000000e-01 3.783110649526354e-01 1.000000001062146e+00
2.687500000000000e-01 3.851613633226258e-01 1.000000001064758e+00
2.718750000000000e-01 3.921056971417164e-01 1.000000001067359e+00
2.750000000000000e-01 3.991457618383991e-01 1.000000001069949e+00
2.781250000000000e-01 4.062832762134377e-01 1.000000001072528e+00
2.812500000000000e-01 4.135199828595055e-01 1.000000001075098e+00
2.843750000000000e-01 4.208576485866312e-01 1.000000001077658e+00
2.875000000000000e-01 4.282980648535585e-01 1.000000001080209e+00
2.906250000000000e-01 4.358430482051222e-01 1.000000001082751e+00
2.937500000000000e-01 4.434944407157500e-01 1.000000001085284e+00
2.968750000000000e-01 4.512541104391968e-01 1.000000001087809e+00
3.000000000000000e-01 4.591239518646220e-01 1.000000001090325e+00
3.031250000000000e-01 4.671058863791195e-01 1.000000001092834e+00
3.062500000000000e-01 4.752018627368176e-01 1.000000001095335e+00
3.093750000000000e-01 4.834138575346580e-01 1.000000001097829e+00
3.125000000000000e-01 4.917438756949728e-01 1.000000001100315e+00
3.156250000000000e-01 5.001939509549778e-01 1.000000001102795e+00
3.187500000000000e-01 5.087661463633005e-01 1.000000001163685e+00
3.218750000000000e-01 5.174625547836644e-01 1.000000001168099e+00
3.250000000000000e-01 5.262852994058529e-01 1.000000001230913e+00
3.281250000000000e-01 5.352365342640750e-01 1.000000001295652e+00
3.312500000000000e-01 5.443184447628656e-01 1.000000001362306e+00
3.343750000000000e-01 5.535332482106405e-01 1.000000001430868e+00
3.375000000000000e-01 5.628831943610435e-01 1.000000001501330e+00
3.406250000000000e-01 5.723705659622137e-01 1.000000001573684e+00
3.437500000000000e-01 5.819976793141081e-01 1.000000001647924e+00
3.468750000000000e-01 5.917668848340161e-01 1.000000001724042e+00
3.500000000000000e-01 6.016805676304035e-01 1.000000001802032e+00
3.531250000000000e-01 6.117411480852264e-01 1.000000001881888e+00
3.562500000000000e-01 6.219510824448572e-01 1.000000001963605e+00
3.593750000000000e-01 6.323128634197650e-01 1.000000002047177e+00
3.625000000000000e-01 6.428290207931012e-01 1.000000002132599e+00
3.656250000000000e-01 6.535021220383342e-01 1.000000002219867e+00
3.687500000000000e-01 6.643347729460869e-01 1.000000002308974e+00
3.718750000000000e-01 6.753296182603294e-01 1.000000002399918e+00
3.750000000000000e-01 6.864893423240808e-01 1.000000002492694e+00
3.781250000000000e-01 6.978166697347804e-01 1.000000002587298e+00
3.812500000000000e-01 7.093143660094854e-01 1.000000002683727e+00
3.843750000000000e-01 7.209852382600603e-01 1.000000002781977e+00
3.875000000000000e-01 7.328321358785219e-01 1.000000002882044e+00
3.906250000000000e-01 7.448579512327029e-01 1.000000002983926e+00
3.937500000000000e-01 7.570656203724140e-01 1.000000003087620e+00
3.968750000000000e-01 7.694581237462648e-01 1.000000003193122e+00
4.000000000000000e-01 7.820384869293291e-01 1.000000003300431e+00
4.031250000000000e-01 7.948097813618253e-01 1.000000003409544e+00
4.062500000000000e-01 8.077751250989945e-01 1.000000003520458e+00
4.093750000000000e-01 8.209376835723596e-01 1.000000003633172e+00
4.125000000000000e-01 8.343006703625532e-01 1.000000003747683e+00
4.156250000000000e-01 8.478673479838968e-01 1.000000003863989e+00
4.187500000000000e-01 8.616410286809313e-01 1.000000003982089e+00
4.218750000000000e-01 8.756250752370857e-01 1.000000004101981e+00
4.250000000000000e-01 8.898229017956865e-01 1.000000004223664e+00
4.281250000000000e-01 9.042379746935050e-01 1.000000004405498e+00
4.312500000000000e-01 9.188738133070491e-01 1.000000004590964e+00
4.343750000000000e-01 9.337339909118028e-01 1.000000004780057e+00
4.375000000000000e-01 9.488221355546261e-01 1.000000004972772e+00
4.406250000000000e-01 9.641419309395265e-01 1.000000005169107e+00
4.437500000000000e-01 9.796971173270190e-01 1.000000005369057e+00
4.468750000000000e-01 9.954914924472941e-01 1.000000005572618e+00
4.500000000000000e-01 1.011528912427417e+00 1.000000005779788e+00
4.531250000000000e-01 1.027813292732786e+00 1.000000005990562e+00
4.562500000000000e-01 1.044348609123070e+00 1.000000006204940e+00
4.593750000000000e-01 1.061138898622882e+00 1.000000006422917e+00
4.625000000000000e-01 1.078188260507393e+00 1.000000006702847e+00
4.656250000000000e-01 1.095500857303154e+00 1.000000006988201e+00
4.687500000000000e-01 1.113080915804360e+00 1.000000007278975e+00
4.718750000000000e-01 1.130932728104805e+00 1.000000007575164e+00
4.750000000000000e-01 1.149060652645771e+00 1.000000007876765e+00
4.781250000000000e-01 1.167469115280130e+00 1.000000008183773e+00
4.812500000000000e-01 1.186162610352890e+00 1.000000008554538e+00
4.843750000000000e-01 1.205145701798475e+00 1.000000008932527e+00
4.875000000000000e-01 1.224423024254985e+00 1.000000009317736e+00
4.906250000000000e-01 1.243999284195726e+00 1.000000009710159e+00
4.937500000000000e-01 1.263879261078271e+00 1.000000010109793e+00
4.968750000000000e-01 1.284067808511348e+00 1.000000010574983e+00
5.000000000000000e-01 1.304569855439823e+00 1.000000011049194e+00
5.031250000000000e-01 1.325390407348082e+00 1.000000011532422e+00
5.062500000000000e-01 1.346534547482100e+00 1.000000012083010e+00
5.093750000000000e-01 1.368007438090487e+00 1.000000012644422e+00
5.125000000000001e-01 1.389814321684837e+00 1.000000013216651e+00
5.156250000000000e-01 1.411960522319654e+00 1.000000013858042e+00
5.187500000000000e-01 1.434451446892208e+00 1.000000014512054e+00
5.218750000000000e-01 1.457292586462593e+00 1.000000015237031e+00
5.250000000000000e-01 1.480489517594354e+00 1.000000015976431e+00
5.281250000000001e-01 1.504047903715979e+00 1.000000016788596e+00
5.312500000000000e-01 1.527973496503592e+00 1.000000017616985e+00
5.343750000000000e-01 1.552272137285215e+00 1.000000018519937e+00
5.375000000000000e-01 1.576949758466886e+00 1.000000019440911e+00
5.406250000000000e-01 1.602012384981041e+00 1.000000020438245e+00
5.437500000000001e-01 1.627466135757470e+00 1.000000021513743e+00
5.468750000000000e-01 1.653317225217225e+00 1.000000022669206e+00
5.500000000000000e-01 1.679571964789851e+00 1.000000023906437e+00
5.531250000000000e-01 1.706236764454286e+00 1.000000025227235e+00
5.562500000000000e-01 1.733318134303830e+00 1.000000026633401e+00
5.593750000000001e-01 1.760822686135563e+00 1.000000028126732e+00
5.625000000000000e-01 1.788757135064574e+00 1.000000029767371e+00
5.656250000000000e-01 1.817128301163438e+00 1.000000031500579e+00
5.687500000000000e-01 1.845943111127301e+00 1.000000033328151e+00
5.718750000000000e-01 1.875208599965003e+00 1.000000035310227e+00
5.750000000000001e-01 1.904931912716643e+00 1.000000037450407e+00
5.781250000000000e-01 1.935120306198011e+00 1.000000039752292e+00
5.812500000000000e-01 1.965781150772311e+00 1.000000042277822e+00
5.843750000000000e-01 1.996921932149593e+00 1.000000044974056e+00
5.875000000000000e-01 2.028550253214365e+00 1.000000047902933e+00
5.906250000000001e-01 2.060673835881802e+00 1.000000051128193e+00
5.937500000000000e-01 2.093300522983012e+00 1.000000054598695e+00
5.968750000000000e-01 2.126438280179837e+00 1.000000058319833e+00
6.000000000000001e-01 2.160095197909630e+00 1.000000062472027e+00
6.031250000000000e-01 2.194279493360494e+00 1.000000066891050e+00
6.062500000000001e-01 2.228999512477486e+00 1.000000071757319e+00
6.093750000000000e-01 2.264263732000228e+00 1.000000077139970e+00
6.125000000000000e-01 2.300080761532477e+00 1.000000082993256e+00
6.156250000000001e-01 2.336459345644116e+00 1.000000089327967e+00
6.187500000000000e-01 2.373408366006099e+00 1.000000096446595e+00
6.218750000000001e-01 2.410936843558884e+00 1.000000104252252e+00
6.250000000000000e-01 2.449053940714840e+00 1.000000112702780e+00
6.281250000000000e-01 2.487768963595221e+00 1.000000122279286e+00
6.312500000000001e-01 2.527091364302215e+00 1.000000132893875e+00
6.343750000000000e-01 2.567030743226622e+00 1.000000144280018e+00
6.375000000000001e-01 2.607596851391758e+00 1.000000157212312e+00
6.406250000000000e-01 2.648799592834118e+00 1.000000172080374e+00
6.437500000000000e-01 2.690649027021411e+00 1.000000188001119e+00
6.468750000000001e-01 2.733155371308524e+00 1.000000205696182e+00
6.500000000000000e-01 2.776329003432049e+00 1.000000226783906e+00
6.531250000000001e-01 2.820180464043967e+00 1.000000250014203e+00
6.562500000000000e-01 2.864720459285089e+00 1.000000274737309e+00
6.593750000000000e-01 2.909959863398929e+00 1.000000304365676e+00
6.625000000000001e-01 2.955909721386590e+00 1.000000339732481e+00
6.656250000000000e-01 3.002581251703353e+00 1.000000376791893e+00
6.687500000000001e-01 3.049985848997626e+00 1.000000417902585e+00
6.718750000000000e-01 3.098135086892879e+00 1.000000470512440e+00
6.750000000000000e-01 3.147040720813310e+00 1.000000531911502e+00
6.781250000000001e-01 3.196714690853871e+00 1.000000594162293e+00
6.812500000000000e-01 3.247169124695383e+00 1.000000666460727e+00
6.843750000000001e-01 3.298416340565477e+00 1.000000765054343e+00
6.875000000000000e-01 3.350468850246008e+00 1.000000880372250e+00
6.906250000000000e-01 3.403339362127777e+00 1.000000992724026e+00
6.937500000000001e-01 3.457040784313211e+00 1.000001123278193e+00
6.968750000000000e-01 3.511586227767823e+00 1.000001317372357e+00
7.000000000000001e-01 3.566989009521205e+00 1.000001564262459e+00
7.031250000000000e-01 3.623262655918307e+00 1.000001796576479e+00
7.062500000000000e-01 3.680420905921852e+00 1.000002032037984e+00
7.093750000000001e-01 3.738477714466631e+00 1.000002399023543e+00
7.125000000000000e-01 3.797447255866536e+00 1.000002993756685e+00
7.156250000000001e-01 3.857343927275175e+00 1.000003645253358e+00
7.187500000000000e-01 3.918182352200844e+00 1.000004158442277e+00
7.218750000000000e-01 3.979977384076828e+00 1.000004696590659e+00
7.250000000000001e-01 4.042744109887770e+00 1.000005760971738e+00
7.281250000000000e-01 4.106497853853101e+00 1.000007832998848e+00
7.312500000000001e-01 4.171254181168399e+00 1.000010221339681e+00
7.343750000000000e-01 4.237028901805528e+00 1.000011645189147e+00
7.375000000000000e-01 4.303838074372613e+00 1.000012250401079e+00
7.406250000000001e-01 4.371698010034643e+00 1.000013002437811e+00
7.437500000000000e-01 4.440625276495786e+00 1.000015999649464e+00
7.468750000000001e-01 4.510636702044332e+00 1.000023950992559e+00
7.500000000000000e-01 4.581749379661216e+00 1.000031511305633e+00
7.531250000000000e-01 4.653980671193226e+00 1.000031965414350e+00
7.562500000000001e-01 4.727348211591802e+00 1.000069686652468e+00
7.593750000000000e-01 4.801869913218528e+00 1.000298634185980e+00
7.625000000000001e-01 4.877563970218381e+00 1.000958898605575e+00
7.656250000000000e-01 4.954448862961714e+00 1.002252941012701e+00
7.687500000000000e-01 5.032543362556198e+00 1.004211082445567e+00
7.718750000000001e-01 5.111866535429675e+00 1.006649964476887e+00
7.750000000000000e-01 5.192437747985146e+00 1.009245640406310e+00
7.781250000000001e-01 5.274276671329015e+00 1.011661615927747e+00
7.812500000000000e-01 5.357403286073669e+00 1.013655779574266e+00
7.843750000000000e-01 5.441837887215693e+00 1.015126004109776e+00
7.875000000000001e-01 5.527601089090773e+00 1.016097815378689e+00
7.906250000000000e-01 5.614713830406605e+00 1.016680479620005e+00
7.937500000000001e-01 5.703197379355005e+00 1.017018261710592e+00
7.968750000000000e-01 5.793073338804412e+00 1.017252867831786e+00
8.000000000000000e-01 5.884363651574169e+00 1.017501842737438e+00
8.031250000000001e-01 5.977090605791737e+00 1.017850661118214e+00
8.062500000000000e-01 6.071276840334257e+00 1.018353657047664e+00
8.093750000000001e-01 6.166945350355728e+00 1.019039226386839e+00
8.125000000000000e-01 6.264119492901173e+00 1.019916202429228e+00
8.156250000000000e-01 6.362822992609162e+00 1.020979717847651e+00
8.187500000000001e-01 6.463079947504072e+00 1.022215766529150e+00
8.218750000000000e-01 6.564914834879517e+00 1.023604229759719e+00
8.250000000000001e-01 6.668352517274371e+00 1.025120598250304e+00
8.281250000000000e-01 6.773418248542846e+00 1.026736943557506e+00
8.312500000000000e-01 6.880137680020114e+00 1.028422609254248e+00
8.343750000000001e-01 6.988536866784961e+00 1.030144600488800e+00
8.375000000000000e-01 7.098642274021019e+00 1.031867247396268e+00
8.406250000000001e-01 7.210480783478133e+00 1.033551011986759e+00
8.437500000000000e-01 7.324079700035414e+00 1.035151378265616e+00
8.468750000000000e-01 7.439466758367605e+00 1.036619882029923e+00
8.500000000000001e-01 7.556670129716381e+00 1.037909381315498e+00
8.531250000000000e-01 7.675718428768239e+00 1.038983949038382e+00
8.562500000000001e-01 7.796640720640633e+00 1.039830810021853e+00
8.593750000000000e-01 7.919466527978115e+00 1.040469315045568e+00
8.625000000000000e-01 8.044225838160141e+00 1.040951925584290e+00
8.656250000000001e-01 8.170949110622363e+00 1.041354996957689e+00
8.687500000000000e-01 8.299667284293170e+00 1.041761360541611e+00
8.718750000000001e-01 8.430411785147284e+00 1.042240156874809e+00
8.750000000000000e-01 8.563214533878281e+00 1.042830583849095e+00
8.781250000000000e-01 8.698107953691880e+00 1.043534878310405e+00
8.812500000000001e-01 8.835124978221932e+00 1.044322512588619e+00
8.843750000000000e-01 8.974299059571019e+00 1.045143465324646e+00
8.875000000000001e-01 9.115664176477637e+00 1.045945172986491e+00
8.906250000000000e-01 9.259254842611947e+00 1.046686896361315e+00
8.937500000000000e-01 9.405106115002161e+00 1.047347151500830e+00
8.968750000000001e-01 9.553253602593529e+00 1.047923408715444e+00
9.000000000000000e-01 9.703733474942130e+00 1.048426443828498e+00
9.031250000000001e-01 9.856582471045494e+00 1.048873031333911e+00
9.062500000000000e-01 1.001183790831228e+01 1.049279975293159e+00
9.093750000000000e-01 1.016953769167313e+01 1.049660779458042e+00
9.125000000000001e-01 1.032972032283505e+01 1.050024739427593e+00
9.156250000000000e-01 1.049242490968134e+01 1.050377507039328e+00
9.187500000000001e-01 1.065769117581972e+01 1.050722178226428e+00
9.218750000000000e-01 1.082555947028058e+01 1.051060310382128e+00
9.250000000000000e-01 1.099607077736805e+01 1.051392644435955e+00
9.281250000000001e-01 1.116926672666618e+01 1.051719532802128e+00
9.312500000000000e-01 1.134518960320255e+01 1.052041160502232e+00
9.343750000000001e-01 1.152388235777201e+01 1.052357646298231e+00
9.375000000000000e-01 1.170538861742293e+01 1.052669084340730e+00
9.406250000000000e-01 1.188975269610854e+01 1.052975559702533e+00
9.437500000000001e-01 1.207701960550600e+01 1.053277153886851e+00
9.468750000000000e-01 1.226723506600578e+01 1.053573946346054e+00
9.500000000000001e-01 1.246044551787411e+01 1.053866015067729e+00
9.531250000000000e-01 1.265669813259115e+01 1.054153436563839e+00
9.562500000000000e-01 1.285604082436773e+01 1.054436286226932e+00
9.593750000000001e-01 1.305852226184337e+01 1.054714638019287e+00
9.625000000000000e-01 1.326419187996850e+01 1.054988564826908e+00
9.656250000000001e-01 1.347309989207381e+01 1.055258138146109e+00
9.687500000000000e-01 1.368529730212962e+01 1.055523428373720e+00
9.718750000000000e-01 1.390083591719824e+01 1.055784504735601e+00
9.750000000000001e-01 1.411976836008246e+01 1.056041435272557e+00
9.781250000000000e-01 1.434214808217320e+01 1.056294286885725e+00
9.812500000000001e-01 1.456802937649935e+01 1.056543125381825e+00
9.843750000000000e-01 1.479746739098328e+01 1.056788015456610e+00
9.875000000000000e-01 1.503051814190487e+01 1.057029020676146e+00
9.906250000000001e-01 1.526723852757770e+01 1.057266203702767e+00
9.937500000000000e-01 1.550768634224049e+01 1.057499626033267e+00
9.968750000000001e-01 1.575192029016732e+01 1.057729348158935e+00
1.000000000000000e+00 1.600000000000000e+01 1.057955429606060e+00
