0.000000000000000e+00 0.000000000000000e+00 1.000000000000000e+00
3.125000000000000e-03 3.369263549427258e-03 1.036177655289142e+00
6.250000000000000e-03 6.739349689698711e-03 1.043016629322523e+00
9.375000000000001e-03 1.011108121249049e-02 1.045792887931581e+00
1.250000000000000e-02 1.348528131119160e-02 1.047275840542450e+00
1.562500000000000e-02 1.686277378188298e-02 1.048196042813345e+00
1.875000000000000e-02 2.024438322446370e-02 1.048822193017627e+00
2.187500000000000e-02 2.363093524397333e-02 1.049275682598628e+00
2.500000000000000e-02 2.702325665215984e-02 1.049619250644424e+00
2.812500000000000e-02 3.042217566934200e-02 1.049888553793321e+00
3.125000000000000e-02 3.382852212661575e-02 1.050105344544822e+00
3.437500000000000e-02 3.724312766845378e-02 1.050283641615410e+00
3.750000000000001e-02 4.066682595574785e-02 1.050432884634978e+00
4.062500000000000e-02 4.410045286934348e-02 1.050559661433225e+00
4.375000000000000e-02 4.754484671411652e-02 1.050668709047545e+00
4.687500000000000e-02 5.100084842364160e-02 1.050763520599990e+00
5.000000000000000e-02 5.446930176550237e-02 1.050846728452152e+00
5.312500000000001e-02 5.795105354729364e-02 1.050920353694337e+00
5.625000000000000e-02 6.144695382336569e-02 1.050985973869700e+00
5.937500000000000e-02 6.495785610236132e-02 1.051044838272543e+00
6.250000000000000e-02 6.848461755559625e-02 1.051097949030684e+00
6.562500000000000e-02 7.202809922633362e-02 1.051146119436958e+00
6.875000000000001e-02 7.558916624000402e-02 1.051190016252412e+00
7.187500000000001e-02 7.916868801542200e-02 1.051230191447591e+00
7.500000000000001e-02 8.276753847705080e-02 1.051267105689627e+00
7.812500000000000e-02 8.638659626836727e-02 1.051301146631920e+00
8.125000000000000e-02 9.002674496637868e-02 1.051332642737565e+00
8.437500000000001e-02 9.368887329734420e-02 1.051361874172509e+00
8.750000000000001e-02 9.737387535375355e-02 1.051389081395544e+00
9.062500000000001e-02 1.010826508126157e-01 1.051414471849933e+00
9.375000000000000e-02 1.048161051551108e-01 1.051438225563627e+00
9.687500000000000e-02 1.085751498876601e-01 1.051460499430603e+00
1.000000000000000e-01 1.123607027644654e-01 1.051481430873486e+00
1.031250000000000e-01 1.161736880115753e-01 1.051501140758881e+00
1.062500000000000e-01 1.200150365525305e-01 1.051519735761331e+00
1.093750000000000e-01 1.238856862356450e-01 1.051537310484294e+00
1.125000000000000e-01 1.277865820629775e-01 1.051553949044561e+00
1.156250000000000e-01 1.317186764210495e-01 1.051569726503631e+00
1.187500000000000e-01 1.356829293133661e-01 1.051584710043941e+00
1.218750000000000e-01 1.396803085947971e-01 1.051598959972961e+00
1.250000000000000e-01 1.437117902078738e-01 1.051612530666999e+00
1.281250000000000e-01 1.477783584210617e-01 1.051625471124698e+00
1.312500000000000e-01 1.518810060690650e-01 1.051637825722430e+00
1.343750000000000e-01 1.560207347952229e-01 1.051649634748856e+00
1.375000000000000e-01 1.601985552960564e-01 1.051660934796054e+00
1.406250000000000e-01 1.644154875680252e-01 1.051671759277114e+00
1.437500000000000e-01 1.686725611565558e-01 1.051682138644389e+00
1.468750000000000e-01 1.729708154074000e-01 1.051692100786954e+00
1.500000000000000e-01 1.773112997203869e-01 1.051701671258020e+00
1.531250000000000e-01 1.816950738056289e-01 1.051710873583659e+00
1.562500000000000e-01 1.861232079422458e-01 1.051719729376615e+00
1.593750000000000e-01 1.905967832396682e-01 1.051728258533170e+00
1.625000000000000e-01 1.951168919015860e-01 1.051736479432722e+00
1.656250000000000e-01 1.996846374926046e-01 1.051744409100648e+00
1.687500000000000e-01 2.043011352076760e-01 1.051752063292192e+00
1.718750000000000e-01 2.089675121443681e-01 1.051759456591334e+00
1.750000000000000e-01 2.136849075780412e-01 1.051766602575939e+00
1.781250000000000e-01 2.184544732399964e-01 1.051773513824686e+00
1.812500000000000e-01 2.232773735986666e-01 1.051780202085386e+00
1.843750000000000e-01 2.281547861439151e-01 1.051786678337358e+00
1.875000000000000e-01 2.330879016745160e-01 1.051792952791693e+00
1.906250000000000e-01 2.380779245888810e-01 1.051799035013674e+00
1.937500000000000e-01 2.431260731791094e-01 1.051804933897376e+00
1.968750000000000e-01 2.482335799284277e-01 1.051810657857046e+00
2.000000000000000e-01 2.534016918120952e-01 1.051816214691852e+00
2.031250000000000e-01 2.586316706018478e-01 1.051821611803807e+00
2.062500000000000e-01 2.639247931739538e-01 1.051826856138626e+00
2.093750000000000e-01 2.692823518209576e-01 1.051831954161922e+00
2.125000000000000e-01 2.747056545671873e-01 1.051836912011573e+00
2.156250000000000e-01 2.801960254881028e-01 1.051841735465085e+00
2.187500000000000e-01 2.857548050335636e-01 1.051846429991752e+00
2.218750000000000e-01 2.913833503550930e-01 1.051851000709241e+00
2.250000000000000e-01 2.970830356372213e-01 1.051855452471855e+00
2.281250000000000e-01 3.028552524329863e-01 1.051859789865643e+00
2.312500000000000e-01 3.087014100036755e-01 1.051864017245341e+00
2.343750000000000e-01 3.146229356628902e-01 1.051868138722976e+00
2.375000000000000e-01 3.206212751250189e-01 1.051872158198774e+00
2.406250000000000e-01 3.266978928582008e-01 1.051876079390215e+00
2.437500000000000e-01 3.328542724418705e-01 1.051879905813340e+00
2.468750000000000e-01 3.390919169289667e-01 1.051883640760853e+00
2.500000000000000e-01 3.454123492128958e-01 1.051887287461322e+00
2.531250000000000e-01 3.518171123993401e-01 1.051890848873817e+00
2.562500000000000e-01 3.583077701830001e-01 1.051894327933403e+00
2.593750000000000e-01 3.648859072293631e-01 1.051897727343553e+00
2.625000000000000e-01 3.715531295615936e-01 1.051901049681538e+00
2.656250000000000e-01 3.783110649526354e-01 1.051904297460214e+00
2.687500000000000e-01 3.851613633226258e-01 1.051907473052551e+00
2.718750000000000e-01 3.921056971417164e-01 1.051910578750197e+00
2.750000000000000e-01 3.991457618383991e-01 1.051913616684953e+00
2.781250000000000e-01 4.062832762134377e-01 1.051916588976445e+00
2.812500000000000e-01 4.135199828595055e-01 1.051919497561983e+00
2.843750000000000e-01 4.208576485866312e-01 1.051922344341527e+00
2.875000000000000e-01 4.282980648535585e-01 1.051925131142940e+00
2.906250000000000e-01 4.358430482051222e-01 1.051927859685191e+00
2.937500000000000e-01 4.434944407157500e-01 1.051930531677550e+00
2.968750000000000e-01 4.512541104391968e-01 1.051933148691577e+00
3.000000000000000e-01 4.591239518646220e-01 1.051935712257999e+00
3.031250000000000e-01 4.671058863791195e-01 1.051938223874421e+00
3.062500000000000e-01 4.752018627368176e-01 1.051940684966733e+00
3.093750000000000e-01 4.834138575346580e-01 1.051943096894656e+00
3.125000000000000e-01 4.917438756949728e-01 1.051945460957038e+00
3.156250000000000e-01 5.001939509549778e-01 1.051947778396906e+00
3.187500000000000e-01 5.087661463633005e-01 1.051950050452269e+00
3.218750000000000e-01 5.174625547836644e-01 1.051952278270324e+00
3.250000000000000e-01 5.262852994058529e-01 1.051954463002279e+00
3.281250000000000e-01 5.352365342640750e-01 1.051956605763148e+00
3.312500000000000e-01 5.443184447628656e-01 1.051958707543872e+00
3.343750000000000e-01 5.535332482106405e-01 1.051960769396059e+00
3.375000000000000e-01 5.628831943610435e-01 1.051962792254915e+00
3.406250000000000e-01 5.723705659622137e-01 1.051964777077731e+00
3.437500000000000e-01 5.819976793141081e-01 1.051966724802924e+00
3.468750000000000e-01 5.917668848340161e-01 1.051968636307445e+00
3.500000000000000e-01 6.016805676304035e-01 1.051970512408526e+00
3.531250000000000e-01 6.117411480852264e-01 1.051972353957255e+00
3.562500000000000e-01 6.219510824448572e-01 1.051974161751213e+00
3.593750000000000e-01 6.323128634197650e-01 1.051975936535940e+00
3.625000000000000e-01 6.428290207931012e-01 1.051977679098220e+00
3.656250000000000e-01 6.535021220383342e-01 1.051979390132507e+00
3.687500000000000e-01 6.643347729460869e-01 1.051981070332569e+00
3.718750000000000e-01 6.753296182603294e-01 1.051982720394134e+00
3.750000000000000e-01 6.864893423240808e-01 1.051984340971513e+00
3.781250000000000e-01 6.978166697347804e-01 1.051985932724584e+00
3.812500000000000e-01 7.093143660094854e-01 1.051987496229344e+00
3.843750000000000e-01 7.209852382600603e-01 1.051989032115200e+00
3.875000000000000e-01 7.328321358785219e-01 1.051990540976893e+00
3.906250000000000e-01 7.448579512327029e-01 1.051992023375321e+00
3.937500000000000e-01 7.570656203724140e-01 1.051993479838313e+00
3.968750000000000e-01 7.694581237462648e-01 1.051994910953255e+00
4.000000000000000e-01 7.820384869293291e-01 1.051996317186946e+00
4.031250000000000e-01 7.948097813618253e-01 1.051997699067094e+00
4.062500000000000e-01 8.077751250989945e-01 1.051999057093983e+00
4.093750000000000e-01 8.209376835723596e-01 1.052000391741064e+00
4.125000000000000e-01 8.343006703625532e-01 1.052001703501450e+00
4.156250000000000e-01 8.478673479838968e-01 1.052002992798027e+00
4.187500000000000e-01 8.616410286809313e-01 1.052004260120309e+00
4.218750000000000e-01 8.756250752370857e-01 1.052005505844075e+00
4.250000000000000e-01 8.898229017956865e-01 1.052006730412656e+00
4.281250000000000e-01 9.042379746935050e-01 1.052007934248399e+00
4.312500000000000e-01 9.188738133070491e-01 1.052009117753067e+00
4.343750000000000e-01 9.337339909118028e-01 1.052010281262289e+00
4.375000000000000e-01 9.488221355546261e-01 1.052011425228208e+00
4.406250000000000e-01 9.641419309395265e-01 1.052012549994508e+00
4.437500000000000e-01 9.796971173270190e-01 1.052013655931636e+00
4.468750000000000e-01 9.954914924472941e-01 1.052014743346702e+00
4.500000000000000e-01 1.011528912427417e+00 1.052015812666050e+00
4.531250000000000e-01 1.027813292732786e+00 1.052016864164287e+00
4.562500000000000e-01 1.044348609123070e+00 1.052017898189865e+00
4.593750000000000e-01 1.061138898622882e+00 1.052018915076362e+00
4.625000000000000e-01 1.078188260507393e+00 1.052019915096793e+00
4.656250000000000e-01 1.095500857303154e+00 1.052020898600177e+00
4.687500000000000e-01 1.113080915804360e+00 1.052021865876854e+00
4.718750000000000e-01 1.130932728104805e+00 1.052022817203172e+00
4.750000000000000e-01 1.149060652645771e+00 1.052023752887614e+00
4.781250000000000e-01 1.167469115280130e+00 1.052024673226492e+00
4.812500000000000e-01 1.186162610352890e+00 1.052025578458192e+00
4.843750000000000e-01 1.205145701798475e+00 1.052026468899689e+00
4.875000000000000e-01 1.224423024254985e+00 1.052027344765868e+00
4.906250000000000e-01 1.243999284195726e+00 1.052028206350510e+00
4.937500000000000e-01 1.263879261078271e+00 1.052029053891528e+00
4.968750000000000e-01 1.284067808511348e+00 1.052029887615595e+00
5.000000000000000e-01 1.304569855439823e+00 1.052030707784197e+00
5.031250000000000e-01 1.325390407348082e+00 1.052031514649267e+00
5.062500000000000e-01 1.346534547482100e+00 1.052032308407374e+00
5.093750000000000e-01 1.368007438090487e+00 1.052033089290254e+00
5.125000000000001e-01 1.389814321684837e+00 1.052033857520423e+00
5.156250000000000e-01 1.411960522319654e+00 1.052034613357203e+00
5.187500000000000e-01 1.434451446892208e+00 1.052035356960473e+00
5.218750000000000e-01 1.457292586462593e+00 1.052036088571600e+00
5.250000000000000e-01 1.480489517594354e+00 1.052036808378608e+00
5.281250000000001e-01 1.504047903715979e+00 1.052037516606686e+00
5.312500000000000e-01 1.527973496503592e+00 1.052038213427841e+00
5.343750000000000e-01 1.552272137285215e+00 1.052038899051399e+00
5.375000000000000e-01 1.576949758466886e+00 1.052039573633651e+00
5.406250000000000e-01 1.602012384981041e+00 1.052040237414266e+00
5.437500000000001e-01 1.627466135757470e+00 1.052040890535519e+00
5.468750000000000e-01 1.653317225217225e+00 1.052041533223185e+00
5.500000000000000e-01 1.679571964789851e+00 1.052042165605767e+00
5.531250000000000e-01 1.706236764454286e+00 1.052042787849459e+00
5.562500000000000e-01 1.733318134303830e+00 1.052043400159635e+00
5.593750000000001e-01 1.760822686135563e+00 1.052044002690471e+00
5.625000000000000e-01 1.788757135064574e+00 1.052044595635416e+00
5.656250000000000e-01 1.817128301163438e+00 1.052045179090897e+00
5.687500000000000e-01 1.845943111127301e+00 1.052045753237200e+00
5.718750000000000e-01 1.875208599965003e+00 1.052046318203600e+00
5.750000000000001e-01 1.904931912716643e+00 1.052046874204732e+00
5.781250000000000e-01 1.935120306198011e+00 1.052047421359799e+00
5.812500000000000e-01 1.965781150772311e+00 1.052047959827519e+00
5.843750000000000e-01 1.996921932149593e+00 1.052048489761662e+00
5.875000000000000e-01 2.028550253214365e+00 1.052049011219245e+00
5.906250000000001e-01 2.060673835881802e+00 1.052049524387319e+00
5.937500000000000e-01 2.093300522983012e+00 1.052050029449505e+00
5.968750000000000e-01 2.126438280179837e+00 1.052050526540099e+00
6.000000000000001e-01 2.160095197909630e+00 1.052051015742675e+00
6.031250000000000e-01 2.194279493360494e+00 1.052051497134617e+00
6.062500000000001e-01 2.228999512477486e+00 1.052051970924900e+00
6.093750000000000e-01 2.264263732000228e+00 1.052052437274696e+00
6.125000000000000e-01 2.300080761532477e+00 1.052052896295973e+00
6.156250000000001e-01 2.336459345644116e+00 1.052053347958255e+00
6.187500000000000e-01 2.373408366006099e+00 1.052053792405831e+00
6.218750000000001e-01 2.410936843558884e+00 1.052054229963447e+00
6.250000000000000e-01 2.449053940714840e+00 1.052054660682799e+00
6.281250000000000e-01 2.487768963595221e+00 1.052055084563638e+00
6.312500000000001e-01 2.527091364302215e+00 1.052055501598292e+00
6.343750000000000e-01 2.567030743226622e+00 1.052055912139036e+00
6.375000000000001e-01 2.607596851391758e+00 1.052056316450256e+00
6.406250000000000e-01 2.648799592834118e+00 1.052056714292351e+00
6.437500000000000e-01 2.690649027021411e+00 1.052057105640864e+00
6.468750000000001e-01 2.733155371308524e+00 1.052057490969102e+00
6.500000000000000e-01 2.776329003432049e+00 1.052057870529030e+00
6.531250000000001e-01 2.820180464043967e+00 1.052058243976833e+00
6.562500000000000e-01 2.864720459285089e+00 1.052058611226985e+00
6.593750000000000e-01 2.909959863398929e+00 1.052058973057700e+00
6.625000000000001e-01 2.955909721386590e+00 1.052059329668459e+00
6.656250000000000e-01 3.002581251703353e+00 1.052059680018722e+00
6.687500000000001e-01 3.049985848997626e+00 1.052060024774441e+00
6.718750000000000e-01 3.098135086892879e+00 1.052060365167999e+00
6.750000000000000e-01 3.147040720813310e+00 1.052060699846794e+00
6.781250000000001e-01 3.196714690853871e+00 1.052061028557885e+00
6.812500000000000e-01 3.247169124695383e+00 1.052061353193618e+00
6.843750000000001e-01 3.298416340565477e+00 1.052061673082623e+00
6.875000000000000e-01 3.350468850246008e+00 1.052061986837700e+00
6.906250000000000e-01 3.403339362127777e+00 1.052062296421366e+00
6.937500000000001e-01 3.457040784313211e+00 1.052062602383243e+00
6.968750000000000e-01 3.511586227767823e+00 1.052062902161669e+00
7.000000000000001e-01 3.566989009521205e+00 1.052063197609970e+00
7.031250000000000e-01 3.623262655918307e+00 1.052063490589231e+00
7.062500000000000e-01 3.680420905921852e+00 1.052063777043367e+00
7.093750000000001e-01 3.738477714466631e+00 1.052064059672362e+00
7.125000000000000e-01 3.797447255866536e+00 1.052064340843508e+00
7.156250000000001e-01 3.857343927275175e+00 1.052064614175552e+00
7.187500000000000e-01 3.918182352200844e+00 1.052064886170177e+00
7.218750000000000e-01 3.979977384076828e+00 1.052065156457041e+00
7.250000000000001e-01 4.042744109887770e+00 1.052065416473823e+00
7.281250000000000e-01 4.106497853853101e+00 1.052065682137959e+00
7.312500000000001e-01 4.171254181168399e+00 1.052065940563177e+00
7.343750000000000e-01 4.237028901805528e+00 1.052066189014082e+00
7.375000000000000e-01 4.303838074372613e+00 1.052066453507137e+00
7.406250000000001e-01 4.371698010034643e+00 1.052066696025421e+00
7.437500000000000e-01 4.440625276495786e+00 1.052066943342778e+00
7.468750000000001e-01 4.510636702044332e+00 1.052067201122856e+00
7.500000000000000e-01 4.581749379661216e+00 1.052067434921454e+00
7.531250000000000e-01 4.653980671193226e+00 1.052067693430804e+00
7.562500000000001e-01 4.727348211591802e+00 1.052067921476699e+00
7.593750000000000e-01 4.801869913218528e+00 1.052068192517295e+00
7.625000000000001e-01 4.877563970218381e+00 1.052068427551440e+00
7.656250000000000e-01 4.954448862961714e+00 1.052068666183889e+00
7.687500000000000e-01 5.032543362556198e+00 1.052068955053882e+00
7.718750000000001e-01 5.111866535429675e+00 1.052069190100124e+00
7.750000000000000e-01 5.192437747985146e+00 1.052069491482301e+00
7.781250000000001e-01 5.274276671329015e+00 1.052069697771220e+00
7.812500000000000e-01 5.357403286073669e+00 1.052070114078658e+00
7.843750000000000e-01 5.441837887215693e+00 1.052070321913551e+00
7.875000000000001e-01 5.527601089090773e+00 1.052070742394748e+00
7.906250000000000e-01 5.614713830406605e+00 1.052070941354444e+00
7.937500000000001e-01 5.703197379355005e+00 1.052071615560938e+00
7.968750000000000e-01 5.793073338804412e+00 1.052071838104314e+00
8.000000000000000e-01 5.884363651574169e+00 1.052072516670180e+00
8.031250000000001e-01 5.977090605791737e+00 1.052072747153909e+00
8.062500000000000e-01 6.071276840334257e+00 1.052073908656354e+00
8.093750000000001e-01 6.166945350355728e+00 1.052074610861075e+00
8.125000000000000e-01 6.264119492901173e+00 1.052075415182274e+00
8.156250000000000e-01 6.362822992609162e+00 1.052076652773313e+00
8.187500000000001e-01 6.463079947504072e+00 1.052077366689030e+00
8.218750000000000e-01 6.564914834879517e+00 1.052081394685120e+00
8.250000000000001e-01 6.668352517274371e+00 1.052082124814606e+00
8.281250000000000e-01 6.773418248542846e+00 1.052085350193804e+00
8.312500000000000e-01 6.880137680020114e+00 1.052089201896037e+00
8.343750000000001e-01 6.988536866784961e+00 1.052090566503328e+00
8.375000000000000e-01 7.098642274021019e+00 1.052105898255256e+00
8.406250000000001e-01 7.210480783478133e+00 1.052116633735225e+00
8.437500000000000e-01 7.324079700035414e+00 1.052118552878654e+00
8.468750000000000e-01 7.439466758367605e+00 1.052144504541482e+00
8.500000000000001e-01 7.556670129716381e+00 1.052164542722556e+00
8.531250000000000e-01 7.675718428768239e+00 1.052168932426822e+00
8.562500000000001e-01 7.796640720640633e+00 1.052263560195225e+00
8.593750000000000e-01 7.919466527978115e+00 1.052461583857187e+00
8.625000000000000e-01 8.044225838160141e+00 1.052584793841432e+00
8.656250000000001e-01 8.170949110622363e+00 1.052592267489223e+00
8.687500000000000e-01 8.299667284293170e+00 1.052832119026130e+00
8.718750000000001e-01 8.430411785147284e+00 1.053772235314520e+00
8.750000000000000e-01 8.563214533878281e+00 1.055532519472581e+00
8.781250000000000e-01 8.698107953691880e+00 1.057752395818942e+00
8.812500000000001e-01 8.835124978221932e+00 1.059862745535209e+00
8.843750000000000e-01 8.974299059571019e+00 1.061441035348716e+00
8.875000000000001e-01 9.115664176477637e+00 1.062373333234617e+00
8.906250000000000e-01 9.259254842611947e+00 1.062800773555562e+00
8.937500000000000e-01 9.405106115002161e+00 1.062978124669545e+00
8.968750000000001e-01 9.553253602593529e+00 1.063153133011479e+00
9.000000000000000e-01 9.703733474942130e+00 1.063501490087770e+00
9.031250000000001e-01 9.856582471045494e+00 1.064111267303215e+00
9.062500000000000e-01 1.001183790831228e+01 1.065000890214186e+00
9.093750000000000e-01 1.016953769167313e+01 1.066150626621647e+00
9.125000000000001e-01 1.032972032283505e+01 1.067526629467531e+00
9.156250000000000e-01 1.049242490968134e+01 1.069085394121015e+00
9.187500000000001e-01 1.065769117581972e+01 1.070761086074228e+00
9.218750000000000e-01 1.082555947028058e+01 1.072450300071677e+00
9.250000000000000e-01 1.099607077736805e+01 1.074013744565352e+00
9.281250000000001e-01 1.116926672666618e+01 1.075308081436256e+00
9.312500000000000e-01 1.134518960320255e+01 1.076241569093259e+00
9.343750000000001e-01 1.152388235777201e+01 1.076823320642365e+00
9.375000000000000e-01 1.170538861742293e+01 1.077168880757369e+00
9.406250000000000e-01 1.188975269610854e+01 1.077448848463187e+00
9.437500000000001e-01 1.207701960550600e+01 1.077808464164607e+00
9.468750000000000e-01 1.226723506600578e+01 1.078308519931846e+00
9.500000000000001e-01 1.246044551787411e+01 1.078920229849474e+00
9.531250000000000e-01 1.265669813259115e+01 1.079565982500058e+00
9.562500000000000e-01 1.285604082436773e+01 1.080170679206168e+00
9.593750000000001e-01 1.305852226184337e+01 1.080692680266224e+00
9.625000000000000e-01 1.326419187996850e+01 1.081126630556389e+00
9.656250000000001e-01 1.347309989207381e+01 1.081489376869246e+00
9.687500000000000e-01 1.368529730212962e+01 1.081803898711520e+00
9.718750000000000e-01 1.390083591719824e+01 1.082089474951738e+00
9.750000000000001e-01 1.411976836008246e+01 1.082358712286077e+00
9.781250000000000e-01 1.434214808217320e+01 1.082618519291007e+00
9.812500000000001e-01 1.456802937649935e+01 1.082872187290601e+00
9.843750000000000e-01 1.479746739098328e+01 1.083121120296433e+00
9.875000000000000e-01 1.503051814190487e+01 1.083365877863858e+00
9.906250000000001e-01 1.526723852757770e+01 1.083606688169114e+00
9.937500000000000e-01 1.550768634224049e+01 1.083843663163990e+00
9.968750000000001e-01 1.575192029016732e+01 1.084076877876094e+00
1.000000000000000e+00 1.600000000000000e+01 1.084306396064497e+00
