0.000000000000000e+00 0.000000000000000e+00 0.000000000000000e+00
3.125000000000000e-03 3.369263549427258e-03 -1.542129889994199e-03
6.250000000000000e-03 6.739349689698711e-03 -2.929965451598065e-03
9.375000000000001e-03 1.011108121249049e-02 -4.246440154229580e-03
1.250000000000000e-02 1.348528131119160e-02 -5.841447414958326e-03
1.562500000000000e-02 1.686277378188298e-02 -7.716798606507627e-03
1.875000000000000e-02 2.024438322446370e-02 -9.320895032546078e-03
2.187500000000000e-02 2.363093524397333e-02 -1.091582616154557e-02
2.500000000000000e-02 2.702325665215984e-02 -1.252748215444067e-02
2.812500000000000e-02 3.042217566934200e-02 -1.419140860389056e-02
3.125000000000000e-02 3.382852212661575e-02 -1.579336424862382e-02
3.437500000000000e-02 3.724312766845378e-02 -1.740186876692822e-02
3.750000000000001e-02 4.066682595574785e-02 -1.901896530619525e-02
4.062500000000000e-02 4.410045286934348e-02 -2.066306973343218e-02
4.375000000000000e-02 4.754484671411652e-02 -2.227830239120823e-02
4.687500000000000e-02 5.100084842364160e-02 -2.389566622954228e-02
5.000000000000000e-02 5.446930176550237e-02 -2.552410706293826e-02
5.312500000000001e-02 5.795105354729364e-02 -2.717575522589009e-02
5.625000000000000e-02 6.144695382336569e-02 -2.881040442012560e-02
5.937500000000000e-02 6.495785610236132e-02 -3.044314411680695e-02
6.250000000000000e-02 6.848461755559625e-02 -3.208782202592023e-02
6.562500000000000e-02 7.202809922633362e-02 -3.375636658876557e-02
6.875000000000001e-02 7.558916624000402e-02 -3.541579780177234e-02
7.187500000000001e-02 7.916868801542200e-02 -3.707045487256710e-02
7.500000000000001e-02 8.276753847705080e-02 -3.873544987551142e-02
7.812500000000000e-02 8.638659626836727e-02 -4.042540836128666e-02
8.125000000000000e-02 9.002674496637868e-02 -4.211418250791830e-02
8.437500000000001e-02 9.368887329734420e-02 -4.379806689855753e-02
8.750000000000001e-02 9.737387535375355e-02 -4.548809311689300e-02
9.062500000000001e-02 1.010826508126157e-01 -4.720088188449571e-02
9.375000000000000e-02 1.048161051551108e-01 -4.892125089773288e-02
9.687500000000000e-02 1.085751498876601e-01 -5.064251433302933e-02
1.000000000000000e-01 1.123607027644654e-01 -5.236472922072223e-02
1.031250000000000e-01 1.161736880115753e-01 -5.410084795136852e-02
1.062500000000000e-01 1.200150365525305e-01 -5.585136377955711e-02
1.093750000000000e-01 1.238856862356450e-01 -5.761526284338817e-02
1.125000000000000e-01 1.277865820629775e-01 -5.937904048654236e-02
1.156250000000000e-01 1.317186764210495e-01 -6.114445905255465e-02
1.187500000000000e-01 1.356829293133661e-01 -6.292326223254582e-02
1.218750000000000e-01 1.396803085947971e-01 -6.472468003342109e-02
1.250000000000000e-01 1.437117902078738e-01 -6.653368516634493e-02
1.281250000000000e-01 1.477783584210617e-01 -6.834453871124486e-02
1.312500000000000e-01 1.518810060690650e-01 -7.016061188436727e-02
1.343750000000000e-01 1.560207347952229e-01 -7.198875081480675e-02
1.375000000000000e-01 1.601985552960564e-01 -7.383177001487583e-02
1.406250000000000e-01 1.644154875680252e-01 -7.569404520089397e-02
1.437500000000000e-01 1.686725611565558e-01 -7.756269927654938e-02
1.468750000000000e-01 1.729708154074000e-01 -7.943257542162693e-02
1.500000000000000e-01 1.773112997203869e-01 -8.131016461180436e-02
1.531250000000000e-01 1.816950738056289e-01 -8.320024997671714e-02
1.562500000000000e-01 1.861232079422458e-01 -8.510425215046370e-02
1.593750000000000e-01 1.905967832396682e-01 -8.702860042314732e-02
1.625000000000000e-01 1.951168919015860e-01 -8.896213731682884e-02
1.656250000000000e-01 1.996846374926046e-01 -9.090154267170883e-02
1.687500000000000e-01 2.043011352076760e-01 -9.284779106009021e-02
1.718750000000000e-01 2.089675121443681e-01 -9.479664931594320e-02
1.750000000000000e-01 2.136849075780412e-01 -9.675535838121033e-02
1.781250000000000e-01 2.184544732399964e-01 -9.872751524103077e-02
1.812500000000000e-01 2.232773735986666e-01 -1.007098484512569e-01
1.843750000000000e-01 2.281547861439151e-01 -1.027112645513246e-01
1.875000000000000e-01 2.330879016745160e-01 -1.047204778209197e-01
1.906250000000000e-01 2.380779245888810e-01 -1.067457362095248e-01
1.937500000000000e-01 2.431260731791094e-01 -1.087773532771712e-01
1.968750000000000e-01 2.482335799284277e-01 -1.108202542994802e-01
2.000000000000000e-01 2.534016918120952e-01 -1.128695000045000e-01
2.031250000000000e-01 2.586316706018478e-01 -1.149271585785634e-01
2.062500000000000e-01 2.639247931739538e-01 -1.169913543231898e-01
2.093750000000000e-01 2.692823518209576e-01 -1.190625793188182e-01
2.125000000000000e-01 2.747056545671873e-01 -1.211400727862281e-01
2.156250000000000e-01 2.801960254881028e-01 -1.232236380200003e-01
2.187500000000000e-01 2.857548050335636e-01 -1.253127233895074e-01
2.218750000000000e-01 2.913833503550930e-01 -1.274068417348168e-01
2.250000000000000e-01 2.970830356372213e-01 -1.295053878192932e-01
2.281250000000000e-01 3.028552524329863e-01 -1.316077182834018e-01
2.312500000000000e-01 3.087014100036755e-01 -1.337131228147918e-01
2.343750000000000e-01 3.146229356628902e-01 -1.358208365347303e-01
2.375000000000000e-01 3.206212751250189e-01 -1.379300356660298e-01
2.406250000000000e-01 3.266978928582008e-01 -1.400398382063917e-01
2.437500000000000e-01 3.328542724418705e-01 -1.421493022390448e-01
2.468750000000000e-01 3.390919169289667e-01 -1.442574245880978e-01
2.500000000000000e-01 3.454123492128958e-01 -1.463631390914537e-01
2.531250000000000e-01 3.518171123993401e-01 -1.484653148116499e-01
2.562500000000000e-01 3.583077701830001e-01 -1.505627541497137e-01
2.593750000000000e-01 3.648859072293631e-01 -1.526541909157591e-01
2.625000000000000e-01 3.715531295615936e-01 -1.547382883754008e-01
2.656250000000000e-01 3.783110649526354e-01 -1.568136372929342e-01
2.687500000000000e-01 3.851613633226258e-01 -1.588787539894474e-01
2.718750000000000e-01 3.921056971417164e-01 -1.609320784335971e-01
2.750000000000000e-01 3.991457618383991e-01 -1.629719723824414e-01
2.781250000000000e-01 4.062832762134377e-01 -1.649967175920397e-01
2.812500000000000e-01 4.135199828595055e-01 -1.670045141155133e-01
2.843750000000000e-01 4.208576485866312e-01 -1.689934787095315e-01
2.875000000000000e-01 4.282980648535585e-01 -1.709616433714806e-01
2.906250000000000e-01 4.358430482051222e-01 -1.729069540291663e-01
2.937500000000000e-01 4.434944407157500e-01 -1.748272694089850e-01
2.968750000000000e-01 4.512541104391968e-01 -1.767203601094487e-01
3.000000000000000e-01 4.591239518646220e-01 -1.785839079079897e-01
3.031250000000000e-01 4.671058863791195e-01 -1.804155053317263e-01
3.062500000000000e-01 4.752018627368176e-01 -1.822126555249895e-01
3.093750000000000e-01 4.834138575346580e-01 -1.839727724484161e-01
3.125000000000000e-01 4.917438756949728e-01 -1.856931814459018e-01
3.156250000000000e-01 5.001939509549778e-01 -1.873711202170170e-01
3.187500000000000e-01 5.087661463633005e-01 -1.890037402367951e-01
3.218750000000000e-01 5.174625547836644e-01 -1.905881086652987e-01
3.250000000000000e-01 5.262852994058529e-01 -1.921212107898844e-01
3.281250000000000e-01 5.352365342640750e-01 -1.935999530452698e-01
3.312500000000000e-01 5.443184447628656e-01 -1.950211666587093e-01
3.343750000000000e-01 5.535332482106405e-01 -1.963816119676985e-01
3.375000000000000e-01 5.628831943610435e-01 -1.976779834571846e-01
3.406250000000000e-01 5.723705659622137e-01 -1.989069155643393e-01
3.437500000000000e-01 5.819976793141081e-01 -2.000649892977661e-01
3.468750000000000e-01 5.917668848340161e-01 -2.011487397159921e-01
3.500000000000000e-01 6.016805676304035e-01 -2.021546643088271e-01
3.531250000000000e-01 6.117411480852264e-01 -2.030792323220900e-01
3.562500000000000e-01 6.219510824448572e-01 -2.039188950602469e-01
3.593750000000000e-01 6.323128634197650e-01 -2.046700971990293e-01
3.625000000000000e-01 6.428290207931012e-01 -2.053292891313179e-01
3.656250000000000e-01 6.535021220383342e-01 -2.058929403606823e-01
3.687500000000000e-01 6.643347729460869e-01 -2.063575539513050e-01
3.718750000000000e-01 6.753296182603294e-01 -2.067196820287114e-01
3.750000000000000e-01 6.864893423240808e-01 -2.069759423124073e-01
3.781250000000000e-01 6.978166697347804e-01 -2.071230356494718e-01
3.812500000000000e-01 7.093143660094854e-01 -2.071577645013976e-01
3.843750000000000e-01 7.209852382600603e-01 -2.070770523165586e-01
3.875000000000000e-01 7.328321358785219e-01 -2.068779637025046e-01
3.906250000000000e-01 7.448579512327029e-01 -2.065577252928658e-01
3.937500000000000e-01 7.570656203724140e-01 -2.061137471793199e-01
3.968750000000000e-01 7.694581237462648e-01 -2.055436447559512e-01
4.000000000000000e-01 7.820384869293291e-01 -2.048452608009622e-01
4.031250000000000e-01 7.948097813618253e-01 -2.040166875967635e-01
4.062500000000000e-01 8.077751250989945e-01 -2.030562888659660e-01
4.093750000000000e-01 8.209376835723596e-01 -2.019627212796984e-01
4.125000000000000e-01 8.343006703625532e-01 -2.007349552739086e-01
4.156250000000000e-01 8.478673479838968e-01 -1.993722948918764e-01
4.187500000000000e-01 8.616410286809313e-01 -1.978743963597124e-01
4.218750000000000e-01 8.756250752370857e-01 -1.962412850916144e-01
4.250000000000000e-01 8.898229017956865e-01 -1.944733708171110e-01
4.281250000000000e-01 9.042379746935050e-01 -1.925714605263395e-01
4.312500000000000e-01 9.188738133070491e-01 -1.905367689397871e-01
4.343750000000000e-01 9.337339909118028e-01 -1.883709262264729e-01
4.375000000000000e-01 9.488221355546261e-01 -1.860759827188126e-01
4.406250000000000e-01 9.641419309395265e-01 -1.836544104056640e-01
4.437500000000000e-01 9.796971173270190e-01 -1.811091010286717e-01
4.468750000000000e-01 9.954914924472941e-01 -1.784433606556055e-01
4.500000000000000e-01 1.011528912427417e+00 -1.756609006590922e-01
4.531250000000000e-01 1.027813292732786e+00 -1.727658250941253e-01
4.562500000000000e-01 1.044348609123070e+00 -1.697626145328273e-01
4.593750000000000e-01 1.061138898622882e+00 -1.666561064833571e-01
4.625000000000000e-01 1.078188260507393e+00 -1.634514725927183e-01
4.656250000000000e-01 1.095500857303154e+00 -1.601541929005222e-01
4.687500000000000e-01 1.113080915804360e+00 -1.567700274778091e-01
4.718750000000000e-01 1.130932728104805e+00 -1.533049858446564e-01
4.750000000000000e-01 1.149060652645771e+00 -1.497652946124767e-01
4.781250000000000e-01 1.167469115280130e+00 -1.461573638422464e-01
4.812500000000000e-01 1.186162610352890e+00 -1.424877526393906e-01
4.843750000000000e-01 1.205145701798475e+00 -1.387631345266854e-01
4.875000000000000e-01 1.224423024254985e+00 -1.349902631429243e-01
4.906250000000000e-01 1.243999284195726e+00 -1.311759388059682e-01
4.937500000000000e-01 1.263879261078271e+00 -1.273269764579608e-01
4.968750000000000e-01 1.284067808511348e+00 -1.234501754741873e-01
5.000000000000000e-01 1.304569855439823e+00 -1.195522917675025e-01
5.031250000000000e-01 1.325390407348082e+00 -1.156400125598471e-01
5.062500000000000e-01 1.346534547482100e+00 -1.117199341214099e-01
5.093750000000000e-01 1.368007438090487e+00 -1.077985426961145e-01
5.125000000000001e-01 1.389814321684837e+00 -1.038821987436618e-01
5.156250000000000e-01 1.411960522319654e+00 -9.997712453567931e-02
5.187500000000000e-01 1.434451446892208e+00 -9.608939504588711e-02
5.218750000000000e-01 1.457292586462593e+00 -9.222493197529642e-02
5.250000000000000e-01 1.480489517594354e+00 -8.838950065710190e-02
5.281250000000001e-01 1.504047903715979e+00 -8.458870949235649e-02
5.312500000000000e-01 1.527973496503592e+00 -8.082801147911368e-02
5.343750000000000e-01 1.552272137285215e+00 -7.711270732006197e-02
5.375000000000000e-01 1.576949758466886e+00 -7.344794952765807e-02
5.406250000000000e-01 1.602012384981041e+00 -6.983874689272247e-02
5.437500000000001e-01 1.627466135757470e+00 -6.628996864870025e-02
5.468750000000000e-01 1.653317225217225e+00 -6.280634765081877e-02
5.500000000000000e-01 1.679571964789851e+00 -5.939248189800501e-02
5.531250000000000e-01 1.706236764454286e+00 -5.605283375999474e-02
5.562500000000000e-01 1.733318134303830e+00 -5.279172633338139e-02
5.593750000000001e-01 1.760822686135563e+00 -4.961333643804211e-02
5.625000000000000e-01 1.788757135064574e+00 -4.652168387962774e-02
5.656250000000000e-01 1.817128301163438e+00 -4.352061674284362e-02
5.687500000000000e-01 1.845943111127301e+00 -4.061379264067944e-02
5.718750000000000e-01 1.875208599965003e+00 -3.780465602176939e-02
5.750000000000001e-01 1.904931912716643e+00 -3.509641182590926e-02
5.781250000000000e-01 1.935120306198011e+00 -3.249199596936471e-02
5.812500000000000e-01 1.965781150772311e+00 -2.999404332883675e-02
5.843750000000000e-01 1.996921932149593e+00 -2.760485406704040e-02
5.875000000000000e-01 2.028550253214365e+00 -2.532635929496046e-02
5.906250000000001e-01 2.060673835881802e+00 -2.316008718791888e-02
5.937500000000000e-01 2.093300522983012e+00 -2.110713075688742e-02
5.968750000000000e-01 2.126438280179837e+00 -1.916811851684249e-02
6.000000000000001e-01 2.160095197909630e+00 -1.734318928623879e-02
6.031250000000000e-01 2.194279493360494e+00 -1.563197229357035e-02
6.062500000000001e-01 2.228999512477486e+00 -1.403357365872681e-02
6.093750000000000e-01 2.264263732000228e+00 -1.254657016104205e-02
6.125000000000000e-01 2.300080761532477e+00 -1.116901100749774e-02
6.156250000000001e-01 2.336459345644116e+00 -9.898428080599302e-03
6.187500000000000e-01 2.373408366006099e+00 -8.731854884825703e-03
6.218750000000001e-01 2.410936843558884e+00 -7.665854133522707e-03
6.250000000000000e-01 2.449053940714840e+00 -6.696553635852515e-03
6.281250000000000e-01 2.487768963595221e+00 -5.819689867424554e-03
6.312500000000001e-01 2.527091364302215e+00 -5.030658349810411e-03
6.343750000000000e-01 2.567030743226622e+00 -4.324569734060659e-03
6.375000000000001e-01 2.607596851391758e+00 -3.696310291127865e-03
6.406250000000000e-01 2.648799592834118e+00 -3.140605365764778e-03
6.437500000000000e-01 2.690649027021411e+00 -2.652084256185489e-03
6.468750000000001e-01 2.733155371308524e+00 -2.225344943507429e-03
6.500000000000000e-01 2.776329003432049e+00 -1.855017114371118e-03
6.531250000000001e-01 2.820180464043967e+00 -1.535821996285496e-03
6.562500000000000e-01 2.864720459285089e+00 -1.262627654838635e-03
6.593750000000000e-01 2.909959863398929e+00 -1.030498579222077e-03
6.625000000000001e-01 2.955909721386590e+00 -8.347385996153443e-04
6.656250000000000e-01 3.002581251703353e+00 -6.709264270985018e-04
6.687500000000001e-01 3.049985848997626e+00 -5.349433727353389e-04
6.718750000000000e-01 3.098135086892879e+00 -4.229930752675325e-04
6.750000000000000e-01 3.147040720813310e+00 -3.316133342185639e-04
6.781250000000001e-01 3.196714690853871e+00 -2.576803953146332e-04
6.812500000000000e-01 3.247169124695383e+00 -1.984062572861283e-04
6.843750000000001e-01 3.298416340565477e+00 -1.513297543495277e-04
6.875000000000000e-01 3.350468850246008e+00 -1.143023102732107e-04
6.906250000000000e-01 3.403339362127777e+00 -8.546935381007318e-05
6.937500000000001e-01 3.457040784313211e+00 -6.324843016058089e-05
6.968750000000000e-01 3.511586227767823e+00 -4.630504054299444e-05
7.000000000000001e-01 3.566989009521205e+00 -3.352719601583704e-05
7.031250000000000e-01 3.623262655918307e+00 -2.399958873909936e-05
7.062500000000000e-01 3.680420905921852e+00 -1.697817184181589e-05
7.093750000000001e-01 3.738477714466631e+00 -1.186580695111560e-05
7.125000000000000e-01 3.797447255866536e+00 -8.189495510936518e-06
7.156250000000001e-01 3.857343927275175e+00 -5.579565202127967e-06
7.187500000000000e-01 3.918182352200844e+00 -3.751044050904099e-06
7.218750000000000e-01 3.979977384076828e+00 -2.487328754701954e-06
7.250000000000001e-01 4.042744109887770e+00 -1.626145227785604e-06
7.281250000000000e-01 4.106497853853101e+00 -1.047711394588408e-06
7.312500000000001e-01 4.171254181168399e+00 -6.649460504326246e-07
7.343750000000000e-01 4.237028901805528e+00 -4.155227547890741e-07
7.375000000000000e-01 4.303838074372613e+00 -2.555424772347999e-07
7.406250000000001e-01 4.371698010034643e+00 -1.545903666135618e-07
7.437500000000000e-01 4.440625276495786e+00 -9.194726257151219e-08
7.468750000000001e-01 4.510636702044332e+00 -5.374190541557850e-08
7.500000000000000e-01 4.581749379661216e+00 -3.085182088403748e-08
7.531250000000000e-01 4.653980671193226e+00 -1.738650859795265e-08
7.562500000000001e-01 4.727348211591802e+00 -9.613308388669962e-09
7.593750000000000e-01 4.801869913218528e+00 -5.212212134828064e-09
7.625000000000001e-01 4.877563970218381e+00 -2.769583893458434e-09
7.656250000000000e-01 4.954448862961714e+00 -1.441449591536141e-09
7.687500000000000e-01 5.032543362556198e+00 -7.343801314682565e-10
7.718750000000001e-01 5.111866535429675e+00 -3.660309058162228e-10
7.750000000000000e-01 5.192437747985146e+00 -1.783707824646463e-10
7.781250000000001e-01 5.274276671329015e+00 -8.493125126148164e-11
7.812500000000000e-01 5.357403286073669e+00 -3.948871294255621e-11
7.843750000000000e-01 5.441837887215693e+00 -1.791674501195608e-11
7.875000000000001e-01 5.527601089090773e+00 -7.927574386224681e-12
7.906250000000000e-01 5.614713830406605e+00 -3.418429118991504e-12
7.937500000000001e-01 5.703197379355005e+00 -1.435567469267639e-12
7.968750000000000e-01 5.793073338804412e+00 -5.867230718403595e-13
8.000000000000000e-01 5.884363651574169e+00 -2.332132931740689e-13
8.031250000000001e-01 5.977090605791737e+00 -9.009043214729292e-14
8.062500000000000e-01 6.071276840334257e+00 -3.379876917618349e-14
8.093750000000001e-01 6.166945350355728e+00 -1.230577315209607e-14
8.125000000000000e-01 6.264119492901173e+00 -4.344996800819995e-15
8.156250000000000e-01 6.362822992609162e+00 -1.486714335213785e-15
8.187500000000001e-01 6.463079947504072e+00 -4.926141038603117e-16
8.218750000000000e-01 6.564914834879517e+00 -1.579466602830905e-16
8.250000000000001e-01 6.668352517274371e+00 -4.896900850932084e-17
8.281250000000000e-01 6.773418248542846e+00 -1.466975840193489e-17
8.312500000000000e-01 6.880137680020114e+00 -4.243265279213432e-18
8.343750000000001e-01 6.988536866784961e+00 -1.184240068173633e-18
8.375000000000000e-01 7.098642274021019e+00 -3.186626778608606e-19
8.406250000000001e-01 7.210480783478133e+00 -8.261666304917186e-20
8.437500000000000e-01 7.324079700035414e+00 -2.062275278746263e-20
8.468750000000000e-01 7.439466758367605e+00 -4.953030512226940e-21
8.500000000000001e-01 7.556670129716381e+00 -1.143799231913582e-21
8.531250000000000e-01 7.675718428768239e+00 -2.538044310484792e-22
8.562500000000001e-01 7.796640720640633e+00 -5.408083989959904e-23
8.593750000000000e-01 7.919466527978115e+00 -1.105899581989987e-23
8.625000000000000e-01 8.044225838160141e+00 -2.168997808613130e-24
8.656250000000001e-01 8.170949110622363e+00 -4.077815832166448e-25
8.687500000000000e-01 8.299667284293170e+00 -7.344915063868751e-26
8.718750000000001e-01 8.430411785147284e+00 -1.266819482368213e-26
8.750000000000000e-01 8.563214533878281e+00 -2.091235150335536e-27
8.781250000000000e-01 8.698107953691880e+00 -3.302604587852056e-28
8.812500000000001e-01 8.835124978221932e+00 -4.987649082369881e-29
8.843750000000000e-01 8.974299059571019e+00 -7.200389880557485e-30
8.875000000000001e-01 9.115664176477637e+00 -9.933168482586537e-31
8.906250000000000e-01 9.259254842611947e+00 -1.309055641268196e-31
8.937500000000000e-01 9.405106115002161e+00 -1.647593306789755e-32
8.968750000000001e-01 9.553253602593529e+00 -1.979990053519913e-33
9.000000000000000e-01 9.703733474942130e+00 -2.271501060332258e-34
9.031250000000001e-01 9.856582471045494e+00 -2.487321942477547e-35
9.062500000000000e-01 1.001183790831228e+01 -2.599372154949762e-36
9.093750000000000e-01 1.016953769167313e+01 -2.592306852351784e-37
9.125000000000001e-01 1.032972032283505e+01 -2.466978182310197e-38
9.156250000000000e-01 1.049242490968134e+01 -2.240265693428266e-39
9.187500000000001e-01 1.065769117581972e+01 -1.941322742805073e-40
9.218750000000000e-01 1.082555947028058e+01 -1.605396407422620e-41
9.250000000000000e-01 1.099607077736805e+01 -1.267034516242707e-42
9.281250000000001e-01 1.116926672666618e+01 -9.544730993710967e-44
9.312500000000000e-01 1.134518960320255e+01 -6.863835893281156e-45
9.343750000000001e-01 1.152388235777201e+01 -4.712674827486409e-46
9.375000000000000e-01 1.170538861742293e+01 -3.089901299632813e-47
9.406250000000000e-01 1.188975269610854e+01 -1.935023944388033e-48
9.437500000000001e-01 1.207701960550600e+01 -1.157680698499483e-49
9.468750000000000e-01 1.226723506600578e+01 -6.618434777560411e-51
9.500000000000001e-01 1.246044551787411e+01 -3.616559481008646e-52
9.531250000000000e-01 1.265669813259115e+01 -1.889405460059503e-53
9.562500000000000e-01 1.285604082436773e+01 -9.439832251772423e-55
9.593750000000001e-01 1.305852226184337e+01 -4.511671408016977e-56
9.625000000000000e-01 1.326419187996850e+01 -2.063349329731295e-57
9.656250000000001e-01 1.347309989207381e+01 -9.032357258209458e-59
9.687500000000000e-01 1.368529730212962e+01 -3.785783132195801e-60
9.718750000000000e-01 1.390083591719824e+01 -1.519748143275805e-61
9.750000000000001e-01 1.411976836008246e+01 -5.845006617823948e-63
9.781250000000000e-01 1.434214808217320e+01 -2.154432544656342e-64
9.812500000000001e-01 1.456802937649935e+01 -7.612944589761811e-66
9.843750000000000e-01 1.479746739098328e+01 -2.579773903048494e-67
9.875000000000000e-01 1.503051814190487e+01 -8.386037136348978e-69
9.906250000000001e-01 1.526723852757770e+01 -2.615859043474741e-70
9.937500000000000e-01 1.550768634224049e+01 -7.832143982181998e-72
9.968750000000001e-01 1.575192029016732e+01 -2.302409563466865e-73
1.000000000000000e+00 1.600000000000000e+01 1.862830421191085e-73
