0.000000000000000e+00 0.000000000000000e+00 0.000000000000000e+00
3.125000000000000e-03 3.369263549427258e-03 -8.236745158642193e-04
6.250000000000000e-03 6.739349689698711e-03 -2.443459948942666e-03
9.375000000000001e-03 1.011108121249049e-02 -4.966804348614740e-03
1.250000000000000e-02 1.348528131119160e-02 -6.870039181011408e-03
1.562500000000000e-02 1.686277378188298e-02 -8.766233398387772e-03
1.875000000000000e-02 2.024438322446370e-02 -1.057011037028116e-02
2.187500000000000e-02 2.363093524397333e-02 -1.246453176128144e-02
2.500000000000000e-02 2.702325665215984e-02 -1.432102275963196e-02
2.812500000000000e-02 3.042217566934200e-02 -1.618837697468019e-02
3.125000000000000e-02 3.382852212661575e-02 -1.800684717590987e-02
3.437500000000000e-02 3.724312766845378e-02 -1.985541571268530e-02
3.750000000000001e-02 4.066682595574785e-02 -2.170887177666824e-02
4.062500000000000e-02 4.410045286934348e-02 -2.357853037237432e-02
4.375000000000000e-02 4.754484671411652e-02 -2.541732241814783e-02
4.687500000000000e-02 5.100084842364160e-02 -2.726299339026979e-02
5.000000000000000e-02 5.446930176550237e-02 -2.912241585457969e-02
5.312500000000001e-02 5.795105354729364e-02 -3.100915291966332e-02
5.625000000000000e-02 6.144695382336569e-02 -3.287763346982978e-02
5.937500000000000e-02 6.495785610236132e-02 -3.473756349662425e-02
6.250000000000000e-02 6.848461755559625e-02 -3.660708751842246e-02
6.562500000000000e-02 7.202809922633362e-02 -3.850887938144724e-02
6.875000000000001e-02 7.558916624000402e-02 -4.041042591610834e-02
7.187500000000001e-02 7.916868801542200e-02 -4.230811184360963e-02
7.500000000000001e-02 8.276753847705080e-02 -4.420280248917324e-02
7.812500000000000e-02 8.638659626836727e-02 -4.610988162331562e-02
8.125000000000000e-02 9.002674496637868e-02 -4.803146015873919e-02
8.437500000000001e-02 9.368887329734420e-02 -4.997705708650594e-02
8.750000000000001e-02 9.737387535375355e-02 -5.192032901245216e-02
9.062500000000001e-02 1.010826508126157e-01 -5.385655887142290e-02
9.375000000000000e-02 1.048161051551108e-01 -5.579870334763436e-02
9.687500000000000e-02 1.085751498876601e-01 -5.775787352580083e-02
1.000000000000000e-01 1.123607027644654e-01 -5.973050790934310e-02
1.031250000000000e-01 1.161736880115753e-01 -6.172795506786893e-02
1.062500000000000e-01 1.200150365525305e-01 -6.372929485604478e-02
1.093750000000000e-01 1.238856862356450e-01 -6.572932722105586e-02
1.125000000000000e-01 1.277865820629775e-01 -6.773464805403102e-02
1.156250000000000e-01 1.317186764210495e-01 -6.974086048763635e-02
1.187500000000000e-01 1.356829293133661e-01 -7.175808658903562e-02
1.218750000000000e-01 1.396803085947971e-01 -7.379700007741659e-02
1.250000000000000e-01 1.437117902078738e-01 -7.584490386441745e-02
1.281250000000000e-01 1.477783584210617e-01 -7.792056280188614e-02
1.312500000000000e-01 1.518810060690650e-01 -8.000173244122656e-02
1.343750000000000e-01 1.560207347952229e-01 -8.210381006799031e-02
1.375000000000000e-01 1.601985552960564e-01 -8.421174212839223e-02
1.406250000000000e-01 1.644154875680252e-01 -8.633393479591837e-02
1.437500000000000e-01 1.686725611565558e-01 -8.846431029122329e-02
1.468750000000000e-01 1.729708154074000e-01 -9.060632205305985e-02
1.500000000000000e-01 1.773112997203869e-01 -9.275840959345764e-02
1.531250000000000e-01 1.816950738056289e-01 -9.492173519187420e-02
1.562500000000000e-01 1.861232079422458e-01 -9.709609625150696e-02
1.593750000000000e-01 1.905967832396682e-01 -9.928183421700558e-02
1.625000000000000e-01 1.951168919015860e-01 -1.014789666208533e-01
1.656250000000000e-01 1.996846374926046e-01 -1.036875632868847e-01
1.687500000000000e-01 2.043011352076760e-01 -1.059076066242584e-01
1.718750000000000e-01 2.089675121443681e-01 -1.081390536016943e-01
1.750000000000000e-01 2.136849075780412e-01 -1.103818195032137e-01
1.781250000000000e-01 2.184544732399964e-01 -1.126357869098864e-01
1.812500000000000e-01 2.232773735986666e-01 -1.149008044389110e-01
1.843750000000000e-01 2.281547861439151e-01 -1.171766875965197e-01
1.875000000000000e-01 2.330879016745160e-01 -1.194632182408135e-01
1.906250000000000e-01 2.380779245888810e-01 -1.217601439546013e-01
1.937500000000000e-01 2.431260731791094e-01 -1.240671771055924e-01
1.968750000000000e-01 2.482335799284277e-01 -1.263839937443773e-01
2.000000000000000e-01 2.534016918120952e-01 -1.287102323552627e-01
2.031250000000000e-01 2.586316706018478e-01 -1.310454924917289e-01
2.062500000000000e-01 2.639247931739538e-01 -1.333893333151056e-01
2.093750000000000e-01 2.692823518209576e-01 -1.357412720471819e-01
2.125000000000000e-01 2.747056545671873e-01 -1.381007823434210e-01
2.156250000000000e-01 2.801960254881028e-01 -1.404672925965444e-01
2.187500000000000e-01 2.857548050335636e-01 -1.428401841768732e-01
2.218750000000000e-01 2.913833503550930e-01 -1.452187896122682e-01
2.250000000000000e-01 2.970830356372213e-01 -1.476023907117314e-01
2.281250000000000e-01 3.028552524329863e-01 -1.499902166382484e-01
2.312500000000000e-01 3.087014100036755e-01 -1.523814419346222e-01
2.343750000000000e-01 3.146229356628902e-01 -1.547751845057285e-01
2.375000000000000e-01 3.206212751250189e-01 -1.571705035612222e-01
2.406250000000000e-01 3.266978928582008e-01 -1.595663975244035e-01
2.437500000000000e-01 3.328542724418705e-01 -1.619618019119369e-01
2.468750000000000e-01 3.390919169289667e-01 -1.643555871890749e-01
2.500000000000000e-01 3.454123492128958e-01 -1.667465566076988e-01
2.531250000000000e-01 3.518171123993401e-01 -1.691334440339772e-01
2.562500000000000e-01 3.583077701830001e-01 -1.715149117722853e-01
2.593750000000000e-01 3.648859072293631e-01 -1.738895483934692e-01
2.625000000000000e-01 3.715531295615936e-01 -1.762558665776033e-01
2.656250000000000e-01 3.783110649526354e-01 -1.786123009802968e-01
2.687500000000000e-01 3.851613633226258e-01 -1.809572061338545e-01
2.718750000000000e-01 3.921056971417164e-01 -1.832888543958381e-01
2.750000000000000e-01 3.991457618383991e-01 -1.856054339568839e-01
2.781250000000000e-01 4.062832762134377e-01 -1.879050469230936e-01
2.812500000000000e-01 4.135199828595055e-01 -1.901857074885148e-01
2.843750000000000e-01 4.208576485866312e-01 -1.924453402140144e-01
2.875000000000000e-01 4.282980648535585e-01 -1.946817784313427e-01
2.906250000000000e-01 4.358430482051222e-01 -1.968927627916889e-01
2.937500000000000e-01 4.434944407157500e-01 -1.990759399797370e-01
2.968750000000000e-01 4.512541104391968e-01 -2.012288616163455e-01
3.000000000000000e-01 4.591239518646220e-01 -2.033489833741049e-01
3.031250000000000e-01 4.671058863791195e-01 -2.054336643309854e-01
3.062500000000000e-01 4.752018627368176e-01 -2.074801665904394e-01
3.093750000000000e-01 4.834138575346580e-01 -2.094856551975614e-01
3.125000000000000e-01 4.917438756949728e-01 -2.114471983810121e-01
3.156250000000000e-01 5.001939509549778e-01 -2.133617681540294e-01
3.187500000000000e-01 5.087661463633005e-01 -2.152262413093367e-01
3.218750000000000e-01 5.174625547836644e-01 -2.170374008430588e-01
3.250000000000000e-01 5.262852994058529e-01 -2.187919378449183e-01
3.281250000000000e-01 5.352365342640750e-01 -2.204864538945467e-01
3.312500000000000e-01 5.443184447628656e-01 -2.221174640043790e-01
3.343750000000000e-01 5.535332482106405e-01 -2.236814001499771e-01
3.375000000000000e-01 5.628831943610435e-01 -2.251746154296217e-01
3.406250000000000e-01 5.723705659622137e-01 -2.265933888970641e-01
3.437500000000000e-01 5.819976793141081e-01 -2.279339311119802e-01
3.468750000000000e-01 5.917668848340161e-01 -2.291923904501904e-01
3.500000000000000e-01 6.016805676304035e-01 -2.303648602179350e-01
3.531250000000000e-01 6.117411480852264e-01 -2.314473866136669e-01
3.562500000000000e-01 6.219510824448572e-01 -2.324359775773494e-01
3.593750000000000e-01 6.323128634197650e-01 -2.333266125670734e-01
3.625000000000000e-01 6.428290207931012e-01 -2.341152533002277e-01
3.656250000000000e-01 6.535021220383342e-01 -2.347978554920081e-01
3.687500000000000e-01 6.643347729460869e-01 -2.353703816206839e-01
3.718750000000000e-01 6.753296182603294e-01 -2.358288147431598e-01
3.750000000000000e-01 6.864893423240808e-01 -2.361691733775265e-01
3.781250000000000e-01 6.978166697347804e-01 -2.363875274626652e-01
3.812500000000000e-01 7.093143660094854e-01 -2.364800153952506e-01
3.843750000000000e-01 7.209852382600603e-01 -2.364428621349206e-01
3.875000000000000e-01 7.328321358785219e-01 -2.362723983563383e-01
3.906250000000000e-01 7.448579512327029e-01 -2.359650806134406e-01
3.937500000000000e-01 7.570656203724140e-01 -2.355175124671501e-01
3.968750000000000e-01 7.694581237462648e-01 -2.349264665112250e-01
4.000000000000000e-01 7.820384869293291e-01 -2.341889072134405e-01
4.031250000000000e-01 7.948097813618253e-01 -2.333020144703213e-01
4.062500000000000e-01 8.077751250989945e-01 -2.322632077531397e-01
4.093750000000000e-01 8.209376835723596e-01 -2.310701707020977e-01
4.125000000000000e-01 8.343006703625532e-01 -2.297208760038596e-01
4.156250000000000e-01 8.478673479838968e-01 -2.282136103639458e-01
4.187500000000000e-01 8.616410286809313e-01 -2.265469993647798e-01
4.218750000000000e-01 8.756250752370857e-01 -2.247200319787152e-01
4.250000000000000e-01 8.898229017956865e-01 -2.227320844826416e-01
4.281250000000000e-01 9.042379746935050e-01 -2.205829435042794e-01
4.312500000000000e-01 9.188738133070491e-01 -2.182728279145441e-01
4.343750000000000e-01 9.337339909118028e-01 -2.158024092666797e-01
4.375000000000000e-01 9.488221355546261e-01 -2.131728304752217e-01
4.406250000000000e-01 9.641419309395265e-01 -2.103857224248502e-01
4.437500000000000e-01 9.796971173270190e-01 -2.074432182020844e-01
4.468750000000000e-01 9.954914924472941e-01 -2.043479646518754e-01
4.500000000000000e-01 1.011528912427417e+00 -2.011031309771704e-01
4.531250000000000e-01 1.027813292732786e+00 -1.977124141237631e-01
4.562500000000000e-01 1.044348609123070e+00 -1.941800407246110e-01
4.593750000000000e-01 1.061138898622882e+00 -1.905107654150243e-01
4.625000000000000e-01 1.078188260507393e+00 -1.867098653762477e-01
4.656250000000000e-01 1.095500857303154e+00 -1.827831310183017e-01
4.687500000000000e-01 1.113080915804360e+00 -1.787368527676061e-01
4.718750000000000e-01 1.130932728104805e+00 -1.745778039857495e-01
4.750000000000000e-01 1.149060652645771e+00 -1.703132201085549e-01
4.781250000000000e-01 1.167469115280130e+00 -1.659507741553692e-01
4.812500000000000e-01 1.186162610352890e+00 -1.614985488186019e-01
4.843750000000000e-01 1.205145701798475e+00 -1.569650053971573e-01
4.875000000000000e-01 1.224423024254985e+00 -1.523589498854074e-01
4.906250000000000e-01 1.243999284195726e+00 -1.476894965685488e-01
4.937500000000000e-01 1.263879261078271e+00 -1.429660295022384e-01
4.968750000000000e-01 1.284067808511348e+00 -1.381981622709382e-01
5.000000000000000e-01 1.304569855439823e+00 -1.333956964222223e-01
5.031250000000000e-01 1.325390407348082e+00 -1.285685789640462e-01
5.062500000000000e-01 1.346534547482100e+00 -1.237268592895467e-01
5.093750000000000e-01 1.368007438090487e+00 -1.188806458596557e-01
5.125000000000001e-01 1.389814321684837e+00 -1.140400629298466e-01
5.156250000000000e-01 1.411960522319654e+00 -1.092152075563824e-01
5.187500000000000e-01 1.434451446892208e+00 -1.044161070617464e-01
5.218750000000000e-01 1.457292586462593e+00 -9.965267708201191e-02
5.250000000000000e-01 1.480489517594354e+00 -9.493468026523576e-02
5.281250000000001e-01 1.504047903715979e+00 -9.027168564167223e-02
5.312500000000000e-01 1.527973496503592e+00 -8.567302864768650e-02
5.343750000000000e-01 1.552272137285215e+00 -8.114777175897638e-02
5.375000000000000e-01 1.576949758466886e+00 -7.670466567733177e-02
5.406250000000000e-01 1.602012384981041e+00 -7.235211102077294e-02
5.437500000000001e-01 1.627466135757470e+00 -6.809812048933765e-02
5.468750000000000e-01 1.653317225217225e+00 -6.395028151879349e-02
5.500000000000000e-01 1.679571964789851e+00 -5.991571949142133e-02
5.531250000000000e-01 1.706236764454286e+00 -5.600106164317449e-02
5.562500000000000e-01 1.733318134303830e+00 -5.221240188749304e-02
5.593750000000001e-01 1.760822686135563e+00 -4.855526686401299e-02
5.625000000000000e-01 1.788757135064574e+00 -4.503458360997747e-02
5.656250000000000e-01 1.817128301163438e+00 -4.165464933839540e-02
5.687500000000000e-01 1.845943111127301e+00 -3.841910388411254e-02
5.718750000000000e-01 1.875208599965003e+00 -3.533090544187809e-02
5.750000000000001e-01 1.904931912716643e+00 -3.239231026406301e-02
5.781250000000000e-01 1.935120306198011e+00 -2.960485700526256e-02
5.812500000000000e-01 1.965781150772311e+00 -2.696935639356492e-02
5.843750000000000e-01 1.996921932149593e+00 -2.448588687140361e-02
5.875000000000000e-01 2.028550253214365e+00 -2.215379678181249e-02
5.906250000000001e-01 2.060673835881802e+00 -1.997171357895589e-02
5.937500000000000e-01 2.093300522983012e+00 -1.793756041706965e-02
5.968750000000000e-01 2.126438280179837e+00 -1.604858032292749e-02
6.000000000000001e-01 2.160095197909630e+00 -1.430136798803252e-02
6.031250000000000e-01 2.194279493360494e+00 -1.269190903376628e-02
6.062500000000001e-01 2.228999512477486e+00 -1.121562641214399e-02
6.093750000000000e-01 2.264263732000228e+00 -9.867433413588990e-03
6.125000000000000e-01 2.300080761532477e+00 -8.641792568505932e-03
6.156250000000001e-01 2.336459345644116e+00 -7.532779558518772e-03
6.187500000000000e-01 2.373408366006099e+00 -6.534151102786276e-03
6.218750000000001e-01 2.410936843558884e+00 -5.639415660867769e-03
6.250000000000000e-01 2.449053940714840e+00 -4.841905701340737e-03
6.281250000000000e-01 2.487768963595221e+00 -4.134850228815636e-03
6.312500000000001e-01 2.527091364302215e+00 -3.511446243906233e-03
6.343750000000000e-01 2.567030743226622e+00 -2.964927832402227e-03
6.375000000000001e-01 2.607596851391758e+00 -2.488631641200923e-03
6.406250000000000e-01 2.648799592834118e+00 -2.076057597833057e-03
6.437500000000000e-01 2.690649027021411e+00 -1.720923864499744e-03
6.468750000000001e-01 2.733155371308524e+00 -1.417215181862058e-03
6.500000000000000e-01 2.776329003432049e+00 -1.159223946586223e-03
6.531250000000001e-01 2.820180464043967e+00 -9.415835729840878e-04
6.562500000000000e-01 2.864720459285089e+00 -7.592939053629102e-04
6.593750000000000e-01 2.909959863398929e+00 -6.077386657908899e-04
6.625000000000001e-01 2.955909721386590e+00 -4.826951336775685e-04
6.656250000000000e-01 3.002581251703353e+00 -3.803364509198195e-04
6.687500000000001e-01 3.049985848997626e+00 -2.972271220947177e-04
6.718750000000000e-01 3.098135086892879e+00 -2.303124270551375e-04
6.750000000000000e-01 3.147040720813310e+00 -1.769025784322546e-04
6.781250000000001e-01 3.196714690853871e+00 -1.346525357276648e-04
6.812500000000000e-01 3.247169124695383e+00 -1.015384294373345e-04
6.843750000000001e-01 3.298416340565477e+00 -7.583155338942582e-05
6.875000000000000e-01 3.350468850246008e+00 -5.607085339397530e-05
6.906250000000000e-01 3.403339362127777e+00 -4.103477921123976e-05
6.937500000000001e-01 3.457040784313211e+00 -2.971327990677358e-05
6.968750000000000e-01 3.511586227767823e+00 -2.128061601783087e-05
7.000000000000001e-01 3.566989009521205e+00 -1.506954231539308e-05
7.031250000000000e-01 3.623262655918307e+00 -1.054728914077084e-05
7.062500000000000e-01 3.680420905921852e+00 -7.293644852467763e-06
7.093750000000001e-01 3.738477714466631e+00 -4.981322678184637e-06
7.125000000000000e-01 3.797447255866536e+00 -3.358687074172395e-06
7.156250000000001e-01 3.857343927275175e+00 -2.234821188657002e-06
7.187500000000000e-01 3.918182352200844e+00 -1.466840535860870e-06
7.218750000000000e-01 3.979977384076828e+00 -9.492995328059641e-07
7.250000000000001e-01 4.042744109887770e+00 -6.054969475564115e-07
7.281250000000000e-01 4.106497853853101e+00 -3.804623462312826e-07
7.312500000000001e-01 4.171254181168399e+00 -2.353963125181058e-07
7.343750000000000e-01 4.237028901805528e+00 -1.433400330529134e-07
7.375000000000000e-01 4.303838074372613e+00 -8.586202707026907e-08
7.406250000000001e-01 4.371698010034643e+00 -5.056857129352932e-08
7.437500000000000e-01 4.440625276495786e+00 -2.926714467468106e-08
7.468750000000001e-01 4.510636702044332e+00 -1.663674522632320e-08
7.500000000000000e-01 4.581749379661216e+00 -9.283395352722254e-09
7.531250000000000e-01 4.653980671193226e+00 -5.082199966834736e-09
7.562500000000001e-01 4.727348211591802e+00 -2.728052824132645e-09
7.593750000000000e-01 4.801869913218528e+00 -1.435004630210813e-09
7.625000000000001e-01 4.877563970218381e+00 -7.392482754626920e-10
7.656250000000000e-01 4.954448862961714e+00 -3.727300258586326e-10
7.687500000000000e-01 5.032543362556198e+00 -1.838186409220958e-10
7.718750000000001e-01 5.111866535429675e+00 -8.861217475104018e-11
7.750000000000000e-01 5.192437747985146e+00 -4.172697976121280e-11
7.781250000000001e-01 5.274276671329015e+00 -1.918071252456455e-11
7.812500000000000e-01 5.357403286073669e+00 -8.600719199956080e-12
7.843750000000000e-01 5.441837887215693e+00 -3.759400624034225e-12
7.875000000000001e-01 5.527601089090773e+00 -1.600668594072468e-12
7.906250000000000e-01 5.614713830406605e+00 -6.633795451550983e-13
7.937500000000001e-01 5.703197379355005e+00 -2.674072904735379e-13
7.968750000000000e-01 5.793073338804412e+00 -1.047614659322136e-13
8.000000000000000e-01 5.884363651574169e+00 -3.985729623679382e-14
8.031250000000001e-01 5.977090605791737e+00 -1.471455735660887e-14
8.062500000000000e-01 6.071276840334257e+00 -5.267074422697972e-15
8.093750000000001e-01 6.166945350355728e+00 -1.826498469351749e-15
8.125000000000000e-01 6.264119492901173e+00 -6.131077186620314e-16
8.156250000000000e-01 6.362822992609162e+00 -1.990478861203726e-16
8.187500000000001e-01 6.463079947504072e+00 -6.244727982932842e-17
8.218750000000000e-01 6.564914834879517e+00 -1.891616860885616e-17
8.250000000000001e-01 6.668352517274371e+00 -5.527672427148889e-18
8.281250000000000e-01 6.773418248542846e+00 -1.556913778813282e-18
8.312500000000000e-01 6.880137680020114e+00 -4.223011288475300e-19
8.343750000000001e-01 6.988536866784961e+00 -1.102140593682470e-19
8.375000000000000e-01 7.098642274021019e+00 -2.765226588075285e-20
8.406250000000001e-01 7.210480783478133e+00 -6.663869237204245e-21
8.437500000000000e-01 7.324079700035414e+00 -1.541165993336550e-21
8.468750000000000e-01 7.439466758367605e+00 -3.417653046240001e-22
8.500000000000001e-01 7.556670129716381e+00 -7.260973499316679e-23
8.531250000000000e-01 7.675718428768239e+00 -1.476686459175851e-23
8.562500000000001e-01 7.796640720640633e+00 -2.872455337679655e-24
8.593750000000000e-01 7.919466527978115e+00 -5.340019753245912e-25
8.625000000000000e-01 8.044225838160141e+00 -9.480242287917291e-26
8.656250000000001e-01 8.170949110622363e+00 -1.606039200148418e-26
8.687500000000000e-01 8.299667284293170e+00 -2.594407622035169e-27
8.718750000000001e-01 8.430411785147284e+00 -3.993598006445429e-28
8.750000000000000e-01 8.563214533878281e+00 -5.853937187962686e-29
8.781250000000000e-01 8.698107953691880e+00 -8.166180500660139e-30
8.812500000000001e-01 8.835124978221932e+00 -1.083487964361360e-30
8.843750000000000e-01 8.974299059571019e+00 -1.366560702430672e-31
8.875000000000001e-01 9.115664176477637e+00 -1.637640566677717e-32
8.906250000000000e-01 9.259254842611947e+00 -1.863797342977836e-33
8.937500000000000e-01 9.405106115002161e+00 -2.013706352487995e-34
8.968750000000001e-01 9.553253602593529e+00 -2.064713353457429e-35
9.000000000000000e-01 9.703733474942130e+00 -2.008448689666141e-36
9.031250000000001e-01 9.856582471045494e+00 -1.853074315739909e-37
9.062500000000000e-01 1.001183790831228e+01 -1.621333955013486e-38
9.093750000000000e-01 1.016953769167313e+01 -1.345050527923643e-39
9.125000000000001e-01 1.032972032283505e+01 -1.057918726177549e-40
9.156250000000000e-01 1.049242490968134e+01 -7.888534783505383e-42
9.187500000000001e-01 1.065769117581972e+01 -5.576663224745370e-43
9.218750000000000e-01 1.082555947028058e+01 -3.737750542992463e-44
9.250000000000000e-01 1.099607077736805e+01 -2.375455569469182e-45
9.281250000000001e-01 1.116926672666618e+01 -1.431677083098126e-46
9.312500000000000e-01 1.134518960320255e+01 -8.184316640725055e-48
9.343750000000001e-01 1.152388235777201e+01 -4.438661946554073e-49
9.375000000000000e-01 1.170538861742293e+01 -2.284342762324651e-50
9.406250000000000e-01 1.188975269610854e+01 -1.115912307056269e-51
9.437500000000001e-01 1.207701960550600e+01 -5.175948278412153e-53
9.468750000000000e-01 1.226723506600578e+01 -2.280249568255271e-54
9.500000000000001e-01 1.246044551787411e+01 -9.544599275525117e-56
9.531250000000000e-01 1.265669813259115e+01 -3.797288589137610e-57
9.562500000000000e-01 1.285604082436773e+01 -1.436461681896754e-58
9.593750000000001e-01 1.305852226184337e+01 -5.168779798724676e-60
9.625000000000000e-01 1.326419187996850e+01 -1.769817673544046e-61
9.656250000000001e-01 1.347309989207381e+01 -5.768879163698312e-63
9.687500000000000e-01 1.368529730212962e+01 -1.790831277444833e-64
9.718750000000000e-01 1.390083591719824e+01 -5.296600679990895e-66
9.750000000000001e-01 1.411976836008246e+01 -1.493132927540120e-67
9.781250000000000e-01 1.434214808217320e+01 -4.013630172101188e-69
9.812500000000001e-01 1.456802937649935e+01 -1.029181087349063e-70
9.843750000000000e-01 1.479746739098328e+01 -2.518477758952183e-72
9.875000000000000e-01 1.503051814190487e+01 -5.883699919985540e-74
9.906250000000001e-01 1.526723852757770e+01 -1.312806149531561e-75
9.937500000000000e-01 1.550768634224049e+01 -2.798683623761519e-77
9.968750000000001e-01 1.575192029016732e+01 -5.798245489709606e-79
1.000000000000000e+00 1.600000000000000e+01 4.919736462338530e-79
