0.000000000000000e+00 0.000000000000000e+00 0.000000000000000e+00
3.125000000000000e-03 3.369263549427258e-03 -7.802583184754577e-02
6.250000000000000e-03 6.739349689698711e-03 -1.672034813581285e-03
9.375000000000001e-03 1.011108121249049e-02 -1.016934087375915e-02
1.250000000000000e-02 1.348528131119160e-02 -2.743109438797052e-03
1.562500000000000e-02 1.686277378188298e-02 -6.534728073727285e-03
1.875000000000000e-02 2.024438322446370e-02 -4.287616439615885e-03
2.187500000000000e-02 2.363093524397333e-02 -6.563961336278415e-03
2.500000000000000e-02 2.702325665215984e-02 -5.769042189171490e-03
2.812500000000000e-02 3.042217566934200e-02 -7.366077892603190e-03
3.125000000000000e-02 3.382852212661575e-02 -7.198581535206516e-03
3.437500000000000e-02 3.724312766845378e-02 -8.507735064286152e-03
3.750000000000001e-02 4.066682595574785e-02 -8.591890839292425e-03
4.062500000000000e-02 4.410045286934348e-02 -9.715301781685953e-03
4.375000000000000e-02 4.754484671411652e-02 -9.966117611771547e-03
4.687500000000000e-02 5.100084842364160e-02 -1.096573179178183e-02
5.000000000000000e-02 5.446930176550237e-02 -1.131041270538954e-02
5.312500000000001e-02 5.795105354729364e-02 -1.220421195126861e-02
5.625000000000000e-02 6.144695382336569e-02 -1.261138544585769e-02
5.937500000000000e-02 6.495785610236132e-02 -1.344113699157143e-02
6.250000000000000e-02 6.848461755559625e-02 -1.385359977666268e-02
6.562500000000000e-02 7.202809922633362e-02 -1.463335896578724e-02
6.875000000000001e-02 7.558916624000402e-02 -1.507407571410137e-02
7.187500000000001e-02 7.916868801542200e-02 -1.577532911196197e-02
7.500000000000001e-02 8.276753847705080e-02 -1.621577406148202e-02
7.812500000000000e-02 8.638659626836727e-02 -1.687730373797275e-02
8.125000000000000e-02 9.002674496637868e-02 -1.729143839980481e-02
8.437500000000001e-02 9.368887329734420e-02 -1.790630303931423e-02
8.750000000000001e-02 9.737387535375355e-02 -1.830922389543243e-02
9.062500000000001e-02 1.010826508126157e-01 -1.885617948527354e-02
9.375000000000000e-02 1.048161051551108e-01 -1.923432352359359e-02
9.687500000000000e-02 1.085751498876601e-01 -1.973212043378298e-02
1.000000000000000e-01 1.123607027644654e-01 -2.006210722930616e-02
1.031250000000000e-01 1.161736880115753e-01 -2.050775745850972e-02
1.062500000000000e-01 1.200150365525305e-01 -2.080017146695047e-02
1.093750000000000e-01 1.238856862356450e-01 -2.117082561484818e-02
1.125000000000000e-01 1.277865820629775e-01 -2.141640367066756e-02
1.156250000000000e-01 1.317186764210495e-01 -2.172309119107111e-02
1.187500000000000e-01 1.356829293133661e-01 -2.189980376452523e-02
1.218750000000000e-01 1.396803085947971e-01 -2.213851219572395e-02
1.250000000000000e-01 1.437117902078738e-01 -2.225335916232226e-02
1.281250000000000e-01 1.477783584210617e-01 -2.240157302880147e-02
1.312500000000000e-01 1.518810060690650e-01 -2.244455003437909e-02
1.343750000000000e-01 1.560207347952229e-01 -2.250921070472020e-02
1.375000000000000e-01 1.601985552960564e-01 -2.245981414980694e-02
1.406250000000000e-01 1.644154875680252e-01 -2.243296430722201e-02
1.437500000000000e-01 1.686725611565558e-01 -2.229584337438166e-02
1.468750000000000e-01 1.729708154074000e-01 -2.215638507125699e-02
1.500000000000000e-01 1.773112997203869e-01 -2.191755208883032e-02
1.531250000000000e-01 1.816950738056289e-01 -2.167051062487734e-02
1.562500000000000e-01 1.861232079422458e-01 -2.131243366849629e-02
1.593750000000000e-01 1.905967832396682e-01 -2.094352457843677e-02
1.625000000000000e-01 1.951168919015860e-01 -2.046871586475097e-02
1.656250000000000e-01 1.996846374926046e-01 -1.996096814707085e-02
1.687500000000000e-01 2.043011352076760e-01 -1.934993762443928e-02
1.718750000000000e-01 2.089675121443681e-01 -1.870618475043015e-02
1.750000000000000e-01 2.136849075780412e-01 -1.794784872549784e-02
1.781250000000000e-01 2.184544732399964e-01 -1.714727577967395e-02
1.812500000000000e-01 2.232773735986666e-01 -1.623943139751855e-02
1.843750000000000e-01 2.281547861439151e-01 -1.527403756747751e-02
1.875000000000000e-01 2.330879016745160e-01 -1.419494154624725e-02
1.906250000000000e-01 2.380779245888810e-01 -1.306110357399906e-02
1.937500000000000e-01 2.431260731791094e-01 -1.180914863353463e-02
1.968750000000000e-01 2.482335799284277e-01 -1.048653621341241e-02
2.000000000000000e-01 2.534016918120952e-01 -9.050580501223763e-03
2.031250000000000e-01 2.586316706018478e-01 -7.541623938221620e-03
2.062500000000000e-01 2.639247931739538e-01 -5.909504580437573e-03
2.093750000000000e-01 2.692823518209576e-01 -4.200770751210520e-03
2.125000000000000e-01 2.747056545671873e-01 -2.374757274833687e-03
2.156250000000000e-01 2.801960254881028e-01 -4.620935598516712e-04
2.187500000000000e-01 2.857548050335636e-01 1.571537630530318e-03
2.218750000000000e-01 2.913833503550930e-01 3.686425460276508e-03
2.250000000000000e-01 2.970830356372213e-01 5.920660461267572e-03
2.281250000000000e-01 3.028552524329863e-01 8.245269737294367e-03
2.312500000000000e-01 3.087014100036755e-01 1.068394291093839e-02
2.343750000000000e-01 3.146229356628902e-01 1.320519274401646e-02
2.375000000000000e-01 3.206212751250189e-01 1.584025632984917e-02
2.406250000000000e-01 3.266978928582008e-01 1.855971715532792e-02
2.437500000000000e-01 3.328542724418705e-01 2.138104905599383e-02
2.468750000000000e-01 3.390919169289667e-01 2.427832230087561e-02
2.500000000000000e-01 3.454123492128958e-01 2.727413343581868e-02
2.531250000000000e-01 3.518171123993401e-01 3.033923694061880e-02
2.562500000000000e-01 3.583077701830001e-01 3.348624626097203e-02
2.593750000000000e-01 3.648859072293631e-01 3.669185849666675e-02
2.625000000000000e-01 3.715531295615936e-01 3.997077558151715e-02
2.656250000000000e-01 3.783110649526354e-01 4.329464250262709e-02
2.687500000000000e-01 3.851613633226258e-01 4.667118276010186e-02
2.718750000000000e-01 3.921056971417164e-01 5.007807994251113e-02
2.750000000000000e-01 3.991457618383991e-01 5.352393779798693e-02
2.781250000000000e-01 4.062832762134377e-01 5.698184264967900e-02
2.812500000000000e-01 4.135199828595055e-01 6.045473124197420e-02
2.843750000000000e-01 4.208576485866312e-01 6.392075193216128e-02
2.875000000000000e-01 4.282980648535585e-01 6.738445844633714e-02
2.906250000000000e-01 4.358430482051222e-01 7.082126666694466e-02
2.937500000000000e-01 4.434944407157500e-01 7.423014382266362e-02
2.968750000000000e-01 4.512541104391968e-01 7.758976984585075e-02
3.000000000000000e-01 4.591239518646220e-01 8.090250962165542e-02
3.031250000000000e-01 4.671058863791195e-01 8.414745505213271e-02
3.062500000000000e-01 4.752018627368176e-01 8.732135462894533e-02
3.093750000000000e-01 4.834138575346580e-01 9.040393703459997e-02
3.125000000000000e-01 4.917438756949728e-01 9.339642456076937e-02
3.156250000000000e-01 5.001939509549778e-01 9.628257285848657e-02
3.187500000000000e-01 5.087661463633005e-01 9.905965157496088e-02
3.218750000000000e-01 5.174625547836644e-01 1.017100232225936e-01
3.250000000000000e-01 5.262852994058529e-01 1.042337118859365e-01
3.281250000000000e-01 5.352365342640750e-01 1.066183742576583e-01
3.312500000000000e-01 5.443184447628656e-01 1.088644115816872e-01
3.343750000000000e-01 5.535332482106405e-01 1.109596206701836e-01
3.375000000000000e-01 5.628831943610435e-01 1.129033334021506e-01
3.406250000000000e-01 5.723705659622137e-01 1.146854769072146e-01
3.437500000000000e-01 5.819976793141081e-01 1.163091307975789e-01
3.468750000000000e-01 5.917668848340161e-01 1.177681143949514e-01
3.500000000000000e-01 6.016805676304035e-01 1.190642203454478e-01
3.531250000000000e-01 6.117411480852264e-01 1.201913645186579e-01
3.562500000000000e-01 6.219510824448572e-01 1.211523679225212e-01
3.593750000000000e-01 6.323128634197650e-01 1.219434728650461e-01
3.625000000000000e-01 6.428290207931012e-01 1.225699760061388e-01
3.656250000000000e-01 6.535021220383342e-01 1.230310448339817e-01
3.687500000000000e-01 6.643347729460869e-01 1.233310041492225e-01
3.718750000000000e-01 6.753296182603294e-01 1.234695251622513e-01
3.750000000000000e-01 6.864893423240808e-01 1.234513464131397e-01
3.781250000000000e-01 6.978166697347804e-01 1.232769242864918e-01
3.812500000000000e-01 7.093143660094854e-01 1.229527813731448e-01
3.843750000000000e-01 7.209852382600603e-01 1.224812786884352e-01
3.875000000000000e-01 7.328321358785219e-01 1.218687358864166e-01
3.906250000000000e-01 7.448579512327029e-01 1.211188910790521e-01
3.937500000000000e-01 7.570656203724140e-01 1.202371632676563e-01
3.968750000000000e-01 7.694581237462648e-01 1.192276419005528e-01
4.000000000000000e-01 7.820384869293291e-01 1.180960168091691e-01
4.031250000000000e-01 7.948097813618253e-01 1.168463492639713e-01
4.062500000000000e-01 8.077751250989945e-01 1.154850330372642e-01
4.093750000000000e-01 8.209376835723596e-01 1.140162084557600e-01
4.125000000000000e-01 8.343006703625532e-01 1.124463445810034e-01
4.156250000000000e-01 8.478673479838968e-01 1.107797978538307e-01
4.187500000000000e-01 8.616410286809313e-01 1.090225367461778e-01
4.218750000000000e-01 8.756250752370857e-01 1.071791121268273e-01
4.250000000000000e-01 8.898229017956865e-01 1.052548865154599e-01
4.281250000000000e-01 9.042379746935050e-01 1.032544624564528e-01
4.312500000000000e-01 9.188738133070491e-01 1.011827132441185e-01
4.343750000000000e-01 9.337339909118028e-01 9.904412756559562e-02
4.375000000000000e-01 9.488221355546261e-01 9.684318835358344e-02
4.406250000000000e-01 9.641419309395265e-01 9.458414328162942e-02
4.437500000000000e-01 9.796971173270190e-01 9.227111623094361e-02
4.468750000000000e-01 9.954914924472941e-01 8.990803695323427e-02
4.500000000000000e-01 1.011528912427417e+00 8.749866684949441e-02
4.531250000000000e-01 1.027813292732786e+00 8.504657985951200e-02
4.562500000000000e-01 1.044348609123070e+00 8.255516773640408e-02
4.593750000000000e-01 1.061138898622882e+00 8.002763698359527e-02
4.625000000000000e-01 1.078188260507393e+00 7.746701232364619e-02
4.656250000000000e-01 1.095500857303154e+00 7.487614009723217e-02
4.687500000000000e-01 1.113080915804360e+00 7.225769438747710e-02
4.718750000000000e-01 1.130932728104805e+00 6.961418473183288e-02
4.750000000000000e-01 1.149060652645771e+00 6.694796592044167e-02
4.781250000000000e-01 1.167469115280130e+00 6.426124975708014e-02
4.812500000000000e-01 1.186162610352890e+00 6.155611891483878e-02
4.843750000000000e-01 1.205145701798475e+00 5.883454292857129e-02
4.875000000000000e-01 1.224423024254985e+00 5.609839639719032e-02
4.906250000000000e-01 1.243999284195726e+00 5.334947945059428e-02
4.937500000000000e-01 1.263879261078271e+00 5.058954052179303e-02
4.968750000000000e-01 1.284067808511348e+00 4.782030143802558e-02
5.000000000000000e-01 1.304569855439823e+00 4.504348481048694e-02
5.031250000000000e-01 1.325390407348082e+00 4.226084365492565e-02
5.062500000000000e-01 1.346534547482100e+00 3.947419311732065e-02
5.093750000000000e-01 1.368007438090487e+00 3.668544410605570e-02
5.125000000000001e-01 1.389814321684837e+00 3.389663854486584e-02
5.156250000000000e-01 1.411960522319654e+00 3.110998586149912e-02
5.187500000000000e-01 1.434451446892208e+00 2.832790021375203e-02
5.218750000000000e-01 1.457292586462593e+00 2.555303782878190e-02
5.250000000000000e-01 1.480489517594354e+00 2.278833369875258e-02
5.281250000000001e-01 1.504047903715979e+00 2.003703673985360e-02
5.312500000000000e-01 1.527973496503592e+00 1.730274238834332e-02
5.343750000000000e-01 1.552272137285215e+00 1.458942148394925e-02
5.375000000000000e-01 1.576949758466886e+00 1.190144418919898e-02
5.406250000000000e-01 1.602012384981041e+00 9.243597623207362e-03
5.437500000000001e-01 1.627466135757470e+00 6.621095860828280e-03
5.468750000000000e-01 1.653317225217225e+00 4.039580975591247e-03
5.500000000000000e-01 1.679571964789851e+00 1.505113898165168e-03
5.531250000000000e-01 1.706236764454286e+00 -9.758459708772363e-04
5.562500000000000e-01 1.733318134303830e+00 -3.396473210674832e-03
5.593750000000001e-01 1.760822686135563e+00 -5.749621387274688e-03
5.625000000000000e-01 1.788757135064574e+00 -8.027880721931438e-03
5.656250000000000e-01 1.817128301163438e+00 -1.022364807555220e-02
5.687500000000000e-01 1.845943111127301e+00 -1.232920842082918e-02
5.718750000000000e-01 1.875208599965003e+00 -1.433682648285609e-02
5.750000000000001e-01 1.904931912716643e+00 -1.623884676107138e-02
5.781250000000000e-01 1.935120306198011e+00 -1.802779973531370e-02
5.812500000000000e-01 1.965781150772311e+00 -1.969651173930579e-02
5.843750000000000e-01 1.996921932149593e+00 -2.123821578438475e-02
5.875000000000000e-01 2.028550253214365e+00 -2.264666055703393e-02
5.906250000000001e-01 2.060673835881802e+00 -2.391621490472347e-02
5.937500000000000e-01 2.093300522983012e+00 -2.504196536351941e-02
5.968750000000000e-01 2.126438280179837e+00 -2.601980465259215e-02
6.000000000000001e-01 2.160095197909630e+00 -2.684650953567866e-02
6.031250000000000e-01 2.194279493360494e+00 -2.751980698880737e-02
6.062500000000001e-01 2.228999512477486e+00 -2.803842816996783e-02
6.093750000000000e-01 2.264263732000228e+00 -2.840215020801392e-02
6.125000000000000e-01 2.300080761532477e+00 -2.861182626617628e-02
6.156250000000001e-01 2.336459345644116e+00 -2.866940464562840e-02
6.187500000000000e-01 2.373408366006099e+00 -2.857793784276465e-02
6.218750000000001e-01 2.410936843558884e+00 -2.834158243997004e-02
6.250000000000000e-01 2.449053940714840e+00 -2.796559048912162e-02
6.281250000000000e-01 2.487768963595221e+00 -2.745629265563111e-02
6.312500000000001e-01 2.527091364302215e+00 -2.682107286244142e-02
6.343750000000000e-01 2.567030743226622e+00 -2.606833356076685e-02
6.375000000000001e-01 2.607596851391758e+00 -2.520745012760474e-02
6.406250000000000e-01 2.648799592834118e+00 -2.424871233282675e-02
6.437500000000000e-01 2.690649027021411e+00 -2.320325042218762e-02
6.468750000000001e-01 2.733155371308524e+00 -2.208294321690730e-02
6.500000000000000e-01 2.776329003432049e+00 -2.090030581570046e-02
6.531250000000001e-01 2.820180464043967e+00 -1.966835505826464e-02
6.562500000000000e-01 2.864720459285089e+00 -1.840045189245890e-02
6.593750000000000e-01 2.909959863398929e+00 -1.711012115855579e-02
6.625000000000001e-01 2.955909721386590e+00 -1.581085098888478e-02
6.656250000000000e-01 3.002581251703353e+00 -1.451587589431093e-02
6.687500000000001e-01 3.049985848997626e+00 -1.323794950103594e-02
6.718750000000000e-01 3.098135086892879e+00 -1.198911461457326e-02
6.750000000000000e-01 3.147040720813310e+00 -1.078047961935332e-02
6.781250000000001e-01 3.196714690853871e+00 -9.622010990454118e-03
6.812500000000000e-01 3.247169124695383e+00 -8.522351763136300e-03
6.843750000000001e-01 3.298416340565477e+00 -7.488675109355608e-03
6.875000000000000e-01 3.350468850246008e+00 -6.526580722091158e-03
6.906250000000000e-01 3.403339362127777e+00 -5.640039603108688e-03
6.937500000000001e-01 3.457040784313211e+00 -4.831390253864477e-03
6.968750000000000e-01 3.511586227767823e+00 -4.101386399952014e-03
7.000000000000001e-01 3.566989009521205e+00 -3.449293479372342e-03
7.031250000000000e-01 3.623262655918307e+00 -2.873028434045745e-03
7.062500000000000e-01 3.680420905921852e+00 -2.369335074926010e-03
7.093750000000001e-01 3.738477714466631e+00 -1.933985609040881e-03
7.125000000000000e-01 3.797447255866536e+00 -1.561997926916532e-03
7.156250000000001e-01 3.857343927275175e+00 -1.247857991239516e-03
7.187500000000000e-01 3.918182352200844e+00 -9.857371188946311e-04
7.218750000000000e-01 3.979977384076828e+00 -7.696950291156472e-04
7.250000000000001e-01 4.042744109887770e+00 -5.938611158938174e-04
7.281250000000000e-01 4.106497853853101e+00 -4.525883375114738e-04
7.312500000000001e-01 4.171254181168399e+00 -3.405762289080490e-04
7.343750000000000e-01 4.237028901805528e+00 -2.529616621418633e-04
7.375000000000000e-01 4.303838074372613e+00 -1.853779494257316e-04
7.406250000000001e-01 4.371698010034643e+00 -1.339845718341542e-04
7.437500000000000e-01 4.440625276495786e+00 -9.547113070304014e-05
7.468750000000001e-01 4.510636702044332e+00 -6.704000539641949e-05
7.500000000000000e-01 4.581749379661216e+00 -4.637265041643834e-05
7.531250000000000e-01 4.653980671193226e+00 -3.158450576288250e-05
7.562500000000001e-01 4.727348211591802e+00 -2.117318782046777e-05
7.593750000000000e-01 4.801869913218528e+00 -1.396405657914479e-05
7.625000000000001e-01 4.877563970218381e+00 -9.056512037253974e-06
7.656250000000000e-01 4.954448862961714e+00 -5.773551161100642e-06
7.687500000000000e-01 5.032543362556198e+00 -3.616299855034044e-06
7.718750000000001e-01 5.111866535429675e+00 -2.224488318352261e-06
7.750000000000000e-01 5.192437747985146e+00 -1.343208618711727e-06
7.781250000000001e-01 5.274276671329015e+00 -7.958047050168611e-07
7.812500000000000e-01 5.357403286073669e+00 -4.624025303809578e-07
7.843750000000000e-01 5.441837887215693e+00 -2.633811717585975e-07
7.875000000000001e-01 5.527601089090773e+00 -1.469940241107920e-07
7.906250000000000e-01 5.614713830406605e+00 -8.034602500972933e-08
7.937500000000001e-01 5.703197379355005e+00 -4.299106639228446e-08
7.968750000000000e-01 5.793073338804412e+00 -2.250820154569199e-08
8.000000000000000e-01 5.884363651574169e+00 -1.152530384736656e-08
8.031250000000001e-01 5.977090605791737e+00 -5.769180852058142e-09
8.062500000000000e-01 6.071276840334257e+00 -2.821814763011498e-09
8.093750000000001e-01 6.166945350355728e+00 -1.348029408189523e-09
8.125000000000000e-01 6.264119492901173e+00 -6.286842060991899e-10
8.156250000000000e-01 6.362822992609162e+00 -2.861119721946904e-10
8.187500000000001e-01 6.463079947504072e+00 -1.270048443776446e-10
8.218750000000000e-01 6.564914834879517e+00 -5.496656621363837e-11
8.250000000000001e-01 6.668352517274371e+00 -2.318394869858624e-11
8.281250000000000e-01 6.773418248542846e+00 -9.525911242649389e-12
8.312500000000000e-01 6.880137680020114e+00 -3.811356301129133e-12
8.343750000000001e-01 6.988536866784961e+00 -1.484342271035734e-12
8.375000000000000e-01 7.098642274021019e+00 -5.624733247598658e-13
8.406250000000001e-01 7.210480783478133e+00 -2.073096996972084e-13
8.437500000000000e-01 7.324079700035414e+00 -7.428966316378386e-14
8.468750000000000e-01 7.439466758367605e+00 -2.587465330240482e-14
8.500000000000001e-01 7.556670129716381e+00 -8.756078579883277e-15
8.531250000000000e-01 7.675718428768239e+00 -2.877999875221436e-15
8.562500000000001e-01 7.796640720640633e+00 -9.185030484144143e-16
8.593750000000000e-01 7.919466527978115e+00 -2.845428396807794e-16
8.625000000000000e-01 8.044225838160141e+00 -8.553944398626158e-17
8.656250000000001e-01 8.170949110622363e+00 -2.494694891604399e-17
8.687500000000000e-01 8.299667284293170e+00 -7.056468885871138e-18
8.718750000000001e-01 8.430411785147284e+00 -1.935393943321135e-18
8.750000000000000e-01 8.563214533878281e+00 -5.145914374779972e-19
8.781250000000000e-01 8.698107953691880e+00 -1.326088703844767e-19
8.812500000000001e-01 8.835124978221932e+00 -3.311398064681000e-20
8.843750000000000e-01 8.974299059571019e+00 -8.011194617962459e-21
8.875000000000001e-01 9.115664176477637e+00 -1.877391412918301e-21
8.906250000000000e-01 9.259254842611947e+00 -4.261032458556720e-22
8.937500000000000e-01 9.405106115002161e+00 -9.365140850683125e-23
8.968750000000001e-01 9.553253602593529e+00 -1.992949534876844e-23
9.000000000000000e-01 9.703733474942130e+00 -4.105913888093697e-24
9.031250000000001e-01 9.856582471045494e+00 -8.188602563436622e-25
9.062500000000000e-01 1.001183790831228e+01 -1.580726560784467e-25
9.093750000000000e-01 1.016953769167313e+01 -2.953363111462039e-26
9.125000000000001e-01 1.032972032283505e+01 -5.340250238572849e-27
9.156250000000000e-01 1.049242490968134e+01 -9.344752141785696e-28
9.187500000000001e-01 1.065769117581972e+01 -1.582403271169711e-28
9.218750000000000e-01 1.082555947028058e+01 -2.592963516729427e-29
9.250000000000000e-01 1.099607077736805e+01 -4.111466824782921e-30
9.281250000000001e-01 1.116926672666618e+01 -6.308325382147662e-31
9.312500000000000e-01 1.134518960320255e+01 -9.365874095856468e-32
9.343750000000001e-01 1.152388235777201e+01 -1.345561515414879e-32
9.375000000000000e-01 1.170538861742293e+01 -1.870629355070389e-33
9.406250000000000e-01 1.188975269610854e+01 -2.516589982944567e-34
9.437500000000001e-01 1.207701960550600e+01 -3.276368533497633e-35
9.468750000000000e-01 1.226723506600578e+01 -4.128068333038091e-36
9.500000000000001e-01 1.246044551787411e+01 -5.033802780170628e-37
9.531250000000000e-01 1.265669813259115e+01 -5.941073186042282e-38
9.562500000000000e-01 1.285604082436773e+01 -6.787031576361574e-39
9.593750000000001e-01 1.305852226184337e+01 -7.505341587811723e-40
9.625000000000000e-01 1.326419187996850e+01 -8.034675826851547e-41
9.656250000000001e-01 1.347309989207381e+01 -8.327360692438670e-42
9.687500000000000e-01 1.368529730212962e+01 -8.356478628062773e-43
9.718750000000000e-01 1.390083591719824e+01 -8.119957546147893e-44
9.750000000000001e-01 1.411976836008246e+01 -7.640785376280463e-45
9.781250000000000e-01 1.434214808217320e+01 -6.963327439396536e-46
9.812500000000001e-01 1.456802937649935e+01 -6.146563431058885e-47
9.843750000000000e-01 1.479746739098328e+01 -5.255669549563266e-48
9.875000000000000e-01 1.503051814190487e+01 -4.353598516473331e-49
9.906250000000001e-01 1.526723852757770e+01 -3.494133739328984e-50
9.937500000000000e-01 1.550768634224049e+01 -2.716499747094179e-51
9.968750000000001e-01 1.575192029016732e+01 -2.137032787438589e-52
1.000000000000000e+00 1.600000000000000e+01 1.287810903287649e-52
