0.000000000000000e+00 0.000000000000000e+00 0.000000000000000e+00
3.125000000000000e-03 3.369263549427258e-03 -1.529720372899117e-03
6.250000000000000e-03 6.739349689698711e-03 7.583093056187968e-03
9.375000000000001e-03 1.011108121249049e-02 1.420295782588162e-02
1.250000000000000e-02 1.348528131119160e-02 2.008849057103970e-02
1.562500000000000e-02 1.686277378188298e-02 2.558906510277508e-02
1.875000000000000e-02 2.024438322446370e-02 3.109209603891049e-02
2.187500000000000e-02 2.363093524397333e-02 3.658285177990662e-02
2.500000000000000e-02 2.702325665215984e-02 4.205200047333274e-02
2.812500000000000e-02 3.042217566934200e-02 4.739667615063899e-02
3.125000000000000e-02 3.382852212661575e-02 5.280897840695881e-02
3.437500000000000e-02 3.724312766845378e-02 5.819485644347138e-02
3.750000000000001e-02 4.066682595574785e-02 6.358129583810368e-02
4.062500000000000e-02 4.410045286934348e-02 6.893175878425850e-02
4.375000000000000e-02 4.754484671411652e-02 7.426999607152618e-02
4.687500000000000e-02 5.100084842364160e-02 7.961606743328145e-02
5.000000000000000e-02 5.446930176550237e-02 8.495993574158130e-02
5.312500000000001e-02 5.795105354729364e-02 9.027870325153502e-02
5.625000000000000e-02 6.144695382336569e-02 9.558971094837711e-02
5.937500000000000e-02 6.495785610236132e-02 1.008907695319302e-01
6.250000000000000e-02 6.848461755559625e-02 1.061874204265191e-01
6.562500000000000e-02 7.202809922633362e-02 1.114759682749574e-01
6.875000000000001e-02 7.558916624000402e-02 1.167466843808687e-01
7.187500000000001e-02 7.916868801542200e-02 1.219735541308631e-01
7.500000000000001e-02 8.276753847705080e-02 1.272031620616710e-01
7.812500000000000e-02 8.638659626836727e-02 1.324231243534736e-01
8.125000000000000e-02 9.002674496637868e-02 1.376018796132996e-01
8.437500000000001e-02 9.368887329734420e-02 1.427738162576348e-01
8.750000000000001e-02 9.737387535375355e-02 1.478995646216549e-01
9.062500000000001e-02 1.010826508126157e-01 1.529973860661756e-01
9.375000000000000e-02 1.048161051551108e-01 1.580839404786747e-01
9.687500000000000e-02 1.085751498876601e-01 1.631028556082150e-01
1.000000000000000e-01 1.123607027644654e-01 1.680925716019732e-01
1.031250000000000e-01 1.161736880115753e-01 1.730512907609661e-01
1.062500000000000e-01 1.200150365525305e-01 1.779402851921181e-01
1.093750000000000e-01 1.238856862356450e-01 1.828126725475926e-01
1.125000000000000e-01 1.277865820629775e-01 1.876125756884120e-01
1.156250000000000e-01 1.317186764210495e-01 1.923296413727766e-01
1.187500000000000e-01 1.356829293133661e-01 1.970177995048875e-01
1.218750000000000e-01 1.396803085947971e-01 2.016420692171278e-01
1.250000000000000e-01 1.437117902078738e-01 2.061767079203120e-01
1.281250000000000e-01 1.477783584210617e-01 2.106420450558497e-01
1.312500000000000e-01 1.518810060690650e-01 2.150318915124936e-01
1.343750000000000e-01 1.560207347952229e-01 2.193451342605176e-01
1.375000000000000e-01 1.601985552960564e-01 2.235580683861451e-01
1.406250000000000e-01 1.644154875680252e-01 2.276881001258328e-01
1.437500000000000e-01 1.686725611565558e-01 2.317269622047730e-01
1.468750000000000e-01 1.729708154074000e-01 2.356535309131231e-01
1.500000000000000e-01 1.773112997203869e-01 2.394831980983818e-01
1.531250000000000e-01 1.816950738056289e-01 2.432088944932679e-01
1.562500000000000e-01 1.861232079422458e-01 2.468132945786834e-01
1.593750000000000e-01 1.905967832396682e-01 2.503113919251804e-01
1.625000000000000e-01 1.951168919015860e-01 2.536839756987307e-01
1.656250000000000e-01 1.996846374926046e-01 2.569343204794290e-01
1.687500000000000e-01 2.043011352076760e-01 2.600627732338150e-01
1.718750000000000e-01 2.089675121443681e-01 2.630544935633877e-01
1.750000000000000e-01 2.136849075780412e-01 2.659173076361760e-01
1.781250000000000e-01 2.184544732399964e-01 2.686465759191756e-01
1.812500000000000e-01 2.232773735986666e-01 2.712309473592566e-01
1.843750000000000e-01 2.281547861439151e-01 2.736819994014992e-01
1.875000000000000e-01 2.330879016745160e-01 2.759868715325156e-01
1.906250000000000e-01 2.380779245888810e-01 2.781443539827014e-01
1.937500000000000e-01 2.431260731791094e-01 2.801612642099791e-01
1.968750000000000e-01 2.482335799284277e-01 2.820248044010769e-01
2.000000000000000e-01 2.534016918120952e-01 2.837399633379946e-01
2.031250000000000e-01 2.586316706018478e-01 2.853093185073317e-01
2.062500000000000e-01 2.639247931739538e-01 2.867221810490526e-01
2.093750000000000e-01 2.692823518209576e-01 2.879870780282277e-01
2.125000000000000e-01 2.747056545671873e-01 2.891025413793410e-01
2.156250000000000e-01 2.801960254881028e-01 2.900612280839392e-01
2.187500000000000e-01 2.857548050335636e-01 2.908739971462778e-01
2.218750000000000e-01 2.913833503550930e-01 2.915359301106618e-01
2.250000000000000e-01 2.970830356372213e-01 2.920452007218600e-01
2.281250000000000e-01 3.028552524329863e-01 2.924110571577115e-01
2.312500000000000e-01 3.087014100036755e-01 2.926287590085407e-01
2.343750000000000e-01 3.146229356628902e-01 2.926981421954881e-01
2.375000000000000e-01 3.206212751250189e-01 2.926293242417481e-01
2.406250000000000e-01 3.266978928582008e-01 2.924160290522762e-01
2.437500000000000e-01 3.328542724418705e-01 2.920625801331052e-01
2.468750000000000e-01 3.390919169289667e-01 2.915764851962754e-01
2.500000000000000e-01 3.454123492128958e-01 2.909538677577021e-01
2.531250000000000e-01 3.518171123993401e-01 2.901983059793644e-01
2.562500000000000e-01 3.583077701830001e-01 2.893187009358024e-01
2.593750000000000e-01 3.648859072293631e-01 2.883102054225714e-01
2.625000000000000e-01 3.715531295615936e-01 2.871792074329528e-01
2.656250000000000e-01 3.783110649526354e-01 2.859327192382941e-01
2.687500000000000e-01 3.851613633226258e-01 2.845685747759038e-01
2.718750000000000e-01 3.921056971417164e-01 2.830909084155772e-01
2.750000000000000e-01 3.991457618383991e-01 2.815087771039416e-01
2.781250000000000e-01 4.062832762134377e-01 2.798192365733502e-01
2.812500000000000e-01 4.135199828595055e-01 2.780277588868610e-01
2.843750000000000e-01 4.208576485866312e-01 2.761421992091027e-01
2.875000000000000e-01 4.282980648535585e-01 2.741622213862644e-01
2.906250000000000e-01 4.358430482051222e-01 2.720901552821731e-01
2.937500000000000e-01 4.434944407157500e-01 2.699357909464763e-01
2.968750000000000e-01 4.512541104391968e-01 2.676989080977744e-01
3.000000000000000e-01 4.591239518646220e-01 2.653819807736090e-01
3.031250000000000e-01 4.671058863791195e-01 2.629931571524763e-01
3.062500000000000e-01 4.752018627368176e-01 2.605353232741289e-01
3.093750000000000e-01 4.834138575346580e-01 2.580079528589068e-01
3.125000000000000e-01 4.917438756949728e-01 2.554195399095505e-01
3.156250000000000e-01 5.001939509549778e-01 2.527743218205541e-01
3.187500000000000e-01 5.087661463633005e-01 2.500722280346214e-01
3.218750000000000e-01 5.174625547836644e-01 2.473180973979632e-01
3.250000000000000e-01 5.262852994058529e-01 2.445190913554894e-01
3.281250000000000e-01 5.352365342640750e-01 2.416749735829047e-01
3.312500000000000e-01 5.443184447628656e-01 2.387887952180567e-01
3.343750000000000e-01 5.535332482106405e-01 2.358673594998542e-01
3.375000000000000e-01 5.628831943610435e-01 2.329134466050119e-01
3.406250000000000e-01 5.723705659622137e-01 2.299267307712312e-01
3.437500000000000e-01 5.819976793141081e-01 2.269131849700089e-01
3.468750000000000e-01 5.917668848340161e-01 2.238778279098125e-01
3.500000000000000e-01 6.016805676304035e-01 2.208210154792360e-01
3.531250000000000e-01 6.117411480852264e-01 2.177443169231139e-01
3.562500000000000e-01 6.219510824448572e-01 2.146540717930806e-01
3.593750000000000e-01 6.323128634197650e-01 2.115529382973798e-01
3.625000000000000e-01 6.428290207931012e-01 2.084409396498139e-01
3.656250000000000e-01 6.535021220383342e-01 2.053210046107985e-01
3.687500000000000e-01 6.643347729460869e-01 2.021984649829627e-01
3.718750000000000e-01 6.753296182603294e-01 1.990745306486054e-01
3.750000000000000e-01 6.864893423240808e-01 1.959494903138092e-01
3.781250000000000e-01 6.978166697347804e-01 1.928265890364228e-01
3.812500000000000e-01 7.093143660094854e-01 1.897100894529958e-01
3.843750000000000e-01 7.209852382600603e-01 1.866006198314494e-01
3.875000000000000e-01 7.328321358785219e-01 1.834984734371287e-01
3.906250000000000e-01 7.448579512327029e-01 1.804064890448663e-01
3.937500000000000e-01 7.570656203724140e-01 1.773282665674316e-01
3.968750000000000e-01 7.694581237462648e-01 1.742644139443807e-01
4.000000000000000e-01 7.820384869293291e-01 1.712148506386805e-01
4.031250000000000e-01 7.948097813618253e-01 1.681815231988683e-01
4.062500000000000e-01 8.077751250989945e-01 1.651676710823831e-01
4.093750000000000e-01 8.209376835723596e-01 1.621743295023837e-01
4.125000000000000e-01 8.343006703625532e-01 1.592009781354310e-01
4.156250000000000e-01 8.478673479838968e-01 1.562482881617736e-01
4.187500000000000e-01 8.616410286809313e-01 1.533189732532627e-01
4.218750000000000e-01 8.756250752370857e-01 1.504147573244939e-01
4.250000000000000e-01 8.898229017956865e-01 1.475352249538213e-01
4.281250000000000e-01 9.042379746935050e-01 1.446798463204391e-01
4.312500000000000e-01 9.188738133070491e-01 1.418500268185887e-01
4.343750000000000e-01 9.337339909118028e-01 1.390476216832361e-01
4.375000000000000e-01 9.488221355546261e-01 1.362732440767108e-01
4.406250000000000e-01 9.641419309395265e-01 1.335263616405994e-01
4.437500000000000e-01 9.796971173270190e-01 1.308065465762617e-01
4.468750000000000e-01 9.954914924472941e-01 1.281142365992900e-01
4.500000000000000e-01 1.011528912427417e+00 1.254507700687781e-01
4.531250000000000e-01 1.027813292732786e+00 1.228168775467532e-01
4.562500000000000e-01 1.044348609123070e+00 1.202118412073380e-01
4.593750000000000e-01 1.061138898622882e+00 1.176347347936848e-01
4.625000000000000e-01 1.078188260507393e+00 1.150854138260733e-01
4.656250000000000e-01 1.095500857303154e+00 1.125641186209144e-01
4.687500000000000e-01 1.113080915804360e+00 1.100713945474841e-01
4.718750000000000e-01 1.130932728104805e+00 1.076073930879016e-01
4.750000000000000e-01 1.149060652645771e+00 1.051711539820311e-01
4.781250000000000e-01 1.167469115280130e+00 1.027616494944148e-01
4.812500000000000e-01 1.186162610352890e+00 1.003781570773210e-01
4.843750000000000e-01 1.205145701798475e+00 9.801999972492634e-02
4.875000000000000e-01 1.224423024254985e+00 9.568717008054323e-02
4.906250000000000e-01 1.243999284195726e+00 9.337946675963632e-02
4.937500000000000e-01 1.263879261078271e+00 9.109616894562086e-02
4.968750000000000e-01 1.284067808511348e+00 8.883663024170710e-02
5.000000000000000e-01 1.304569855439823e+00 8.659948207900503e-02
5.031250000000000e-01 1.325390407348082e+00 8.438350649666548e-02
5.062500000000000e-01 1.346534547482100e+00 8.218756789053788e-02
5.093750000000000e-01 1.368007438090487e+00 8.001022717544357e-02
5.125000000000001e-01 1.389814321684837e+00 7.785067261714312e-02
5.156250000000000e-01 1.411960522319654e+00 7.570741546667986e-02
5.187500000000000e-01 1.434451446892208e+00 7.357955537607903e-02
5.218750000000000e-01 1.457292586462593e+00 7.146554618241653e-02
5.250000000000000e-01 1.480489517594354e+00 6.936416392167292e-02
5.281250000000001e-01 1.504047903715979e+00 6.727377076325813e-02
5.312500000000000e-01 1.527973496503592e+00 6.519283558415701e-02
5.343750000000000e-01 1.552272137285215e+00 6.311960983433181e-02
5.375000000000000e-01 1.576949758466886e+00 6.105234177694548e-02
5.406250000000000e-01 1.602012384981041e+00 5.898916501106398e-02
5.437500000000001e-01 1.627466135757470e+00 5.692817142156776e-02
5.468750000000000e-01 1.653317225217225e+00 5.486738382883091e-02
5.500000000000000e-01 1.679571964789851e+00 5.280478233287379e-02
5.531250000000000e-01 1.706236764454286e+00 5.073830710093909e-02
5.562500000000000e-01 1.733318134303830e+00 4.866587676454782e-02
5.593750000000001e-01 1.760822686135563e+00 4.658540513064875e-02
5.625000000000000e-01 1.788757135064574e+00 4.449482510519868e-02
5.656250000000000e-01 1.817128301163438e+00 4.239211701313137e-02
5.687500000000000e-01 1.845943111127301e+00 4.027534357786988e-02
5.718750000000000e-01 1.875208599965003e+00 3.814269172462548e-02
5.750000000000001e-01 1.904931912716643e+00 3.599252218573949e-02
5.781250000000000e-01 1.935120306198011e+00 3.382342746609370e-02
5.812500000000000e-01 1.965781150772311e+00 3.163429868123845e-02
5.843750000000000e-01 1.996921932149593e+00 2.942440146745853e-02
5.875000000000000e-01 2.028550253214365e+00 2.719346078902457e-02
5.906250000000001e-01 2.060673835881802e+00 2.494175393109400e-02
5.937500000000000e-01 2.093300522983012e+00 2.267021028476803e-02
5.968750000000000e-01 2.126438280179837e+00 2.038051569378853e-02
6.000000000000001e-01 2.160095197909630e+00 1.807521815806717e-02
6.031250000000000e-01 2.194279493360494e+00 1.575783061930531e-02
6.062500000000001e-01 2.228999512477486e+00 1.343292546280910e-02
6.093750000000000e-01 2.264263732000228e+00 1.110621436225319e-02
6.125000000000000e-01 2.300080761532477e+00 8.784606308065258e-03
6.156250000000001e-01 2.336459345644116e+00 6.476236257493078e-03
6.187500000000000e-01 2.373408366006099e+00 4.190456988905937e-03
6.218750000000001e-01 2.410936843558884e+00 1.937787576191960e-03
6.250000000000000e-01 2.449053940714840e+00 -2.701864920922382e-04
6.281250000000000e-01 2.487768963595221e+00 -2.420964142163847e-03
6.312500000000001e-01 2.527091364302215e+00 -4.501330045242439e-03
6.343750000000000e-01 2.567030743226622e+00 -6.497602535761593e-03
6.375000000000001e-01 2.607596851391758e+00 -8.395920657242140e-03
6.406250000000000e-01 2.648799592834118e+00 -1.018255965342191e-02
6.437500000000000e-01 2.690649027021411e+00 -1.184426173939264e-02
6.468750000000001e-01 2.733155371308524e+00 -1.336856759416342e-02
6.500000000000000e-01 2.776329003432049e+00 -1.474413393295371e-02
6.531250000000001e-01 2.820180464043967e+00 -1.596102378766291e-02
6.562500000000000e-01 2.864720459285089e+00 -1.701095859692455e-02
6.593750000000000e-01 2.909959863398929e+00 -1.788752455705507e-02
6.625000000000001e-01 2.955909721386590e+00 -1.858632945898713e-02
6.656250000000000e-01 3.002581251703353e+00 -1.910510992406331e-02
6.687500000000001e-01 3.049985848997626e+00 -1.944379206341823e-02
6.718750000000000e-01 3.098135086892879e+00 -1.960451072135546e-02
6.750000000000000e-01 3.147040720813310e+00 -1.959159336702558e-02
6.781250000000001e-01 3.196714690853871e+00 -1.941151429342818e-02
6.812500000000000e-01 3.247169124695383e+00 -1.907282318058995e-02
6.843750000000001e-01 3.298416340565477e+00 -1.858604957496682e-02
6.875000000000000e-01 3.350468850246008e+00 -1.796358188168122e-02
6.906250000000000e-01 3.403339362127777e+00 -1.721951662567245e-02
6.937500000000001e-01 3.457040784313211e+00 -1.636947162683013e-02
6.968750000000000e-01 3.511586227767823e+00 -1.543035593306000e-02
7.000000000000001e-01 3.566989009521205e+00 -1.442009030829461e-02
7.031250000000000e-01 3.623262655918307e+00 -1.335727498530014e-02
7.062500000000000e-01 3.680420905921852e+00 -1.226080614995481e-02
7.093750000000001e-01 3.738477714466631e+00 -1.114944875046033e-02
7.125000000000000e-01 3.797447255866536e+00 -1.004137992188828e-02
7.156250000000001e-01 3.857343927275175e+00 -8.953723565632822e-03
7.187500000000000e-01 3.918182352200844e+00 -7.902101360104972e-03
7.218750000000000e-01 3.979977384076828e+00 -6.900227791569260e-03
7.250000000000001e-01 4.042744109887770e+00 -5.959576105997800e-03
7.281250000000000e-01 4.106497853853101e+00 -5.089138274382844e-03
7.312500000000001e-01 4.171254181168399e+00 -4.295295501343112e-03
7.343750000000000e-01 4.237028901805528e+00 -3.581807275668630e-03
7.375000000000000e-01 4.303838074372613e+00 -2.949917522835054e-03
7.406250000000001e-01 4.371698010034643e+00 -2.398567226015460e-03
7.437500000000000e-01 4.440625276495786e+00 -1.924694994061147e-03
7.468750000000001e-01 4.510636702044332e+00 -1.523601292805991e-03
7.500000000000000e-01 4.581749379661216e+00 -1.189348909304432e-03
7.531250000000000e-01 4.653980671193226e+00 -9.151718162610308e-04
7.562500000000001e-01 4.727348211591802e+00 -6.938667401184705e-04
7.593750000000000e-01 4.801869913218528e+00 -5.181459363521110e-04
7.625000000000001e-01 4.877563970218381e+00 -3.809352863132660e-04
7.656250000000000e-01 4.954448862961714e+00 -2.756081192100505e-04
7.687500000000000e-01 5.032543362556198e+00 -1.961514147429993e-04
7.718750000000001e-01 5.111866535429675e+00 -1.372666388568469e-04
7.750000000000000e-01 5.192437747985146e+00 -9.441194742280887e-05
7.781250000000001e-01 5.274276671329015e+00 -6.379559225366512e-05
7.812500000000000e-01 5.357403286073669e+00 -4.233200911978240e-05
7.843750000000000e-01 5.441837887215693e+00 -2.757236252317298e-05
7.875000000000001e-01 5.527601089090773e+00 -1.762050539764403e-05
7.906250000000000e-01 5.614713830406605e+00 -1.104370311140517e-05
7.937500000000001e-01 5.703197379355005e+00 -6.785414752428327e-06
7.968750000000000e-01 5.793073338804412e+00 -4.085240962903422e-06
8.000000000000000e-01 5.884363651574169e+00 -2.409096139232925e-06
8.031250000000001e-01 5.977090605791737e+00 -1.390922496205947e-06
8.062500000000000e-01 6.071276840334257e+00 -7.859287279702758e-07
8.093750000000001e-01 6.166945350355728e+00 -4.344263296280551e-07
8.125000000000000e-01 6.264119492901173e+00 -2.348149203577826e-07
8.156250000000000e-01 6.362822992609162e+00 -1.240619081456084e-07
8.187500000000001e-01 6.463079947504072e+00 -6.404484424113270e-08
8.218750000000000e-01 6.564914834879517e+00 -3.229207301754951e-08
8.250000000000001e-01 6.668352517274371e+00 -1.589682533889696e-08
8.281250000000000e-01 6.773418248542846e+00 -7.637797406657067e-09
8.312500000000000e-01 6.880137680020114e+00 -3.580252961161627e-09
8.343750000000001e-01 6.988536866784961e+00 -1.636801416993311e-09
8.375000000000000e-01 7.098642274021019e+00 -7.295722043046657e-10
8.406250000000001e-01 7.210480783478133e+00 -3.169483530928383e-10
8.437500000000000e-01 7.324079700035414e+00 -1.341588560409020e-10
8.468750000000000e-01 7.439466758367605e+00 -5.531315319597558e-11
8.500000000000001e-01 7.556670129716381e+00 -2.220691967331902e-11
8.531250000000000e-01 7.675718428768239e+00 -8.679141787303306e-12
8.562500000000001e-01 7.796640720640633e+00 -3.301237054952089e-12
8.593750000000000e-01 7.919466527978115e+00 -1.221732879071719e-12
8.625000000000000e-01 8.044225838160141e+00 -4.398138274487234e-13
8.656250000000001e-01 8.170949110622363e+00 -1.539761019057859e-13
8.687500000000000e-01 8.299667284293170e+00 -5.241235380359209e-14
8.718750000000001e-01 8.430411785147284e+00 -1.734280332868303e-14
8.750000000000000e-01 8.563214533878281e+00 -5.577311557173105e-15
8.781250000000000e-01 8.698107953691880e+00 -1.742891751075247e-15
8.812500000000001e-01 8.835124978221932e+00 -5.291526284136677e-16
8.843750000000000e-01 8.974299059571019e+00 -1.560582756547137e-16
8.875000000000001e-01 9.115664176477637e+00 -4.470162210431408e-17
8.906250000000000e-01 9.259254842611947e+00 -1.243456791351591e-17
8.937500000000000e-01 9.405106115002161e+00 -3.358568680172656e-18
8.968750000000001e-01 9.553253602593529e+00 -8.807321355285188e-19
9.000000000000000e-01 9.703733474942130e+00 -2.242095669493049e-19
9.031250000000001e-01 9.856582471045494e+00 -5.540440263225937e-20
9.062500000000000e-01 1.001183790831228e+01 -1.328855678553125e-20
9.093750000000000e-01 1.016953769167313e+01 -3.093303989950917e-21
9.125000000000001e-01 1.032972032283505e+01 -6.987963317631375e-22
9.156250000000000e-01 1.049242490968134e+01 -1.531926211694725e-22
9.187500000000001e-01 1.065769117581972e+01 -3.258848253556869e-23
9.218750000000000e-01 1.082555947028058e+01 -6.726870202910713e-24
9.250000000000000e-01 1.099607077736805e+01 -1.347322928849273e-24
9.281250000000001e-01 1.116926672666618e+01 -2.618367733565714e-25
9.312500000000000e-01 1.134518960320255e+01 -4.937233679941710e-26
9.343750000000001e-01 1.152388235777201e+01 -9.032911779963994e-27
9.375000000000000e-01 1.170538861742293e+01 -1.603477305613338e-27
9.406250000000000e-01 1.188975269610854e+01 -2.761795924164730e-28
9.437500000000001e-01 1.207701960550600e+01 -4.615508084790630e-29
9.468750000000000e-01 1.226723506600578e+01 -7.484359025832422e-30
9.500000000000001e-01 1.246044551787411e+01 -1.177625737848981e-30
9.531250000000000e-01 1.265669813259115e+01 -1.798002294633837e-31
9.562500000000000e-01 1.285604082436773e+01 -2.663902450601746e-32
9.593750000000001e-01 1.305852226184337e+01 -3.830084764989429e-33
9.625000000000000e-01 1.326419187996850e+01 -5.344157083303715e-34
9.656250000000001e-01 1.347309989207381e+01 -7.236879708303326e-35
9.687500000000000e-01 1.368529730212962e+01 -9.511456221801575e-36
9.718750000000000e-01 1.390083591719824e+01 -1.213360790356872e-36
9.750000000000001e-01 1.411976836008246e+01 -1.502468552415848e-37
9.781250000000000e-01 1.434214808217320e+01 -1.806008802655661e-38
9.812500000000001e-01 1.456802937649935e+01 -2.107468834308751e-39
9.843750000000000e-01 1.479746739098328e+01 -2.387581577038526e-40
9.875000000000000e-01 1.503051814190487e+01 -2.626279792880297e-41
9.906250000000001e-01 1.526723852757770e+01 -2.805065125222140e-42
9.937500000000000e-01 1.550768634224049e+01 -2.907469535725137e-43
9.968750000000001e-01 1.575192029016732e+01 -3.075972369466898e-44
1.000000000000000e+00 1.600000000000000e+01 1.422474734384659e-44
