0.000000000000000e+00 0.000000000000000e+00 0.000000000000000e+00
3.125000000000000e-03 3.369263549427258e-03 -6.775851406533698e-02
6.250000000000000e-03 6.739349689698711e-03 -2.313802464743631e-04
9.375000000000001e-03 1.011108121249049e-02 -7.199147471068403e-03
1.250000000000000e-02 1.348528131119160e-02 4.504252661529740e-05
1.562500000000000e-02 1.686277378188298e-02 -2.614486065415013e-03
1.875000000000000e-02 2.024438322446370e-02 -6.497374827553189e-05
2.187500000000000e-02 2.363093524397333e-02 -1.252396696525360e-03
2.500000000000000e-02 2.702325665215984e-02 -1.973181106573032e-05
2.812500000000000e-02 3.042217566934200e-02 -7.371094247109472e-04
3.125000000000000e-02 3.382852212661575e-02 -2.940080716358749e-05
3.437500000000000e-02 3.724312766845378e-02 -4.902016743322756e-04
3.750000000000001e-02 4.066682595574785e-02 -5.477468419926422e-05
4.062500000000000e-02 4.410045286934348e-02 -3.094314223015289e-04
4.375000000000000e-02 4.754484671411652e-02 -7.949763435989860e-05
4.687500000000000e-02 5.100084842364160e-02 -2.198836178282938e-04
5.000000000000000e-02 5.446930176550237e-02 -7.704031180703459e-05
5.312500000000001e-02 5.795105354729364e-02 -1.492543350956849e-04
5.625000000000000e-02 6.144695382336569e-02 -9.038878343211618e-05
5.937500000000000e-02 6.495785610236132e-02 -9.488965108268301e-05
6.250000000000000e-02 6.848461755559625e-02 -8.095236288856546e-05
6.562500000000000e-02 7.202809922633362e-02 -5.714645984822863e-05
6.875000000000001e-02 7.558916624000402e-02 -9.018397603697394e-05
7.187500000000001e-02 7.916868801542200e-02 -2.683794545475516e-05
7.500000000000001e-02 8.276753847705080e-02 -8.632164102363249e-05
7.812500000000000e-02 8.638659626836727e-02 -1.383014323814993e-05
8.125000000000000e-02 9.002674496637868e-02 -9.367033780497087e-05
8.437500000000001e-02 9.368887329734420e-02 1.045253836954380e-05
8.750000000000001e-02 9.737387535375355e-02 -8.522503073750220e-05
9.062500000000001e-02 1.010826508126157e-01 2.143898385698968e-05
9.375000000000000e-02 1.048161051551108e-01 -9.282341301388710e-05
9.687500000000000e-02 1.085751498876601e-01 2.769251761080301e-05
1.000000000000000e-01 1.123607027644654e-01 -9.770129380061751e-05
1.031250000000000e-01 1.161736880115753e-01 3.414379968410586e-05
1.062500000000000e-01 1.200150365525305e-01 -7.384308727192594e-05
1.093750000000000e-01 1.238856862356450e-01 4.026374105986820e-05
1.125000000000000e-01 1.277865820629775e-01 -7.824820129334389e-05
1.156250000000000e-01 1.317186764210495e-01 3.993104529615943e-05
1.187500000000000e-01 1.356829293133661e-01 -6.518504795462743e-05
1.218750000000000e-01 1.396803085947971e-01 3.610087488898950e-05
1.250000000000000e-01 1.437117902078738e-01 -6.272658929465421e-05
1.281250000000000e-01 1.477783584210617e-01 2.342986646142648e-05
1.312500000000000e-01 1.518810060690650e-01 -5.745776687784290e-05
1.343750000000000e-01 1.560207347952229e-01 2.744220739972775e-05
1.375000000000000e-01 1.601985552960564e-01 -3.906270436294395e-05
1.406250000000000e-01 1.644154875680252e-01 1.965961187762234e-05
1.437500000000000e-01 1.686725611565558e-01 -3.246459770835904e-05
1.468750000000000e-01 1.729708154074000e-01 1.271374451244726e-05
1.500000000000000e-01 1.773112997203869e-01 -2.931008581119955e-05
1.531250000000000e-01 1.816950738056289e-01 6.901808682298755e-07
1.562500000000000e-01 1.861232079422458e-01 -1.666457459782664e-05
1.593750000000000e-01 1.905967832396682e-01 -3.510691167453565e-06
1.625000000000000e-01 1.951168919015860e-01 -6.376688148726981e-06
1.656250000000000e-01 1.996846374926046e-01 -1.513540402878565e-05
1.687500000000000e-01 2.043011352076760e-01 8.806952593517994e-07
1.718750000000000e-01 2.089675121443681e-01 -2.272832049625225e-05
1.750000000000000e-01 2.136849075780412e-01 1.507658671213935e-05
1.781250000000000e-01 2.184544732399964e-01 -3.207060201457914e-05
1.812500000000000e-01 2.232773735986666e-01 1.804236358152548e-05
1.843750000000000e-01 2.281547861439151e-01 -3.481019626303757e-05
1.875000000000000e-01 2.330879016745160e-01 2.399880435083783e-05
1.906250000000000e-01 2.380779245888810e-01 -4.350689648362392e-05
1.937500000000000e-01 2.431260731791094e-01 2.868357017421936e-05
1.968750000000000e-01 2.482335799284277e-01 -4.421561420503597e-05
2.000000000000000e-01 2.534016918120952e-01 3.640854870136939e-05
2.031250000000000e-01 2.586316706018478e-01 -4.804715037134030e-05
2.062500000000000e-01 2.639247931739538e-01 3.475739818038561e-05
2.093750000000000e-01 2.692823518209576e-01 -4.422715900838149e-05
2.125000000000000e-01 2.747056545671873e-01 3.531903144672046e-05
2.156250000000000e-01 2.801960254881028e-01 -4.467194405322776e-05
2.187500000000000e-01 2.857548050335636e-01 3.495554279980667e-05
2.218750000000000e-01 2.913833503550930e-01 -4.178863940462495e-05
2.250000000000000e-01 2.970830356372213e-01 2.639295381178762e-05
2.281250000000000e-01 3.028552524329863e-01 -3.345628934889392e-05
2.312500000000000e-01 3.087014100036755e-01 2.489391709921439e-05
2.343750000000000e-01 3.146229356628902e-01 -2.784753221657435e-05
2.375000000000000e-01 3.206212751250189e-01 1.735398817541257e-05
2.406250000000000e-01 3.266978928582008e-01 -2.054146753813683e-05
2.437500000000000e-01 3.328542724418705e-01 9.545583406091872e-06
2.468750000000000e-01 3.390919169289667e-01 -1.206555735017985e-05
2.500000000000000e-01 3.454123492128958e-01 2.002988332763330e-06
2.531250000000000e-01 3.518171123993401e-01 -3.305725616896675e-06
2.562500000000000e-01 3.583077701830001e-01 -7.456035575290727e-06
2.593750000000000e-01 3.648859072293631e-01 4.673776382367674e-06
2.625000000000000e-01 3.715531295615936e-01 -1.144653542900865e-05
2.656250000000000e-01 3.783110649526354e-01 1.020648710516698e-05
2.687500000000000e-01 3.851613633226258e-01 -1.833844584794104e-05
2.718750000000000e-01 3.921056971417164e-01 1.561269982361035e-05
2.750000000000000e-01 3.991457618383991e-01 -2.373599809379468e-05
2.781250000000000e-01 4.062832762134377e-01 2.086053241883918e-05
2.812500000000000e-01 4.135199828595055e-01 -2.488357234514922e-05
2.843750000000000e-01 4.208576485866312e-01 2.070803026479204e-05
2.875000000000000e-01 4.282980648535585e-01 -2.262580264436635e-05
2.906250000000000e-01 4.358430482051222e-01 1.877075401296103e-05
2.937500000000000e-01 4.434944407157500e-01 -1.943287880443393e-05
2.968750000000000e-01 4.512541104391968e-01 1.571211357886612e-05
3.000000000000000e-01 4.591239518646220e-01 -1.396298363923522e-05
3.031250000000000e-01 4.671058863791195e-01 9.883459507628316e-06
3.062500000000000e-01 4.752018627368176e-01 -8.537389592142582e-06
3.093750000000000e-01 4.834138575346580e-01 1.800217648777188e-06
3.125000000000000e-01 4.917438756949728e-01 -1.886007734040335e-06
3.156250000000000e-01 5.001939509549778e-01 -4.589477437610344e-06
3.187500000000000e-01 5.087661463633005e-01 6.602079846705184e-06
3.218750000000000e-01 5.174625547836644e-01 -1.203427523941575e-05
3.250000000000000e-01 5.262852994058529e-01 1.215678291746503e-05
3.281250000000000e-01 5.352365342640750e-01 -1.805960240542800e-05
3.312500000000000e-01 5.443184447628656e-01 1.701241146665915e-05
3.343750000000000e-01 5.535332482106405e-01 -2.212602431730066e-05
3.375000000000000e-01 5.628831943610435e-01 1.954397790388109e-05
3.406250000000000e-01 5.723705659622137e-01 -2.131575856998959e-05
3.437500000000000e-01 5.819976793141081e-01 1.848925882516659e-05
3.468750000000000e-01 5.917668848340161e-01 -1.825231598528347e-05
3.500000000000000e-01 6.016805676304035e-01 1.432263915327160e-05
3.531250000000000e-01 6.117411480852264e-01 -1.316658804403637e-05
3.562500000000000e-01 6.219510824448572e-01 8.007661344833243e-06
3.593750000000000e-01 6.323128634197650e-01 -5.506177947519244e-06
3.625000000000000e-01 6.428290207931012e-01 1.054114919354595e-06
3.656250000000000e-01 6.535021220383342e-01 2.196112999273073e-06
3.687500000000000e-01 6.643347729460869e-01 -7.128735343724571e-06
3.718750000000000e-01 6.753296182603294e-01 9.727690521012244e-06
3.750000000000000e-01 6.864893423240808e-01 -1.398124676443843e-05
3.781250000000000e-01 6.978166697347804e-01 1.511127520303746e-05
3.812500000000000e-01 7.093143660094854e-01 -1.726194893987773e-05
3.843750000000000e-01 7.209852382600603e-01 1.667710764905620e-05
3.875000000000000e-01 7.328321358785219e-01 -1.599578395457828e-05
3.906250000000000e-01 7.448579512327029e-01 1.354541730919555e-05
3.937500000000000e-01 7.570656203724140e-01 -1.202621045697366e-05
3.968750000000000e-01 7.694581237462648e-01 7.447122990618471e-06
4.000000000000000e-01 7.820384869293291e-01 -4.191717128804739e-06
4.031250000000000e-01 7.948097813618253e-01 -1.144789167453501e-06
4.062500000000000e-01 8.077751250989945e-01 5.315036114586665e-06
4.093750000000000e-01 8.209376835723596e-01 -1.067934546036500e-05
4.125000000000000e-01 8.343006703625532e-01 1.303630533654648e-05
4.156250000000000e-01 8.478673479838968e-01 -1.635151409401263e-05
4.187500000000000e-01 8.616410286809313e-01 1.817573021179522e-05
4.218750000000000e-01 8.756250752370857e-01 -1.839192201113119e-05
4.250000000000000e-01 8.898229017956865e-01 1.625976197890936e-05
4.281250000000000e-01 9.042379746935050e-01 -1.349617541892564e-05
4.312500000000000e-01 9.188738133070491e-01 9.090321115780294e-06
4.343750000000000e-01 9.337339909118028e-01 -4.449877937793638e-06
4.375000000000000e-01 9.488221355546261e-01 -1.506571995865798e-06
4.406250000000000e-01 9.641419309395265e-01 7.114853173933197e-06
4.437500000000000e-01 9.796971173270190e-01 -1.209109786668170e-05
4.468750000000000e-01 9.954914924472941e-01 1.626512545506539e-05
4.500000000000000e-01 1.011528912427417e+00 -1.821715511452585e-05
4.531250000000000e-01 1.027813292732786e+00 1.809090186201901e-05
4.562500000000000e-01 1.044348609123070e+00 -1.605336538193131e-05
4.593750000000000e-01 1.061138898622882e+00 1.134004563702458e-05
4.625000000000000e-01 1.078188260507393e+00 -5.815486609570179e-06
4.656250000000000e-01 1.095500857303154e+00 -1.075852561169864e-06
4.687500000000000e-01 1.113080915804360e+00 8.412544162013960e-06
4.718750000000000e-01 1.130932728104805e+00 -1.413992516564369e-05
4.750000000000000e-01 1.149060652645771e+00 1.899407993128674e-05
4.781250000000000e-01 1.167469115280130e+00 -2.020062471447767e-05
4.812500000000000e-01 1.186162610352890e+00 1.884540676609668e-05
4.843750000000000e-01 1.205145701798475e+00 -1.449318389307412e-05
4.875000000000000e-01 1.224423024254985e+00 8.184657643730842e-06
4.906250000000000e-01 1.243999284195726e+00 4.607219363403731e-07
4.937500000000000e-01 1.263879261078271e+00 -8.659738715255437e-06
4.968750000000000e-01 1.284067808511348e+00 1.586803730609609e-05
5.000000000000000e-01 1.304569855439823e+00 -1.947172193421984e-05
5.031250000000000e-01 1.325390407348082e+00 2.092984372722074e-05
5.062500000000000e-01 1.346534547482100e+00 -1.716359334212379e-05
5.093750000000000e-01 1.368007438090487e+00 1.086065464622713e-05
5.125000000000001e-01 1.389814321684837e+00 -1.425837874752050e-06
5.156250000000000e-01 1.411960522319654e+00 -7.614835263073279e-06
5.187500000000000e-01 1.434451446892208e+00 1.655013068359624e-05
5.218750000000000e-01 1.457292586462593e+00 -2.075726632626463e-05
5.250000000000000e-01 1.480489517594354e+00 2.210747712506669e-05
5.281250000000001e-01 1.504047903715979e+00 -1.705010233947889e-05
5.312500000000000e-01 1.527973496503592e+00 9.266842035271494e-06
5.343750000000000e-01 1.552272137285215e+00 2.311634388311074e-06
5.375000000000000e-01 1.576949758466886e+00 -1.216424547384686e-05
5.406250000000000e-01 1.602012384981041e+00 2.101109424679397e-05
5.437500000000001e-01 1.627466135757470e+00 -2.280450422573027e-05
5.468750000000000e-01 1.653317225217225e+00 2.031972409438064e-05
5.500000000000000e-01 1.679571964789851e+00 -1.018508655753877e-05
5.531250000000000e-01 1.706236764454286e+00 -1.387319912929473e-06
5.562500000000000e-01 1.733318134303830e+00 1.507132689089444e-05
5.593750000000001e-01 1.760822686135563e+00 -2.260791660061271e-05
5.625000000000000e-01 1.788757135064574e+00 2.555135216061585e-05
5.656250000000000e-01 1.817128301163438e+00 -1.821714739872796e-05
5.687500000000000e-01 1.845943111127301e+00 7.193419175880909e-06
5.718750000000000e-01 1.875208599965003e+00 8.940247952502212e-06
5.750000000000001e-01 1.904931912716643e+00 -2.033673012467027e-05
5.781250000000000e-01 1.935120306198011e+00 2.770195639103778e-05
5.812500000000000e-01 1.965781150772311e+00 -2.238773186298170e-05
5.843750000000000e-01 1.996921932149593e+00 1.109715554694521e-05
5.875000000000000e-01 2.028550253214365e+00 7.737231884011389e-06
5.906250000000001e-01 2.060673835881802e+00 -2.148403582078572e-05
5.937500000000000e-01 2.093300522983012e+00 3.031355362525430e-05
5.968750000000000e-01 2.126438280179837e+00 -2.368386630246024e-05
6.000000000000001e-01 2.160095197909630e+00 9.749088521397204e-06
6.031250000000000e-01 2.194279493360494e+00 1.248401254757808e-05
6.062500000000001e-01 2.228999512477486e+00 -2.659362454187382e-05
6.093750000000000e-01 2.264263732000228e+00 3.255489781657826e-05
6.125000000000000e-01 2.300080761532477e+00 -1.950937034429798e-05
6.156250000000001e-01 2.336459345644116e+00 -6.052503399313073e-08
6.187500000000000e-01 2.373408366006099e+00 2.465481851752741e-05
6.218750000000001e-01 2.410936843558884e+00 -3.371846688189459e-05
6.250000000000000e-01 2.449053940714840e+00 2.949584245291847e-05
6.281250000000000e-01 2.487768963595221e+00 -4.475592202434704e-06
6.312500000000001e-01 2.527091364302215e+00 -1.997452787803707e-05
6.343750000000000e-01 2.567030743226622e+00 3.889594716800055e-05
6.375000000000001e-01 2.607596851391758e+00 -3.092216351231573e-05
6.406250000000000e-01 2.648799592834118e+00 8.460756324321580e-06
6.437500000000000e-01 2.690649027021411e+00 2.588892409876916e-05
6.468750000000001e-01 2.733155371308524e+00 -4.038111471940746e-05
6.500000000000000e-01 2.776329003432049e+00 3.454329496631195e-05
6.531250000000001e-01 2.820180464043967e+00 9.155910478850832e-07
6.562500000000000e-01 2.864720459285089e+00 -3.214193174436935e-05
6.593750000000000e-01 2.909959863398929e+00 4.844166577905087e-05
6.625000000000001e-01 2.955909721386590e+00 -2.370107550312853e-05
6.656250000000000e-01 3.002581251703353e+00 -1.422703768335545e-05
6.687500000000001e-01 3.049985848997626e+00 5.059932508046901e-05
6.718750000000000e-01 3.098135086892879e+00 -4.206125773039164e-05
6.750000000000000e-01 3.147040720813310e+00 5.680078413852415e-06
6.781250000000001e-01 3.196714690853871e+00 4.580255611352858e-05
6.812500000000000e-01 3.247169124695383e+00 -5.356481666935611e-05
6.843750000000001e-01 3.298416340565477e+00 2.240279811370664e-05
6.875000000000000e-01 3.350468850246008e+00 4.024764667411633e-05
6.906250000000000e-01 3.403339362127777e+00 -6.130350243581339e-05
6.937500000000001e-01 3.457040784313211e+00 3.422716187110228e-05
6.968750000000000e-01 3.511586227767823e+00 3.855146699505685e-05
7.000000000000001e-01 3.566989009521205e+00 -6.827746666401121e-05
7.031250000000000e-01 3.623262655918307e+00 3.966675672300339e-05
7.062500000000000e-01 3.680420905921852e+00 4.482709880318023e-05
7.093750000000001e-01 3.738477714466631e+00 -7.625684514548331e-05
7.125000000000000e-01 3.797447255866536e+00 3.621910378876839e-05
7.156250000000001e-01 3.857343927275175e+00 6.183113497283571e-05
7.187500000000000e-01 3.918182352200844e+00 -8.260026646026049e-05
7.218750000000000e-01 3.979977384076828e+00 1.777508241723723e-05
7.250000000000001e-01 4.042744109887770e+00 8.980592244418534e-05
7.281250000000000e-01 4.106497853853101e+00 -7.769728751772663e-05
7.312500000000001e-01 4.171254181168399e+00 -2.300843482188017e-05
7.343750000000000e-01 4.237028901805528e+00 1.190616533193834e-04
7.375000000000000e-01 4.303838074372613e+00 -4.229948125451204e-05
7.406250000000001e-01 4.371698010034643e+00 -8.559630286998357e-05
7.437500000000000e-01 4.440625276495786e+00 1.205385521180630e-04
7.468750000000001e-01 4.510636702044332e+00 4.206251250159197e-05
7.500000000000000e-01 4.581749379661216e+00 -1.375931397752806e-04
7.531250000000000e-01 4.653980671193226e+00 4.732300595036385e-05
7.562500000000001e-01 4.727348211591802e+00 1.540094431074877e-04
7.593750000000000e-01 4.801869913218528e+00 -9.793534076424610e-05
7.625000000000001e-01 4.877563970218381e+00 -1.080887332173996e-04
7.656250000000000e-01 4.954448862961714e+00 1.767480820912289e-04
7.687500000000000e-01 5.032543362556198e+00 9.446265980324713e-05
7.718750000000001e-01 5.111866535429675e+00 -1.962800011761691e-04
7.750000000000000e-01 5.192437747985146e+00 -3.069029072426005e-05
7.781250000000001e-01 5.274276671329015e+00 2.635535654403624e-04
7.812500000000000e-01 5.357403286073669e+00 3.657870787974336e-05
7.843750000000000e-01 5.441837887215693e+00 -2.672935438841344e-04
7.875000000000001e-01 5.527601089090773e+00 6.963232981771860e-06
7.906250000000000e-01 5.614713830406605e+00 3.530180795741545e-04
7.937500000000001e-01 5.703197379355005e+00 6.558533687996025e-05
7.968750000000000e-01 5.793073338804412e+00 -3.529415092176331e-04
8.000000000000000e-01 5.884363651574169e+00 -8.982955091594188e-05
8.031250000000001e-01 5.977090605791737e+00 4.502705764534900e-04
8.062500000000000e-01 6.071276840334257e+00 3.063754114445531e-04
8.093750000000001e-01 6.166945350355728e+00 -3.548700906532820e-04
8.125000000000000e-01 6.264119492901173e+00 -4.470916147111022e-04
8.156250000000000e-01 6.362822992609162e+00 2.811347477546020e-04
8.187500000000001e-01 6.463079947504072e+00 7.827939087245575e-04
8.218750000000000e-01 6.564914834879517e+00 2.464075455093757e-04
8.250000000000001e-01 6.668352517274371e+00 -6.833894470760888e-04
8.281250000000000e-01 6.773418248542846e+00 -7.261727369262270e-04
8.312500000000000e-01 6.880137680020114e+00 3.478835686737703e-04
8.343750000000001e-01 6.988536866784961e+00 1.364896929774265e-03
8.375000000000000e-01 7.098642274021019e+00 1.086888690851208e-03
8.406250000000001e-01 7.210480783478133e+00 -3.928706843368493e-04
8.437500000000000e-01 7.324079700035414e+00 -1.690604545951975e-03
8.468750000000000e-01 7.439466758367605e+00 -1.435095333755459e-03
8.500000000000001e-01 7.556670129716381e+00 5.076304695403953e-04
8.531250000000000e-01 7.675718428768239e+00 2.918108240492720e-03
8.562500000000001e-01 7.796640720640633e+00 4.129985194860959e-03
8.593750000000000e-01 7.919466527978115e+00 3.111220446361162e-03
8.625000000000000e-01 8.044225838160141e+00 -2.773985482806186e-05
8.656250000000001e-01 8.170949110622363e+00 -4.259289571964485e-03
8.687500000000000e-01 8.299667284293170e+00 -8.258247430446950e-03
8.718750000000001e-01 8.430411785147284e+00 -1.097566725263241e-02
8.750000000000000e-01 8.563214533878281e+00 -1.192967487482467e-02
8.781250000000000e-01 8.698107953691880e+00 -1.119384692323039e-02
8.812500000000001e-01 8.835124978221932e+00 -9.202682812398987e-03
8.843750000000000e-01 8.974299059571019e+00 -6.509405175094955e-03
8.875000000000001e-01 9.115664176477637e+00 -3.601454201172660e-03
8.906250000000000e-01 9.259254842611947e+00 -8.229660963226386e-04
8.937500000000000e-01 9.405106115002161e+00 1.621054747909007e-03
8.968750000000001e-01 9.553253602593529e+00 3.626859802774773e-03
9.000000000000000e-01 9.703733474942130e+00 5.168363483859613e-03
9.031250000000001e-01 9.856582471045494e+00 6.283116427689938e-03
9.062500000000000e-01 1.001183790831228e+01 7.053400833695251e-03
9.093750000000000e-01 1.016953769167313e+01 7.567539380093548e-03
9.125000000000001e-01 1.032972032283505e+01 7.878247764837303e-03
9.156250000000000e-01 1.049242490968134e+01 7.977870486857655e-03
9.187500000000001e-01 1.065769117581972e+01 7.804950238216790e-03
9.218750000000000e-01 1.082555947028058e+01 7.276800457410369e-03
9.250000000000000e-01 1.099607077736805e+01 6.334272935495008e-03
9.281250000000001e-01 1.116926672666618e+01 4.981748583428718e-03
9.312500000000000e-01 1.134518960320255e+01 3.308677379058320e-03
9.343750000000001e-01 1.152388235777201e+01 1.483778336136786e-03
9.375000000000000e-01 1.170538861742293e+01 -2.784506347108785e-04
9.406250000000000e-01 1.188975269610854e+01 -1.768852302209597e-03
9.437500000000001e-01 1.207701960550600e+01 -2.834382889114683e-03
9.468750000000000e-01 1.226723506600578e+01 -3.410458175747201e-03
9.500000000000001e-01 1.246044551787411e+01 -3.525088597223665e-03
9.531250000000000e-01 1.265669813259115e+01 -3.277076764519275e-03
9.562500000000000e-01 1.285604082436773e+01 -2.799870362634454e-03
9.593750000000001e-01 1.305852226184337e+01 -2.225331206737098e-03
9.625000000000000e-01 1.326419187996850e+01 -1.658062053946704e-03
9.656250000000001e-01 1.347309989207381e+01 -1.164324934148263e-03
9.687500000000000e-01 1.368529730212962e+01 -7.736296131503368e-04
9.718750000000000e-01 1.390083591719824e+01 -4.878861686434950e-04
9.750000000000001e-01 1.411976836008246e+01 -2.927643850015775e-04
9.781250000000000e-01 1.434214808217320e+01 -1.675117030656995e-04
9.812500000000001e-01 1.456802937649935e+01 -9.155207750267343e-05
9.843750000000000e-01 1.479746739098328e+01 -4.787500537122816e-05
9.875000000000000e-01 1.503051814190487e+01 -2.397624224664073e-05
9.906250000000001e-01 1.526723852757770e+01 -1.153601545015659e-05
9.937500000000000e-01 1.550768634224049e+01 -5.292630259049771e-06
9.968750000000001e-01 1.575192029016732e+01 -2.414821449568685e-06
1.000000000000000e+00 1.600000000000000e+01 -9.066871070719802e-07
