0.000000000000000e+00 0.000000000000000e+00 0.000000000000000e+00
3.125000000000000e-03 3.369263549427258e-03 -1.763634830013017e-03
6.250000000000000e-03 6.739349689698711e-03 4.567296389503381e-04
9.375000000000001e-03 1.011108121249049e-02 -3.814303018459927e-04
1.250000000000000e-02 1.348528131119160e-02 -8.254828661452059e-05
1.562500000000000e-02 1.686277378188298e-02 -1.664480615488590e-05
1.875000000000000e-02 2.024438322446370e-02 -3.114829359405023e-05
2.187500000000000e-02 2.363093524397333e-02 2.411972932155516e-06
2.500000000000000e-02 2.702325665215984e-02 -6.026249373884149e-06
2.812500000000000e-02 3.042217566934200e-02 -9.286993273011528e-06
3.125000000000000e-02 3.382852212661575e-02 -1.104882234777855e-05
3.437500000000000e-02 3.724312766845378e-02 -3.601307060708679e-05
3.750000000000001e-02 4.066682595574785e-02 8.569920548973587e-06
4.062500000000000e-02 4.410045286934348e-02 -3.538832986584745e-05
4.375000000000000e-02 4.754484671411652e-02 -1.973713904430567e-05
4.687500000000000e-02 5.100084842364160e-02 -8.863916324340039e-06
5.000000000000000e-02 5.446930176550237e-02 -2.065457713613334e-05
5.312500000000001e-02 5.795105354729364e-02 -1.464057104633703e-05
5.625000000000000e-02 6.144695382336569e-02 -7.244870627761115e-06
5.937500000000000e-02 6.495785610236132e-02 -1.307209912285057e-05
6.250000000000000e-02 6.848461755559625e-02 1.345816306912735e-06
6.562500000000000e-02 7.202809922633362e-02 -1.642276168581628e-05
6.875000000000001e-02 7.558916624000402e-02 2.093026164795994e-05
7.187500000000001e-02 7.916868801542200e-02 -1.439565242469157e-05
7.500000000000001e-02 8.276753847705080e-02 -2.242840713576004e-06
7.812500000000000e-02 8.638659626836727e-02 5.281063277935795e-06
8.125000000000000e-02 9.002674496637868e-02 1.319112695497838e-05
8.437500000000001e-02 9.368887329734420e-02 -9.931721452141187e-06
8.750000000000001e-02 9.737387535375355e-02 9.969270331146576e-06
9.062500000000001e-02 1.010826508126157e-01 1.695014323217436e-06
9.375000000000000e-02 1.048161051551108e-01 -7.609353676459972e-06
9.687500000000000e-02 1.085751498876601e-01 2.744425842471160e-06
1.000000000000000e-01 1.123607027644654e-01 3.671079238294381e-09
1.031250000000000e-01 1.161736880115753e-01 4.356541462707583e-06
1.062500000000000e-01 1.200150365525305e-01 4.914159312251923e-06
1.093750000000000e-01 1.238856862356450e-01 -1.990659046657613e-06
1.125000000000000e-01 1.277865820629775e-01 2.596874270159833e-06
1.156250000000000e-01 1.317186764210495e-01 7.357963687617338e-06
1.187500000000000e-01 1.356829293133661e-01 4.883337916881288e-06
1.218750000000000e-01 1.396803085947971e-01 -3.952617398658004e-06
1.250000000000000e-01 1.437117902078738e-01 6.398174985997741e-06
1.281250000000000e-01 1.477783584210617e-01 -1.869790676023625e-06
1.312500000000000e-01 1.518810060690650e-01 9.954052019587877e-07
1.343750000000000e-01 1.560207347952229e-01 -5.827265027808708e-06
1.375000000000000e-01 1.601985552960564e-01 -1.116877951038193e-05
1.406250000000000e-01 1.644154875680252e-01 1.914181430471816e-06
1.437500000000000e-01 1.686725611565558e-01 6.682318166778883e-07
1.468750000000000e-01 1.729708154074000e-01 -4.670212104013114e-06
1.500000000000000e-01 1.773112997203869e-01 -5.085717949921322e-06
1.531250000000000e-01 1.816950738056289e-01 -2.179792021029197e-06
1.562500000000000e-01 1.861232079422458e-01 -6.365015946906713e-07
1.593750000000000e-01 1.905967832396682e-01 6.463525928490569e-06
1.625000000000000e-01 1.951168919015860e-01 -3.362706358314290e-06
1.656250000000000e-01 1.996846374926046e-01 7.436232062902920e-06
1.687500000000000e-01 2.043011352076760e-01 1.625066411612692e-06
1.718750000000000e-01 2.089675121443681e-01 -2.434100533347759e-06
1.750000000000000e-01 2.136849075780412e-01 1.237605370473498e-06
1.781250000000000e-01 2.184544732399964e-01 -2.343606705693509e-06
1.812500000000000e-01 2.232773735986666e-01 5.108878169145650e-06
1.843750000000000e-01 2.281547861439151e-01 2.329828478496002e-06
1.875000000000000e-01 2.330879016745160e-01 -1.374579969774320e-06
1.906250000000000e-01 2.380779245888810e-01 3.396536006698138e-06
1.937500000000000e-01 2.431260731791094e-01 7.142898239253858e-06
1.968750000000000e-01 2.482335799284277e-01 2.279458810334218e-06
2.000000000000000e-01 2.534016918120952e-01 1.424427206306385e-06
2.031250000000000e-01 2.586316706018478e-01 8.016662776652861e-08
2.062500000000000e-01 2.639247931739538e-01 -3.646562578525352e-06
2.093750000000000e-01 2.692823518209576e-01 -5.816569690394202e-07
2.125000000000000e-01 2.747056545671873e-01 3.303452647067335e-06
2.156250000000000e-01 2.801960254881028e-01 -3.031565134296683e-07
2.187500000000000e-01 2.857548050335636e-01 -1.144361372044368e-06
2.218750000000000e-01 2.913833503550930e-01 -3.473188892287910e-06
2.250000000000000e-01 2.970830356372213e-01 1.411536383653319e-06
2.281250000000000e-01 3.028552524329863e-01 6.305394966826909e-07
2.312500000000000e-01 3.087014100036755e-01 2.185570876656687e-06
2.343750000000000e-01 3.146229356628902e-01 2.149841863869196e-07
2.375000000000000e-01 3.206212751250189e-01 2.702589136120399e-06
2.406250000000000e-01 3.266978928582008e-01 9.022758718371205e-07
2.437500000000000e-01 3.328542724418705e-01 8.098105878952848e-07
2.468750000000000e-01 3.390919169289667e-01 3.869558401359147e-06
2.500000000000000e-01 3.454123492128958e-01 4.744685660665090e-06
2.531250000000000e-01 3.518171123993401e-01 2.695181286208034e-06
2.562500000000000e-01 3.583077701830001e-01 1.725128896475067e-06
2.593750000000000e-01 3.648859072293631e-01 1.731576010424602e-06
2.625000000000000e-01 3.715531295615936e-01 1.178110409158641e-06
2.656250000000000e-01 3.783110649526354e-01 -2.276654452807246e-07
2.687500000000000e-01 3.851613633226258e-01 9.836185476386288e-07
2.718750000000000e-01 3.921056971417164e-01 1.508922475138758e-06
2.750000000000000e-01 3.991457618383991e-01 -2.515034806165593e-07
2.781250000000000e-01 4.062832762134377e-01 1.809758869832576e-06
2.812500000000000e-01 4.135199828595055e-01 8.304176370825457e-07
2.843750000000000e-01 4.208576485866312e-01 7.899492585849605e-07
2.875000000000000e-01 4.282980648535585e-01 2.825956602888105e-06
2.906250000000000e-01 4.358430482051222e-01 2.761391179002268e-06
2.937500000000000e-01 4.434944407157500e-01 3.059487662181060e-08
2.968750000000000e-01 4.512541104391968e-01 2.334573699438814e-06
3.000000000000000e-01 4.591239518646220e-01 4.188064553116121e-06
3.031250000000000e-01 4.671058863791195e-01 3.592587064668704e-06
3.062500000000000e-01 4.752018627368176e-01 2.614383320203148e-06
3.093750000000000e-01 4.834138575346580e-01 9.050670433817375e-07
3.125000000000000e-01 4.917438756949728e-01 1.159602645865089e-06
3.156250000000000e-01 5.001939509549778e-01 1.811370297989764e-06
3.187500000000000e-01 5.087661463633005e-01 5.869799565919476e-07
3.218750000000000e-01 5.174625547836644e-01 2.106010595547179e-06
3.250000000000000e-01 5.262852994058529e-01 2.523877314355520e-06
3.281250000000000e-01 5.352365342640750e-01 1.135160468419354e-06
3.312500000000000e-01 5.443184447628656e-01 3.128733781187602e-06
3.343750000000000e-01 5.535332482106405e-01 2.611358020646840e-06
3.375000000000000e-01 5.628831943610435e-01 3.078320369971229e-06
3.406250000000000e-01 5.723705659622137e-01 3.475513912204107e-06
3.437500000000000e-01 5.819976793141081e-01 2.546576523802385e-06
3.468750000000000e-01 5.917668848340161e-01 1.727349606392861e-06
3.500000000000000e-01 6.016805676304035e-01 3.586331471890062e-06
3.531250000000000e-01 6.117411480852264e-01 1.687341109699014e-06
3.562500000000000e-01 6.219510824448572e-01 2.606682374861543e-06
3.593750000000000e-01 6.323128634197650e-01 2.505972141227195e-06
3.625000000000000e-01 6.428290207931012e-01 2.829859309255163e-06
3.656250000000000e-01 6.535021220383342e-01 3.110650423084577e-06
3.687500000000000e-01 6.643347729460869e-01 2.355091303102121e-06
3.718750000000000e-01 6.753296182603294e-01 3.110464714381185e-06
3.750000000000000e-01 6.864893423240808e-01 2.789197603332601e-06
3.781250000000000e-01 6.978166697347804e-01 3.472512954145189e-06
3.812500000000000e-01 7.093143660094854e-01 2.406600383646317e-06
3.843750000000000e-01 7.209852382600603e-01 4.077170234478911e-06
3.875000000000000e-01 7.328321358785219e-01 3.075297020058481e-06
3.906250000000000e-01 7.448579512327029e-01 3.389391056161939e-06
3.937500000000000e-01 7.570656203724140e-01 3.527186420592094e-06
3.968750000000000e-01 7.694581237462648e-01 2.987141239178264e-06
4.000000000000000e-01 7.820384869293291e-01 2.950068890977194e-06
4.031250000000000e-01 7.948097813618253e-01 3.055701764290507e-06
4.062500000000000e-01 8.077751250989945e-01 4.541600829182932e-06
4.093750000000000e-01 8.209376835723596e-01 3.291330006575369e-06
4.125000000000000e-01 8.343006703625532e-01 5.172941352939122e-06
4.156250000000000e-01 8.478673479838968e-01 3.800163087866970e-06
4.187500000000000e-01 8.616410286809313e-01 3.291628374975755e-06
4.218750000000000e-01 8.756250752370857e-01 2.950284376110466e-06
4.250000000000000e-01 8.898229017956865e-01 4.120549166274662e-06
4.281250000000000e-01 9.042379746935050e-01 4.878618101454068e-06
4.312500000000000e-01 9.188738133070491e-01 3.509229911312501e-06
4.343750000000000e-01 9.337339909118028e-01 4.746594204549277e-06
4.375000000000000e-01 9.488221355546261e-01 4.118539158399062e-06
4.406250000000000e-01 9.641419309395265e-01 5.167742793792174e-06
4.437500000000000e-01 9.796971173270190e-01 4.161863861820938e-06
4.468750000000000e-01 9.954914924472941e-01 4.400495810304651e-06
4.500000000000000e-01 1.011528912427417e+00 4.635504783118260e-06
4.531250000000000e-01 1.027813292732786e+00 4.408151716913091e-06
4.562500000000000e-01 1.044348609123070e+00 5.636526488058834e-06
4.593750000000000e-01 1.061138898622882e+00 4.610797032975911e-06
4.625000000000000e-01 1.078188260507393e+00 5.787761797501587e-06
4.656250000000000e-01 1.095500857303154e+00 4.752003916255106e-06
4.687500000000000e-01 1.113080915804360e+00 5.102345274368171e-06
4.718750000000000e-01 1.130932728104805e+00 5.441107610655503e-06
4.750000000000000e-01 1.149060652645771e+00 5.089127299967671e-06
4.781250000000000e-01 1.167469115280130e+00 6.348253779949509e-06
4.812500000000000e-01 1.186162610352890e+00 5.613484516601019e-06
4.843750000000000e-01 1.205145701798475e+00 6.144984458758540e-06
4.875000000000000e-01 1.224423024254985e+00 5.734122582646761e-06
4.906250000000000e-01 1.243999284195726e+00 5.830783423018438e-06
4.937500000000000e-01 1.263879261078271e+00 6.353958810507950e-06
4.968750000000000e-01 1.284067808511348e+00 6.358202953867159e-06
5.000000000000000e-01 1.304569855439823e+00 7.036566569930353e-06
5.031250000000000e-01 1.325390407348082e+00 6.291237471164906e-06
5.062500000000000e-01 1.346534547482100e+00 6.891882646053233e-06
5.093750000000000e-01 1.368007438090487e+00 6.759155333149182e-06
5.125000000000001e-01 1.389814321684837e+00 7.211738321162322e-06
5.156250000000000e-01 1.411960522319654e+00 7.848533479967237e-06
5.187500000000000e-01 1.434451446892208e+00 6.883252484640945e-06
5.218750000000000e-01 1.457292586462593e+00 7.881900462148079e-06
5.250000000000000e-01 1.480489517594354e+00 7.468897066510502e-06
5.281250000000001e-01 1.504047903715979e+00 7.903350783509060e-06
5.312500000000000e-01 1.527973496503592e+00 9.235121483934478e-06
5.343750000000000e-01 1.552272137285215e+00 7.350789802620984e-06
5.375000000000000e-01 1.576949758466886e+00 8.555363417284149e-06
5.406250000000000e-01 1.602012384981041e+00 9.585709661246628e-06
5.437500000000001e-01 1.627466135757470e+00 8.261552023107451e-06
5.468750000000000e-01 1.653317225217225e+00 9.702078735448540e-06
5.500000000000000e-01 1.679571964789851e+00 9.362013545951568e-06
5.531250000000000e-01 1.706236764454286e+00 9.353862751448874e-06
5.562500000000000e-01 1.733318134303830e+00 1.077984266433086e-05
5.593750000000001e-01 1.760822686135563e+00 9.335272691320929e-06
5.625000000000000e-01 1.788757135064574e+00 1.086213603678938e-05
5.656250000000000e-01 1.817128301163438e+00 1.133625395563907e-05
5.687500000000000e-01 1.845943111127301e+00 9.859373355469418e-06
5.718750000000000e-01 1.875208599965003e+00 1.258410650548417e-05
5.750000000000001e-01 1.904931912716643e+00 1.138774728725400e-05
5.781250000000000e-01 1.935120306198011e+00 1.112068474558156e-05
5.812500000000000e-01 1.965781150772311e+00 1.411984845804929e-05
5.843750000000000e-01 1.996921932149593e+00 1.130924108242295e-05
5.875000000000000e-01 2.028550253214365e+00 1.316076245205131e-05
5.906250000000001e-01 2.060673835881802e+00 1.516849876705743e-05
5.937500000000000e-01 2.093300522983012e+00 1.161602537887728e-05
5.968750000000000e-01 2.126438280179837e+00 1.566596377797897e-05
6.000000000000001e-01 2.160095197909630e+00 1.578764748319405e-05
6.031250000000000e-01 2.194279493360494e+00 1.252259613907458e-05
6.062500000000001e-01 2.228999512477486e+00 1.833778240287497e-05
6.093750000000000e-01 2.264263732000228e+00 1.627137741214581e-05
6.125000000000000e-01 2.300080761532477e+00 1.402166429696487e-05
6.156250000000001e-01 2.336459345644116e+00 2.105183075023934e-05
6.187500000000000e-01 2.373408366006099e+00 1.698874861229117e-05
6.218750000000001e-01 2.410936843558884e+00 1.583688290094722e-05
6.250000000000000e-01 2.449053940714840e+00 2.394652820542420e-05
6.281250000000000e-01 2.487768963595221e+00 1.823172852875565e-05
6.312500000000001e-01 2.527091364302215e+00 1.766849829210532e-05
6.343750000000000e-01 2.567030743226622e+00 2.723505186229003e-05
6.375000000000001e-01 2.607596851391758e+00 2.032893707193564e-05
6.406250000000000e-01 2.648799592834118e+00 1.912587586926886e-05
6.437500000000000e-01 2.690649027021411e+00 3.106253200617107e-05
6.468750000000001e-01 2.733155371308524e+00 2.387319219549202e-05
6.500000000000000e-01 2.776329003432049e+00 1.996843454847542e-05
6.531250000000001e-01 2.820180464043967e+00 3.509907321477421e-05
6.562500000000000e-01 2.864720459285089e+00 2.987353317486527e-05
6.593750000000000e-01 2.909959863398929e+00 2.030074604230188e-05
6.625000000000001e-01 2.955909721386590e+00 3.801404554574258e-05
6.656250000000000e-01 3.002581251703353e+00 3.958678256693855e-05
6.687500000000001e-01 3.049985848997626e+00 2.195363266405526e-05
6.718750000000000e-01 3.098135086892879e+00 3.716647757039683e-05
6.750000000000000e-01 3.147040720813310e+00 5.266966586217566e-05
6.781250000000001e-01 3.196714690853871e+00 2.996294075302143e-05
6.812500000000000e-01 3.247169124695383e+00 3.063748280813331e-05
6.843750000000001e-01 3.298416340565477e+00 6.318534575816624e-05
6.875000000000000e-01 3.350468850246008e+00 5.175048127768158e-05
6.906250000000000e-01 3.403339362127777e+00 2.496706255668196e-05
6.937500000000001e-01 3.457040784313211e+00 5.748271911974024e-05
6.968750000000000e-01 3.511586227767823e+00 8.453103821187807e-05
7.000000000000001e-01 3.566989009521205e+00 4.421567550453312e-05
7.031250000000000e-01 3.623262655918307e+00 3.249313627355426e-05
7.062500000000000e-01 3.680420905921852e+00 9.360964913077290e-05
7.093750000000001e-01 3.738477714466631e+00 1.055237094785734e-04
7.125000000000000e-01 3.797447255866536e+00 4.038512566990754e-05
7.156250000000001e-01 3.857343927275175e+00 4.422254348556655e-05
7.187500000000000e-01 3.918182352200844e+00 1.364724775615667e-04
7.218750000000000e-01 3.979977384076828e+00 1.462999428013901e-04
7.250000000000001e-01 4.042744109887770e+00 4.826085643992138e-05
7.281250000000000e-01 4.106497853853101e+00 4.050911966215984e-05
7.312500000000001e-01 4.171254181168399e+00 1.788434107407564e-04
7.343750000000000e-01 4.237028901805528e+00 2.414368544831966e-04
7.375000000000000e-01 4.303838074372613e+00 1.080992426139438e-04
7.406250000000001e-01 4.371698010034643e+00 3.435339939572014e-06
7.437500000000000e-01 4.440625276495786e+00 1.530353857444728e-04
7.468750000000001e-01 4.510636702044332e+00 3.901108143486359e-04
7.500000000000000e-01 4.581749379661216e+00 3.649420930912440e-04
7.531250000000000e-01 4.653980671193226e+00 7.720058231687104e-05
7.562500000000001e-01 4.727348211591802e+00 -5.806619408897591e-05
7.593750000000000e-01 4.801869913218528e+00 2.541499638198323e-04
7.625000000000001e-01 4.877563970218381e+00 7.527982705498717e-04
7.656250000000000e-01 4.954448862961714e+00 8.654023325268656e-04
7.687500000000000e-01 5.032543362556198e+00 3.683751153136507e-04
7.718750000000001e-01 5.111866535429675e+00 -2.858700505798194e-04
7.750000000000000e-01 5.192437747985146e+00 -3.398928143339605e-04
7.781250000000001e-01 5.274276671329015e+00 5.580342755748044e-04
7.812500000000000e-01 5.357403286073669e+00 1.950844897496127e-03
7.843750000000000e-01 5.441837887215693e+00 2.793395185228459e-03
7.875000000000001e-01 5.527601089090773e+00 2.083325498541832e-03
7.906250000000000e-01 5.614713830406605e+00 -5.669763248612975e-04
7.937500000000001e-01 5.703197379355005e+00 -4.752201781532569e-03
7.968750000000000e-01 5.793073338804412e+00 -9.507999317693326e-03
8.000000000000000e-01 5.884363651574169e+00 -1.374337929416680e-02
8.031250000000001e-01 5.977090605791737e+00 -1.662176952284799e-02
8.062500000000000e-01 6.071276840334257e+00 -1.774750549199878e-02
8.093750000000001e-01 6.166945350355728e+00 -1.715374355667560e-02
8.125000000000000e-01 6.264119492901173e+00 -1.516975061009291e-02
8.156250000000000e-01 6.362822992609162e+00 -1.225802490108756e-02
8.187500000000001e-01 6.463079947504072e+00 -8.880992787578220e-03
8.218750000000000e-01 6.564914834879517e+00 -5.420159085051075e-03
8.250000000000001e-01 6.668352517274371e+00 -2.145359599641428e-03
8.281250000000000e-01 6.773418248542846e+00 7.810578190800338e-04
8.312500000000000e-01 6.880137680020114e+00 3.283124933494511e-03
8.343750000000001e-01 6.988536866784961e+00 5.346477393299413e-03
8.375000000000000e-01 7.098642274021019e+00 6.995951763806764e-03
8.406250000000001e-01 7.210480783478133e+00 8.276156525583457e-03
8.437500000000000e-01 7.324079700035414e+00 9.235649938332287e-03
8.468750000000000e-01 7.439466758367605e+00 9.917404580189783e-03
8.500000000000001e-01 7.556670129716381e+00 1.035714714623485e-02
8.531250000000000e-01 7.675718428768239e+00 1.058647360541000e-02
8.562500000000001e-01 7.796640720640633e+00 1.063406112794353e-02
8.593750000000000e-01 7.919466527978115e+00 1.052020378877960e-02
8.625000000000000e-01 8.044225838160141e+00 1.024718004679450e-02
8.656250000000001e-01 8.170949110622363e+00 9.793366844967203e-03
8.687500000000000e-01 8.299667284293170e+00 9.118452805038884e-03
8.718750000000001e-01 8.430411785147284e+00 8.180160969221455e-03
8.750000000000000e-01 8.563214533878281e+00 6.955889891423962e-03
8.781250000000000e-01 8.698107953691880e+00 5.460150851093408e-03
8.812500000000001e-01 8.835124978221932e+00 3.751686709788801e-03
8.843750000000000e-01 8.974299059571019e+00 1.929227204343602e-03
8.875000000000001e-01 9.115664176477637e+00 1.184934709061734e-04
8.906250000000000e-01 9.259254842611947e+00 -1.545921991943747e-03
8.937500000000000e-01 9.405106115002161e+00 -2.940555181642367e-03
8.968750000000001e-01 9.553253602593529e+00 -3.971912357605769e-03
9.000000000000000e-01 9.703733474942130e+00 -4.590808309720271e-03
9.031250000000001e-01 9.856582471045494e+00 -4.798922301836703e-03
9.062500000000000e-01 1.001183790831228e+01 -4.645641747828175e-03
9.093750000000000e-01 1.016953769167313e+01 -4.215820682809720e-03
9.125000000000001e-01 1.032972032283505e+01 -3.611773518514792e-03
9.156250000000000e-01 1.049242490968134e+01 -2.934371012546313e-03
9.187500000000001e-01 1.065769117581972e+01 -2.267847354532648e-03
9.218750000000000e-01 1.082555947028058e+01 -1.671145357598300e-03
9.250000000000000e-01 1.099607077736805e+01 -1.176249437225301e-03
9.281250000000001e-01 1.116926672666618e+01 -7.919813853496134e-04
9.312500000000000e-01 1.134518960320255e+01 -5.107555836966857e-04
9.343750000000001e-01 1.152388235777201e+01 -3.158489013487391e-04
9.375000000000000e-01 1.170538861742293e+01 -1.874773717726661e-04
9.406250000000000e-01 1.188975269610854e+01 -1.069096545679260e-04
9.437500000000001e-01 1.207701960550600e+01 -5.862005729178218e-05
9.468750000000000e-01 1.226723506600578e+01 -3.092942085654821e-05
9.500000000000001e-01 1.246044551787411e+01 -1.571464693795472e-05
9.531250000000000e-01 1.265669813259115e+01 -7.693691205125114e-06
9.562500000000000e-01 1.285604082436773e+01 -3.631895980456718e-06
9.593750000000001e-01 1.305852226184337e+01 -1.654074181835346e-06
9.625000000000000e-01 1.326419187996850e+01 -7.271745530650916e-07
9.656250000000001e-01 1.347309989207381e+01 -3.087520189920864e-07
9.687500000000000e-01 1.368529730212962e+01 -1.266721321003850e-07
9.718750000000000e-01 1.390083591719824e+01 -5.024046052901000e-08
9.750000000000001e-01 1.411976836008246e+01 -1.927160406521952e-08
9.781250000000000e-01 1.434214808217320e+01 -7.152444992581405e-09
9.812500000000001e-01 1.456802937649935e+01 -2.569418565392177e-09
9.843750000000000e-01 1.479746739098328e+01 -8.937678583048049e-10
9.875000000000000e-01 1.503051814190487e+01 -3.011288401723240e-10
9.906250000000001e-01 1.526723852757770e+01 -9.835724163340274e-11
9.937500000000000e-01 1.550768634224049e+01 -3.097099186821045e-11
9.968750000000001e-01 1.575192029016732e+01 -9.928448425545931e-12
1.000000000000000e+00 1.600000000000000e+01 -1.462614875882640e-12
