0.000000000000000e+00 0.000000000000000e+00 0.000000000000000e+00
3.125000000000000e-03 3.369263549427258e-03 -1.769998199242461e-03
6.250000000000000e-03 6.739349689698711e-03 5.632125733321337e-04
9.375000000000001e-03 1.011108121249049e-02 -3.019862992386204e-04
1.250000000000000e-02 1.348528131119160e-02 -1.084060539105981e-04
1.562500000000000e-02 1.686277378188298e-02 -8.139155186984456e-05
1.875000000000000e-02 2.024438322446370e-02 3.492934567293565e-05
2.187500000000000e-02 2.363093524397333e-02 -1.014603632238514e-04
2.500000000000000e-02 2.702325665215984e-02 -5.953782618747893e-05
2.812500000000000e-02 3.042217566934200e-02 -2.097992561339015e-05
3.125000000000000e-02 3.382852212661575e-02 6.740559927493234e-06
3.437500000000000e-02 3.724312766845378e-02 -6.392971214256705e-05
3.750000000000001e-02 4.066682595574785e-02 -2.185218550494210e-05
4.062500000000000e-02 4.410045286934348e-02 3.422955243703156e-06
4.375000000000000e-02 4.754484671411652e-02 -2.946957905998687e-06
4.687500000000000e-02 5.100084842364160e-02 -7.245104575864020e-06
5.000000000000000e-02 5.446930176550237e-02 -1.145246803880070e-05
5.312500000000001e-02 5.795105354729364e-02 -1.547031115871987e-05
5.625000000000000e-02 6.144695382336569e-02 -1.239964454445081e-08
5.937500000000000e-02 6.495785610236132e-02 -9.216237915230808e-06
6.250000000000000e-02 6.848461755559625e-02 -2.382701115481054e-06
6.562500000000000e-02 7.202809922633362e-02 -1.709518761130909e-06
6.875000000000001e-02 7.558916624000402e-02 -4.486201383566446e-05
7.187500000000001e-02 7.916868801542200e-02 1.968283697738194e-05
7.500000000000001e-02 8.276753847705080e-02 -1.887372544558574e-05
7.812500000000000e-02 8.638659626836727e-02 5.859396149990270e-06
8.125000000000000e-02 9.002674496637868e-02 -1.136984613405531e-05
8.437500000000001e-02 9.368887329734420e-02 -5.332753523323896e-07
8.750000000000001e-02 9.737387535375355e-02 -5.466614843459454e-06
9.062500000000001e-02 1.010826508126157e-01 4.857280018987941e-06
9.375000000000000e-02 1.048161051551108e-01 -1.064271154783867e-05
9.687500000000000e-02 1.085751498876601e-01 1.147641230290523e-06
1.000000000000000e-01 1.123607027644654e-01 1.791933868978057e-06
1.031250000000000e-01 1.161736880115753e-01 1.035841559604943e-05
1.062500000000000e-01 1.200150365525305e-01 -7.077982384194333e-06
1.093750000000000e-01 1.238856862356450e-01 1.038969378184811e-05
1.125000000000000e-01 1.277865820629775e-01 7.330339740639655e-06
1.156250000000000e-01 1.317186764210495e-01 9.482890228401155e-06
1.187500000000000e-01 1.356829293133661e-01 1.877423730481454e-07
1.218750000000000e-01 1.396803085947971e-01 2.438077800202750e-06
1.250000000000000e-01 1.437117902078738e-01 -2.667219370770471e-06
1.281250000000000e-01 1.477783584210617e-01 7.505670045366489e-06
1.312500000000000e-01 1.518810060690650e-01 6.501942778781464e-06
1.343750000000000e-01 1.560207347952229e-01 -1.035906593718551e-05
1.375000000000000e-01 1.601985552960564e-01 -1.278767726703166e-06
1.406250000000000e-01 1.644154875680252e-01 2.368884564300695e-06
1.437500000000000e-01 1.686725611565558e-01 -9.094288050183986e-06
1.468750000000000e-01 1.729708154074000e-01 2.435536740025025e-06
1.500000000000000e-01 1.773112997203869e-01 -5.239304972272950e-06
1.531250000000000e-01 1.816950738056289e-01 -7.258507625231472e-07
1.562500000000000e-01 1.861232079422458e-01 4.243604548532853e-06
1.593750000000000e-01 1.905967832396682e-01 -3.761379997533770e-06
1.625000000000000e-01 1.951168919015860e-01 9.287805090322790e-07
1.656250000000000e-01 1.996846374926046e-01 -6.270120951165800e-06
1.687500000000000e-01 2.043011352076760e-01 1.129455145882514e-06
1.718750000000000e-01 2.089675121443681e-01 -2.978908096011389e-06
1.750000000000000e-01 2.136849075780412e-01 4.986180753784007e-06
1.781250000000000e-01 2.184544732399964e-01 -8.554679944320223e-06
1.812500000000000e-01 2.232773735986666e-01 1.210401937402101e-06
1.843750000000000e-01 2.281547861439151e-01 -4.440088047469795e-06
1.875000000000000e-01 2.330879016745160e-01 5.411470144720183e-06
1.906250000000000e-01 2.380779245888810e-01 -3.289000428345049e-06
1.937500000000000e-01 2.431260731791094e-01 2.794754859182235e-06
1.968750000000000e-01 2.482335799284277e-01 1.523828949847228e-06
2.000000000000000e-01 2.534016918120952e-01 3.396197146040215e-06
2.031250000000000e-01 2.586316706018478e-01 1.379520835841080e-07
2.062500000000000e-01 2.639247931739538e-01 2.645009581560949e-06
2.093750000000000e-01 2.692823518209576e-01 2.076601649850267e-06
2.125000000000000e-01 2.747056545671873e-01 3.518713086244389e-06
2.156250000000000e-01 2.801960254881028e-01 2.126428699513865e-06
2.187500000000000e-01 2.857548050335636e-01 -1.881330387811219e-06
2.218750000000000e-01 2.913833503550930e-01 -2.316426420898732e-06
2.250000000000000e-01 2.970830356372213e-01 3.823168841720047e-06
2.281250000000000e-01 3.028552524329863e-01 -5.951133026683321e-07
2.312500000000000e-01 3.087014100036755e-01 7.489294785845339e-07
2.343750000000000e-01 3.146229356628902e-01 5.566758628690341e-07
2.375000000000000e-01 3.206212751250189e-01 -4.451992071964986e-06
2.406250000000000e-01 3.266978928582008e-01 1.588290805490120e-06
2.437500000000000e-01 3.328542724418705e-01 -1.480108288708954e-06
2.468750000000000e-01 3.390919169289667e-01 1.432872030411887e-06
2.500000000000000e-01 3.454123492128958e-01 -4.211450748862808e-06
2.531250000000000e-01 3.518171123993401e-01 -2.754706640872187e-07
2.562500000000000e-01 3.583077701830001e-01 -1.405476388572789e-06
2.593750000000000e-01 3.648859072293631e-01 3.526355578572080e-06
2.625000000000000e-01 3.715531295615936e-01 -9.124503736914221e-08
2.656250000000000e-01 3.783110649526354e-01 1.942196612305459e-06
2.687500000000000e-01 3.851613633226258e-01 1.851792970598023e-06
2.718750000000000e-01 3.921056971417164e-01 -4.551887353170067e-07
2.750000000000000e-01 3.991457618383991e-01 1.304907752877220e-06
2.781250000000000e-01 4.062832762134377e-01 1.970836630248528e-06
2.812500000000000e-01 4.135199828595055e-01 3.213416996171340e-06
2.843750000000000e-01 4.208576485866312e-01 -1.053743997417971e-07
2.875000000000000e-01 4.282980648535585e-01 -1.682044509398903e-06
2.906250000000000e-01 4.358430482051222e-01 9.463989938183948e-07
2.937500000000000e-01 4.434944407157500e-01 1.102985998881076e-06
2.968750000000000e-01 4.512541104391968e-01 -1.946113051255891e-06
3.000000000000000e-01 4.591239518646220e-01 1.910649219620917e-06
3.031250000000000e-01 4.671058863791195e-01 -1.354119269261155e-06
3.062500000000000e-01 4.752018627368176e-01 1.399679205108185e-06
3.093750000000000e-01 4.834138575346580e-01 -1.567668629373225e-06
3.125000000000000e-01 4.917438756949728e-01 4.965621635994878e-07
3.156250000000000e-01 5.001939509549778e-01 8.377520648430723e-07
3.187500000000000e-01 5.087661463633005e-01 1.070955878467687e-06
3.218750000000000e-01 5.174625547836644e-01 2.849894074193100e-06
3.250000000000000e-01 5.262852994058529e-01 1.559484173907933e-06
3.281250000000000e-01 5.352365342640750e-01 1.193250185130334e-06
3.312500000000000e-01 5.443184447628656e-01 2.530316016314084e-07
3.343750000000000e-01 5.535332482106405e-01 1.038508782937756e-06
3.375000000000000e-01 5.628831943610435e-01 7.323562144601018e-08
3.406250000000000e-01 5.723705659622137e-01 1.670274342148481e-06
3.437500000000000e-01 5.819976793141081e-01 -1.383563860352440e-07
3.468750000000000e-01 5.917668848340161e-01 1.009119153745100e-06
3.500000000000000e-01 6.016805676304035e-01 -4.713346903405680e-08
3.531250000000000e-01 6.117411480852264e-01 4.751831329268727e-07
3.562500000000000e-01 6.219510824448572e-01 4.954439467814544e-07
3.593750000000000e-01 6.323128634197650e-01 1.017729356692128e-06
3.625000000000000e-01 6.428290207931012e-01 1.699400112478220e-06
3.656250000000000e-01 6.535021220383342e-01 2.578658259388871e-07
3.687500000000000e-01 6.643347729460869e-01 1.940132154908519e-06
3.718750000000000e-01 6.753296182603294e-01 -9.075445600978902e-08
3.750000000000000e-01 6.864893423240808e-01 2.079071709124820e-06
3.781250000000000e-01 6.978166697347804e-01 3.734818698335468e-07
3.812500000000000e-01 7.093143660094854e-01 9.474519897946468e-07
3.843750000000000e-01 7.209852382600603e-01 3.166862407735694e-07
3.875000000000000e-01 7.328321358785219e-01 2.164154051244874e-06
3.906250000000000e-01 7.448579512327029e-01 8.815908698871775e-07
3.937500000000000e-01 7.570656203724140e-01 4.000714428542276e-07
3.968750000000000e-01 7.694581237462648e-01 2.212106685862357e-06
4.000000000000000e-01 7.820384869293291e-01 -3.407632509704841e-07
4.031250000000000e-01 7.948097813618253e-01 2.311977865723040e-06
4.062500000000000e-01 8.077751250989945e-01 -1.554332851853738e-07
4.093750000000000e-01 8.209376835723596e-01 2.267801865206666e-06
4.125000000000000e-01 8.343006703625532e-01 8.800115230968751e-07
4.156250000000000e-01 8.478673479838968e-01 2.235768188974454e-06
4.187500000000000e-01 8.616410286809313e-01 1.056033892189032e-06
4.218750000000000e-01 8.756250752370857e-01 7.773944287157449e-07
4.250000000000000e-01 8.898229017956865e-01 1.925247776214447e-06
4.281250000000000e-01 9.042379746935050e-01 -9.832916543627437e-07
4.312500000000000e-01 9.188738133070491e-01 3.017154426566646e-06
4.343750000000000e-01 9.337339909118028e-01 -2.135805286882962e-07
4.375000000000000e-01 9.488221355546261e-01 3.391644457839567e-06
4.406250000000000e-01 9.641419309395265e-01 6.211784261920463e-07
4.437500000000000e-01 9.796971173270190e-01 2.503244456443641e-06
4.468750000000000e-01 9.954914924472941e-01 1.474948602246425e-06
4.500000000000000e-01 1.011528912427417e+00 -4.226580884822404e-07
4.531250000000000e-01 1.027813292732786e+00 3.509812852412513e-06
4.562500000000000e-01 1.044348609123070e+00 -5.755588803905406e-07
4.593750000000000e-01 1.061138898622882e+00 4.169363653269507e-06
4.625000000000000e-01 1.078188260507393e+00 -8.095556096729882e-07
4.656250000000000e-01 1.095500857303154e+00 3.135887302042600e-06
4.687500000000000e-01 1.113080915804360e+00 1.966705707129608e-06
4.718750000000000e-01 1.130932728104805e+00 6.476496957181246e-07
4.750000000000000e-01 1.149060652645771e+00 3.846803886541047e-06
4.781250000000000e-01 1.167469115280130e+00 -1.501764870220319e-06
4.812500000000000e-01 1.186162610352890e+00 4.890119952997777e-06
4.843750000000000e-01 1.205145701798475e+00 -6.985018235402427e-07
4.875000000000000e-01 1.224423024254985e+00 3.614559185476350e-06
4.906250000000000e-01 1.243999284195726e+00 2.217673778764155e-06
4.937500000000000e-01 1.263879261078271e+00 4.372803394823559e-07
4.968750000000000e-01 1.284067808511348e+00 4.909733972198320e-06
5.000000000000000e-01 1.304569855439823e+00 -1.825715542311826e-06
5.031250000000000e-01 1.325390407348082e+00 5.532303762445972e-06
5.062500000000000e-01 1.346534547482100e+00 -2.087725311104125e-07
5.093750000000000e-01 1.368007438090487e+00 3.089643575602160e-06
5.125000000000001e-01 1.389814321684837e+00 3.880570796404308e-06
5.156250000000000e-01 1.411960522319654e+00 -1.095289121008110e-06
5.187500000000000e-01 1.434451446892208e+00 6.624751162444744e-06
5.218750000000000e-01 1.457292586462593e+00 -1.931402395665860e-06
5.250000000000000e-01 1.480489517594354e+00 5.365396270617087e-06
5.281250000000001e-01 1.504047903715979e+00 2.543158573925686e-06
5.312500000000000e-01 1.527973496503592e+00 -1.443565945644444e-08
5.343750000000000e-01 1.552272137285215e+00 7.313944745177824e-06
5.375000000000000e-01 1.576949758466886e+00 -2.774834645888307e-06
5.406250000000000e-01 1.602012384981041e+00 6.709812506044481e-06
5.437500000000001e-01 1.627466135757470e+00 2.091415690432658e-06
5.468750000000000e-01 1.653317225217225e+00 6.006239560787356e-07
5.500000000000000e-01 1.679571964789851e+00 7.977453689757639e-06
5.531250000000000e-01 1.706236764454286e+00 -2.979020276598993e-06
5.562500000000000e-01 1.733318134303830e+00 7.416011395587066e-06
5.593750000000001e-01 1.760822686135563e+00 2.658068520001266e-06
5.625000000000000e-01 1.788757135064574e+00 2.762294951114033e-07
5.656250000000000e-01 1.817128301163438e+00 8.921545056371698e-06
5.687500000000000e-01 1.845943111127301e+00 -2.611930963697806e-06
5.718750000000000e-01 1.875208599965003e+00 7.622242531366179e-06
5.750000000000001e-01 1.904931912716643e+00 4.020848006360658e-06
5.781250000000000e-01 1.935120306198011e+00 -1.332379220175673e-06
5.812500000000000e-01 1.965781150772311e+00 1.137279355970341e-05
5.843750000000000e-01 1.996921932149593e+00 -2.039840382332991e-06
5.875000000000000e-01 2.028550253214365e+00 5.333264921028520e-06
5.906250000000001e-01 2.060673835881802e+00 8.752250532349891e-06
5.937500000000000e-01 2.093300522983012e+00 -3.847763306290552e-06
5.968750000000000e-01 2.126438280179837e+00 1.185719102856783e-05
6.000000000000001e-01 2.160095197909630e+00 2.473708756096762e-06
6.031250000000000e-01 2.194279493360494e+00 -2.085999831678512e-07
6.062500000000001e-01 2.228999512477486e+00 1.433559031554428e-05
6.093750000000000e-01 2.264263732000228e+00 -3.243752162472796e-06
6.125000000000000e-01 2.300080761532477e+00 6.606876727533910e-06
6.156250000000001e-01 2.336459345644116e+00 1.236861210659675e-05
6.187500000000000e-01 2.373408366006099e+00 -5.790242829738702e-06
6.218750000000001e-01 2.410936843558884e+00 1.353089657995418e-05
6.250000000000000e-01 2.449053940714840e+00 7.695193920437049e-06
6.281250000000000e-01 2.487768963595221e+00 -4.958136318000815e-06
6.312500000000001e-01 2.527091364302215e+00 1.883460150180820e-05
6.343750000000000e-01 2.567030743226622e+00 2.389626378041936e-06
6.375000000000001e-01 2.607596851391758e+00 -1.842271910076829e-06
6.406250000000000e-01 2.648799592834118e+00 2.235760734004014e-05
6.437500000000000e-01 2.690649027021411e+00 -2.243376383446360e-06
6.468750000000001e-01 2.733155371308524e+00 2.004110446099758e-06
6.500000000000000e-01 2.776329003432049e+00 2.491222814603402e-05
6.531250000000001e-01 2.820180464043967e+00 -5.806954825620788e-06
6.562500000000000e-01 2.864720459285089e+00 5.305458799985084e-06
6.593750000000000e-01 2.909959863398929e+00 2.776483270055800e-05
6.625000000000001e-01 2.955909721386590e+00 -8.250892227902284e-06
6.656250000000000e-01 3.002581251703353e+00 6.870956485256994e-06
6.687500000000001e-01 3.049985848997626e+00 3.209790145897493e-05
6.718750000000000e-01 3.098135086892879e+00 -9.328194395366825e-06
6.750000000000000e-01 3.147040720813310e+00 5.336962442236232e-06
6.781250000000001e-01 3.196714690853871e+00 3.862800224063006e-05
6.812500000000000e-01 3.247169124695383e+00 -7.557240835338039e-06
6.843750000000001e-01 3.298416340565477e+00 -1.047335060684371e-06
6.875000000000000e-01 3.350468850246008e+00 4.648610701106128e-05
6.906250000000000e-01 3.403339362127777e+00 5.924952167034800e-07
6.937500000000001e-01 3.457040784313211e+00 -1.331043729110355e-05
6.968750000000000e-01 3.511586227767823e+00 5.108634031040283e-05
7.000000000000001e-01 3.566989009521205e+00 2.052986845768960e-05
7.031250000000000e-01 3.623262655918307e+00 -2.793761466367929e-05
7.062500000000000e-01 3.680420905921852e+00 4.186173002537752e-05
7.093750000000001e-01 3.738477714466631e+00 5.433609922300063e-05
7.125000000000000e-01 3.797447255866536e+00 -2.960681464447348e-05
7.156250000000001e-01 3.857343927275175e+00 6.716272395882911e-06
7.187500000000000e-01 3.918182352200844e+00 8.617718071276739e-05
7.218750000000000e-01 3.979977384076828e+00 9.293023894914482e-06
7.250000000000001e-01 4.042744109887770e+00 -4.371900312177811e-05
7.281250000000000e-01 4.106497853853101e+00 6.963972506147125e-05
7.312500000000001e-01 4.171254181168399e+00 9.379156100345492e-05
7.343750000000000e-01 4.237028901805528e+00 -4.004070729433434e-05
7.375000000000000e-01 4.303838074372613e+00 -2.702573069379881e-05
7.406250000000001e-01 4.371698010034643e+00 1.301797672273328e-04
7.437500000000000e-01 4.440625276495786e+00 9.309809365961813e-05
7.468750000000001e-01 4.510636702044332e+00 -7.925748226417157e-05
7.500000000000000e-01 4.581749379661216e+00 -1.652672768220559e-05
7.531250000000000e-01 4.653980671193226e+00 1.909690818265393e-04
7.562500000000001e-01 4.727348211591802e+00 1.314451014329213e-04
7.593750000000000e-01 4.801869913218528e+00 -1.096734013205617e-04
7.625000000000001e-01 4.877563970218381e+00 -6.436859462818559e-05
7.656250000000000e-01 4.954448862961714e+00 2.408945631996366e-04
7.687500000000000e-01 5.032543362556198e+00 2.775335578254826e-04
7.718750000000001e-01 5.111866535429675e+00 -6.319378496773148e-05
7.750000000000000e-01 5.192437747985146e+00 -2.244754150427658e-04
7.781250000000001e-01 5.274276671329015e+00 1.288772323739490e-04
7.812500000000000e-01 5.357403286073669e+00 5.232272162458718e-04
7.843750000000000e-01 5.441837887215693e+00 3.424487577647588e-04
7.875000000000001e-01 5.527601089090773e+00 -2.372739332509700e-04
7.906250000000000e-01 5.614713830406605e+00 -4.129408515554496e-04
7.937500000000001e-01 5.703197379355005e+00 1.902382525979047e-04
7.968750000000000e-01 5.793073338804412e+00 9.693043615484110e-04
8.000000000000000e-01 5.884363651574169e+00 9.933275332786801e-04
8.031250000000001e-01 5.977090605791737e+00 7.231266965135633e-05
8.062500000000000e-01 6.071276840334257e+00 -9.505937229724056e-04
8.093750000000001e-01 6.166945350355728e+00 -9.578243730760929e-04
8.125000000000000e-01 6.264119492901173e+00 4.150341210330160e-04
8.156250000000000e-01 6.362822992609162e+00 2.402971552029899e-03
8.187500000000001e-01 6.463079947504072e+00 3.614918323989952e-03
8.218750000000000e-01 6.564914834879517e+00 2.924925473938588e-03
8.250000000000001e-01 6.668352517274371e+00 9.449352081279704e-05
8.281250000000000e-01 6.773418248542846e+00 -4.188455181367554e-03
8.312500000000000e-01 6.880137680020114e+00 -8.731612273831079e-03
8.343750000000001e-01 6.988536866784961e+00 -1.238392618104428e-02
8.375000000000000e-01 7.098642274021019e+00 -1.441727705191616e-02
8.406250000000001e-01 7.210480783478133e+00 -1.463753849269530e-02
8.437500000000000e-01 7.324079700035414e+00 -1.327920036514543e-02
8.468750000000000e-01 7.439466758367605e+00 -1.080825537832541e-02
8.500000000000001e-01 7.556670129716381e+00 -7.739859659023696e-03
8.531250000000000e-01 7.675718428768239e+00 -4.519466507606381e-03
8.562500000000001e-01 7.796640720640633e+00 -1.467886896285062e-03
8.593750000000000e-01 7.919466527978115e+00 1.227074855718639e-03
8.625000000000000e-01 8.044225838160141e+00 3.488317620735789e-03
8.656250000000001e-01 8.170949110622363e+00 5.310582292851317e-03
8.687500000000000e-01 8.299667284293170e+00 6.722399529883868e-03
8.718750000000001e-01 8.430411785147284e+00 7.763891363056510e-03
8.750000000000000e-01 8.563214533878281e+00 8.482283585609518e-03
8.781250000000000e-01 8.698107953691880e+00 8.932661275801107e-03
8.812500000000001e-01 8.835124978221932e+00 9.169887759601151e-03
8.843750000000000e-01 8.974299059571019e+00 9.229847427115823e-03
8.875000000000001e-01 9.115664176477637e+00 9.112050205314904e-03
8.906250000000000e-01 9.259254842611947e+00 8.777592250322395e-03
8.937500000000000e-01 9.405106115002161e+00 8.166846535553735e-03
8.968750000000001e-01 9.553253602593529e+00 7.229039962679279e-03
9.000000000000000e-01 9.703733474942130e+00 5.950906890432880e-03
9.031250000000001e-01 9.856582471045494e+00 4.374403152177490e-03
9.062500000000000e-01 1.001183790831228e+01 2.599404157186154e-03
9.093750000000000e-01 1.016953769167313e+01 7.716991171627279e-04
9.125000000000001e-01 1.032972032283505e+01 -9.409487915329385e-04
9.156250000000000e-01 1.049242490968134e+01 -2.379780055175102e-03
9.187500000000001e-01 1.065769117581972e+01 -3.425779984383578e-03
9.218750000000000e-01 1.082555947028058e+01 -4.021815435676527e-03
9.250000000000000e-01 1.099607077736805e+01 -4.179734526836001e-03
9.281250000000001e-01 1.116926672666618e+01 -3.970866407098161e-03
9.312500000000000e-01 1.134518960320255e+01 -3.503985268808765e-03
9.343750000000001e-01 1.152388235777201e+01 -2.898492770043871e-03
9.375000000000000e-01 1.170538861742293e+01 -2.260868894776368e-03
9.406250000000000e-01 1.188975269610854e+01 -1.669773094057285e-03
9.437500000000001e-01 1.207701960550600e+01 -1.171253651179457e-03
9.468750000000000e-01 1.226723506600578e+01 -7.821771221235504e-04
9.500000000000001e-01 1.246044551787411e+01 -4.982890828248553e-04
9.531250000000000e-01 1.265669813259115e+01 -3.033261323412130e-04
9.562500000000000e-01 1.285604082436773e+01 -1.766949049767247e-04
9.593750000000001e-01 1.305852226184337e+01 -9.862420033536785e-05
9.625000000000000e-01 1.326419187996850e+01 -5.280668529046874e-05
9.656250000000001e-01 1.347309989207381e+01 -2.715143381524963e-05
9.687500000000000e-01 1.368529730212962e+01 -1.341860063011499e-05
9.718750000000000e-01 1.390083591719824e+01 -6.379843272983987e-06
9.750000000000001e-01 1.411976836008246e+01 -2.920444846094931e-06
9.781250000000000e-01 1.434214808217320e+01 -1.288090191276066e-06
9.812500000000001e-01 1.456802937649935e+01 -5.477712566333960e-07
9.843750000000000e-01 1.479746739098328e+01 -2.247474601255788e-07
9.875000000000000e-01 1.503051814190487e+01 -8.900829001903204e-08
9.906250000000001e-01 1.526723852757770e+01 -3.407682204549710e-08
9.937500000000000e-01 1.550768634224049e+01 -1.252695611328903e-08
9.968750000000001e-01 1.575192029016732e+01 -4.647960811298361e-09
1.000000000000000e+00 1.600000000000000e+01 -1.104219751378414e-09
