0.000000000000000e+00 0.000000000000000e+00 0.000000000000000e+00
3.125000000000000e-03 3.369263549427258e-03 -6.502036963808308e-02
6.250000000000000e-03 6.739349689698711e-03 -8.516556726396431e-04
9.375000000000001e-03 1.011108121249049e-02 -8.303086799350578e-03
1.250000000000000e-02 1.348528131119160e-02 -1.887400148765034e-03
1.562500000000000e-02 1.686277378188298e-02 -4.992101090325052e-03
1.875000000000000e-02 2.024438322446370e-02 -3.013521707921086e-03
2.187500000000000e-02 2.363093524397333e-02 -4.860145617606506e-03
2.500000000000000e-02 2.702325665215984e-02 -4.079515048160901e-03
2.812500000000000e-02 3.042217566934200e-02 -5.381587807559525e-03
3.125000000000000e-02 3.382852212661575e-02 -5.125255939090202e-03
3.437500000000000e-02 3.724312766845378e-02 -6.155875489625449e-03
3.750000000000001e-02 4.066682595574785e-02 -6.186683446193854e-03
4.062500000000000e-02 4.410045286934348e-02 -7.083240375919968e-03
4.375000000000000e-02 4.754484671411652e-02 -7.283057910779525e-03
4.687500000000000e-02 5.100084842364160e-02 -8.064772582237737e-03
5.000000000000000e-02 5.446930176550237e-02 -8.343906076598575e-03
5.312500000000001e-02 5.795105354729364e-02 -9.089467062610875e-03
5.625000000000000e-02 6.144695382336569e-02 -9.431300559498158e-03
5.937500000000000e-02 6.495785610236132e-02 -1.014794327904027e-02
6.250000000000000e-02 6.848461755559625e-02 -1.054567293821387e-02
6.562500000000000e-02 7.202809922633362e-02 -1.126365199387584e-02
6.875000000000001e-02 7.558916624000402e-02 -1.167502111240654e-02
7.187500000000001e-02 7.916868801542200e-02 -1.237910389048618e-02
7.500000000000001e-02 8.276753847705080e-02 -1.284739701121923e-02
7.812500000000000e-02 8.638659626836727e-02 -1.352703066162811e-02
8.125000000000000e-02 9.002674496637868e-02 -1.403336374123229e-02
8.437500000000001e-02 9.368887329734420e-02 -1.471355851849195e-02
8.750000000000001e-02 9.737387535375355e-02 -1.525522833656906e-02
9.062500000000001e-02 1.010826508126157e-01 -1.592956696560623e-02
9.375000000000000e-02 1.048161051551108e-01 -1.649643609658486e-02
9.687500000000000e-02 1.085751498876601e-01 -1.719265240852098e-02
1.000000000000000e-01 1.123607027644654e-01 -1.778570169817410e-02
1.031250000000000e-01 1.161736880115753e-01 -1.848622085054442e-02
1.062500000000000e-01 1.200150365525305e-01 -1.908749168921635e-02
1.093750000000000e-01 1.238856862356450e-01 -1.982925456768807e-02
1.125000000000000e-01 1.277865820629775e-01 -2.046997686351172e-02
1.156250000000000e-01 1.317186764210495e-01 -2.121168771833660e-02
1.187500000000000e-01 1.356829293133661e-01 -2.187903709711408e-02
1.218750000000000e-01 1.396803085947971e-01 -2.263316217681398e-02
1.250000000000000e-01 1.437117902078738e-01 -2.334201871862357e-02
1.281250000000000e-01 1.477783584210617e-01 -2.411731326201650e-02
1.312500000000000e-01 1.518810060690650e-01 -2.485603325592536e-02
1.343750000000000e-01 1.560207347952229e-01 -2.566144034128672e-02
1.375000000000000e-01 1.601985552960564e-01 -2.642811040193635e-02
1.406250000000000e-01 1.644154875680252e-01 -2.726271629882373e-02
1.437500000000000e-01 1.686725611565558e-01 -2.805906847923989e-02
1.468750000000000e-01 1.729708154074000e-01 -2.893014265807782e-02
1.500000000000000e-01 1.773112997203869e-01 -2.976574625578035e-02
1.531250000000000e-01 1.816950738056289e-01 -3.066728845747217e-02
1.562500000000000e-01 1.861232079422458e-01 -3.154522473629744e-02
1.593750000000000e-01 1.905967832396682e-01 -3.247498793768029e-02
1.625000000000000e-01 1.951168919015860e-01 -3.339449692671718e-02
1.656250000000000e-01 1.996846374926046e-01 -3.436965219832983e-02
1.687500000000000e-01 2.043011352076760e-01 -3.533271174569440e-02
1.718750000000000e-01 2.089675121443681e-01 -3.635150984311942e-02
1.750000000000000e-01 2.136849075780412e-01 -3.736124797404714e-02
1.781250000000000e-01 2.184544732399964e-01 -3.841816646766516e-02
1.812500000000000e-01 2.232773735986666e-01 -3.947884901579537e-02
1.843750000000000e-01 2.281547861439151e-01 -4.058898622763491e-02
1.875000000000000e-01 2.330879016745160e-01 -4.169993229767519e-02
1.906250000000000e-01 2.380779245888810e-01 -4.286372764411504e-02
1.937500000000000e-01 2.431260731791094e-01 -4.402530895662676e-02
1.968750000000000e-01 2.482335799284277e-01 -4.524399691918370e-02
2.000000000000000e-01 2.534016918120952e-01 -4.646946297135425e-02
2.031250000000000e-01 2.586316706018478e-01 -4.774117438635430e-02
2.062500000000000e-01 2.639247931739538e-01 -4.903054575024458e-02
2.093750000000000e-01 2.692823518209576e-01 -5.035833920794115e-02
2.125000000000000e-01 2.747056545671873e-01 -5.170664068067928e-02
2.156250000000000e-01 2.801960254881028e-01 -5.311050703045058e-02
2.187500000000000e-01 2.857548050335636e-01 -5.452435936546598e-02
2.218750000000000e-01 2.913833503550930e-01 -5.598275789888876e-02
2.250000000000000e-01 2.970830356372213e-01 -5.746562465053190e-02
2.281250000000000e-01 3.028552524329863e-01 -5.900057338090103e-02
2.312500000000000e-01 3.087014100036755e-01 -6.055162441302802e-02
2.343750000000000e-01 3.146229356628902e-01 -6.214912662873234e-02
2.375000000000000e-01 3.206212751250189e-01 -6.377487974538956e-02
2.406250000000000e-01 3.266978928582008e-01 -6.544241930670820e-02
2.437500000000000e-01 3.328542724418705e-01 -6.713701864455346e-02
2.468750000000000e-01 3.390919169289667e-01 -6.887502433810781e-02
2.500000000000000e-01 3.454123492128958e-01 -7.063793968400413e-02
2.531250000000000e-01 3.518171123993401e-01 -7.244468454309999e-02
2.562500000000000e-01 3.583077701830001e-01 -7.427381296334581e-02
2.593750000000000e-01 3.648859072293631e-01 -7.614438347133702e-02
2.625000000000000e-01 3.715531295615936e-01 -7.803760685274938e-02
2.656250000000000e-01 3.783110649526354e-01 -7.996515777593126e-02
2.687500000000000e-01 3.851613633226258e-01 -8.191558360580965e-02
2.718750000000000e-01 3.921056971417164e-01 -8.389399238937029e-02
2.750000000000000e-01 3.991457618383991e-01 -8.589029262588518e-02
2.781250000000000e-01 4.062832762134377e-01 -8.791067422564776e-02
2.812500000000000e-01 4.135199828595055e-01 -8.994010948662767e-02
2.843750000000000e-01 4.208576485866312e-01 -9.198747733909178e-02
2.875000000000000e-01 4.282980648535585e-01 -9.403603855105169e-02
2.906250000000000e-01 4.358430482051222e-01 -9.609035517886688e-02
2.937500000000000e-01 4.434944407157500e-01 -9.813861689421527e-02
2.968750000000000e-01 4.512541104391968e-01 -1.001779139447486e-01
3.000000000000000e-01 4.591239518646220e-01 -1.021989380231453e-01
3.031250000000000e-01 4.671058863791195e-01 -1.041977003704959e-01
3.062500000000000e-01 4.752018627368176e-01 -1.061601237578785e-01
3.093750000000000e-01 4.834138575346580e-01 -1.080847771038003e-01
3.125000000000000e-01 4.917438756949728e-01 -1.099543440963550e-01
3.156250000000000e-01 5.001939509549778e-01 -1.117638289267501e-01
3.187500000000000e-01 5.087661463633005e-01 -1.134993414168105e-01
3.218750000000000e-01 5.174625547836644e-01 -1.151492505207938e-01
3.250000000000000e-01 5.262852994058529e-01 -1.167006967716834e-01
3.281250000000000e-01 5.352365342640750e-01 -1.181420791416262e-01
3.312500000000000e-01 5.443184447628656e-01 -1.194552267038223e-01
3.343750000000000e-01 5.535332482106405e-01 -1.206308384586626e-01
3.375000000000000e-01 5.628831943610435e-01 -1.216491425536464e-01
3.406250000000000e-01 5.723705659622137e-01 -1.224969661985641e-01
3.437500000000000e-01 5.819976793141081e-01 -1.231581711047098e-01
3.468750000000000e-01 5.917668848340161e-01 -1.236168781585235e-01
3.500000000000000e-01 6.016805676304035e-01 -1.238556100502324e-01
3.531250000000000e-01 6.117411480852264e-01 -1.238629463402720e-01
3.562500000000000e-01 6.219510824448572e-01 -1.236182488932596e-01
3.593750000000000e-01 6.323128634197650e-01 -1.231121442861673e-01
3.625000000000000e-01 6.428290207931012e-01 -1.223279858371967e-01
3.656250000000000e-01 6.535021220383342e-01 -1.212556587901194e-01
3.687500000000000e-01 6.643347729460869e-01 -1.198818927527042e-01
3.718750000000000e-01 6.753296182603294e-01 -1.182029617328343e-01
3.750000000000000e-01 6.864893423240808e-01 -1.162050029696248e-01
3.781250000000000e-01 6.978166697347804e-01 -1.138914608891535e-01
3.812500000000000e-01 7.093143660094854e-01 -1.112541216618508e-01
3.843750000000000e-01 7.209852382600603e-01 -1.082994986515388e-01
3.875000000000000e-01 7.328321358785219e-01 -1.050262675775290e-01
3.906250000000000e-01 7.448579512327029e-01 -1.014496278466444e-01
3.937500000000000e-01 7.570656203724140e-01 -9.757050055317741e-02
3.968750000000000e-01 7.694581237462648e-01 -9.341316997614799e-02
4.000000000000000e-01 7.820384869293291e-01 -8.898556094684890e-02
4.031250000000000e-01 7.948097813618253e-01 -8.431597976441813e-02
4.062500000000000e-01 8.077751250989945e-01 -7.941858838967475e-02
4.093750000000000e-01 8.209376835723596e-01 -7.432956602271119e-02
4.125000000000000e-01 8.343006703625532e-01 -6.906409738879149e-02
4.156250000000000e-01 8.478673479838968e-01 -6.366304602770695e-02
4.187500000000000e-01 8.616410286809313e-01 -5.814611268433035e-02
4.218750000000000e-01 8.756250752370857e-01 -5.255416672474758e-02
4.250000000000000e-01 8.898229017956865e-01 -4.690701093611790e-02
4.281250000000000e-01 9.042379746935050e-01 -4.124800704687569e-02
4.312500000000000e-01 9.188738133070491e-01 -3.559448611172424e-02
4.343750000000000e-01 9.337339909118028e-01 -2.998619428015557e-02
4.375000000000000e-01 9.488221355546261e-01 -2.444022736572365e-02
4.406250000000000e-01 9.641419309395265e-01 -1.899278778276899e-02
4.437500000000000e-01 9.796971173270190e-01 -1.365532844106805e-02
4.468750000000000e-01 9.954914924472941e-01 -8.460364654826955e-03
4.500000000000000e-01 1.011528912427417e+00 -3.416673717309492e-03
4.531250000000000e-01 1.027813292732786e+00 1.450428555726640e-03
4.562500000000000e-01 1.044348609123070e+00 6.136676763427410e-03
4.593750000000000e-01 1.061138898622882e+00 1.062031117087829e-02
4.625000000000000e-01 1.078188260507393e+00 1.490155962341195e-02
4.656250000000000e-01 1.095500857303154e+00 1.896558792736627e-02
4.687500000000000e-01 1.113080915804360e+00 2.281501698881012e-02
4.718750000000000e-01 1.130932728104805e+00 2.643845398498151e-02
4.750000000000000e-01 1.149060652645771e+00 2.984286902672525e-02
4.781250000000000e-01 1.167469115280130e+00 3.302175252765423e-02
4.812500000000000e-01 1.186162610352890e+00 3.598285426496167e-02
4.843750000000000e-01 1.205145701798475e+00 3.872248937947941e-02
4.875000000000000e-01 1.224423024254985e+00 4.125152063371873e-02
4.906250000000000e-01 1.243999284195726e+00 4.356916134375632e-02
4.937500000000000e-01 1.263879261078271e+00 4.568597504708223e-02
4.968750000000000e-01 1.284067808511348e+00 4.760297874972753e-02
5.000000000000000e-01 1.304569855439823e+00 4.933256340640235e-02
5.031250000000000e-01 1.325390407348082e+00 5.087734454143589e-02
5.062500000000000e-01 1.346534547482100e+00 5.224870507911121e-02
5.093750000000000e-01 1.368007438090487e+00 5.344995458316919e-02
5.125000000000001e-01 1.389814321684837e+00 5.449334465597166e-02
5.156250000000000e-01 1.411960522319654e+00 5.538316376932451e-02
5.187500000000000e-01 1.434451446892208e+00 5.613032779298711e-02
5.218750000000000e-01 1.457292586462593e+00 5.673885730682848e-02
5.250000000000000e-01 1.480489517594354e+00 5.721976536745965e-02
5.281250000000001e-01 1.504047903715979e+00 5.757780013526912e-02
5.312500000000000e-01 1.527973496503592e+00 5.782281068443504e-02
5.343750000000000e-01 1.552272137285215e+00 5.795877613650795e-02
5.375000000000000e-01 1.576949758466886e+00 5.799482494521117e-02
5.406250000000000e-01 1.602012384981041e+00 5.793521912980222e-02
5.437500000000001e-01 1.627466135757470e+00 5.778846559218093e-02
5.468750000000000e-01 1.653317225217225e+00 5.755834351886478e-02
5.500000000000000e-01 1.679571964789851e+00 5.725204782584008e-02
5.531250000000000e-01 1.706236764454286e+00 5.687285046378455e-02
5.562500000000000e-01 1.733318134303830e+00 5.642747866443732e-02
5.593750000000001e-01 1.760822686135563e+00 5.591913265499954e-02
5.625000000000000e-01 1.788757135064574e+00 5.535351347924088e-02
5.656250000000000e-01 1.817128301163438e+00 5.473325466861717e-02
5.687500000000000e-01 1.845943111127301e+00 5.406308756503634e-02
5.718750000000000e-01 1.875208599965003e+00 5.334515568736490e-02
5.750000000000001e-01 1.904931912716643e+00 5.258359318048984e-02
5.781250000000000e-01 1.935120306198011e+00 5.178023983908940e-02
5.812500000000000e-01 1.965781150772311e+00 5.093833173000157e-02
5.843750000000000e-01 1.996921932149593e+00 5.005933983118195e-02
5.875000000000000e-01 2.028550253214365e+00 4.914561250797114e-02
5.906250000000001e-01 2.060673835881802e+00 4.819819870532011e-02
5.937500000000000e-01 2.093300522983012e+00 4.721879503092621e-02
5.968750000000000e-01 2.126438280179837e+00 4.620797869597732e-02
6.000000000000001e-01 2.160095197909630e+00 4.516677127208285e-02
6.031250000000000e-01 2.194279493360494e+00 4.409523436853734e-02
6.062500000000001e-01 2.228999512477486e+00 4.299361845013105e-02
6.093750000000000e-01 2.264263732000228e+00 4.186146543728127e-02
6.125000000000000e-01 2.300080761532477e+00 4.069828220424232e-02
6.156250000000001e-01 2.336459345644116e+00 3.950309508873813e-02
6.187500000000000e-01 2.373408366006099e+00 3.827475723257238e-02
6.218750000000001e-01 2.410936843558884e+00 3.701177721223923e-02
6.250000000000000e-01 2.449053940714840e+00 3.571243675383261e-02
6.281250000000000e-01 2.487768963595221e+00 3.437475022274304e-02
6.312500000000001e-01 2.527091364302215e+00 3.299652072613863e-02
6.343750000000000e-01 2.567030743226622e+00 3.157536246117571e-02
6.375000000000001e-01 2.607596851391758e+00 3.010876062427969e-02
6.406250000000000e-01 2.648799592834118e+00 2.859413986546884e-02
6.437500000000000e-01 2.690649027021411e+00 2.702896068434689e-02
6.468750000000001e-01 2.733155371308524e+00 2.541084141003021e-02
6.500000000000000e-01 2.776329003432049e+00 2.373771301239877e-02
6.531250000000001e-01 2.820180464043967e+00 2.200800931645090e-02
6.562500000000000e-01 2.864720459285089e+00 2.022089541687087e-02
6.593750000000000e-01 2.909959863398929e+00 1.837653386108254e-02
6.625000000000001e-01 2.955909721386590e+00 1.647638438536993e-02
6.656250000000000e-01 3.002581251703353e+00 1.452352726516036e-02
6.687500000000001e-01 3.049985848997626e+00 1.252299327213243e-02
6.718750000000000e-01 3.098135086892879e+00 1.048207528387244e-02
6.750000000000000e-01 3.147040720813310e+00 8.410589055257231e-03
6.781250000000001e-01 3.196714690853871e+00 6.321045301541933e-03
6.812500000000000e-01 3.247169124695383e+00 4.228694104833830e-03
6.843750000000001e-01 3.298416340565477e+00 2.151407483565010e-03
6.875000000000000e-01 3.350468850246008e+00 1.093775634280608e-04
6.906250000000000e-01 3.403339362127777e+00 -1.875374519098515e-03
6.937500000000001e-01 3.457040784313211e+00 -3.779662393503618e-03
6.968750000000000e-01 3.511586227767823e+00 -5.579932750516411e-03
7.000000000000001e-01 3.566989009521205e+00 -7.253142446064231e-03
7.031250000000000e-01 3.623262655918307e+00 -8.777648765194971e-03
7.062500000000000e-01 3.680420905921852e+00 -1.013404691603998e-02
7.093750000000001e-01 3.738477714466631e+00 -1.130589815553270e-02
7.125000000000000e-01 3.797447255866536e+00 -1.228030877486978e-02
7.156250000000001e-01 3.857343927275175e+00 -1.304834086147223e-02
7.187500000000000e-01 3.918182352200844e+00 -1.360525605597132e-02
7.218750000000000e-01 3.979977384076828e+00 -1.395060952912667e-02
7.250000000000001e-01 4.042744109887770e+00 -1.408822033991146e-02
7.281250000000000e-01 4.106497853853101e+00 -1.402604506459650e-02
7.312500000000001e-01 4.171254181168399e+00 -1.377597479274646e-02
7.343750000000000e-01 4.237028901805528e+00 -1.335356365654104e-02
7.375000000000000e-01 4.303838074372613e+00 -1.277768365950431e-02
7.406250000000001e-01 4.371698010034643e+00 -1.207008992342493e-02
7.437500000000000e-01 4.440625276495786e+00 -1.125487640806891e-02
7.468750000000001e-01 4.510636702044332e+00 -1.035780709757581e-02
7.500000000000000e-01 4.581749379661216e+00 -9.405521795719397e-03
7.531250000000000e-01 4.653980671193226e+00 -8.424636722123992e-03
7.562500000000001e-01 4.727348211591802e+00 -7.440783625601355e-03
7.593750000000000e-01 4.801869913218528e+00 -6.477651626164289e-03
7.625000000000001e-01 4.877563970218381e+00 -5.556108302179544e-03
7.656250000000000e-01 4.954448862961714e+00 -4.693477190889694e-03
7.687500000000000e-01 5.032543362556198e+00 -3.903036987763665e-03
7.718750000000001e-01 5.111866535429675e+00 -3.193785171873972e-03
7.750000000000000e-01 5.192437747985146e+00 -2.570479589722886e-03
7.781250000000001e-01 5.274276671329015e+00 -2.033940863712998e-03
7.812500000000000e-01 5.357403286073669e+00 -1.581571440530909e-03
7.843750000000000e-01 5.441837887215693e+00 -1.208027640014085e-03
7.875000000000001e-01 5.527601089090773e+00 -9.059714463270205e-04
7.906250000000000e-01 5.614713830406605e+00 -6.668293242637279e-04
7.937500000000001e-01 5.703197379355005e+00 -4.814946811324429e-04
7.968750000000000e-01 5.793073338804412e+00 -3.409261811606931e-04
8.000000000000000e-01 5.884363651574169e+00 -2.366128454166196e-04
8.031250000000001e-01 5.977090605791737e+00 -1.608956724205592e-04
8.062500000000000e-01 6.071276840334257e+00 -1.071518640591379e-04
8.093750000000001e-01 6.166945350355728e+00 -6.985995247572253e-05
8.125000000000000e-01 6.264119492901173e+00 -4.457146190064847e-05
8.156250000000000e-01 6.362822992609162e+00 -2.781734647932296e-05
8.187500000000001e-01 6.463079947504072e+00 -1.697612724852118e-05
8.218750000000000e-01 6.564914834879517e+00 -1.012659681977080e-05
8.250000000000001e-01 6.668352517274371e+00 -5.902453334078280e-06
8.281250000000000e-01 6.773418248542846e+00 -3.360411637970746e-06
8.312500000000000e-01 6.880137680020114e+00 -1.868077095009119e-06
8.343750000000001e-01 6.988536866784961e+00 -1.013668670035474e-06
8.375000000000000e-01 7.098642274021019e+00 -5.367324369671378e-07
8.406250000000001e-01 7.210480783478133e+00 -2.772344700209683e-07
8.437500000000000e-01 7.324079700035414e+00 -1.396485918674729e-07
8.468750000000000e-01 7.439466758367605e+00 -6.858098327797088e-08
8.500000000000001e-01 7.556670129716381e+00 -3.282706574977105e-08
8.531250000000000e-01 7.675718428768239e+00 -1.531124791160587e-08
8.562500000000001e-01 7.796640720640633e+00 -6.957188820542124e-09
8.593750000000000e-01 7.919466527978115e+00 -3.078943503630398e-09
8.625000000000000e-01 8.044225838160141e+00 -1.326844171163645e-09
8.656250000000001e-01 8.170949110622363e+00 -5.566719938100941e-10
8.687500000000000e-01 8.299667284293170e+00 -2.273298230576987e-10
8.718750000000001e-01 8.430411785147284e+00 -9.034677498653076e-11
8.750000000000000e-01 8.563214533878281e+00 -3.493774510850423e-11
8.781250000000000e-01 8.698107953691880e+00 -1.314422239588754e-11
8.812500000000001e-01 8.835124978221932e+00 -4.810270501867442e-12
8.843750000000000e-01 8.974299059571019e+00 -1.712143816764507e-12
8.875000000000001e-01 9.115664176477637e+00 -5.926432742085624e-13
8.906250000000000e-01 9.259254842611947e+00 -1.994709301528401e-13
8.937500000000000e-01 9.405106115002161e+00 -6.527609085311665e-14
8.968750000000001e-01 9.553253602593529e+00 -2.076712157007220e-14
9.000000000000000e-01 9.703733474942130e+00 -6.422580609637111e-15
9.031250000000001e-01 9.856582471045494e+00 -1.930728880980029e-15
9.062500000000000e-01 1.001183790831228e+01 -5.641344870413687e-16
9.093750000000000e-01 1.016953769167313e+01 -1.602021788713068e-16
9.125000000000001e-01 1.032972032283505e+01 -4.421369980041393e-17
9.156250000000000e-01 1.049242490968134e+01 -1.185849449974099e-17
9.187500000000001e-01 1.065769117581972e+01 -3.090802691157025e-18
9.218750000000000e-01 1.082555947028058e+01 -7.828342863928500e-19
9.250000000000000e-01 1.099607077736805e+01 -1.926708114327972e-19
9.281250000000001e-01 1.116926672666618e+01 -4.607899527778545e-20
9.312500000000000e-01 1.134518960320255e+01 -1.070846295875278e-20
9.343750000000001e-01 1.152388235777201e+01 -2.418170423307703e-21
9.375000000000000e-01 1.170538861742293e+01 -5.306195239354508e-22
9.406250000000000e-01 1.188975269610854e+01 -1.131408045262328e-22
9.437500000000001e-01 1.207701960550600e+01 -2.344230397983502e-23
9.468750000000000e-01 1.226723506600578e+01 -4.719908648680957e-24
9.500000000000001e-01 1.246044551787411e+01 -9.234817641814387e-25
9.531250000000000e-01 1.265669813259115e+01 -1.755882391416319e-25
9.562500000000000e-01 1.285604082436773e+01 -3.244497935352978e-26
9.593750000000001e-01 1.305852226184337e+01 -5.826379115818693e-27
9.625000000000000e-01 1.326419187996850e+01 -1.016868495935386e-27
9.656250000000001e-01 1.347309989207381e+01 -1.724895121190613e-28
9.687500000000000e-01 1.368529730212962e+01 -2.843876748467892e-29
9.718750000000000e-01 1.390083591719824e+01 -4.557519695958159e-30
9.750000000000001e-01 1.411976836008246e+01 -7.099646093622302e-31
9.781250000000000e-01 1.434214808217320e+01 -1.075119922250477e-31
9.812500000000001e-01 1.456802937649935e+01 -1.582748288852428e-32
9.843750000000000e-01 1.479746739098328e+01 -2.265296751375001e-33
9.875000000000000e-01 1.503051814190487e+01 -3.152251822161445e-34
9.906250000000001e-01 1.526723852757770e+01 -4.265123613330023e-35
9.937500000000000e-01 1.550768634224049e+01 -5.605183267519523e-36
9.968750000000001e-01 1.575192029016732e+01 -7.559661735303545e-37
1.000000000000000e+00 1.600000000000000e+01 2.604145265437197e-37
