0.000000000000000e+00 0.000000000000000e+00 0.000000000000000e+00
3.125000000000000e-03 3.369263549427258e-03 -2.134999000127448e-03
6.250000000000000e-03 6.739349689698711e-03 3.190311850592853e-05
9.375000000000001e-03 1.011108121249049e-02 -2.818197501702346e-04
1.250000000000000e-02 1.348528131119160e-02 -3.038235175002514e-05
1.562500000000000e-02 1.686277378188298e-02 -1.318060736593940e-04
1.875000000000000e-02 2.024438322446370e-02 4.915581219737291e-05
2.187500000000000e-02 2.363093524397333e-02 -9.239426172757101e-05
2.500000000000000e-02 2.702325665215984e-02 -2.543537627322024e-05
2.812500000000000e-02 3.042217566934200e-02 -1.368991045449891e-05
3.125000000000000e-02 3.382852212661575e-02 -4.616258457854468e-05
3.437500000000000e-02 3.724312766845378e-02 -1.934544153648756e-05
3.750000000000001e-02 4.066682595574785e-02 2.842121066558193e-05
4.062500000000000e-02 4.410045286934348e-02 1.109089704634217e-05
4.375000000000000e-02 4.754484671411652e-02 2.292580438177393e-06
4.687500000000000e-02 5.100084842364160e-02 1.364561453598922e-05
5.000000000000000e-02 5.446930176550237e-02 -1.380183323292489e-05
5.312500000000001e-02 5.795105354729364e-02 -8.691265614481470e-06
5.625000000000000e-02 6.144695382336569e-02 6.550842290495859e-07
5.937500000000000e-02 6.495785610236132e-02 -9.873316792054578e-06
6.250000000000000e-02 6.848461755559625e-02 1.079906164529917e-05
6.562500000000000e-02 7.202809922633362e-02 7.526030163164108e-06
6.875000000000001e-02 7.558916624000402e-02 -5.214696426276351e-06
7.187500000000001e-02 7.916868801542200e-02 4.263721422583255e-06
7.500000000000001e-02 8.276753847705080e-02 -6.283964157780971e-06
7.812500000000000e-02 8.638659626836727e-02 -7.257206729412998e-06
8.125000000000000e-02 9.002674496637868e-02 -5.696477927362939e-06
8.437500000000001e-02 9.368887329734420e-02 -8.385735756973314e-07
8.750000000000001e-02 9.737387535375355e-02 -1.188151119248487e-06
9.062500000000001e-02 1.010826508126157e-01 -1.602279196984510e-06
9.375000000000000e-02 1.048161051551108e-01 -1.070278547115722e-05
9.687500000000000e-02 1.085751498876601e-01 9.963689176135854e-06
1.000000000000000e-01 1.123607027644654e-01 5.158500571885371e-07
1.031250000000000e-01 1.161736880115753e-01 -2.302859199674447e-07
1.062500000000000e-01 1.200150365525305e-01 -5.099493287209045e-06
1.093750000000000e-01 1.238856862356450e-01 -8.348504948917679e-06
1.125000000000000e-01 1.277865820629775e-01 -8.888297024856256e-06
1.156250000000000e-01 1.317186764210495e-01 1.091473499120104e-05
1.187500000000000e-01 1.356829293133661e-01 6.987495528085424e-06
1.218750000000000e-01 1.396803085947971e-01 -1.048475329189188e-06
1.250000000000000e-01 1.437117902078738e-01 -2.545005746954430e-06
1.281250000000000e-01 1.477783584210617e-01 -1.045317517604939e-06
1.312500000000000e-01 1.518810060690650e-01 -2.104266115816207e-06
1.343750000000000e-01 1.560207347952229e-01 2.397107516730721e-06
1.375000000000000e-01 1.601985552960564e-01 5.056498883715407e-06
1.406250000000000e-01 1.644154875680252e-01 4.189182924224802e-06
1.437500000000000e-01 1.686725611565558e-01 -1.623914934257144e-07
1.468750000000000e-01 1.729708154074000e-01 4.814070085963962e-06
1.500000000000000e-01 1.773112997203869e-01 -3.464691442307686e-06
1.531250000000000e-01 1.816950738056289e-01 -1.503979039632158e-06
1.562500000000000e-01 1.861232079422458e-01 1.594493832102647e-06
1.593750000000000e-01 1.905967832396682e-01 -3.604505273406761e-06
1.625000000000000e-01 1.951168919015860e-01 5.356079460944027e-06
1.656250000000000e-01 1.996846374926046e-01 -2.802958313287340e-06
1.687500000000000e-01 2.043011352076760e-01 -2.254729349432151e-06
1.718750000000000e-01 2.089675121443681e-01 5.288654873771777e-06
1.750000000000000e-01 2.136849075780412e-01 7.320550091987726e-06
1.781250000000000e-01 2.184544732399964e-01 -3.056637812315407e-06
1.812500000000000e-01 2.232773735986666e-01 3.870843593119371e-06
1.843750000000000e-01 2.281547861439151e-01 -4.165322119282308e-06
1.875000000000000e-01 2.330879016745160e-01 2.358600425558574e-06
1.906250000000000e-01 2.380779245888810e-01 -2.136532717034062e-06
1.937500000000000e-01 2.431260731791094e-01 1.862005461558868e-06
1.968750000000000e-01 2.482335799284277e-01 1.408164451404664e-06
2.000000000000000e-01 2.534016918120952e-01 4.696242278439817e-06
2.031250000000000e-01 2.586316706018478e-01 -1.490094266449834e-06
2.062500000000000e-01 2.639247931739538e-01 -2.012326248910420e-06
2.093750000000000e-01 2.692823518209576e-01 1.463607595425005e-06
2.125000000000000e-01 2.747056545671873e-01 2.349380931470504e-06
2.156250000000000e-01 2.801960254881028e-01 6.811536569546637e-07
2.187500000000000e-01 2.857548050335636e-01 5.940190184559178e-06
2.218750000000000e-01 2.913833503550930e-01 -1.693856368820723e-07
2.250000000000000e-01 2.970830356372213e-01 1.339581826224873e-06
2.281250000000000e-01 3.028552524329863e-01 1.019259918059542e-06
2.312500000000000e-01 3.087014100036755e-01 -1.469876674651090e-06
2.343750000000000e-01 3.146229356628902e-01 3.308706589099821e-06
2.375000000000000e-01 3.206212751250189e-01 1.157087931116105e-06
2.406250000000000e-01 3.266978928582008e-01 2.338387610730284e-06
2.437500000000000e-01 3.328542724418705e-01 -1.419187606348543e-07
2.468750000000000e-01 3.390919169289667e-01 4.115532777632139e-06
2.500000000000000e-01 3.454123492128958e-01 2.379511315111482e-06
2.531250000000000e-01 3.518171123993401e-01 1.381059218720227e-06
2.562500000000000e-01 3.583077701830001e-01 1.136078118912426e-06
2.593750000000000e-01 3.648859072293631e-01 2.093885439993571e-06
2.625000000000000e-01 3.715531295615936e-01 6.997255609321132e-07
2.656250000000000e-01 3.783110649526354e-01 3.191231895230995e-06
2.687500000000000e-01 3.851613633226258e-01 6.243230234112915e-07
2.718750000000000e-01 3.921056971417164e-01 2.962447872996098e-06
2.750000000000000e-01 3.991457618383991e-01 8.855207552060242e-07
2.781250000000000e-01 4.062832762134377e-01 2.123165841465753e-06
2.812500000000000e-01 4.135199828595055e-01 1.340282172208747e-06
2.843750000000000e-01 4.208576485866312e-01 9.812022462225754e-07
2.875000000000000e-01 4.282980648535585e-01 5.616642434566449e-06
2.906250000000000e-01 4.358430482051222e-01 2.079693685241899e-06
2.937500000000000e-01 4.434944407157500e-01 2.871767208263686e-06
2.968750000000000e-01 4.512541104391968e-01 1.476864779993135e-06
3.000000000000000e-01 4.591239518646220e-01 2.740559063631330e-06
3.031250000000000e-01 4.671058863791195e-01 2.698672646097280e-06
3.062500000000000e-01 4.752018627368176e-01 2.735626216307287e-06
3.093750000000000e-01 4.834138575346580e-01 1.140443369397188e-06
3.125000000000000e-01 4.917438756949728e-01 3.461347209845287e-06
3.156250000000000e-01 5.001939509549778e-01 5.194970551870785e-07
3.187500000000000e-01 5.087661463633005e-01 1.604344982493985e-06
3.218750000000000e-01 5.174625547836644e-01 3.076811588551512e-06
3.250000000000000e-01 5.262852994058529e-01 3.071906971523929e-06
3.281250000000000e-01 5.352365342640750e-01 3.842114770084277e-06
3.312500000000000e-01 5.443184447628656e-01 3.781807088695353e-06
3.343750000000000e-01 5.535332482106405e-01 2.818617191539112e-06
3.375000000000000e-01 5.628831943610435e-01 2.548273954646655e-06
3.406250000000000e-01 5.723705659622137e-01 4.313480000168026e-06
3.437500000000000e-01 5.819976793141081e-01 3.475327566965945e-06
3.468750000000000e-01 5.917668848340161e-01 2.101445885944627e-06
3.500000000000000e-01 6.016805676304035e-01 1.266148983916867e-06
3.531250000000000e-01 6.117411480852264e-01 3.738532867715941e-06
3.562500000000000e-01 6.219510824448572e-01 2.855823891968707e-06
3.593750000000000e-01 6.323128634197650e-01 3.207720744904427e-06
3.625000000000000e-01 6.428290207931012e-01 4.395569983968500e-06
3.656250000000000e-01 6.535021220383342e-01 4.179769508978316e-06
3.687500000000000e-01 6.643347729460869e-01 4.060927977782624e-06
3.718750000000000e-01 6.753296182603294e-01 3.926030206791779e-06
3.750000000000000e-01 6.864893423240808e-01 3.158681065160150e-06
3.781250000000000e-01 6.978166697347804e-01 2.767275869041298e-06
3.812500000000000e-01 7.093143660094854e-01 3.842031392091658e-06
3.843750000000000e-01 7.209852382600603e-01 3.247311664255575e-06
3.875000000000000e-01 7.328321358785219e-01 4.257690057221592e-06
3.906250000000000e-01 7.448579512327029e-01 4.636055049870932e-06
3.937500000000000e-01 7.570656203724140e-01 4.321926532111412e-06
3.968750000000000e-01 7.694581237462648e-01 3.987042503928727e-06
4.000000000000000e-01 7.820384869293291e-01 4.691627497660067e-06
4.031250000000000e-01 7.948097813618253e-01 4.181837000818495e-06
4.062500000000000e-01 8.077751250989945e-01 4.318656577765287e-06
4.093750000000000e-01 8.209376835723596e-01 4.738533155922767e-06
4.125000000000000e-01 8.343006703625532e-01 4.769924001496477e-06
4.156250000000000e-01 8.478673479838968e-01 4.150699221423240e-06
4.187500000000000e-01 8.616410286809313e-01 4.114389467889049e-06
4.218750000000000e-01 8.756250752370857e-01 5.368055384626630e-06
4.250000000000000e-01 8.898229017956865e-01 5.549271422076801e-06
4.281250000000000e-01 9.042379746935050e-01 5.442392189924211e-06
4.312500000000000e-01 9.188738133070491e-01 4.588128280234715e-06
4.343750000000000e-01 9.337339909118028e-01 5.237370808287613e-06
4.375000000000000e-01 9.488221355546261e-01 5.020102765030223e-06
4.406250000000000e-01 9.641419309395265e-01 5.466734933280616e-06
4.437500000000000e-01 9.796971173270190e-01 5.715899744383278e-06
4.468750000000000e-01 9.954914924472941e-01 5.634424947219802e-06
4.500000000000000e-01 1.011528912427417e+00 6.598143575515670e-06
4.531250000000000e-01 1.027813292732786e+00 5.453951155029257e-06
4.562500000000000e-01 1.044348609123070e+00 6.372146424665879e-06
4.593750000000000e-01 1.061138898622882e+00 5.596673465724717e-06
4.625000000000000e-01 1.078188260507393e+00 6.065660326056782e-06
4.656250000000000e-01 1.095500857303154e+00 6.753446702211551e-06
4.687500000000000e-01 1.113080915804360e+00 6.281109693413183e-06
4.718750000000000e-01 1.130932728104805e+00 7.399569811732435e-06
4.750000000000000e-01 1.149060652645771e+00 6.369730556285314e-06
4.781250000000000e-01 1.167469115280130e+00 6.995746270681857e-06
4.812500000000000e-01 1.186162610352890e+00 6.916229153280526e-06
4.843750000000000e-01 1.205145701798475e+00 7.069495451157829e-06
4.875000000000000e-01 1.224423024254985e+00 8.007215914332984e-06
4.906250000000000e-01 1.243999284195726e+00 7.327650705602572e-06
4.937500000000000e-01 1.263879261078271e+00 7.960715096383763e-06
4.968750000000000e-01 1.284067808511348e+00 7.481730980213147e-06
5.000000000000000e-01 1.304569855439823e+00 7.940851268450663e-06
5.031250000000000e-01 1.325390407348082e+00 8.502301583139684e-06
5.062500000000000e-01 1.346534547482100e+00 8.634260720118691e-06
5.093750000000000e-01 1.368007438090487e+00 8.742663158759662e-06
5.125000000000001e-01 1.389814321684837e+00 8.316256663258350e-06
5.156250000000000e-01 1.411960522319654e+00 9.234774458684566e-06
5.187500000000000e-01 1.434451446892208e+00 9.033196026822085e-06
5.218750000000000e-01 1.457292586462593e+00 9.748544665266028e-06
5.250000000000000e-01 1.480489517594354e+00 9.906774033080030e-06
5.281250000000001e-01 1.504047903715979e+00 8.952141630061535e-06
5.312500000000000e-01 1.527973496503592e+00 1.094620659981128e-05
5.343750000000000e-01 1.552272137285215e+00 1.047201102102773e-05
5.375000000000000e-01 1.576949758466886e+00 9.949539487964471e-06
5.406250000000000e-01 1.602012384981041e+00 1.149955294218885e-05
5.437500000000001e-01 1.627466135757470e+00 1.088616963338810e-05
5.468750000000000e-01 1.653317225217225e+00 1.150174568148106e-05
5.500000000000000e-01 1.679571964789851e+00 1.199066836066368e-05
5.531250000000000e-01 1.706236764454286e+00 1.150317350321633e-05
5.562500000000000e-01 1.733318134303830e+00 1.292114212603194e-05
5.593750000000001e-01 1.760822686135563e+00 1.259192235869647e-05
5.625000000000000e-01 1.788757135064574e+00 1.260827845505515e-05
5.656250000000000e-01 1.817128301163438e+00 1.417079253585810e-05
5.687500000000000e-01 1.845943111127301e+00 1.322984260064776e-05
5.718750000000000e-01 1.875208599965003e+00 1.405028666213571e-05
5.750000000000001e-01 1.904931912716643e+00 1.537222473693031e-05
5.781250000000000e-01 1.935120306198011e+00 1.397103771866847e-05
5.812500000000000e-01 1.965781150772311e+00 1.588363935984668e-05
5.843750000000000e-01 1.996921932149593e+00 1.647828720120757e-05
5.875000000000000e-01 2.028550253214365e+00 1.501490528674092e-05
5.906250000000001e-01 2.060673835881802e+00 1.803479377911744e-05
5.937500000000000e-01 2.093300522983012e+00 1.747178591376516e-05
5.968750000000000e-01 2.126438280179837e+00 1.645011149795539e-05
6.000000000000001e-01 2.160095197909630e+00 2.041622569292222e-05
6.031250000000000e-01 2.194279493360494e+00 1.845997917856664e-05
6.062500000000001e-01 2.228999512477486e+00 1.836852961651860e-05
6.093750000000000e-01 2.264263732000228e+00 2.299835327778607e-05
6.125000000000000e-01 2.300080761532477e+00 1.966510107994791e-05
6.156250000000001e-01 2.336459345644116e+00 2.063749018374999e-05
6.187500000000000e-01 2.373408366006099e+00 2.588676701187558e-05
6.218750000000001e-01 2.410936843558884e+00 2.125536498216356e-05
6.250000000000000e-01 2.449053940714840e+00 2.308691042103794e-05
6.281250000000000e-01 2.487768963595221e+00 2.930302783524591e-05
6.312500000000001e-01 2.527091364302215e+00 2.348545760039901e-05
6.343750000000000e-01 2.567030743226622e+00 2.542451063396053e-05
6.375000000000001e-01 2.607596851391758e+00 3.349632709343116e-05
6.406250000000000e-01 2.648799592834118e+00 2.678444581652253e-05
6.437500000000000e-01 2.690649027021411e+00 2.735889152322476e-05
6.468750000000001e-01 2.733155371308524e+00 3.844139561243484e-05
6.500000000000000e-01 2.776329003432049e+00 3.203285558419969e-05
6.531250000000001e-01 2.820180464043967e+00 2.868132722697133e-05
6.562500000000000e-01 2.864720459285089e+00 4.336208025162613e-05
6.593750000000000e-01 2.909959863398929e+00 4.064387430699766e-05
6.625000000000001e-01 2.955909721386590e+00 3.031177949526261e-05
6.656250000000000e-01 3.002581251703353e+00 4.607183429843250e-05
6.687500000000001e-01 3.049985848997626e+00 5.344819209613188e-05
6.718750000000000e-01 3.098135086892879e+00 3.591881880295007e-05
6.750000000000000e-01 3.147040720813310e+00 4.378537624101362e-05
6.781250000000001e-01 3.196714690853871e+00 6.725690956407415e-05
6.812500000000000e-01 3.247169124695383e+00 5.290654115266298e-05
6.843750000000001e-01 3.298416340565477e+00 3.893924112565959e-05
6.875000000000000e-01 3.350468850246008e+00 7.054643292722674e-05
6.906250000000000e-01 3.403339362127777e+00 8.405050638891414e-05
6.937500000000001e-01 3.457040784313211e+00 5.027719755471605e-05
6.968750000000000e-01 3.511586227767823e+00 5.384053889667976e-05
7.000000000000001e-01 3.566989009521205e+00 1.051215871046734e-04
7.031250000000000e-01 3.623262655918307e+00 1.021157041707849e-04
7.062500000000000e-01 3.680420905921852e+00 5.195568008286689e-05
7.093750000000001e-01 3.738477714466631e+00 7.400435206915231e-05
7.125000000000000e-01 3.797447255866536e+00 1.497453477562496e-04
7.156250000000001e-01 3.857343927275175e+00 1.390906047793051e-04
7.187500000000000e-01 3.918182352200844e+00 6.103151558534474e-05
7.218750000000000e-01 3.979977384076828e+00 8.298116914945896e-05
7.250000000000001e-01 4.042744109887770e+00 2.055801178886789e-04
7.281250000000000e-01 4.106497853853101e+00 2.306063601032828e-04
7.312500000000001e-01 4.171254181168399e+00 1.068766267676166e-04
7.343750000000000e-01 4.237028901805528e+00 5.464800362479683e-05
7.375000000000000e-01 4.303838074372613e+00 2.196300554361450e-04
7.406250000000001e-01 4.371698010034643e+00 4.040494573193689e-04
7.437500000000000e-01 4.440625276495786e+00 3.324967993647708e-04
7.468750000000001e-01 4.510636702044332e+00 8.289708610076633e-05
7.500000000000000e-01 4.581749379661216e+00 3.771485668130108e-05
7.531250000000000e-01 4.653980671193226e+00 3.806239254931962e-04
7.562500000000001e-01 4.727348211591802e+00 7.985422941616868e-04
7.593750000000000e-01 4.801869913218528e+00 7.976576414614730e-04
7.625000000000001e-01 4.877563970218381e+00 2.855568371508676e-04
7.656250000000000e-01 4.954448862961714e+00 -2.395300026723908e-04
7.687500000000000e-01 5.032543362556198e+00 -1.147809219144673e-04
7.718750000000001e-01 5.111866535429675e+00 8.487077631808864e-04
7.750000000000000e-01 5.192437747985146e+00 2.086572666199004e-03
7.781250000000001e-01 5.274276671329015e+00 2.573214555153438e-03
7.812500000000000e-01 5.357403286073669e+00 1.430424066760148e-03
7.843750000000000e-01 5.441837887215693e+00 -1.581042673057632e-03
7.875000000000001e-01 5.527601089090773e+00 -5.958368269498794e-03
7.906250000000000e-01 5.614713830406605e+00 -1.071993936306074e-02
7.937500000000001e-01 5.703197379355005e+00 -1.482109318446941e-02
7.968750000000000e-01 5.793073338804412e+00 -1.749726496986989e-02
8.000000000000000e-01 5.884363651574169e+00 -1.841668087415543e-02
8.031250000000001e-01 5.977090605791737e+00 -1.765102829420962e-02
8.062500000000000e-01 6.071276840334257e+00 -1.554160347357312e-02
8.093750000000001e-01 6.166945350355728e+00 -1.254477982083561e-02
8.125000000000000e-01 6.264119492901173e+00 -9.109354938349584e-03
8.156250000000000e-01 6.362822992609162e+00 -5.603561486589270e-03
8.187500000000001e-01 6.463079947504072e+00 -2.287684322341924e-03
8.218750000000000e-01 6.564914834879517e+00 6.815241328855525e-04
8.250000000000001e-01 6.668352517274371e+00 3.230264392249261e-03
8.281250000000000e-01 6.773418248542846e+00 5.343348020319585e-03
8.312500000000000e-01 6.880137680020114e+00 7.042942998729113e-03
8.343750000000001e-01 6.988536866784961e+00 8.371316727669454e-03
8.375000000000000e-01 7.098642274021019e+00 9.376784776226894e-03
8.406250000000001e-01 7.210480783478133e+00 1.010370724030133e-02
8.437500000000000e-01 7.324079700035414e+00 1.058842096453639e-02
8.468750000000000e-01 7.439466758367605e+00 1.086079909484949e-02
8.500000000000001e-01 7.556670129716381e+00 1.094716563767843e-02
8.531250000000000e-01 7.675718428768239e+00 1.086895946332544e-02
8.562500000000001e-01 7.796640720640633e+00 1.063587051314827e-02
8.593750000000000e-01 7.919466527978115e+00 1.023805537792438e-02
8.625000000000000e-01 8.044225838160141e+00 9.645147769956255e-03
8.656250000000001e-01 8.170949110622363e+00 8.816248541777634e-03
8.687500000000000e-01 8.299667284293170e+00 7.718423950543864e-03
8.718750000000001e-01 8.430411785147284e+00 6.346017334063547e-03
8.750000000000000e-01 8.563214533878281e+00 4.733035886016197e-03
8.781250000000000e-01 8.698107953691880e+00 2.954804959605076e-03
8.812500000000001e-01 8.835124978221932e+00 1.119708899092985e-03
8.843750000000000e-01 8.974299059571019e+00 -6.456605873880494e-04
8.875000000000001e-01 9.115664176477637e+00 -2.214448605043230e-03
8.906250000000000e-01 9.259254842611947e+00 -3.477761614302872e-03
8.937500000000000e-01 9.405106115002161e+00 -4.360597836529807e-03
8.968750000000001e-01 9.553253602593529e+00 -4.832689515406339e-03
9.000000000000000e-01 9.703733474942130e+00 -4.911698261530092e-03
9.031250000000001e-01 9.856582471045494e+00 -4.657606858031810e-03
9.062500000000000e-01 1.001183790831228e+01 -4.159483167086519e-03
9.093750000000000e-01 1.016953769167313e+01 -3.518026717459756e-03
9.125000000000001e-01 1.032972032283505e+01 -2.828373346512268e-03
9.156250000000000e-01 1.049242490968134e+01 -2.167088901167934e-03
9.187500000000001e-01 1.065769117581972e+01 -1.585503573150142e-03
9.218750000000000e-01 1.082555947028058e+01 -1.109393739811580e-03
9.250000000000000e-01 1.099607077736805e+01 -7.433596504796623e-04
9.281250000000001e-01 1.116926672666618e+01 -4.775272084444708e-04
9.312500000000000e-01 1.134518960320255e+01 -2.943875562526007e-04
9.343750000000001e-01 1.152388235777201e+01 -1.743241348633049e-04
9.375000000000000e-01 1.170538861742293e+01 -9.923696643433841e-05
9.406250000000000e-01 1.188975269610854e+01 -5.435014620581362e-05
9.437500000000001e-01 1.207701960550600e+01 -2.865819654067969e-05
9.468750000000000e-01 1.226723506600578e+01 -1.455816922188473e-05
9.500000000000001e-01 1.246044551787411e+01 -7.129266858824307e-06
9.531250000000000e-01 1.265669813259115e+01 -3.367573494338122e-06
9.562500000000000e-01 1.285604082436773e+01 -1.535190754348136e-06
9.593750000000001e-01 1.305852226184337e+01 -6.757810461288804e-07
9.625000000000000e-01 1.326419187996850e+01 -2.873829330605186e-07
9.656250000000001e-01 1.347309989207381e+01 -1.181214423110089e-07
9.687500000000000e-01 1.368529730212962e+01 -4.694618461215687e-08
9.718750000000000e-01 1.390083591719824e+01 -1.804915802177906e-08
9.750000000000001e-01 1.411976836008246e+01 -6.715386084019408e-09
9.781250000000000e-01 1.434214808217320e+01 -2.418836028750828e-09
9.812500000000001e-01 1.456802937649935e+01 -8.437606519093941e-10
9.843750000000000e-01 1.479746739098328e+01 -2.851416944205557e-10
9.875000000000000e-01 1.503051814190487e+01 -9.337910940220033e-11
9.906250000000001e-01 1.526723852757770e+01 -2.965790298759145e-11
9.937500000000000e-01 1.550768634224049e+01 -9.086400990698597e-12
9.968750000000001e-01 1.575192029016732e+01 -2.837755471420798e-12
1.000000000000000e+00 1.600000000000000e+01 -3.730943483280501e-13
