0.000000000000000e+00 0.000000000000000e+00 0.000000000000000e+00
3.125000000000000e-03 3.369263549427258e-03 -2.577632800035978e-03
6.250000000000000e-03 6.739349689698711e-03 -4.006147401953027e-04
9.375000000000001e-03 1.011108121249049e-02 -2.526885161182232e-04
1.250000000000000e-02 1.348528131119160e-02 1.460862632205796e-04
1.562500000000000e-02 1.686277378188298e-02 -3.465897894192364e-05
1.875000000000000e-02 2.024438322446370e-02 -1.642955821345521e-05
2.187500000000000e-02 2.363093524397333e-02 1.736366333183641e-05
2.500000000000000e-02 2.702325665215984e-02 5.376565037987436e-05
2.812500000000000e-02 3.042217566934200e-02 -1.611646946148597e-05
3.125000000000000e-02 3.382852212661575e-02 -7.172818029666851e-06
3.437500000000000e-02 3.724312766845378e-02 3.686417646480108e-05
3.750000000000001e-02 4.066682595574785e-02 2.591888154617717e-05
4.062500000000000e-02 4.410045286934348e-02 6.007845332442759e-05
4.375000000000000e-02 4.754484671411652e-02 4.122846467192140e-05
4.687500000000000e-02 5.100084842364160e-02 6.207433178914725e-05
5.000000000000000e-02 5.446930176550237e-02 4.234526312808151e-05
5.312500000000001e-02 5.795105354729364e-02 5.353768794135610e-05
5.625000000000000e-02 6.144695382336569e-02 7.355582448480048e-05
5.937500000000000e-02 6.495785610236132e-02 7.825984983856414e-05
6.250000000000000e-02 6.848461755559625e-02 8.204337851080771e-05
6.562500000000000e-02 7.202809922633362e-02 8.289880684617178e-05
6.875000000000001e-02 7.558916624000402e-02 9.478995849931588e-05
7.187500000000001e-02 7.916868801542200e-02 7.547989571282215e-05
7.500000000000001e-02 8.276753847705080e-02 9.599292405321700e-05
7.812500000000000e-02 8.638659626836727e-02 9.219476015083349e-05
8.125000000000000e-02 9.002674496637868e-02 9.288204190819887e-05
8.437500000000001e-02 9.368887329734420e-02 9.275756310186614e-05
8.750000000000001e-02 9.737387535375355e-02 1.287429205258845e-04
9.062500000000001e-02 1.010826508126157e-01 1.112322067395469e-04
9.375000000000000e-02 1.048161051551108e-01 1.237870743320068e-04
9.687500000000000e-02 1.085751498876601e-01 1.198603181261372e-04
1.000000000000000e-01 1.123607027644654e-01 1.386523286211988e-04
1.031250000000000e-01 1.161736880115753e-01 1.298575190229700e-04
1.062500000000000e-01 1.200150365525305e-01 1.301271968916165e-04
1.093750000000000e-01 1.238856862356450e-01 1.369277670526301e-04
1.125000000000000e-01 1.277865820629775e-01 1.401052817581794e-04
1.156250000000000e-01 1.317186764210495e-01 1.525549849310685e-04
1.187500000000000e-01 1.356829293133661e-01 1.527041029001424e-04
1.218750000000000e-01 1.396803085947971e-01 1.585407771036587e-04
1.250000000000000e-01 1.437117902078738e-01 1.540289892788306e-04
1.281250000000000e-01 1.477783584210617e-01 1.775188980352052e-04
1.312500000000000e-01 1.518810060690650e-01 1.757498627429237e-04
1.343750000000000e-01 1.560207347952229e-01 1.831414632388694e-04
1.375000000000000e-01 1.601985552960564e-01 1.883947957477117e-04
1.406250000000000e-01 1.644154875680252e-01 1.830428766679006e-04
1.437500000000000e-01 1.686725611565558e-01 1.841470515257332e-04
1.468750000000000e-01 1.729708154074000e-01 2.012925575949969e-04
1.500000000000000e-01 1.773112997203869e-01 2.067398395464805e-04
1.531250000000000e-01 1.816950738056289e-01 1.997112279875870e-04
1.562500000000000e-01 1.861232079422458e-01 2.191224395565022e-04
1.593750000000000e-01 1.905967832396682e-01 2.204541181999484e-04
1.625000000000000e-01 1.951168919015860e-01 2.330641278298992e-04
1.656250000000000e-01 1.996846374926046e-01 2.284659293731276e-04
1.687500000000000e-01 2.043011352076760e-01 2.353854534162081e-04
1.718750000000000e-01 2.089675121443681e-01 2.369846572540467e-04
1.750000000000000e-01 2.136849075780412e-01 2.459488538076862e-04
1.781250000000000e-01 2.184544732399964e-01 2.498178908469862e-04
1.812500000000000e-01 2.232773735986666e-01 2.575869218259493e-04
1.843750000000000e-01 2.281547861439151e-01 2.688649039131880e-04
1.875000000000000e-01 2.330879016745160e-01 2.676862106126667e-04
1.906250000000000e-01 2.380779245888810e-01 2.803106453694318e-04
1.937500000000000e-01 2.431260731791094e-01 2.813236433346666e-04
1.968750000000000e-01 2.482335799284277e-01 2.894970605798047e-04
2.000000000000000e-01 2.534016918120952e-01 2.932483728795552e-04
2.031250000000000e-01 2.586316706018478e-01 3.025625075191466e-04
2.062500000000000e-01 2.639247931739538e-01 3.083827139482530e-04
2.093750000000000e-01 2.692823518209576e-01 3.136569346704052e-04
2.125000000000000e-01 2.747056545671873e-01 3.244498895247236e-04
2.156250000000000e-01 2.801960254881028e-01 3.271706446236869e-04
2.187500000000000e-01 2.857548050335636e-01 3.363993621039373e-04
2.218750000000000e-01 2.913833503550930e-01 3.405576166519142e-04
2.250000000000000e-01 2.970830356372213e-01 3.550687724344196e-04
2.281250000000000e-01 3.028552524329863e-01 3.559141033184810e-04
2.312500000000000e-01 3.087014100036755e-01 3.605654620064633e-04
2.343750000000000e-01 3.146229356628902e-01 3.712233494346832e-04
2.375000000000000e-01 3.206212751250189e-01 3.806531598177555e-04
2.406250000000000e-01 3.266978928582008e-01 3.907653265270666e-04
2.437500000000000e-01 3.328542724418705e-01 3.945535978586725e-04
2.468750000000000e-01 3.390919169289667e-01 4.047035816891007e-04
2.500000000000000e-01 3.454123492128958e-01 4.118749393911954e-04
2.531250000000000e-01 3.518171123993401e-01 4.200821384630347e-04
2.562500000000000e-01 3.583077701830001e-01 4.284756070855892e-04
2.593750000000000e-01 3.648859072293631e-01 4.373987458257647e-04
2.625000000000000e-01 3.715531295615936e-01 4.479687085449482e-04
2.656250000000000e-01 3.783110649526354e-01 4.558012870547629e-04
2.687500000000000e-01 3.851613633226258e-01 4.657093587620952e-04
2.718750000000000e-01 3.921056971417164e-01 4.735063717777531e-04
2.750000000000000e-01 3.991457618383991e-01 4.830706592978697e-04
2.781250000000000e-01 4.062832762134377e-01 4.937046362688794e-04
2.812500000000000e-01 4.135199828595055e-01 5.043636734138026e-04
2.843750000000000e-01 4.208576485866312e-01 5.144800122236862e-04
2.875000000000000e-01 4.282980648535585e-01 5.257849925189821e-04
2.906250000000000e-01 4.358430482051222e-01 5.337618399599800e-04
2.937500000000000e-01 4.434944407157500e-01 5.451234832316897e-04
2.968750000000000e-01 4.512541104391968e-01 5.566186054654005e-04
3.000000000000000e-01 4.591239518646220e-01 5.672656048558165e-04
3.031250000000000e-01 4.671058863791195e-01 5.811308459731254e-04
3.062500000000000e-01 4.752018627368176e-01 5.902484380918154e-04
3.093750000000000e-01 4.834138575346580e-01 6.030533667195256e-04
3.125000000000000e-01 4.917438756949728e-01 6.149389780351536e-04
3.156250000000000e-01 5.001939509549778e-01 6.272236250173484e-04
3.187500000000000e-01 5.087661463633005e-01 6.429558161988028e-04
3.218750000000000e-01 5.174625547836644e-01 6.520181097472394e-04
3.250000000000000e-01 5.262852994058529e-01 6.664768661159827e-04
3.281250000000000e-01 5.352365342640750e-01 6.800252322914924e-04
3.312500000000000e-01 5.443184447628656e-01 6.931741604798716e-04
3.343750000000000e-01 5.535332482106405e-01 7.097716409092689e-04
3.375000000000000e-01 5.628831943610435e-01 7.223677413426149e-04
3.406250000000000e-01 5.723705659622137e-01 7.360051962856521e-04
3.437500000000000e-01 5.819976793141081e-01 7.521215834096762e-04
3.468750000000000e-01 5.917668848340161e-01 7.682922709876988e-04
3.500000000000000e-01 6.016805676304035e-01 7.821555812820858e-04
3.531250000000000e-01 6.117411480852264e-01 7.981846504802170e-04
3.562500000000000e-01 6.219510824448572e-01 8.162588962650650e-04
3.593750000000000e-01 6.323128634197650e-01 8.305282678083820e-04
3.625000000000000e-01 6.428290207931012e-01 8.479259915917971e-04
3.656250000000000e-01 6.535021220383342e-01 8.651805875638928e-04
3.687500000000000e-01 6.643347729460869e-01 8.820211720848214e-04
3.718750000000000e-01 6.753296182603294e-01 9.000559688971865e-04
3.750000000000000e-01 6.864893423240808e-01 9.169263950909521e-04
3.781250000000000e-01 6.978166697347804e-01 9.356664887509710e-04
3.812500000000000e-01 7.093143660094854e-01 9.534587222302791e-04
3.843750000000000e-01 7.209852382600603e-01 9.714178867097171e-04
3.875000000000000e-01 7.328321358785219e-01 9.905612673327009e-04
3.906250000000000e-01 7.448579512327029e-01 1.007983325901532e-03
3.937500000000000e-01 7.570656203724140e-01 1.027124320307009e-03
3.968750000000000e-01 7.694581237462648e-01 1.045131796581718e-03
4.000000000000000e-01 7.820384869293291e-01 1.062952306139083e-03
4.031250000000000e-01 7.948097813618253e-01 1.081536464090013e-03
4.062500000000000e-01 8.077751250989945e-01 1.098231109403290e-03
4.093750000000000e-01 8.209376835723596e-01 1.115692958851764e-03
4.125000000000000e-01 8.343006703625532e-01 1.132049201391257e-03
4.156250000000000e-01 8.478673479838968e-01 1.146882368840419e-03
4.187500000000000e-01 8.616410286809313e-01 1.162027034212283e-03
4.218750000000000e-01 8.756250752370857e-01 1.174323037357889e-03
4.250000000000000e-01 8.898229017956865e-01 1.185806297299386e-03
4.281250000000000e-01 9.042379746935050e-01 1.195495773354666e-03
4.312500000000000e-01 9.188738133070491e-01 1.201711190904521e-03
4.343750000000000e-01 9.337339909118028e-01 1.206363431648648e-03
4.375000000000000e-01 9.488221355546261e-01 1.206820524101296e-03
4.406250000000000e-01 9.641419309395265e-01 1.202961706786032e-03
4.437500000000000e-01 9.796971173270190e-01 1.195372818698928e-03
4.468750000000000e-01 9.954914924472941e-01 1.180764784570277e-03
4.500000000000000e-01 1.011528912427417e+00 1.160177225967968e-03
4.531250000000000e-01 1.027813292732786e+00 1.131983653781132e-03
4.562500000000000e-01 1.044348609123070e+00 1.093501623117188e-03
4.593750000000000e-01 1.061138898622882e+00 1.045259753977210e-03
4.625000000000000e-01 1.078188260507393e+00 9.839933965385586e-04
4.656250000000000e-01 1.095500857303154e+00 9.072341879263262e-04
4.687500000000000e-01 1.113080915804360e+00 8.142908538665197e-04
4.718750000000000e-01 1.130932728104805e+00 7.002788114048874e-04
4.750000000000000e-01 1.149060652645771e+00 5.625856987705161e-04
4.781250000000000e-01 1.167469115280130e+00 3.983095509607066e-04
4.812500000000000e-01 1.186162610352890e+00 2.010900509992527e-04
4.843750000000000e-01 1.205145701798475e+00 -3.314164089009286e-05
4.875000000000000e-01 1.224423024254985e+00 -3.099439813933490e-04
4.906250000000000e-01 1.243999284195726e+00 -6.379880394771472e-04
4.937500000000000e-01 1.263879261078271e+00 -1.023796497722630e-03
4.968750000000000e-01 1.284067808511348e+00 -1.476474006708959e-03
5.000000000000000e-01 1.304569855439823e+00 -2.007927325374424e-03
5.031250000000000e-01 1.325390407348082e+00 -2.628616482710078e-03
5.062500000000000e-01 1.346534547482100e+00 -3.351996499357993e-03
5.093750000000000e-01 1.368007438090487e+00 -4.194412839742216e-03
5.125000000000001e-01 1.389814321684837e+00 -5.171159619473695e-03
5.156250000000000e-01 1.411960522319654e+00 -6.300404078983520e-03
5.187500000000000e-01 1.434451446892208e+00 -7.602915232932026e-03
5.218750000000000e-01 1.457292586462593e+00 -9.097935702116594e-03
5.250000000000000e-01 1.480489517594354e+00 -1.080600402006830e-02
5.281250000000001e-01 1.504047903715979e+00 -1.274841778312307e-02
5.312500000000000e-01 1.527973496503592e+00 -1.494194469281241e-02
5.343750000000000e-01 1.552272137285215e+00 -1.739918926499511e-02
5.375000000000000e-01 1.576949758466886e+00 -2.012762597958473e-02
5.406250000000000e-01 1.602012384981041e+00 -2.312285361625313e-02
5.437500000000001e-01 1.627466135757470e+00 -2.636569835073323e-02
5.468750000000000e-01 1.653317225217225e+00 -2.982062930272429e-02
5.500000000000000e-01 1.679571964789851e+00 -3.342931122627091e-02
5.531250000000000e-01 1.706236764454286e+00 -3.710804585847040e-02
5.562500000000000e-01 1.733318134303830e+00 -4.075085935194502e-02
5.593750000000001e-01 1.760822686135563e+00 -4.423208057336434e-02
5.625000000000000e-01 1.788757135064574e+00 -4.741048291522500e-02
5.656250000000000e-01 1.817128301163438e+00 -5.014180618957304e-02
5.687500000000000e-01 1.845943111127301e+00 -5.229028272740033e-02
5.718750000000000e-01 1.875208599965003e+00 -5.374007327405734e-02
5.750000000000001e-01 1.904931912716643e+00 -5.440406745898833e-02
5.781250000000000e-01 1.935120306198011e+00 -5.423533991536997e-02
5.812500000000000e-01 1.965781150772311e+00 -5.322780790150915e-02
5.843750000000000e-01 1.996921932149593e+00 -5.141412189871067e-02
5.875000000000000e-01 2.028550253214365e+00 -4.886087099434087e-02
5.906250000000001e-01 2.060673835881802e+00 -4.566190350612765e-02
5.937500000000000e-01 2.093300522983012e+00 -4.192852425099838e-02
5.968750000000000e-01 2.126438280179837e+00 -3.777893538523157e-02
6.000000000000001e-01 2.160095197909630e+00 -3.333265947905676e-02
6.031250000000000e-01 2.194279493360494e+00 -2.870437799483800e-02
6.062500000000001e-01 2.228999512477486e+00 -2.399910251170214e-02
6.093750000000000e-01 2.264263732000228e+00 -1.930821009378873e-02
6.125000000000000e-01 2.300080761532477e+00 -1.470935133780874e-02
6.156250000000001e-01 2.336459345644116e+00 -1.026669937194223e-02
6.187500000000000e-01 2.373408366006099e+00 -6.030662352134811e-03
6.218750000000001e-01 2.410936843558884e+00 -2.038208127997598e-03
6.250000000000000e-01 2.449053940714840e+00 1.685503602535899e-03
6.281250000000000e-01 2.487768963595221e+00 5.124588539860070e-03
6.312500000000001e-01 2.527091364302215e+00 8.271233562454475e-03
6.343750000000000e-01 2.567030743226622e+00 1.112475896635619e-02
6.375000000000001e-01 2.607596851391758e+00 1.369062334816922e-02
6.406250000000000e-01 2.648799592834118e+00 1.597829262524049e-02
6.437500000000000e-01 2.690649027021411e+00 1.799980823163996e-02
6.468750000000001e-01 2.733155371308524e+00 1.976901867002899e-02
6.500000000000000e-01 2.776329003432049e+00 2.130140348008400e-02
6.531250000000001e-01 2.820180464043967e+00 2.261333466955827e-02
6.562500000000000e-01 2.864720459285089e+00 2.372136126168626e-02
6.593750000000000e-01 2.909959863398929e+00 2.464143247202354e-02
6.625000000000001e-01 2.955909721386590e+00 2.538855442976070e-02
6.656250000000000e-01 3.002581251703353e+00 2.597688432594340e-02
6.687500000000001e-01 3.049985848997626e+00 2.641984642525835e-02
6.718750000000000e-01 3.098135086892879e+00 2.672991812921315e-02
6.750000000000000e-01 3.147040720813310e+00 2.691850781721638e-02
6.781250000000001e-01 3.196714690853871e+00 2.699577582106859e-02
6.812500000000000e-01 3.247169124695383e+00 2.697046117878056e-02
6.843750000000001e-01 3.298416340565477e+00 2.685011909144023e-02
6.875000000000000e-01 3.350468850246008e+00 2.664108770270196e-02
6.906250000000000e-01 3.403339362127777e+00 2.634861240381307e-02
6.937500000000001e-01 3.457040784313211e+00 2.597695593252727e-02
6.968750000000000e-01 3.511586227767823e+00 2.552923411175152e-02
7.000000000000001e-01 3.566989009521205e+00 2.500761104727847e-02
7.031250000000000e-01 3.623262655918307e+00 2.441308420399822e-02
7.062500000000000e-01 3.680420905921852e+00 2.374566800971007e-02
7.093750000000001e-01 3.738477714466631e+00 2.300428009724801e-02
7.125000000000000e-01 3.797447255866536e+00 2.218687495388415e-02
7.156250000000001e-01 3.857343927275175e+00 2.129044946458922e-02
7.187500000000000e-01 3.918182352200844e+00 2.031118290151026e-02
7.218750000000000e-01 3.979977384076828e+00 1.924457976087064e-02
7.250000000000001e-01 4.042744109887770e+00 1.808572796336910e-02
7.281250000000000e-01 4.106497853853101e+00 1.682966468473458e-02
7.312500000000001e-01 4.171254181168399e+00 1.547192303527615e-02
7.343750000000000e-01 4.237028901805528e+00 1.400930180434194e-02
7.375000000000000e-01 4.303838074372613e+00 1.244089507635096e-02
7.406250000000001e-01 4.371698010034643e+00 1.076935332051243e-02
7.437500000000000e-01 4.440625276495786e+00 9.002259817298120e-03
7.468750000000001e-01 4.510636702044332e+00 7.153406112382334e-03
7.500000000000000e-01 4.581749379661216e+00 5.243683429320987e-03
7.531250000000000e-01 4.653980671193226e+00 3.301308655862083e-03
7.562500000000001e-01 4.727348211591802e+00 1.361190664506171e-03
7.593750000000000e-01 4.801869913218528e+00 -5.366008914244523e-04
7.625000000000001e-01 4.877563970218381e+00 -2.349120155645937e-03
7.656250000000000e-01 4.954448862961714e+00 -4.033286282259885e-03
7.687500000000000e-01 5.032543362556198e+00 -5.548706746072037e-03
7.718750000000001e-01 5.111866535429675e+00 -6.860224742447668e-03
7.750000000000000e-01 5.192437747985146e+00 -7.939931390616103e-03
7.781250000000001e-01 5.274276671329015e+00 -8.768526175685472e-03
7.812500000000000e-01 5.357403286073669e+00 -9.336045983916691e-03
7.843750000000000e-01 5.441837887215693e+00 -9.642070957502096e-03
7.875000000000001e-01 5.527601089090773e+00 -9.695533103216346e-03
7.906250000000000e-01 5.614713830406605e+00 -9.514209241434609e-03
7.937500000000001e-01 5.703197379355005e+00 -9.123906321556980e-03
7.968750000000000e-01 5.793073338804412e+00 -8.557287437312417e-03
8.000000000000000e-01 5.884363651574169e+00 -7.852275943871717e-03
8.031250000000001e-01 5.977090605791737e+00 -7.050025215328728e-03
8.062500000000000e-01 6.071276840334257e+00 -6.192538137979767e-03
8.093750000000001e-01 6.166945350355728e+00 -5.320128740739379e-03
8.125000000000000e-01 6.264119492901173e+00 -4.468998231705042e-03
8.156250000000000e-01 6.362822992609162e+00 -3.669218948583891e-03
8.187500000000001e-01 6.463079947504072e+00 -2.943372453453322e-03
8.218750000000000e-01 6.564914834879517e+00 -2.305984448767021e-03
8.250000000000001e-01 6.668352517274371e+00 -1.763767597703698e-03
8.281250000000000e-01 6.773418248542846e+00 -1.316557300537174e-03
8.312500000000000e-01 6.880137680020114e+00 -9.587333040354633e-04
8.343750000000001e-01 6.988536866784961e+00 -6.808775220294507e-04
8.375000000000000e-01 7.098642274021019e+00 -4.714268656367297e-04
8.406250000000001e-01 7.210480783478133e+00 -3.181283730724178e-04
8.437500000000000e-01 7.324079700035414e+00 -2.091748092049919e-04
8.468750000000000e-01 7.439466758367605e+00 -1.339735067825109e-04
8.500000000000001e-01 7.556670129716381e+00 -8.356456358816664e-05
8.531250000000000e-01 7.675718428768239e+00 -5.074783817379808e-05
8.562500000000001e-01 7.796640720640633e+00 -2.999928491569271e-05
8.593750000000000e-01 7.919466527978115e+00 -1.725898274924294e-05
8.625000000000000e-01 8.044225838160141e+00 -9.661631192885617e-06
8.656250000000001e-01 8.170949110622363e+00 -5.261912404457810e-06
8.687500000000000e-01 8.299667284293170e+00 -2.787586195428368e-06
8.718750000000001e-01 8.430411785147284e+00 -1.436298317525583e-06
8.750000000000000e-01 8.563214533878281e+00 -7.196793232552223e-07
8.781250000000000e-01 8.698107953691880e+00 -3.506418811758743e-07
8.812500000000001e-01 8.835124978221932e+00 -1.661028246833700e-07
8.843750000000000e-01 8.974299059571019e+00 -7.649661757267150e-08
8.875000000000001e-01 9.115664176477637e+00 -3.424743877184274e-08
8.906250000000000e-01 9.259254842611947e+00 -1.490418196336073e-08
8.937500000000000e-01 9.405106115002161e+00 -6.304642709704573e-09
8.968750000000001e-01 9.553253602593529e+00 -2.592194060371169e-09
9.000000000000000e-01 9.703733474942130e+00 -1.035894841053397e-09
9.031250000000001e-01 9.856582471045494e+00 -4.023417949654277e-10
9.062500000000000e-01 1.001183790831228e+01 -1.518796704369236e-10
9.093750000000000e-01 1.016953769167313e+01 -5.572192632381255e-11
9.125000000000001e-01 1.032972032283505e+01 -1.986893396414043e-11
9.156250000000000e-01 1.049242490968134e+01 -6.885694967779430e-12
9.187500000000001e-01 1.065769117581972e+01 -2.319269209254464e-12
9.218750000000000e-01 1.082555947028058e+01 -7.592634914145414e-13
9.250000000000000e-01 1.099607077736805e+01 -2.415916210032761e-13
9.281250000000001e-01 1.116926672666618e+01 -7.471903917478088e-14
9.312500000000000e-01 1.134518960320255e+01 -2.246232448740045e-14
9.343750000000001e-01 1.152388235777201e+01 -6.563988278855155e-15
9.375000000000000e-01 1.170538861742293e+01 -1.864609270573992e-15
9.406250000000000e-01 1.188975269610854e+01 -5.149126195736526e-16
9.437500000000001e-01 1.207701960550600e+01 -1.382371994530022e-16
9.468750000000000e-01 1.226723506600578e+01 -3.608139042840971e-17
9.500000000000001e-01 1.246044551787411e+01 -9.156529688593449e-18
9.531250000000000e-01 1.265669813259115e+01 -2.259390077702321e-18
9.562500000000000e-01 1.285604082436773e+01 -5.421113084567659e-19
9.593750000000001e-01 1.305852226184337e+01 -1.264875427307764e-19
9.625000000000000e-01 1.326419187996850e+01 -2.870086116068160e-20
9.656250000000001e-01 1.347309989207381e+01 -6.333685547354341e-21
9.687500000000000e-01 1.368529730212962e+01 -1.359438552076242e-21
9.718750000000000e-01 1.390083591719824e+01 -2.838127050744631e-22
9.750000000000001e-01 1.411976836008246e+01 -5.763700198029357e-23
9.781250000000000e-01 1.434214808217320e+01 -1.138667131409320e-23
9.812500000000001e-01 1.456802937649935e+01 -2.188502077669704e-24
9.843750000000000e-01 1.479746739098328e+01 -4.092429351662465e-25
9.875000000000000e-01 1.503051814190487e+01 -7.446088512353198e-26
9.906250000000001e-01 1.526723852757770e+01 -1.318380285198275e-26
9.937500000000000e-01 1.550768634224049e+01 -2.267162789516089e-27
9.968750000000001e-01 1.575192029016732e+01 -4.016910469002086e-28
1.000000000000000e+00 1.600000000000000e+01 7.718820749244080e-29
