0.000000000000000e+00 0.000000000000000e+00 0.000000000000000e+00
3.125000000000000e-03 3.369263549427258e-03 -6.508229181404930e-02
6.250000000000000e-03 6.739349689698711e-03 2.551299580803167e-04
9.375000000000001e-03 1.011108121249049e-02 -7.084489955975155e-03
1.250000000000000e-02 1.348528131119160e-02 -1.665495877739363e-04
1.562500000000000e-02 1.686277378188298e-02 -2.473788820617975e-03
1.875000000000000e-02 2.024438322446370e-02 4.014458020138340e-05
2.187500000000000e-02 2.363093524397333e-02 -1.265633526375378e-03
2.500000000000000e-02 2.702325665215984e-02 -3.752915431966145e-05
2.812500000000000e-02 3.042217566934200e-02 -7.419916258752529e-04
3.125000000000000e-02 3.382852212661575e-02 7.325838498679081e-06
3.437500000000000e-02 3.724312766845378e-02 -5.226727030922418e-04
3.750000000000001e-02 4.066682595574785e-02 3.620128992527367e-05
4.062500000000000e-02 4.410045286934348e-02 -3.491902577235701e-04
4.375000000000000e-02 4.754484671411652e-02 1.177332522951226e-06
4.687500000000000e-02 5.100084842364160e-02 -2.554362104315592e-04
5.000000000000000e-02 5.446930176550237e-02 9.630701038667761e-06
5.312500000000001e-02 5.795105354729364e-02 -2.141181445391956e-04
5.625000000000000e-02 6.144695382336569e-02 1.248340046533104e-05
5.937500000000000e-02 6.495785610236132e-02 -1.764101996060615e-04
6.250000000000000e-02 6.848461755559625e-02 7.315186807576044e-06
6.562500000000000e-02 7.202809922633362e-02 -1.439201272357264e-04
6.875000000000001e-02 7.558916624000402e-02 -6.335328755416582e-06
7.187500000000001e-02 7.916868801542200e-02 -1.167294552460361e-04
7.500000000000001e-02 8.276753847705080e-02 9.255098561745149e-06
7.812500000000000e-02 8.638659626836727e-02 -9.463283813538598e-05
8.125000000000000e-02 9.002674496637868e-02 6.967096571664419e-06
8.437500000000001e-02 9.368887329734420e-02 -8.496940961242543e-05
8.750000000000001e-02 9.737387535375355e-02 -6.773235942746030e-06
9.062500000000001e-02 1.010826508126157e-01 -7.175833020877092e-05
9.375000000000000e-02 1.048161051551108e-01 -1.874364719276080e-06
9.687500000000000e-02 1.085751498876601e-01 -5.672916824651202e-05
1.000000000000000e-01 1.123607027644654e-01 8.315994290825164e-06
1.031250000000000e-01 1.161736880115753e-01 -5.837389150457970e-05
1.062500000000000e-01 1.200150365525305e-01 -5.273043814106069e-06
1.093750000000000e-01 1.238856862356450e-01 -4.134014151854263e-05
1.125000000000000e-01 1.277865820629775e-01 3.200284106862052e-06
1.156250000000000e-01 1.317186764210495e-01 -4.651487846864798e-05
1.187500000000000e-01 1.356829293133661e-01 2.242102841525871e-06
1.218750000000000e-01 1.396803085947971e-01 -3.903698853919142e-05
1.250000000000000e-01 1.437117902078738e-01 -3.015310048091074e-07
1.281250000000000e-01 1.477783584210617e-01 -2.540027176230082e-05
1.312500000000000e-01 1.518810060690650e-01 4.728357102645542e-06
1.343750000000000e-01 1.560207347952229e-01 -2.448509779289292e-05
1.375000000000000e-01 1.601985552960564e-01 4.697976649497650e-06
1.406250000000000e-01 1.644154875680252e-01 -2.361417826618977e-05
1.437500000000000e-01 1.686725611565558e-01 8.473810104656281e-07
1.468750000000000e-01 1.729708154074000e-01 -2.261972890566017e-05
1.500000000000000e-01 1.773112997203869e-01 -3.789192410370697e-06
1.531250000000000e-01 1.816950738056289e-01 -1.594099971847354e-05
1.562500000000000e-01 1.861232079422458e-01 -1.128094470131911e-06
1.593750000000000e-01 1.905967832396682e-01 -1.733584433774523e-05
1.625000000000000e-01 1.951168919015860e-01 1.533077341606081e-06
1.656250000000000e-01 1.996846374926046e-01 -1.828608478194616e-05
1.687500000000000e-01 2.043011352076760e-01 4.457513075374270e-06
1.718750000000000e-01 2.089675121443681e-01 -1.429052065326458e-05
1.750000000000000e-01 2.136849075780412e-01 -4.939437774800381e-06
1.781250000000000e-01 2.184544732399964e-01 -1.402354712514304e-05
1.812500000000000e-01 2.232773735986666e-01 1.965436352927764e-07
1.843750000000000e-01 2.281547861439151e-01 -1.302500826305279e-05
1.875000000000000e-01 2.330879016745160e-01 3.103156594851819e-06
1.906250000000000e-01 2.380779245888810e-01 -1.090699631068995e-05
1.937500000000000e-01 2.431260731791094e-01 -2.935751993993854e-08
1.968750000000000e-01 2.482335799284277e-01 -7.228826331547879e-06
2.000000000000000e-01 2.534016918120952e-01 4.871449367253037e-06
2.031250000000000e-01 2.586316706018478e-01 -7.193569468411223e-06
2.062500000000000e-01 2.639247931739538e-01 2.012890927683952e-06
2.093750000000000e-01 2.692823518209576e-01 -9.451436648141616e-06
2.125000000000000e-01 2.747056545671873e-01 3.228654494013733e-06
2.156250000000000e-01 2.801960254881028e-01 -7.949767935215465e-06
2.187500000000000e-01 2.857548050335636e-01 2.643079768450473e-06
2.218750000000000e-01 2.913833503550930e-01 -5.678765256743769e-06
2.250000000000000e-01 2.970830356372213e-01 2.427399771073025e-06
2.281250000000000e-01 3.028552524329863e-01 -5.344389765189325e-06
2.312500000000000e-01 3.087014100036755e-01 1.938501131862761e-06
2.343750000000000e-01 3.146229356628902e-01 -6.416697018896511e-06
2.375000000000000e-01 3.206212751250189e-01 2.432114583765461e-06
2.406250000000000e-01 3.266978928582008e-01 -4.795800918911302e-06
2.437500000000000e-01 3.328542724418705e-01 1.619692808788042e-06
2.468750000000000e-01 3.390919169289667e-01 -4.023682333005991e-06
2.500000000000000e-01 3.454123492128958e-01 1.927445395387335e-06
2.531250000000000e-01 3.518171123993401e-01 -2.384457215201442e-06
2.562500000000000e-01 3.583077701830001e-01 3.480108223662857e-06
2.593750000000000e-01 3.648859072293631e-01 -2.081525322248416e-06
2.625000000000000e-01 3.715531295615936e-01 3.272127442344735e-06
2.656250000000000e-01 3.783110649526354e-01 -1.984243735548007e-06
2.687500000000000e-01 3.851613633226258e-01 2.967437546080373e-06
2.718750000000000e-01 3.921056971417164e-01 -1.429360227495332e-06
2.750000000000000e-01 3.991457618383991e-01 1.921790984000052e-06
2.781250000000000e-01 4.062832762134377e-01 -1.398282008590071e-06
2.812500000000000e-01 4.135199828595055e-01 3.161977991421772e-06
2.843750000000000e-01 4.208576485866312e-01 -1.367866043287323e-06
2.875000000000000e-01 4.282980648535585e-01 2.570571070681477e-06
2.906250000000000e-01 4.358430482051222e-01 -1.227125180498471e-06
2.937500000000000e-01 4.434944407157500e-01 4.090848239703353e-06
2.968750000000000e-01 4.512541104391968e-01 9.294327851949088e-08
3.000000000000000e-01 4.591239518646220e-01 3.197887894746503e-06
3.031250000000000e-01 4.671058863791195e-01 4.529852214474431e-07
3.062500000000000e-01 4.752018627368176e-01 2.689514103824627e-06
3.093750000000000e-01 4.834138575346580e-01 9.872889585527612e-07
3.125000000000000e-01 4.917438756949728e-01 4.114565692847381e-06
3.156250000000000e-01 5.001939509549778e-01 6.310746645653670e-07
3.187500000000000e-01 5.087661463633005e-01 3.989621683967599e-06
3.218750000000000e-01 5.174625547836644e-01 9.815336836167166e-07
3.250000000000000e-01 5.262852994058529e-01 2.886211993068026e-06
3.281250000000000e-01 5.352365342640750e-01 2.441261864087180e-06
3.312500000000000e-01 5.443184447628656e-01 4.752851944451890e-06
3.343750000000000e-01 5.535332482106405e-01 9.769327275459290e-07
3.375000000000000e-01 5.628831943610435e-01 3.765591669430066e-06
3.406250000000000e-01 5.723705659622137e-01 2.208124956095885e-06
3.437500000000000e-01 5.819976793141081e-01 4.754004454398051e-06
3.468750000000000e-01 5.917668848340161e-01 1.947446353719772e-06
3.500000000000000e-01 6.016805676304035e-01 4.305499340478373e-06
3.531250000000000e-01 6.117411480852264e-01 2.756137039548114e-06
3.562500000000000e-01 6.219510824448572e-01 5.239126362062697e-06
3.593750000000000e-01 6.323128634197650e-01 2.782351891995919e-06
3.625000000000000e-01 6.428290207931012e-01 5.103675922244266e-06
3.656250000000000e-01 6.535021220383342e-01 3.331864120694830e-06
3.687500000000000e-01 6.643347729460869e-01 4.189038159870598e-06
3.718750000000000e-01 6.753296182603294e-01 3.524203997861014e-06
3.750000000000000e-01 6.864893423240808e-01 4.720274422867315e-06
3.781250000000000e-01 6.978166697347804e-01 3.884981437550618e-06
3.812500000000000e-01 7.093143660094854e-01 5.735003081130246e-06
3.843750000000000e-01 7.209852382600603e-01 4.752394194928894e-06
3.875000000000000e-01 7.328321358785219e-01 5.485025817510198e-06
3.906250000000000e-01 7.448579512327029e-01 4.289804250752722e-06
3.937500000000000e-01 7.570656203724140e-01 5.700505969156729e-06
3.968750000000000e-01 7.694581237462648e-01 4.066229865688354e-06
4.000000000000000e-01 7.820384869293291e-01 6.015929059729061e-06
4.031250000000000e-01 7.948097813618253e-01 5.203508207975860e-06
4.062500000000000e-01 8.077751250989945e-01 6.473341796754047e-06
4.093750000000000e-01 8.209376835723596e-01 4.986001478797586e-06
4.125000000000000e-01 8.343006703625532e-01 6.454872813861497e-06
4.156250000000000e-01 8.478673479838968e-01 5.801328242742107e-06
4.187500000000000e-01 8.616410286809313e-01 6.808320430287076e-06
4.218750000000000e-01 8.756250752370857e-01 5.778719509153173e-06
4.250000000000000e-01 8.898229017956865e-01 6.606476661334789e-06
4.281250000000000e-01 9.042379746935050e-01 6.262978547214089e-06
4.312500000000000e-01 9.188738133070491e-01 7.224794778216155e-06
4.343750000000000e-01 9.337339909118028e-01 6.750318886082079e-06
4.375000000000000e-01 9.488221355546261e-01 7.545763975719912e-06
4.406250000000000e-01 9.641419309395265e-01 6.904119908955098e-06
4.437500000000000e-01 9.796971173270190e-01 7.705036323381350e-06
4.468750000000000e-01 9.954914924472941e-01 7.066086546615449e-06
4.500000000000000e-01 1.011528912427417e+00 8.078148493451403e-06
4.531250000000000e-01 1.027813292732786e+00 7.575015901801576e-06
4.562500000000000e-01 1.044348609123070e+00 8.665953145667918e-06
4.593750000000000e-01 1.061138898622882e+00 8.013697908246662e-06
4.625000000000000e-01 1.078188260507393e+00 8.822243433601982e-06
4.656250000000000e-01 1.095500857303154e+00 8.273217259133146e-06
4.687500000000000e-01 1.113080915804360e+00 8.973654957309799e-06
4.718750000000000e-01 1.130932728104805e+00 8.862887662722554e-06
4.750000000000000e-01 1.149060652645771e+00 9.550476356993766e-06
4.781250000000000e-01 1.167469115280130e+00 9.349596893205057e-06
4.812500000000000e-01 1.186162610352890e+00 9.877447216733090e-06
4.843750000000000e-01 1.205145701798475e+00 9.527920260047015e-06
4.875000000000000e-01 1.224423024254985e+00 1.035877969068774e-05
4.906250000000000e-01 1.243999284195726e+00 1.011722884565106e-05
4.937500000000000e-01 1.263879261078271e+00 1.102812578032048e-05
4.968750000000000e-01 1.284067808511348e+00 1.066091155965216e-05
5.000000000000000e-01 1.304569855439823e+00 1.109204135529575e-05
5.031250000000000e-01 1.325390407348082e+00 1.117934015403015e-05
5.062500000000000e-01 1.346534547482100e+00 1.182909784915064e-05
5.093750000000000e-01 1.368007438090487e+00 1.174804433378734e-05
5.125000000000001e-01 1.389814321684837e+00 1.256991077596447e-05
5.156250000000000e-01 1.411960522319654e+00 1.202434892709823e-05
5.187500000000000e-01 1.434451446892208e+00 1.287451523911299e-05
5.218750000000000e-01 1.457292586462593e+00 1.328751762088091e-05
5.250000000000000e-01 1.480489517594354e+00 1.331886633902764e-05
5.281250000000001e-01 1.504047903715979e+00 1.357247619692748e-05
5.312500000000000e-01 1.527973496503592e+00 1.443000087414262e-05
5.343750000000000e-01 1.552272137285215e+00 1.411751396105266e-05
5.375000000000000e-01 1.576949758466886e+00 1.514863469242770e-05
5.406250000000000e-01 1.602012384981041e+00 1.495436361447407e-05
5.437500000000001e-01 1.627466135757470e+00 1.567546894590877e-05
5.468750000000000e-01 1.653317225217225e+00 1.616766633918766e-05
5.500000000000000e-01 1.679571964789851e+00 1.622800309425575e-05
5.531250000000000e-01 1.706236764454286e+00 1.692659516099560e-05
5.562500000000000e-01 1.733318134303830e+00 1.763282950946099e-05
5.593750000000001e-01 1.760822686135563e+00 1.729601943260151e-05
5.625000000000000e-01 1.788757135064574e+00 1.887148892364549e-05
5.656250000000000e-01 1.817128301163438e+00 1.864934033372586e-05
5.687500000000000e-01 1.845943111127301e+00 1.915406219216281e-05
5.718750000000000e-01 1.875208599965003e+00 2.048641272211497e-05
5.750000000000001e-01 1.904931912716643e+00 2.021291954347231e-05
5.781250000000000e-01 1.935120306198011e+00 2.093816137005554e-05
5.812500000000000e-01 1.965781150772311e+00 2.261943201513045e-05
5.843750000000000e-01 1.996921932149593e+00 2.162281881125821e-05
5.875000000000000e-01 2.028550253214365e+00 2.346696611911244e-05
5.906250000000001e-01 2.060673835881802e+00 2.457167548284519e-05
5.937500000000000e-01 2.093300522983012e+00 2.368883761289377e-05
5.968750000000000e-01 2.126438280179837e+00 2.599671939580023e-05
6.000000000000001e-01 2.160095197909630e+00 2.713283276191210e-05
6.031250000000000e-01 2.194279493360494e+00 2.575345642653475e-05
6.062500000000001e-01 2.228999512477486e+00 2.922146376085216e-05
6.093750000000000e-01 2.264263732000228e+00 2.985514958413556e-05
6.125000000000000e-01 2.300080761532477e+00 2.846717646012363e-05
6.156250000000001e-01 2.336459345644116e+00 3.257668200952641e-05
6.187500000000000e-01 2.373408366006099e+00 3.355107657847303e-05
6.218750000000001e-01 2.410936843558884e+00 3.126670444061198e-05
6.250000000000000e-01 2.449053940714840e+00 3.658309038947890e-05
6.281250000000000e-01 2.487768963595221e+00 3.803598878794318e-05
6.312500000000001e-01 2.527091364302215e+00 3.480061546914264e-05
6.343750000000000e-01 2.567030743226622e+00 4.057328103547124e-05
6.375000000000001e-01 2.607596851391758e+00 4.421879388275262e-05
6.406250000000000e-01 2.648799592834118e+00 3.906764611171282e-05
6.437500000000000e-01 2.690649027021411e+00 4.455633576615350e-05
6.468750000000001e-01 2.733155371308524e+00 5.187812519968823e-05
6.500000000000000e-01 2.776329003432049e+00 4.573069230211346e-05
6.531250000000001e-01 2.820180464043967e+00 4.762165519473397e-05
6.562500000000000e-01 2.864720459285089e+00 6.061775388062354e-05
6.593750000000000e-01 2.909959863398929e+00 5.667985660098125e-05
6.625000000000001e-01 2.955909721386590e+00 5.101942874960652e-05
6.656250000000000e-01 3.002581251703353e+00 6.703445686806312e-05
6.687500000000001e-01 3.049985848997626e+00 7.388141276004274e-05
6.718750000000000e-01 3.098135086892879e+00 5.974013573750614e-05
6.750000000000000e-01 3.147040720813310e+00 6.767757158824406e-05
6.781250000000001e-01 3.196714690853871e+00 9.198276244352443e-05
6.812500000000000e-01 3.247169124695383e+00 8.429535856971653e-05
6.843750000000001e-01 3.298416340565477e+00 6.837498190612286e-05
6.875000000000000e-01 3.350468850246008e+00 9.514760804659188e-05
6.906250000000000e-01 3.403339362127777e+00 1.222871605472790e-04
6.937500000000001e-01 3.457040784313211e+00 9.869875542250688e-05
6.968750000000000e-01 3.511586227767823e+00 8.324276528665802e-05
7.000000000000001e-01 3.566989009521205e+00 1.311599135920462e-04
7.031250000000000e-01 3.623262655918307e+00 1.679341314675406e-04
7.062500000000000e-01 3.680420905921852e+00 1.284290786917151e-04
7.093750000000001e-01 3.738477714466631e+00 9.917776684541753e-05
7.125000000000000e-01 3.797447255866536e+00 1.687353724221226e-04
7.156250000000001e-01 3.857343927275175e+00 2.465591268768938e-04
7.187500000000000e-01 3.918182352200844e+00 2.060193575394939e-04
7.218750000000000e-01 3.979977384076828e+00 1.211156773950607e-04
7.250000000000001e-01 4.042744109887770e+00 1.727454903806127e-04
7.281250000000000e-01 4.106497853853101e+00 3.451653044570592e-04
7.312500000000001e-01 4.171254181168399e+00 4.110134747510842e-04
7.343750000000000e-01 4.237028901805528e+00 2.655031080087329e-04
7.375000000000000e-01 4.303838074372613e+00 1.240954082022828e-04
7.406250000000001e-01 4.371698010034643e+00 2.640032393173025e-04
7.437500000000000e-01 4.440625276495786e+00 6.329206116151504e-04
7.468750000000001e-01 4.510636702044332e+00 8.453778999196369e-04
7.500000000000000e-01 4.581749379661216e+00 6.124169966921027e-04
7.531250000000000e-01 4.653980671193226e+00 1.188224914310015e-04
7.562500000000001e-01 4.727348211591802e+00 -8.187298876955360e-05
7.593750000000000e-01 4.801869913218528e+00 4.198959874279809e-04
7.625000000000001e-01 4.877563970218381e+00 1.440610042091528e-03
7.656250000000000e-01 4.954448862961714e+00 2.201858270258693e-03
7.687500000000000e-01 5.032543362556198e+00 1.767080419830225e-03
7.718750000000001e-01 5.111866535429675e+00 -4.200593392246399e-04
7.750000000000000e-01 5.192437747985146e+00 -4.237158567558598e-03
7.781250000000001e-01 5.274276671329015e+00 -8.953840280118603e-03
7.812500000000000e-01 5.357403286073669e+00 -1.356287145876628e-02
7.843750000000000e-01 5.441837887215693e+00 -1.715008164553710e-02
7.875000000000001e-01 5.527601089090773e+00 -1.914712663108571e-02
7.906250000000000e-01 5.614713830406605e+00 -1.939670438840679e-02
7.937500000000001e-01 5.703197379355005e+00 -1.808133265603995e-02
7.968750000000000e-01 5.793073338804412e+00 -1.558412491365229e-02
8.000000000000000e-01 5.884363651574169e+00 -1.235168714188728e-02
8.031250000000001e-01 5.977090605791737e+00 -8.797884066663514e-03
8.062500000000000e-01 6.071276840334257e+00 -5.248541819785348e-03
8.093750000000001e-01 6.166945350355728e+00 -1.929272288589635e-03
8.125000000000000e-01 6.264119492901173e+00 1.029253022087788e-03
8.156250000000000e-01 6.362822992609162e+00 3.567779871143954e-03
8.187500000000001e-01 6.463079947504072e+00 5.678941182582028e-03
8.218750000000000e-01 6.564914834879517e+00 7.385398102257806e-03
8.250000000000001e-01 6.668352517274371e+00 8.727901909196265e-03
8.281250000000000e-01 6.773418248542846e+00 9.752382377253269e-03
8.312500000000000e-01 6.880137680020114e+00 1.050339132452338e-02
8.343750000000001e-01 6.988536866784961e+00 1.101752386099512e-02
8.375000000000000e-01 7.098642274021019e+00 1.132374254809270e-02
8.406250000000001e-01 7.210480783478133e+00 1.144490187904278e-02
8.437500000000000e-01 7.324079700035414e+00 1.140016801437151e-02
8.468750000000000e-01 7.439466758367605e+00 1.120231761682857e-02
8.500000000000001e-01 7.556670129716381e+00 1.085193719645910e-02
8.531250000000000e-01 7.675718428768239e+00 1.033227329341177e-02
8.562500000000001e-01 7.796640720640633e+00 9.611323441449096e-03
8.593750000000000e-01 7.919466527978115e+00 8.653071478587399e-03
8.625000000000000e-01 8.044225838160141e+00 7.434678553728448e-03
8.656250000000001e-01 8.170949110622363e+00 5.962524457492560e-03
8.687500000000000e-01 8.299667284293170e+00 4.280859104700723e-03
8.718750000000001e-01 8.430411785147284e+00 2.470561764846206e-03
8.750000000000000e-01 8.563214533878281e+00 6.395150563871180e-04
8.781250000000000e-01 8.698107953691880e+00 -1.091980062963147e-03
8.812500000000001e-01 8.835124978221932e+00 -2.607487191543831e-03
8.843750000000000e-01 8.974299059571019e+00 -3.810078996072771e-03
8.875000000000001e-01 9.115664176477637e+00 -4.635461707400160e-03
8.906250000000000e-01 9.259254842611947e+00 -5.060584710914171e-03
8.937500000000000e-01 9.405106115002161e+00 -5.105817528219939e-03
8.968750000000001e-01 9.553253602593529e+00 -4.829743296907035e-03
9.000000000000000e-01 9.703733474942130e+00 -4.317422882609688e-03
9.031250000000001e-01 9.856582471045494e+00 -3.664859266077764e-03
9.062500000000000e-01 1.001183790831228e+01 -2.963422320049408e-03
9.093750000000000e-01 1.016953769167313e+01 -2.287709706107053e-03
9.125000000000001e-01 1.032972032283505e+01 -1.688922569922113e-03
9.156250000000000e-01 1.049242490968134e+01 -1.194001772339735e-03
9.187500000000001e-01 1.065769117581972e+01 -8.092418751247996e-04
9.218750000000000e-01 1.082555947028058e+01 -5.263306617778656e-04
9.250000000000000e-01 1.099607077736805e+01 -3.287984418920509e-04
9.281250000000001e-01 1.116926672666618e+01 -1.974428054665601e-04
9.312500000000000e-01 1.134518960320255e+01 -1.140554043626773e-04
9.343750000000001e-01 1.152388235777201e+01 -6.342394315509954e-05
9.375000000000000e-01 1.170538861742293e+01 -3.397298524939510e-05
9.406250000000000e-01 1.188975269610854e+01 -1.753962688460400e-05
9.437500000000001e-01 1.207701960550600e+01 -8.732946716645579e-06
9.468750000000000e-01 1.226723506600578e+01 -4.195548878035148e-06
9.500000000000001e-01 1.246044551787411e+01 -1.945921147266539e-06
9.531250000000000e-01 1.265669813259115e+01 -8.717249046619202e-07
9.562500000000000e-01 1.285604082436773e+01 -3.773548708005216e-07
9.593750000000001e-01 1.305852226184337e+01 -1.579157118022537e-07
9.625000000000000e-01 1.326419187996850e+01 -6.391237714129759e-08
9.656250000000001e-01 1.347309989207381e+01 -2.502647348331925e-08
9.687500000000000e-01 1.368529730212962e+01 -9.484888750043558e-09
9.718750000000000e-01 1.390083591719824e+01 -3.480471899475792e-09
9.750000000000001e-01 1.411976836008246e+01 -1.236988854585780e-09
9.781250000000000e-01 1.434214808217320e+01 -4.259485842050009e-10
9.812500000000001e-01 1.456802937649935e+01 -1.421503734513932e-10
9.843750000000000e-01 1.479746739098328e+01 -4.599069833656169e-11
9.875000000000000e-01 1.503051814190487e+01 -1.442877487314744e-11
9.906250000000001e-01 1.526723852757770e+01 -4.392729722362860e-12
9.937500000000000e-01 1.550768634224049e+01 -1.291207776731904e-12
9.968750000000001e-01 1.575192029016732e+01 -3.876867217626258e-13
1.000000000000000e+00 1.600000000000000e+01 -4.249270504523632e-14
