0.000000000000000e+00 0.000000000000000e+00 0.000000000000000e+00
3.125000000000000e-03 3.369263549427258e-03 -6.470928405044303e-02
6.250000000000000e-03 6.739349689698711e-03 4.311144227009426e-04
9.375000000000001e-03 1.011108121249049e-02 -7.122212098920890e-03
1.250000000000000e-02 1.348528131119160e-02 -6.826559255603396e-05
1.562500000000000e-02 1.686277378188298e-02 -2.495054893947001e-03
1.875000000000000e-02 2.024438322446370e-02 5.172616173443338e-05
2.187500000000000e-02 2.363093524397333e-02 -1.266640367780229e-03
2.500000000000000e-02 2.702325665215984e-02 1.307827020035772e-05
2.812500000000000e-02 3.042217566934200e-02 -7.775891101578905e-04
3.125000000000000e-02 3.382852212661575e-02 3.791421001569272e-06
3.437500000000000e-02 3.724312766845378e-02 -5.042751611568057e-04
3.750000000000001e-02 4.066682595574785e-02 7.813898002624390e-06
4.062500000000000e-02 4.410045286934348e-02 -3.470736154577231e-04
4.375000000000000e-02 4.754484671411652e-02 -8.246458456123276e-06
4.687500000000000e-02 5.100084842364160e-02 -2.653900083762918e-04
5.000000000000000e-02 5.446930176550237e-02 -6.247409657705817e-06
5.312500000000001e-02 5.795105354729364e-02 -2.108529834967366e-04
5.625000000000000e-02 6.144695382336569e-02 2.905766763754428e-05
5.937500000000000e-02 6.495785610236132e-02 -1.754482900115706e-04
6.250000000000000e-02 6.848461755559625e-02 -2.649142555641361e-06
6.562500000000000e-02 7.202809922633362e-02 -1.361399191352192e-04
6.875000000000001e-02 7.558916624000402e-02 -4.278300736060620e-06
7.187500000000001e-02 7.916868801542200e-02 -1.045386364765147e-04
7.500000000000001e-02 8.276753847705080e-02 1.792700151893755e-05
7.812500000000000e-02 8.638659626836727e-02 -1.026060895289931e-04
8.125000000000000e-02 9.002674496637868e-02 3.986028537663338e-06
8.437500000000001e-02 9.368887329734420e-02 -7.701433551523904e-05
8.750000000000001e-02 9.737387535375355e-02 2.434017702915377e-06
9.062500000000001e-02 1.010826508126157e-01 -5.915708361770656e-05
9.375000000000000e-02 1.048161051551108e-01 4.388624886499193e-06
9.687500000000000e-02 1.085751498876601e-01 -4.956496329489726e-05
1.000000000000000e-01 1.123607027644654e-01 5.545788233118635e-06
1.031250000000000e-01 1.161736880115753e-01 -4.800924437491900e-05
1.062500000000000e-01 1.200150365525305e-01 7.767944833536996e-06
1.093750000000000e-01 1.238856862356450e-01 -4.001048325232246e-05
1.125000000000000e-01 1.277865820629775e-01 1.112343628028961e-05
1.156250000000000e-01 1.317186764210495e-01 -3.553013168261262e-05
1.187500000000000e-01 1.356829293133661e-01 7.886280618653464e-06
1.218750000000000e-01 1.396803085947971e-01 -2.755313132316027e-05
1.250000000000000e-01 1.437117902078738e-01 6.442034831275767e-07
1.281250000000000e-01 1.477783584210617e-01 -2.392945518214683e-05
1.312500000000000e-01 1.518810060690650e-01 5.952260342482702e-06
1.343750000000000e-01 1.560207347952229e-01 -1.749367758112188e-05
1.375000000000000e-01 1.601985552960564e-01 9.751057144212531e-06
1.406250000000000e-01 1.644154875680252e-01 -1.860198625772879e-05
1.437500000000000e-01 1.686725611565558e-01 1.013469768421828e-05
1.468750000000000e-01 1.729708154074000e-01 -1.637664719064155e-05
1.500000000000000e-01 1.773112997203869e-01 8.490122710883308e-06
1.531250000000000e-01 1.816950738056289e-01 -1.236257802844858e-05
1.562500000000000e-01 1.861232079422458e-01 8.067159622058646e-06
1.593750000000000e-01 1.905967832396682e-01 -5.191964509615550e-06
1.625000000000000e-01 1.951168919015860e-01 1.055230408544130e-05
1.656250000000000e-01 1.996846374926046e-01 -7.877869756423915e-06
1.687500000000000e-01 2.043011352076760e-01 1.096331954295330e-05
1.718750000000000e-01 2.089675121443681e-01 -3.885589757657498e-06
1.750000000000000e-01 2.136849075780412e-01 1.179021880493255e-05
1.781250000000000e-01 2.184544732399964e-01 -5.782587641995441e-06
1.812500000000000e-01 2.232773735986666e-01 1.053645081031037e-05
1.843750000000000e-01 2.281547861439151e-01 -2.306795837987272e-06
1.875000000000000e-01 2.330879016745160e-01 1.580502232894501e-05
1.906250000000000e-01 2.380779245888810e-01 4.339594665735366e-07
1.937500000000000e-01 2.431260731791094e-01 1.234642453542283e-05
1.968750000000000e-01 2.482335799284277e-01 1.826751908567341e-06
2.000000000000000e-01 2.534016918120952e-01 1.157825200920293e-05
2.031250000000000e-01 2.586316706018478e-01 1.996019623081768e-06
2.062500000000000e-01 2.639247931739538e-01 1.640566480255675e-05
2.093750000000000e-01 2.692823518209576e-01 5.363456295195821e-06
2.125000000000000e-01 2.747056545671873e-01 1.206816919307212e-05
2.156250000000000e-01 2.801960254881028e-01 4.007742073186107e-06
2.187500000000000e-01 2.857548050335636e-01 1.628983753010869e-05
2.218750000000000e-01 2.913833503550930e-01 8.969611744847949e-06
2.250000000000000e-01 2.970830356372213e-01 1.563738858093072e-05
2.281250000000000e-01 3.028552524329863e-01 8.515339617265594e-06
2.312500000000000e-01 3.087014100036755e-01 1.733450151718126e-05
2.343750000000000e-01 3.146229356628902e-01 9.237080510748885e-06
2.375000000000000e-01 3.206212751250189e-01 1.567628788269661e-05
2.406250000000000e-01 3.266978928582008e-01 1.147410390813862e-05
2.437500000000000e-01 3.328542724418705e-01 1.862028590624844e-05
2.468750000000000e-01 3.390919169289667e-01 1.146614065661070e-05
2.500000000000000e-01 3.454123492128958e-01 1.783706543314733e-05
2.531250000000000e-01 3.518171123993401e-01 1.229977217855602e-05
2.562500000000000e-01 3.583077701830001e-01 1.733340673708143e-05
2.593750000000000e-01 3.648859072293631e-01 1.577501883144846e-05
2.625000000000000e-01 3.715531295615936e-01 2.240516068184364e-05
2.656250000000000e-01 3.783110649526354e-01 1.404289010362838e-05
2.687500000000000e-01 3.851613633226258e-01 2.070837448459155e-05
2.718750000000000e-01 3.921056971417164e-01 1.777177582406874e-05
2.750000000000000e-01 3.991457618383991e-01 2.128211794837054e-05
2.781250000000000e-01 4.062832762134377e-01 1.682267432237208e-05
2.812500000000000e-01 4.135199828595055e-01 2.096737150764046e-05
2.843750000000000e-01 4.208576485866312e-01 1.811678401529106e-05
2.875000000000000e-01 4.282980648535585e-01 2.327677408654155e-05
2.906250000000000e-01 4.358430482051222e-01 2.009594764588850e-05
2.937500000000000e-01 4.434944407157500e-01 2.439835244605234e-05
2.968750000000000e-01 4.512541104391968e-01 2.202373926205847e-05
3.000000000000000e-01 4.591239518646220e-01 2.516079260271748e-05
3.031250000000000e-01 4.671058863791195e-01 2.181714850535029e-05
3.062500000000000e-01 4.752018627368176e-01 2.596915708572378e-05
3.093750000000000e-01 4.834138575346580e-01 2.259029274651690e-05
3.125000000000000e-01 4.917438756949728e-01 2.642061771965518e-05
3.156250000000000e-01 5.001939509549778e-01 2.451958218743494e-05
3.187500000000000e-01 5.087661463633005e-01 2.833192356466936e-05
3.218750000000000e-01 5.174625547836644e-01 2.569061717197612e-05
3.250000000000000e-01 5.262852994058529e-01 2.931184975424422e-05
3.281250000000000e-01 5.352365342640750e-01 2.718869998470291e-05
3.312500000000000e-01 5.443184447628656e-01 2.929057359924208e-05
3.343750000000000e-01 5.535332482106405e-01 2.822192257419464e-05
3.375000000000000e-01 5.628831943610435e-01 3.158418923559150e-05
3.406250000000000e-01 5.723705659622137e-01 2.992936990472253e-05
3.437500000000000e-01 5.819976793141081e-01 3.096593990598509e-05
3.468750000000000e-01 5.917668848340161e-01 3.081113988702910e-05
3.500000000000000e-01 6.016805676304035e-01 3.410335248761527e-05
3.531250000000000e-01 6.117411480852264e-01 3.279313767347972e-05
3.562500000000000e-01 6.219510824448572e-01 3.513919538022075e-05
3.593750000000000e-01 6.323128634197650e-01 3.329684273433819e-05
3.625000000000000e-01 6.428290207931012e-01 3.651442977119359e-05
3.656250000000000e-01 6.535021220383342e-01 3.472371242970498e-05
3.687500000000000e-01 6.643347729460869e-01 3.767828852464698e-05
3.718750000000000e-01 6.753296182603294e-01 3.669873018316033e-05
3.750000000000000e-01 6.864893423240808e-01 3.919150956422077e-05
3.781250000000000e-01 6.978166697347804e-01 3.875858728463775e-05
3.812500000000000e-01 7.093143660094854e-01 4.033267678912659e-05
3.843750000000000e-01 7.209852382600603e-01 4.024205093961543e-05
3.875000000000000e-01 7.328321358785219e-01 4.163979300977198e-05
3.906250000000000e-01 7.448579512327029e-01 4.189517097148852e-05
3.937500000000000e-01 7.570656203724140e-01 4.399069701528287e-05
3.968750000000000e-01 7.694581237462648e-01 4.366427746445357e-05
4.000000000000000e-01 7.820384869293291e-01 4.618692938809119e-05
4.031250000000000e-01 7.948097813618253e-01 4.511084746877930e-05
4.062500000000000e-01 8.077751250989945e-01 4.754291932590266e-05
4.093750000000000e-01 8.209376835723596e-01 4.725626625862014e-05
4.125000000000000e-01 8.343006703625532e-01 4.945711903024659e-05
4.156250000000000e-01 8.478673479838968e-01 4.990124381800627e-05
4.187500000000000e-01 8.616410286809313e-01 5.160113055467698e-05
4.218750000000000e-01 8.756250752370857e-01 5.170454971517027e-05
4.250000000000000e-01 8.898229017956865e-01 5.357041007339387e-05
4.281250000000000e-01 9.042379746935050e-01 5.394603384604377e-05
4.312500000000000e-01 9.188738133070491e-01 5.626296931676686e-05
4.343750000000000e-01 9.337339909118028e-01 5.663014425951860e-05
4.375000000000000e-01 9.488221355546261e-01 5.829262011489402e-05
4.406250000000000e-01 9.641419309395265e-01 5.895508943207720e-05
4.437500000000000e-01 9.796971173270190e-01 6.102079352723297e-05
4.468750000000000e-01 9.954914924472941e-01 6.180080260521287e-05
4.500000000000000e-01 1.011528912427417e+00 6.433293950250998e-05
4.531250000000000e-01 1.027813292732786e+00 6.421281744183295e-05
4.562500000000000e-01 1.044348609123070e+00 6.643845018270767e-05
4.593750000000000e-01 1.061138898622882e+00 6.810266459204918e-05
4.625000000000000e-01 1.078188260507393e+00 6.986119045037012e-05
4.656250000000000e-01 1.095500857303154e+00 7.070331065919542e-05
4.687500000000000e-01 1.113080915804360e+00 7.322459122361575e-05
4.718750000000000e-01 1.130932728104805e+00 7.448367823467689e-05
4.750000000000000e-01 1.149060652645771e+00 7.665714687193922e-05
4.781250000000000e-01 1.167469115280130e+00 7.806230786554007e-05
4.812500000000000e-01 1.186162610352890e+00 8.062336304108281e-05
4.843750000000000e-01 1.205145701798475e+00 8.200804131530847e-05
4.875000000000000e-01 1.224423024254985e+00 8.466727403938515e-05
4.906250000000000e-01 1.243999284195726e+00 8.628800137481913e-05
4.937500000000000e-01 1.263879261078271e+00 8.902075328240404e-05
4.968750000000000e-01 1.284067808511348e+00 9.096506285185445e-05
5.000000000000000e-01 1.304569855439823e+00 9.366611922121563e-05
5.031250000000000e-01 1.325390407348082e+00 9.596313704105574e-05
5.062500000000000e-01 1.346534547482100e+00 9.887760100387908e-05
5.093750000000000e-01 1.368007438090487e+00 1.011887769863024e-04
5.125000000000001e-01 1.389814321684837e+00 1.045948813516961e-04
5.156250000000000e-01 1.411960522319654e+00 1.069707760217425e-04
5.187500000000000e-01 1.434451446892208e+00 1.105409230666277e-04
5.218750000000000e-01 1.457292586462593e+00 1.134990093992974e-04
5.250000000000000e-01 1.480489517594354e+00 1.169905651121295e-04
5.281250000000001e-01 1.504047903715979e+00 1.204253571103391e-04
5.312500000000000e-01 1.527973496503592e+00 1.243874476711437e-04
5.343750000000000e-01 1.552272137285215e+00 1.278306547452404e-04
5.375000000000000e-01 1.576949758466886e+00 1.324041478838836e-04
5.406250000000000e-01 1.602012384981041e+00 1.362815178796531e-04
5.437500000000001e-01 1.627466135757470e+00 1.409661375351167e-04
5.468750000000000e-01 1.653317225217225e+00 1.455730513325515e-04
5.500000000000000e-01 1.679571964789851e+00 1.507132668722326e-04
5.531250000000000e-01 1.706236764454286e+00 1.556355367456273e-04
5.562500000000000e-01 1.733318134303830e+00 1.615014725062740e-04
5.593750000000001e-01 1.760822686135563e+00 1.670878595074336e-04
5.625000000000000e-01 1.788757135064574e+00 1.733792624371818e-04
5.656250000000000e-01 1.817128301163438e+00 1.797175266463614e-04
5.687500000000000e-01 1.845943111127301e+00 1.869295173129681e-04
5.718750000000000e-01 1.875208599965003e+00 1.939010233954157e-04
5.750000000000001e-01 1.904931912716643e+00 2.018437625137228e-04
5.781250000000000e-01 1.935120306198011e+00 2.101151201356309e-04
5.812500000000000e-01 1.965781150772311e+00 2.189885188175799e-04
5.843750000000000e-01 1.996921932149593e+00 2.280224760693873e-04
5.875000000000000e-01 2.028550253214365e+00 2.384469344990025e-04
5.906250000000001e-01 2.060673835881802e+00 2.489783756139219e-04
5.937500000000000e-01 2.093300522983012e+00 2.603331643543752e-04
5.968750000000000e-01 2.126438280179837e+00 2.725339335282300e-04
6.000000000000001e-01 2.160095197909630e+00 2.860719142370953e-04
6.031250000000000e-01 2.194279493360494e+00 2.999234663922073e-04
6.062500000000001e-01 2.228999512477486e+00 3.150867917760423e-04
6.093750000000000e-01 2.264263732000228e+00 3.314344632236446e-04
6.125000000000000e-01 2.300080761532477e+00 3.495492488574895e-04
6.156250000000001e-01 2.336459345644116e+00 3.683845948333230e-04
6.187500000000000e-01 2.373408366006099e+00 3.886107897337286e-04
6.218750000000001e-01 2.410936843558884e+00 4.108713798581349e-04
6.250000000000000e-01 2.449053940714840e+00 4.359352255208267e-04
6.281250000000000e-01 2.487768963595221e+00 4.615994208451591e-04
6.312500000000001e-01 2.527091364302215e+00 4.882527367922266e-04
6.343750000000000e-01 2.567030743226622e+00 5.182890248256497e-04
6.375000000000001e-01 2.607596851391758e+00 5.529915180485715e-04
6.406250000000000e-01 2.648799592834118e+00 5.875938213423998e-04
6.437500000000000e-01 2.690649027021411e+00 6.200172348377506e-04
6.468750000000001e-01 2.733155371308524e+00 6.550587363613078e-04
6.500000000000000e-01 2.776329003432049e+00 6.982261865889686e-04
6.531250000000001e-01 2.820180464043967e+00 7.414541835187418e-04
6.562500000000000e-01 2.864720459285089e+00 7.705681519560667e-04
6.593750000000000e-01 2.909959863398929e+00 7.842017520719861e-04
6.625000000000001e-01 2.955909721386590e+00 7.989254683296483e-04
6.656250000000000e-01 3.002581251703353e+00 8.188331116213961e-04
6.687500000000001e-01 3.049985848997626e+00 8.098558993049845e-04
6.718750000000000e-01 3.098135086892879e+00 7.150195475728289e-04
6.750000000000000e-01 3.147040720813310e+00 5.079646391859513e-04
6.781250000000001e-01 3.196714690853871e+00 2.156272273254426e-04
6.812500000000000e-01 3.247169124695383e+00 -1.315045853277857e-04
6.843750000000001e-01 3.298416340565477e+00 -5.994683182479825e-04
6.875000000000000e-01 3.350468850246008e+00 -1.409604192793653e-03
6.906250000000000e-01 3.403339362127777e+00 -2.890239285145146e-03
6.937500000000001e-01 3.457040784313211e+00 -5.327377745269683e-03
6.968750000000000e-01 3.511586227767823e+00 -8.798780755908656e-03
7.000000000000001e-01 3.566989009521205e+00 -1.308659115300838e-02
7.031250000000000e-01 3.623262655918307e+00 -1.770820768600232e-02
7.062500000000000e-01 3.680420905921852e+00 -2.205231209827683e-02
7.093750000000001e-01 3.738477714466631e+00 -2.553798566280512e-02
7.125000000000000e-01 3.797447255866536e+00 -2.775085922365199e-02
7.156250000000001e-01 3.857343927275175e+00 -2.849889280526863e-02
7.187500000000000e-01 3.918182352200844e+00 -2.780823784709219e-02
7.218750000000000e-01 3.979977384076828e+00 -2.586776395212507e-02
7.250000000000001e-01 4.042744109887770e+00 -2.295959021200419e-02
7.281250000000000e-01 4.106497853853101e+00 -1.939715663963400e-02
7.312500000000001e-01 4.171254181168399e+00 -1.547499485048777e-02
7.343750000000000e-01 4.237028901805528e+00 -1.144565948709411e-02
7.375000000000000e-01 4.303838074372613e+00 -7.503090877329548e-03
7.406250000000001e-01 4.371698010034643e+00 -3.787824795622703e-03
7.437500000000000e-01 4.440625276495786e+00 -3.876625869845889e-04
7.468750000000001e-01 4.510636702044332e+00 2.648076880581402e-03
7.500000000000000e-01 4.581749379661216e+00 5.303698182609708e-03
7.531250000000000e-01 4.653980671193226e+00 7.583545703256641e-03
7.562500000000001e-01 4.727348211591802e+00 9.508195804071244e-03
7.593750000000000e-01 4.801869913218528e+00 1.110464238428273e-02
7.625000000000001e-01 4.877563970218381e+00 1.240502436174237e-02
7.656250000000000e-01 4.954448862961714e+00 1.344061735869906e-02
7.687500000000000e-01 5.032543362556198e+00 1.424230476753934e-02
7.718750000000001e-01 5.111866535429675e+00 1.483710639288995e-02
7.750000000000000e-01 5.192437747985146e+00 1.524938042418065e-02
7.781250000000001e-01 5.274276671329015e+00 1.549895196979767e-02
7.812500000000000e-01 5.357403286073669e+00 1.560223466784088e-02
7.843750000000000e-01 5.441837887215693e+00 1.557117036833538e-02
7.875000000000001e-01 5.527601089090773e+00 1.541402402796139e-02
7.906250000000000e-01 5.614713830406605e+00 1.513517919885674e-02
7.937500000000001e-01 5.703197379355005e+00 1.473588046036342e-02
7.968750000000000e-01 5.793073338804412e+00 1.421415717953518e-02
8.000000000000000e-01 5.884363651574169e+00 1.356458215902877e-02
8.031250000000001e-01 5.977090605791737e+00 1.277763697496877e-02
8.062500000000000e-01 6.071276840334257e+00 1.183995508401298e-02
8.093750000000001e-01 6.166945350355728e+00 1.073642341832978e-02
8.125000000000000e-01 6.264119492901173e+00 9.454788553908428e-03
8.156250000000000e-01 6.362822992609162e+00 7.992089619343837e-03
8.187500000000001e-01 6.463079947504072e+00 6.361138372860121e-03
8.218750000000000e-01 6.564914834879517e+00 4.594783016800545e-03
8.250000000000001e-01 6.668352517274371e+00 2.746272308434513e-03
8.281250000000000e-01 6.773418248542846e+00 8.853503752937393e-04
8.312500000000000e-01 6.880137680020114e+00 -9.088895042404833e-04
8.343750000000001e-01 6.988536866784961e+00 -2.556557653401874e-03
8.375000000000000e-01 7.098642274021019e+00 -3.985138305562463e-03
8.406250000000001e-01 7.210480783478133e+00 -5.136149971990184e-03
8.437500000000000e-01 7.324079700035414e+00 -5.969929150875125e-03
8.468750000000000e-01 7.439466758367605e+00 -6.468599536363130e-03
8.500000000000001e-01 7.556670129716381e+00 -6.637284813209195e-03
8.531250000000000e-01 7.675718428768239e+00 -6.503405870564315e-03
8.562500000000001e-01 7.796640720640633e+00 -6.113802780016555e-03
8.593750000000000e-01 7.919466527978115e+00 -5.529639537851205e-03
8.625000000000000e-01 8.044225838160141e+00 -4.819543421401175e-03
8.656250000000001e-01 8.170949110622363e+00 -4.051967295924474e-03
8.687500000000000e-01 8.299667284293170e+00 -3.288071280929491e-03
8.718750000000001e-01 8.430411785147284e+00 -2.576342063338108e-03
8.750000000000000e-01 8.563214533878281e+00 -1.949727651667769e-03
8.781250000000000e-01 8.698107953691880e+00 -1.425435574569859e-03
8.812500000000001e-01 8.835124978221932e+00 -1.006949146153589e-03
8.843750000000000e-01 8.974299059571019e+00 -6.874363872503803e-04
8.875000000000001e-01 9.115664176477637e+00 -4.536289800617949e-04
8.906250000000000e-01 9.259254842611947e+00 -2.893955923706986e-04
8.937500000000000e-01 9.405106115002161e+00 -1.785201786965939e-04
8.968750000000001e-01 9.553253602593529e+00 -1.065050821546823e-04
9.000000000000000e-01 9.703733474942130e+00 -6.146472802077827e-05
9.031250000000001e-01 9.856582471045494e+00 -3.431946570681011e-05
9.062500000000000e-01 1.001183790831228e+01 -1.854390745862358e-05
9.093750000000000e-01 1.016953769167313e+01 -9.698309298155372e-06
9.125000000000001e-01 1.032972032283505e+01 -4.910356458486274e-06
9.156250000000000e-01 1.049242490968134e+01 -2.407356492559968e-06
9.187500000000001e-01 1.065769117581972e+01 -1.143052453731239e-06
9.218750000000000e-01 1.082555947028058e+01 -5.257482250584626e-07
9.250000000000000e-01 1.099607077736805e+01 -2.342946070354410e-07
9.281250000000001e-01 1.116926672666618e+01 -1.011825766063574e-07
9.312500000000000e-01 1.134518960320255e+01 -4.235389639957721e-08
9.343750000000001e-01 1.152388235777201e+01 -1.718736866783877e-08
9.375000000000000e-01 1.170538861742293e+01 -6.762960681192923e-09
9.406250000000000e-01 1.188975269610854e+01 -2.580819442017447e-09
9.437500000000001e-01 1.207701960550600e+01 -9.553273822943984e-10
9.468750000000000e-01 1.226723506600578e+01 -3.430835455010897e-10
9.500000000000001e-01 1.246044551787411e+01 -1.195579451286124e-10
9.531250000000000e-01 1.265669813259115e+01 -4.043563775277994e-11
9.562500000000000e-01 1.285604082436773e+01 -1.327493581082572e-11
9.593750000000001e-01 1.305852226184337e+01 -4.231129936778610e-12
9.625000000000000e-01 1.326419187996850e+01 -1.309508012573881e-12
9.656250000000001e-01 1.347309989207381e+01 -3.936030263122086e-13
9.687500000000000e-01 1.368529730212962e+01 -1.149148948179081e-13
9.718750000000000e-01 1.390083591719824e+01 -3.259339191569218e-14
9.750000000000001e-01 1.411976836008246e+01 -8.982235173402887e-15
9.781250000000000e-01 1.434214808217320e+01 -2.405502395662351e-15
9.812500000000001e-01 1.456802937649935e+01 -6.261193894141999e-16
9.843750000000000e-01 1.479746739098328e+01 -1.584166710558009e-16
9.875000000000000e-01 1.503051814190487e+01 -3.896664134711552e-17
9.906250000000001e-01 1.526723852757770e+01 -9.321152773504746e-18
9.937500000000000e-01 1.550768634224049e+01 -2.160889791838093e-18
9.968750000000001e-01 1.575192029016732e+01 -5.151468627375203e-19
1.000000000000000e+00 1.600000000000000e+01 1.431815548190436e-20
