0.000000000000000e+00 0.000000000000000e+00 0.000000000000000e+00
3.125000000000000e-03 3.369263549427258e-03 -2.453162694468570e-03
6.250000000000000e-03 6.739349689698711e-03 5.331593577664818e-04
9.375000000000001e-03 1.011108121249049e-02 -3.192048773434525e-04
1.250000000000000e-02 1.348528131119160e-02 -1.084688725483000e-04
1.562500000000000e-02 1.686277378188298e-02 -8.281326817222190e-05
1.875000000000000e-02 2.024438322446370e-02 6.358743485203596e-05
2.187500000000000e-02 2.363093524397333e-02 -7.830118486649251e-05
2.500000000000000e-02 2.702325665215984e-02 -1.392250736290993e-05
2.812500000000000e-02 3.042217566934200e-02 -3.780373658692772e-06
3.125000000000000e-02 3.382852212661575e-02 1.285636820256607e-05
3.437500000000000e-02 3.724312766845378e-02 5.383263543365257e-06
3.750000000000001e-02 4.066682595574785e-02 -5.132029856352546e-05
4.062500000000000e-02 4.410045286934348e-02 2.312642541475413e-05
4.375000000000000e-02 4.754484671411652e-02 -2.343623934392250e-05
4.687500000000000e-02 5.100084842364160e-02 -8.233810237266603e-06
5.000000000000000e-02 5.446930176550237e-02 -1.485092361698890e-05
5.312500000000001e-02 5.795105354729364e-02 3.440329482891194e-06
5.625000000000000e-02 6.144695382336569e-02 -4.375138831221833e-05
5.937500000000000e-02 6.495785610236132e-02 -4.680747899051940e-06
6.250000000000000e-02 6.848461755559625e-02 -4.282409111987939e-05
6.562500000000000e-02 7.202809922633362e-02 1.231967128232231e-05
6.875000000000001e-02 7.558916624000402e-02 -2.129951405625090e-05
7.187500000000001e-02 7.916868801542200e-02 2.882217548694739e-05
7.500000000000001e-02 8.276753847705080e-02 -1.786867595284113e-05
7.812500000000000e-02 8.638659626836727e-02 1.098723572769818e-05
8.125000000000000e-02 9.002674496637868e-02 -2.449916639093031e-05
8.437500000000001e-02 9.368887329734420e-02 1.800652134875256e-05
8.750000000000001e-02 9.737387535375355e-02 -2.785856750222581e-05
9.062500000000001e-02 1.010826508126157e-01 2.296084770437199e-05
9.375000000000000e-02 1.048161051551108e-01 -3.692117303145197e-05
9.687500000000000e-02 1.085751498876601e-01 2.919655626452853e-05
1.000000000000000e-01 1.123607027644654e-01 -2.030432382111816e-05
1.031250000000000e-01 1.161736880115753e-01 2.929161763488618e-05
1.062500000000000e-01 1.200150365525305e-01 -2.063658580129060e-05
1.093750000000000e-01 1.238856862356450e-01 2.957951899586252e-05
1.125000000000000e-01 1.277865820629775e-01 -1.680130793157505e-05
1.156250000000000e-01 1.317186764210495e-01 2.959354779194106e-05
1.187500000000000e-01 1.356829293133661e-01 -2.625566406683506e-05
1.218750000000000e-01 1.396803085947971e-01 2.388820069875006e-05
1.250000000000000e-01 1.437117902078738e-01 -2.488083822175030e-05
1.281250000000000e-01 1.477783584210617e-01 2.637961516457764e-05
1.312500000000000e-01 1.518810060690650e-01 -1.921950362890340e-05
1.343750000000000e-01 1.560207347952229e-01 2.654458791298993e-05
1.375000000000000e-01 1.601985552960564e-01 -1.587678565780813e-05
1.406250000000000e-01 1.644154875680252e-01 1.951659593513335e-05
1.437500000000000e-01 1.686725611565558e-01 -9.621066598536976e-06
1.468750000000000e-01 1.729708154074000e-01 2.054082993909094e-05
1.500000000000000e-01 1.773112997203869e-01 -1.935210821684892e-05
1.531250000000000e-01 1.816950738056289e-01 1.404506257104080e-05
1.562500000000000e-01 1.861232079422458e-01 -1.599151670192184e-05
1.593750000000000e-01 1.905967832396682e-01 1.068770464855121e-05
1.625000000000000e-01 1.951168919015860e-01 -3.566199229522346e-06
1.656250000000000e-01 1.996846374926046e-01 4.691778433626773e-06
1.687500000000000e-01 2.043011352076760e-01 -8.711309450205639e-06
1.718750000000000e-01 2.089675121443681e-01 4.252390351515277e-06
1.750000000000000e-01 2.136849075780412e-01 -2.510547762149786e-06
1.781250000000000e-01 2.184544732399964e-01 -4.245311693786175e-06
1.812500000000000e-01 2.232773735986666e-01 -4.510650760597804e-06
1.843750000000000e-01 2.281547861439151e-01 -5.944146549954255e-06
1.875000000000000e-01 2.330879016745160e-01 -1.937602330858614e-06
1.906250000000000e-01 2.380779245888810e-01 -6.694526200929501e-06
1.937500000000000e-01 2.431260731791094e-01 6.875135675974223e-06
1.968750000000000e-01 2.482335799284277e-01 -7.382593030856096e-06
2.000000000000000e-01 2.534016918120952e-01 7.270516969656248e-06
2.031250000000000e-01 2.586316706018478e-01 -1.016684097522667e-05
2.062500000000000e-01 2.639247931739538e-01 1.348360691118424e-05
2.093750000000000e-01 2.692823518209576e-01 -1.036744102251559e-05
2.125000000000000e-01 2.747056545671873e-01 1.316351794357401e-05
2.156250000000000e-01 2.801960254881028e-01 -1.631095052371177e-05
2.187500000000000e-01 2.857548050335636e-01 1.314512102368827e-05
2.218750000000000e-01 2.913833503550930e-01 -1.335375897901934e-05
2.250000000000000e-01 2.970830356372213e-01 1.453408470147207e-05
2.281250000000000e-01 3.028552524329863e-01 -1.456798863138735e-05
2.312500000000000e-01 3.087014100036755e-01 1.711184094782724e-05
2.343750000000000e-01 3.146229356628902e-01 -1.117901505503144e-05
2.375000000000000e-01 3.206212751250189e-01 1.430549823374286e-05
2.406250000000000e-01 3.266978928582008e-01 -1.210558352002634e-05
2.437500000000000e-01 3.328542724418705e-01 1.043388256593180e-05
2.468750000000000e-01 3.390919169289667e-01 -7.507204111138038e-06
2.500000000000000e-01 3.454123492128958e-01 6.812217781158119e-06
2.531250000000000e-01 3.518171123993401e-01 -6.196501248993860e-06
2.562500000000000e-01 3.583077701830001e-01 5.161881424127958e-06
2.593750000000000e-01 3.648859072293631e-01 -4.316499632129878e-06
2.625000000000000e-01 3.715531295615936e-01 7.682931716435898e-07
2.656250000000000e-01 3.783110649526354e-01 -1.709688180495303e-06
2.687500000000000e-01 3.851613633226258e-01 -4.210372779239173e-06
2.718750000000000e-01 3.921056971417164e-01 6.143826967007725e-06
2.750000000000000e-01 3.991457618383991e-01 -8.364002896495179e-06
2.781250000000000e-01 4.062832762134377e-01 7.461671936637307e-06
2.812500000000000e-01 4.135199828595055e-01 -8.142391712626149e-06
2.843750000000000e-01 4.208576485866312e-01 1.052111874052564e-05
2.875000000000000e-01 4.282980648535585e-01 -1.046528782771481e-05
2.906250000000000e-01 4.358430482051222e-01 1.310553631645795e-05
2.937500000000000e-01 4.434944407157500e-01 -1.063466018323600e-05
2.968750000000000e-01 4.512541104391968e-01 1.412063400419644e-05
3.000000000000000e-01 4.591239518646220e-01 -1.162385131959798e-05
3.031250000000000e-01 4.671058863791195e-01 1.172745927985571e-05
3.062500000000000e-01 4.752018627368176e-01 -1.035428856982750e-05
3.093750000000000e-01 4.834138575346580e-01 9.471691062029180e-06
3.125000000000000e-01 4.917438756949728e-01 -7.333861617619692e-06
3.156250000000000e-01 5.001939509549778e-01 5.442163033963660e-06
3.187500000000000e-01 5.087661463633005e-01 -3.881058353320128e-06
3.218750000000000e-01 5.174625547836644e-01 -2.328441566285216e-07
3.250000000000000e-01 5.262852994058529e-01 7.799430909290792e-07
3.281250000000000e-01 5.352365342640750e-01 -5.311057217773175e-06
3.312500000000000e-01 5.443184447628656e-01 6.264100464977044e-06
3.343750000000000e-01 5.535332482106405e-01 -8.320883136047998e-06
3.375000000000000e-01 5.628831943610435e-01 1.054818988472254e-05
3.406250000000000e-01 5.723705659622137e-01 -1.067363203456994e-05
3.437500000000000e-01 5.819976793141081e-01 1.270769707213728e-05
3.468750000000000e-01 5.917668848340161e-01 -1.171516118206451e-05
3.500000000000000e-01 6.016805676304035e-01 1.225457001600141e-05
3.531250000000000e-01 6.117411480852264e-01 -1.053526501088578e-05
3.562500000000000e-01 6.219510824448572e-01 1.215258244697058e-05
3.593750000000000e-01 6.323128634197650e-01 -7.718501511008816e-06
3.625000000000000e-01 6.428290207931012e-01 5.949074441717803e-06
3.656250000000000e-01 6.535021220383342e-01 -3.261802571470974e-06
3.687500000000000e-01 6.643347729460869e-01 -1.117168704400562e-06
3.718750000000000e-01 6.753296182603294e-01 3.816518219754026e-06
3.750000000000000e-01 6.864893423240808e-01 -7.036605138552891e-06
3.781250000000000e-01 6.978166697347804e-01 9.352363951589240e-06
3.812500000000000e-01 7.093143660094854e-01 -1.006300131533546e-05
3.843750000000000e-01 7.209852382600603e-01 1.202692842031639e-05
3.875000000000000e-01 7.328321358785219e-01 -1.266716046260859e-05
3.906250000000000e-01 7.448579512327029e-01 1.344384819081700e-05
3.937500000000000e-01 7.570656203724140e-01 -1.120907111811229e-05
3.968750000000000e-01 7.694581237462648e-01 1.032927452823086e-05
4.000000000000000e-01 7.820384869293291e-01 -5.971865500142029e-06
4.031250000000000e-01 7.948097813618253e-01 2.196506459119702e-06
4.062500000000000e-01 8.077751250989945e-01 1.178191259350747e-06
4.093750000000000e-01 8.209376835723596e-01 -4.390301804099785e-06
4.125000000000000e-01 8.343006703625532e-01 9.056838438725723e-06
4.156250000000000e-01 8.478673479838968e-01 -1.111520742886995e-05
4.187500000000000e-01 8.616410286809313e-01 1.327895402363198e-05
4.218750000000000e-01 8.756250752370857e-01 -1.279178112480970e-05
4.250000000000000e-01 8.898229017956865e-01 1.305365097348176e-05
4.281250000000000e-01 9.042379746935050e-01 -1.076038052487434e-05
4.312500000000000e-01 9.188738133070491e-01 8.293350185878098e-06
4.343750000000000e-01 9.337339909118028e-01 -3.243497053922437e-06
4.375000000000000e-01 9.488221355546261e-01 -5.244420247655694e-07
4.406250000000000e-01 9.641419309395265e-01 6.407086348164402e-06
4.437500000000000e-01 9.796971173270190e-01 -9.176360027411358e-06
4.468750000000000e-01 9.954914924472941e-01 1.278485039072248e-05
4.500000000000000e-01 1.011528912427417e+00 -1.358801370994842e-05
4.531250000000000e-01 1.027813292732786e+00 1.363313492770111e-05
4.562500000000000e-01 1.044348609123070e+00 -1.152934540866079e-05
4.593750000000000e-01 1.061138898622882e+00 8.556754464723681e-06
4.625000000000000e-01 1.078188260507393e+00 -2.196513421465752e-06
4.656250000000000e-01 1.095500857303154e+00 -1.617612230394785e-06
4.687500000000000e-01 1.113080915804360e+00 8.478609362294218e-06
4.718750000000000e-01 1.130932728104805e+00 -1.106336928384119e-05
4.750000000000000e-01 1.149060652645771e+00 1.376115013895610e-05
4.781250000000000e-01 1.167469115280130e+00 -1.416098222846508e-05
4.812500000000000e-01 1.186162610352890e+00 1.316193853124299e-05
4.843750000000000e-01 1.205145701798475e+00 -7.429484717392119e-06
4.875000000000000e-01 1.224423024254985e+00 2.954965935641667e-06
4.906250000000000e-01 1.243999284195726e+00 4.045454969392612e-06
4.937500000000000e-01 1.263879261078271e+00 -8.221749030330326e-06
4.968750000000000e-01 1.284067808511348e+00 1.404926693265865e-05
5.000000000000000e-01 1.304569855439823e+00 -1.457724281035475e-05
5.031250000000000e-01 1.325390407348082e+00 1.429267820926369e-05
5.062500000000000e-01 1.346534547482100e+00 -9.509518629745085e-06
5.093750000000000e-01 1.368007438090487e+00 4.581443851239200e-06
5.125000000000001e-01 1.389814321684837e+00 4.131473357532854e-06
5.156250000000000e-01 1.411960522319654e+00 -9.120591920246288e-06
5.187500000000000e-01 1.434451446892208e+00 1.550081330806527e-05
5.218750000000000e-01 1.457292586462593e+00 -1.562363962559652e-05
5.250000000000000e-01 1.480489517594354e+00 1.435540741563089e-05
5.281250000000001e-01 1.504047903715979e+00 -7.399619564823660e-06
5.312500000000000e-01 1.527973496503592e+00 7.514227171051307e-07
5.343750000000000e-01 1.552272137285215e+00 9.433239448347082e-06
5.375000000000000e-01 1.576949758466886e+00 -1.389471950295628e-05
5.406250000000000e-01 1.602012384981041e+00 1.815920461533683e-05
5.437500000000001e-01 1.627466135757470e+00 -1.447007652060345e-05
5.468750000000000e-01 1.653317225217225e+00 9.279518280840098e-06
5.500000000000000e-01 1.679571964789851e+00 1.866831622536643e-06
5.531250000000000e-01 1.706236764454286e+00 -9.255407341345923e-06
5.562500000000000e-01 1.733318134303830e+00 1.782768112413440e-05
5.593750000000001e-01 1.760822686135563e+00 -1.759902599286495e-05
5.625000000000000e-01 1.788757135064574e+00 1.501035329882256e-05
5.656250000000000e-01 1.817128301163438e+00 -3.890157757878495e-06
5.687500000000000e-01 1.845943111127301e+00 -5.467165024790865e-06
5.718750000000000e-01 1.875208599965003e+00 1.758851670628515e-05
5.750000000000001e-01 1.904931912716643e+00 -1.953523529555682e-05
5.781250000000000e-01 1.935120306198011e+00 1.812722780568852e-05
5.812500000000000e-01 1.965781150772311e+00 -5.892614686846129e-06
5.843750000000000e-01 1.996921932149593e+00 -5.127165826416584e-06
5.875000000000000e-01 2.028550253214365e+00 1.951508737459371e-05
5.906250000000001e-01 2.060673835881802e+00 -2.188873451144722e-05
5.937500000000000e-01 2.093300522983012e+00 1.905775147024548e-05
5.968750000000000e-01 2.126438280179837e+00 -2.825834286023232e-06
6.000000000000001e-01 2.160095197909630e+00 -1.047014163050632e-05
6.031250000000000e-01 2.194279493360494e+00 2.445313287915314e-05
6.062500000000001e-01 2.228999512477486e+00 -2.242796941101628e-05
6.093750000000000e-01 2.264263732000228e+00 1.453256354035300e-05
6.125000000000000e-01 2.300080761532477e+00 6.691904573887439e-06
6.156250000000001e-01 2.336459345644116e+00 -2.018821567855578e-05
6.187500000000000e-01 2.373408366006099e+00 2.932679865606483e-05
6.218750000000001e-01 2.410936843558884e+00 -1.691099069854561e-05
6.250000000000000e-01 2.449053940714840e+00 1.524198707737907e-07
6.281250000000000e-01 2.487768963595221e+00 2.396467645784683e-05
6.312500000000001e-01 2.527091364302215e+00 -2.883233073793363e-05
6.343750000000000e-01 2.567030743226622e+00 2.285271697845260e-05
6.375000000000001e-01 2.607596851391758e+00 4.790174341914549e-06
6.406250000000000e-01 2.648799592834118e+00 -2.416991342839646e-05
6.437500000000000e-01 2.690649027021411e+00 3.593153622153079e-05
6.468750000000001e-01 2.733155371308524e+00 -1.639574051879150e-05
6.500000000000000e-01 2.776329003432049e+00 -8.385852636501051e-06
6.531250000000001e-01 2.820180464043967e+00 3.680870330288710e-05
6.562500000000000e-01 2.864720459285089e+00 -3.169032181632060e-05
6.593750000000000e-01 2.909959863398929e+00 1.043971498380460e-05
6.625000000000001e-01 2.955909721386590e+00 2.935908597558800e-05
6.656250000000000e-01 3.002581251703353e+00 -3.948167638915263e-05
6.687500000000001e-01 3.049985848997626e+00 2.703360577925107e-05
6.718750000000000e-01 3.098135086892879e+00 1.910085678448248e-05
6.750000000000000e-01 3.147040720813310e+00 -4.221560177355364e-05
6.781250000000001e-01 3.196714690853871e+00 3.974585526507711e-05
6.812500000000000e-01 3.247169124695383e+00 1.036596738688303e-05
6.843750000000001e-01 3.298416340565477e+00 -4.376802203994922e-05
6.875000000000000e-01 3.350468850246008e+00 4.910098446648483e-05
6.906250000000000e-01 3.403339362127777e+00 6.155916292124986e-06
6.937500000000001e-01 3.457040784313211e+00 -4.757617125605162e-05
6.968750000000000e-01 3.511586227767823e+00 5.572560690732584e-05
7.000000000000001e-01 3.566989009521205e+00 9.140490521025950e-06
7.031250000000000e-01 3.623262655918307e+00 -5.599019462067624e-05
7.062500000000000e-01 3.680420905921852e+00 5.821752839878570e-05
7.093750000000001e-01 3.738477714466631e+00 2.270475581211462e-05
7.125000000000000e-01 3.797447255866536e+00 -6.861988024439337e-05
7.156250000000001e-01 3.857343927275175e+00 5.122062773067302e-05
7.187500000000000e-01 3.918182352200844e+00 5.018823268519726e-05
7.218750000000000e-01 3.979977384076828e+00 -7.911359077584685e-05
7.250000000000001e-01 4.042744109887770e+00 2.449819569659369e-05
7.281250000000000e-01 4.106497853853101e+00 8.951031441741931e-05
7.312500000000001e-01 4.171254181168399e+00 -6.983476633781796e-05
7.343750000000000e-01 4.237028901805528e+00 -3.126486757784750e-05
7.375000000000000e-01 4.303838074372613e+00 1.206534619793095e-04
7.406250000000001e-01 4.371698010034643e+00 -1.335671971202781e-05
7.437500000000000e-01 4.440625276495786e+00 -1.029288332734439e-04
7.468750000000001e-01 4.510636702044332e+00 9.502380761348669e-05
7.500000000000000e-01 4.581749379661216e+00 9.799865006601915e-05
7.531250000000000e-01 4.653980671193226e+00 -1.214663212853813e-04
7.562500000000001e-01 4.727348211591802e+00 -3.195814199221137e-05
7.593750000000000e-01 4.801869913218528e+00 1.817771093609379e-04
7.625000000000001e-01 4.877563970218381e+00 1.409857683133829e-05
7.656250000000000e-01 4.954448862961714e+00 -1.752823731958105e-04
7.687500000000000e-01 5.032543362556198e+00 6.047589395440620e-05
7.718750000000001e-01 5.111866535429675e+00 2.317195226721352e-04
7.750000000000000e-01 5.192437747985146e+00 -5.491402735894926e-05
7.781250000000001e-01 5.274276671329015e+00 -2.185231892154189e-04
7.812500000000000e-01 5.357403286073669e+00 1.166228561850767e-04
7.843750000000000e-01 5.441837887215693e+00 3.104646674384725e-04
7.875000000000001e-01 5.527601089090773e+00 -5.377233682728504e-05
7.906250000000000e-01 5.614713830406605e+00 -3.136352055539330e-04
7.937500000000001e-01 5.703197379355005e+00 6.323584588060478e-05
7.968750000000000e-01 5.793073338804412e+00 4.562251772699102e-04
8.000000000000000e-01 5.884363651574169e+00 1.442491598030571e-04
8.031250000000001e-01 5.977090605791737e+00 -4.129734275837684e-04
8.062500000000000e-01 6.071276840334257e+00 -2.746446664825308e-04
8.093750000000001e-01 6.166945350355728e+00 4.503613906363689e-04
8.125000000000000e-01 6.264119492901173e+00 6.957726461432443e-04
8.156250000000000e-01 6.362822992609162e+00 7.905453465790852e-06
8.187500000000001e-01 6.463079947504072e+00 -7.378446341667018e-04
8.218750000000000e-01 6.564914834879517e+00 -4.716040375996543e-04
8.250000000000001e-01 6.668352517274371e+00 6.532575358153788e-04
8.281250000000000e-01 6.773418248542846e+00 1.373239553407071e-03
8.312500000000000e-01 6.880137680020114e+00 7.533733428358052e-04
8.343750000000001e-01 6.988536866784961e+00 -7.485823899640511e-04
8.375000000000000e-01 7.098642274021019e+00 -1.685859354006816e-03
8.406250000000001e-01 7.210480783478133e+00 -9.665125839478914e-04
8.437500000000000e-01 7.324079700035414e+00 1.180088474346897e-03
8.468750000000000e-01 7.439466758367605e+00 3.365477573125066e-03
8.500000000000001e-01 7.556670129716381e+00 4.028536841719069e-03
8.531250000000000e-01 7.675718428768239e+00 2.401199332529139e-03
8.562500000000001e-01 7.796640720640633e+00 -1.161425441269873e-03
8.593750000000000e-01 7.919466527978115e+00 -5.518946914849700e-03
8.625000000000000e-01 8.044225838160141e+00 -9.375579114000405e-03
8.656250000000001e-01 8.170949110622363e+00 -1.179673089476802e-02
8.687500000000000e-01 8.299667284293170e+00 -1.242201235620363e-02
8.718750000000001e-01 8.430411785147284e+00 -1.140569975560387e-02
8.750000000000000e-01 8.563214533878281e+00 -9.213040539423135e-03
8.781250000000000e-01 8.698107953691880e+00 -6.395497744715354e-03
8.812500000000001e-01 8.835124978221932e+00 -3.425907557699844e-03
8.843750000000000e-01 8.974299059571019e+00 -6.274430488530741e-04
8.875000000000001e-01 9.115664176477637e+00 1.817586021569194e-03
8.906250000000000e-01 9.259254842611947e+00 3.825236705161517e-03
8.937500000000000e-01 9.405106115002161e+00 5.376611647502619e-03
8.968750000000001e-01 9.553253602593529e+00 6.504181189697355e-03
9.000000000000000e-01 9.703733474942130e+00 7.280131870898287e-03
9.031250000000001e-01 9.856582471045494e+00 7.789718649534182e-03
9.062500000000000e-01 1.001183790831228e+01 8.093848298583549e-03
9.093750000000000e-01 1.016953769167313e+01 8.200921952952665e-03
9.125000000000001e-01 1.032972032283505e+01 8.064688886349073e-03
9.156250000000000e-01 1.049242490968134e+01 7.609062325297080e-03
9.187500000000001e-01 1.065769117581972e+01 6.767998204381795e-03
9.218750000000000e-01 1.082555947028058e+01 5.524689290762250e-03
9.250000000000000e-01 1.099607077736805e+01 3.937062972312209e-03
9.281250000000001e-01 1.116926672666618e+01 2.141074377998838e-03
9.312500000000000e-01 1.134518960320255e+01 3.290882673202473e-04
9.343750000000001e-01 1.152388235777201e+01 -1.291628547700369e-03
9.375000000000000e-01 1.170538861742293e+01 -2.547381113771679e-03
9.406250000000000e-01 1.188975269610854e+01 -3.336954893222216e-03
9.437500000000001e-01 1.207701960550600e+01 -3.648089909973195e-03
9.468750000000000e-01 1.226723506600578e+01 -3.548072437933445e-03
9.500000000000001e-01 1.246044551787411e+01 -3.155069163870592e-03
9.531250000000000e-01 1.265669813259115e+01 -2.602593622189851e-03
9.562500000000000e-01 1.285604082436773e+01 -2.009131543113277e-03
9.593750000000001e-01 1.305852226184337e+01 -1.460092044099633e-03
9.625000000000000e-01 1.326419187996850e+01 -1.003176119599529e-03
9.656250000000001e-01 1.347309989207381e+01 -6.537635401517066e-04
9.687500000000000e-01 1.368529730212962e+01 -4.051812093731892e-04
9.718750000000000e-01 1.390083591719824e+01 -2.393351224092187e-04
9.750000000000001e-01 1.411976836008246e+01 -1.349875886964030e-04
9.781250000000000e-01 1.434214808217320e+01 -7.281290910832027e-05
9.812500000000001e-01 1.456802937649935e+01 -3.761452218729611e-05
9.843750000000000e-01 1.479746739098328e+01 -1.863419319244875e-05
9.875000000000000e-01 1.503051814190487e+01 -8.859573308465972e-06
9.906250000000001e-01 1.526723852757770e+01 -4.053354814351556e-06
9.937500000000000e-01 1.550768634224049e+01 -1.770683592713485e-06
9.968750000000001e-01 1.575192029016732e+01 -7.710199243234742e-07
1.000000000000000e+00 1.600000000000000e+01 -2.617347231027597e-07
