0.000000000000000e+00 0.000000000000000e+00 0.000000000000000e+00
3.125000000000000e-03 3.369263549427258e-03 -2.972859967956438e-03
6.250000000000000e-03 6.739349689698711e-03 -5.782888436224863e-04
9.375000000000001e-03 1.011108121249049e-02 -6.386849839199497e-05
1.250000000000000e-02 1.348528131119160e-02 1.233086107376247e-04
1.562500000000000e-02 1.686277378188298e-02 -9.523996962154748e-05
1.875000000000000e-02 2.024438322446370e-02 9.719369743701717e-06
2.187500000000000e-02 2.363093524397333e-02 -3.976972195899816e-05
2.500000000000000e-02 2.702325665215984e-02 2.350763319473840e-05
2.812500000000000e-02 3.042217566934200e-02 -4.421624796026427e-05
3.125000000000000e-02 3.382852212661575e-02 -4.601844330412060e-05
3.437500000000000e-02 3.724312766845378e-02 5.269903015837675e-06
3.750000000000001e-02 4.066682595574785e-02 3.855746230059585e-05
4.062500000000000e-02 4.410045286934348e-02 9.592185142961343e-06
4.375000000000000e-02 4.754484671411652e-02 2.156373446175808e-06
4.687500000000000e-02 5.100084842364160e-02 1.054732753923221e-06
5.000000000000000e-02 5.446930176550237e-02 -2.593701094456078e-05
5.312500000000001e-02 5.795105354729364e-02 2.184726138150001e-05
5.625000000000000e-02 6.144695382336569e-02 2.071157100627102e-06
5.937500000000000e-02 6.495785610236132e-02 1.361924473054496e-05
6.250000000000000e-02 6.848461755559625e-02 -3.341595512826572e-06
6.562500000000000e-02 7.202809922633362e-02 -8.390319788391557e-06
6.875000000000001e-02 7.558916624000402e-02 8.386853630713454e-06
7.187500000000001e-02 7.916868801542200e-02 2.701817675908651e-06
7.500000000000001e-02 8.276753847705080e-02 -8.626731608615188e-06
7.812500000000000e-02 8.638659626836727e-02 9.445172415524061e-06
8.125000000000000e-02 9.002674496637868e-02 -3.261423496506856e-06
8.437500000000001e-02 9.368887329734420e-02 -3.316441479207567e-06
8.750000000000001e-02 9.737387535375355e-02 -2.204741009148245e-05
9.062500000000001e-02 1.010826508126157e-01 1.855790258520281e-06
9.375000000000000e-02 1.048161051551108e-01 -2.011436231086463e-05
9.687500000000000e-02 1.085751498876601e-01 5.627385259814723e-06
1.000000000000000e-01 1.123607027644654e-01 1.478451828202759e-06
1.031250000000000e-01 1.161736880115753e-01 7.753040662639707e-06
1.062500000000000e-01 1.200150365525305e-01 -4.253282615337756e-06
1.093750000000000e-01 1.238856862356450e-01 6.223795729696322e-06
1.125000000000000e-01 1.277865820629775e-01 -1.389696513291468e-05
1.156250000000000e-01 1.317186764210495e-01 -3.204635995263132e-06
1.187500000000000e-01 1.356829293133661e-01 -1.201696579564955e-05
1.218750000000000e-01 1.396803085947971e-01 5.626850280623074e-06
1.250000000000000e-01 1.437117902078738e-01 -4.537950182542284e-06
1.281250000000000e-01 1.477783584210617e-01 7.194405526063502e-07
1.312500000000000e-01 1.518810060690650e-01 -7.688653475456096e-07
1.343750000000000e-01 1.560207347952229e-01 1.217620065822638e-06
1.375000000000000e-01 1.601985552960564e-01 7.295718758730046e-06
1.406250000000000e-01 1.644154875680252e-01 -1.267425008304321e-06
1.437500000000000e-01 1.686725611565558e-01 -3.697870687742913e-06
1.468750000000000e-01 1.729708154074000e-01 -2.065428566856223e-06
1.500000000000000e-01 1.773112997203869e-01 3.588071922315853e-06
1.531250000000000e-01 1.816950738056289e-01 6.637869776508192e-06
1.562500000000000e-01 1.861232079422458e-01 3.916015885789765e-06
1.593750000000000e-01 1.905967832396682e-01 2.502684811943447e-06
1.625000000000000e-01 1.951168919015860e-01 3.315391580260707e-06
1.656250000000000e-01 1.996846374926046e-01 -3.462402558111725e-06
1.687500000000000e-01 2.043011352076760e-01 6.046914299576769e-06
1.718750000000000e-01 2.089675121443681e-01 2.429084750322777e-07
1.750000000000000e-01 2.136849075780412e-01 5.459003560378979e-06
1.781250000000000e-01 2.184544732399964e-01 -5.885875650197686e-06
1.812500000000000e-01 2.232773735986666e-01 2.599218842619267e-06
1.843750000000000e-01 2.281547861439151e-01 -2.930309937089642e-06
1.875000000000000e-01 2.330879016745160e-01 -2.114341135834355e-06
1.906250000000000e-01 2.380779245888810e-01 -1.452035340518033e-06
1.937500000000000e-01 2.431260731791094e-01 3.337936654542128e-06
1.968750000000000e-01 2.482335799284277e-01 -7.203840197543892e-06
2.000000000000000e-01 2.534016918120952e-01 -7.126883645171676e-07
2.031250000000000e-01 2.586316706018478e-01 -2.869537191641670e-06
2.062500000000000e-01 2.639247931739538e-01 4.544762698757106e-06
2.093750000000000e-01 2.692823518209576e-01 -1.789575546684580e-06
2.125000000000000e-01 2.747056545671873e-01 1.240926722614915e-06
2.156250000000000e-01 2.801960254881028e-01 1.048940784903069e-06
2.187500000000000e-01 2.857548050335636e-01 1.430559762717631e-06
2.218750000000000e-01 2.913833503550930e-01 -3.595147815540992e-07
2.250000000000000e-01 2.970830356372213e-01 2.037069138556443e-06
2.281250000000000e-01 3.028552524329863e-01 2.911551032841031e-06
2.312500000000000e-01 3.087014100036755e-01 1.701255774936785e-06
2.343750000000000e-01 3.146229356628902e-01 8.126126170540606e-07
2.375000000000000e-01 3.206212751250189e-01 1.622859593326689e-06
2.406250000000000e-01 3.266978928582008e-01 3.960671350208355e-06
2.437500000000000e-01 3.328542724418705e-01 -5.096490295662487e-07
2.468750000000000e-01 3.390919169289667e-01 3.245139295145116e-07
2.500000000000000e-01 3.454123492128958e-01 -9.679385422574979e-07
2.531250000000000e-01 3.518171123993401e-01 6.894756551434759e-07
2.562500000000000e-01 3.583077701830001e-01 -2.124124264828467e-06
2.593750000000000e-01 3.648859072293631e-01 2.448192587458350e-06
2.625000000000000e-01 3.715531295615936e-01 4.793251007635274e-07
2.656250000000000e-01 3.783110649526354e-01 -3.153780883828620e-07
2.687500000000000e-01 3.851613633226258e-01 -1.762063281893825e-06
2.718750000000000e-01 3.921056971417164e-01 2.112191340763458e-06
2.750000000000000e-01 3.991457618383991e-01 -1.343301760414180e-07
2.781250000000000e-01 4.062832762134377e-01 1.248267470668374e-06
2.812500000000000e-01 4.135199828595055e-01 -2.126685437681547e-07
2.843750000000000e-01 4.208576485866312e-01 2.822367913082790e-06
2.875000000000000e-01 4.282980648535585e-01 4.208449763854904e-06
2.906250000000000e-01 4.358430482051222e-01 1.816401770416266e-06
2.937500000000000e-01 4.434944407157500e-01 2.776099527504226e-06
2.968750000000000e-01 4.512541104391968e-01 7.435165551171064e-07
3.000000000000000e-01 4.591239518646220e-01 -1.393883810635587e-07
3.031250000000000e-01 4.671058863791195e-01 -1.515240773186718e-08
3.062500000000000e-01 4.752018627368176e-01 1.267127231740057e-06
3.093750000000000e-01 4.834138575346580e-01 1.370342222133752e-06
3.125000000000000e-01 4.917438756949728e-01 2.348134002282926e-07
3.156250000000000e-01 5.001939509549778e-01 -1.315847179195296e-06
3.187500000000000e-01 5.087661463633005e-01 2.909429298808599e-06
3.218750000000000e-01 5.174625547836644e-01 -1.184892713625392e-07
3.250000000000000e-01 5.262852994058529e-01 1.689363483409293e-06
3.281250000000000e-01 5.352365342640750e-01 1.632264815982646e-06
3.312500000000000e-01 5.443184447628656e-01 2.378949645563421e-06
3.343750000000000e-01 5.535332482106405e-01 2.251516694515130e-06
3.375000000000000e-01 5.628831943610435e-01 1.915813741215446e-06
3.406250000000000e-01 5.723705659622137e-01 6.408427147489280e-07
3.437500000000000e-01 5.819976793141081e-01 2.054408444062472e-06
3.468750000000000e-01 5.917668848340161e-01 8.352761064973838e-07
3.500000000000000e-01 6.016805676304035e-01 1.171819309207451e-06
3.531250000000000e-01 6.117411480852264e-01 1.495486771022267e-06
3.562500000000000e-01 6.219510824448572e-01 5.341848793114994e-09
3.593750000000000e-01 6.323128634197650e-01 2.317489720434338e-06
3.625000000000000e-01 6.428290207931012e-01 1.603378141187883e-06
3.656250000000000e-01 6.535021220383342e-01 2.326365776286410e-06
3.687500000000000e-01 6.643347729460869e-01 7.313507233529193e-07
3.718750000000000e-01 6.753296182603294e-01 2.749728588770512e-06
3.750000000000000e-01 6.864893423240808e-01 1.759278458775596e-06
3.781250000000000e-01 6.978166697347804e-01 2.170668349015511e-06
3.812500000000000e-01 7.093143660094854e-01 9.486245298142212e-07
3.843750000000000e-01 7.209852382600603e-01 1.827366022273524e-06
3.875000000000000e-01 7.328321358785219e-01 2.561047395388334e-06
3.906250000000000e-01 7.448579512327029e-01 9.416956660431582e-07
3.937500000000000e-01 7.570656203724140e-01 2.897391788680504e-06
3.968750000000000e-01 7.694581237462648e-01 1.186315783328819e-06
4.000000000000000e-01 7.820384869293291e-01 2.233324800720052e-06
4.031250000000000e-01 7.948097813618253e-01 1.198455463573249e-06
4.062500000000000e-01 8.077751250989945e-01 2.662201562928213e-06
4.093750000000000e-01 8.209376835723596e-01 1.671583506608584e-06
4.125000000000000e-01 8.343006703625532e-01 2.911954718220474e-06
4.156250000000000e-01 8.478673479838968e-01 3.094845537054287e-06
4.187500000000000e-01 8.616410286809313e-01 1.415015814500250e-06
4.218750000000000e-01 8.756250752370857e-01 2.736734179332697e-06
4.250000000000000e-01 8.898229017956865e-01 1.174257536208993e-06
4.281250000000000e-01 9.042379746935050e-01 2.499686085365346e-06
4.312500000000000e-01 9.188738133070491e-01 1.919688209524395e-06
4.343750000000000e-01 9.337339909118028e-01 3.526383652649187e-06
4.375000000000000e-01 9.488221355546261e-01 3.093600297367025e-06
4.406250000000000e-01 9.641419309395265e-01 1.880159897089176e-06
4.437500000000000e-01 9.796971173270190e-01 2.922862556905803e-06
4.468750000000000e-01 9.954914924472941e-01 1.989152493879821e-06
4.500000000000000e-01 1.011528912427417e+00 3.295145684837462e-06
4.531250000000000e-01 1.027813292732786e+00 2.042660364346709e-06
4.562500000000000e-01 1.044348609123070e+00 2.823169346437871e-06
4.593750000000000e-01 1.061138898622882e+00 3.124272817254334e-06
4.625000000000000e-01 1.078188260507393e+00 3.003694631511255e-06
4.656250000000000e-01 1.095500857303154e+00 3.650018233435160e-06
4.687500000000000e-01 1.113080915804360e+00 2.517986161549884e-06
4.718750000000000e-01 1.130932728104805e+00 3.425896471184151e-06
4.750000000000000e-01 1.149060652645771e+00 2.576903708265639e-06
4.781250000000000e-01 1.167469115280130e+00 3.342498587262268e-06
4.812500000000000e-01 1.186162610352890e+00 3.517317066533910e-06
4.843750000000000e-01 1.205145701798475e+00 3.168935185063684e-06
4.875000000000000e-01 1.224423024254985e+00 4.205315607246760e-06
4.906250000000000e-01 1.243999284195726e+00 2.672242786489228e-06
4.937500000000000e-01 1.263879261078271e+00 4.031628341101659e-06
4.968750000000000e-01 1.284067808511348e+00 3.193441451993754e-06
5.000000000000000e-01 1.304569855439823e+00 3.716992248067861e-06
5.031250000000000e-01 1.325390407348082e+00 4.672649508979126e-06
5.062500000000000e-01 1.346534547482100e+00 3.102477552210365e-06
5.093750000000000e-01 1.368007438090487e+00 5.032535762515201e-06
5.125000000000001e-01 1.389814321684837e+00 3.007212143639146e-06
5.156250000000000e-01 1.411960522319654e+00 4.315184341866687e-06
5.187500000000000e-01 1.434451446892208e+00 4.882577735856137e-06
5.218750000000000e-01 1.457292586462593e+00 3.345882539098984e-06
5.250000000000000e-01 1.480489517594354e+00 6.200356625269836e-06
5.281250000000001e-01 1.504047903715979e+00 2.871524253775256e-06
5.312500000000000e-01 1.527973496503592e+00 5.190977729172824e-06
5.343750000000000e-01 1.552272137285215e+00 5.530937009477591e-06
5.375000000000000e-01 1.576949758466886e+00 3.264188248087181e-06
5.406250000000000e-01 1.602012384981041e+00 7.412996739490704e-06
5.437500000000001e-01 1.627466135757470e+00 2.966641787241480e-06
5.468750000000000e-01 1.653317225217225e+00 5.645187512986733e-06
5.500000000000000e-01 1.679571964789851e+00 7.211062958588547e-06
5.531250000000000e-01 1.706236764454286e+00 2.821414631815696e-06
5.562500000000000e-01 1.733318134303830e+00 8.034456611449836e-06
5.593750000000001e-01 1.760822686135563e+00 4.469841164737439e-06
5.625000000000000e-01 1.788757135064574e+00 5.660254313498362e-06
5.656250000000000e-01 1.817128301163438e+00 8.400126708889750e-06
5.687500000000000e-01 1.845943111127301e+00 2.937743056622075e-06
5.718750000000000e-01 1.875208599965003e+00 9.100045170065465e-06
5.750000000000001e-01 1.904931912716643e+00 6.304130474396118e-06
5.781250000000000e-01 1.935120306198011e+00 4.434448971820935e-06
5.812500000000000e-01 1.965781150772311e+00 1.096459910037285e-05
5.843750000000000e-01 1.996921932149593e+00 3.882348892060116e-06
5.875000000000000e-01 2.028550253214365e+00 8.012952893802659e-06
5.906250000000001e-01 2.060673835881802e+00 1.040604640192971e-05
5.937500000000000e-01 2.093300522983012e+00 3.160644338037034e-06
5.968750000000000e-01 2.126438280179837e+00 1.175283329909692e-05
6.000000000000001e-01 2.160095197909630e+00 8.307934008876226e-06
6.031250000000000e-01 2.194279493360494e+00 4.558356846007395e-06
6.062500000000001e-01 2.228999512477486e+00 1.442622963320861e-05
6.093750000000000e-01 2.264263732000228e+00 6.020269192687653e-06
6.125000000000000e-01 2.300080761532477e+00 7.444891451671131e-06
6.156250000000001e-01 2.336459345644116e+00 1.583226286195537e-05
6.187500000000000e-01 2.373408366006099e+00 4.373048924096898e-06
6.218750000000001e-01 2.410936843558884e+00 1.088791858021098e-05
6.250000000000000e-01 2.449053940714840e+00 1.649572092139903e-05
6.281250000000000e-01 2.487768963595221e+00 3.495894593657420e-06
6.312500000000001e-01 2.527091364302215e+00 1.436901599379205e-05
6.343750000000000e-01 2.567030743226622e+00 1.717630167987013e-05
6.375000000000001e-01 2.607596851391758e+00 3.119273540108514e-06
6.406250000000000e-01 2.648799592834118e+00 1.758399949245999e-05
6.437500000000000e-01 2.690649027021411e+00 1.856874567570016e-05
6.468750000000001e-01 2.733155371308524e+00 2.776847826906697e-06
6.500000000000000e-01 2.776329003432049e+00 2.035056737817737e-05
6.531250000000001e-01 2.820180464043967e+00 2.147200703306135e-05
6.562500000000000e-01 2.864720459285089e+00 2.283145836872056e-06
6.593750000000000e-01 2.909959863398929e+00 2.211684877018178e-05
6.625000000000001e-01 2.955909721386590e+00 2.671532042091255e-05
6.656250000000000e-01 3.002581251703353e+00 1.941390992205930e-06
6.687500000000001e-01 3.049985848997626e+00 2.158933759074143e-05
6.718750000000000e-01 3.098135086892879e+00 3.495704135723918e-05
6.750000000000000e-01 3.147040720813310e+00 3.656528392275797e-06
6.781250000000001e-01 3.196714690853871e+00 1.667492229503822e-05
6.812500000000000e-01 3.247169124695383e+00 4.519513827109592e-05
6.843750000000001e-01 3.298416340565477e+00 1.180377046775969e-05
6.875000000000000e-01 3.350468850246008e+00 6.146266075932854e-06
6.906250000000000e-01 3.403339362127777e+00 5.187491011753089e-05
6.937500000000001e-01 3.457040784313211e+00 3.258823123228828e-05
6.968750000000000e-01 3.511586227767823e+00 -4.735784003512595e-06
7.000000000000001e-01 3.566989009521205e+00 4.284524189879938e-05
7.031250000000000e-01 3.623262655918307e+00 6.548993956856543e-05
7.062500000000000e-01 3.680420905921852e+00 3.888817243894390e-06
7.093750000000001e-01 3.738477714466631e+00 9.765884254753645e-06
7.125000000000000e-01 3.797447255866536e+00 8.473086714216720e-05
7.156250000000001e-01 3.857343927275175e+00 5.703858451015068e-05
7.187500000000000e-01 3.918182352200844e+00 -1.623648938920926e-05
7.218750000000000e-01 3.979977384076828e+00 4.222403232558318e-05
7.250000000000001e-01 4.042744109887770e+00 1.234523908032833e-04
7.281250000000000e-01 4.106497853853101e+00 4.854292215643424e-05
7.312500000000001e-01 4.171254181168399e+00 -3.107245860565447e-05
7.343750000000000e-01 4.237028901805528e+00 7.237748454110742e-05
7.375000000000000e-01 4.303838074372613e+00 1.765777306828468e-04
7.406250000000001e-01 4.371698010034643e+00 6.768782237439413e-05
7.437500000000000e-01 4.440625276495786e+00 -5.722765943716179e-05
7.468750000000001e-01 4.510636702044332e+00 6.763797710342541e-05
7.500000000000000e-01 4.581749379661216e+00 2.605995675624281e-04
7.531250000000000e-01 4.653980671193226e+00 1.772156850493202e-04
7.562500000000001e-01 4.727348211591802e+00 -7.073924170126777e-05
7.593750000000000e-01 4.801869913218528e+00 -4.971315529969569e-05
7.625000000000001e-01 4.877563970218381e+00 2.876165162386545e-04
7.656250000000000e-01 4.954448862961714e+00 4.661038151758226e-04
7.687500000000000e-01 5.032543362556198e+00 1.784310982426137e-04
7.718750000000001e-01 5.111866535429675e+00 -2.136043715197712e-04
7.750000000000000e-01 5.192437747985146e+00 -1.138974087350078e-04
7.781250000000001e-01 5.274276671329015e+00 5.042973196009940e-04
7.812500000000000e-01 5.357403286073669e+00 9.796342103154491e-04
7.843750000000000e-01 5.441837887215693e+00 6.961043938231940e-04
7.875000000000001e-01 5.527601089090773e+00 -1.810229361156208e-04
7.906250000000000e-01 5.614713830406605e+00 -7.754028176343598e-04
7.937500000000001e-01 5.703197379355005e+00 -2.945350122501333e-04
7.968750000000000e-01 5.793073338804412e+00 1.217537033726514e-03
8.000000000000000e-01 5.884363651574169e+00 2.808240722873517e-03
8.031250000000001e-01 5.977090605791737e+00 3.216534451690034e-03
8.062500000000000e-01 6.071276840334257e+00 1.637310597674132e-03
8.093750000000001e-01 6.166945350355728e+00 -1.862395845324100e-03
8.125000000000000e-01 6.264119492901173e+00 -6.444694737197705e-03
8.156250000000000e-01 6.362822992609162e+00 -1.094161022996083e-02
8.187500000000001e-01 6.463079947504072e+00 -1.433035960023585e-02
8.218750000000000e-01 6.564914834879517e+00 -1.602503575493489e-02
8.250000000000001e-01 6.668352517274371e+00 -1.592970370726159e-02
8.281250000000000e-01 6.773418248542846e+00 -1.432079238157854e-02
8.312500000000000e-01 6.880137680020114e+00 -1.166470586916198e-02
8.343750000000001e-01 6.988536866784961e+00 -8.455126934371877e-03
8.375000000000000e-01 7.098642274021019e+00 -5.110243489105905e-03
8.406250000000001e-01 7.210480783478133e+00 -1.930782275727032e-03
8.437500000000000e-01 7.324079700035414e+00 9.009120169712289e-04
8.468750000000000e-01 7.439466758367605e+00 3.301525432845791e-03
8.500000000000001e-01 7.556670129716381e+00 5.259363756056110e-03
8.531250000000000e-01 7.675718428768239e+00 6.804429185175960e-03
8.562500000000001e-01 7.796640720640633e+00 7.982076631240273e-03
8.593750000000000e-01 7.919466527978115e+00 8.837423908290544e-03
8.625000000000000e-01 8.044225838160141e+00 9.412559230552080e-03
8.656250000000001e-01 8.170949110622363e+00 9.749656128531401e-03
8.687500000000000e-01 8.299667284293170e+00 9.889366532282845e-03
8.718750000000001e-01 8.430411785147284e+00 9.859905130411238e-03
8.750000000000000e-01 8.563214533878281e+00 9.663295912525188e-03
8.781250000000000e-01 8.698107953691880e+00 9.270297722632149e-03
8.812500000000001e-01 8.835124978221932e+00 8.631049822402396e-03
8.843750000000000e-01 8.974299059571019e+00 7.698226922375192e-03
8.875000000000001e-01 9.115664176477637e+00 6.452549466497668e-03
8.906250000000000e-01 9.259254842611947e+00 4.920503897386721e-03
8.937500000000000e-01 9.405106115002161e+00 3.179271123268129e-03
8.968750000000001e-01 9.553253602593529e+00 1.349075908686865e-03
9.000000000000000e-01 9.703733474942130e+00 -4.241309631954825e-04
9.031250000000001e-01 9.856582471045494e+00 -1.992015943513851e-03
9.062500000000000e-01 1.001183790831228e+01 -3.229000982148623e-03
9.093750000000000e-01 1.016953769167313e+01 -4.054025079029046e-03
9.125000000000001e-01 1.032972032283505e+01 -4.443553336808926e-03
9.156250000000000e-01 1.049242490968134e+01 -4.432208981521124e-03
9.187500000000001e-01 1.065769117581972e+01 -4.100990273392862e-03
9.218750000000000e-01 1.082555947028058e+01 -3.556927301981583e-03
9.250000000000000e-01 1.099607077736805e+01 -2.910395271701228e-03
9.281250000000001e-01 1.116926672666618e+01 -2.256182012061503e-03
9.312500000000000e-01 1.134518960320255e+01 -1.662180977658280e-03
9.343750000000001e-01 1.152388235777201e+01 -1.166514703472917e-03
9.375000000000000e-01 1.170538861742293e+01 -7.813351929687049e-04
9.406250000000000e-01 1.188975269610854e+01 -5.002808998796910e-04
9.437500000000001e-01 1.207701960550600e+01 -3.066332202684554e-04
9.468750000000000e-01 1.226723506600578e+01 -1.801282902600430e-04
9.500000000000001e-01 1.246044551787411e+01 -1.015256279153393e-04
9.531250000000000e-01 1.265669813259115e+01 -5.495782239551020e-05
9.562500000000000e-01 1.285604082436773e+01 -2.859798124277084e-05
9.593750000000001e-01 1.305852226184337e+01 -1.431705354696251e-05
9.625000000000000e-01 1.326419187996850e+01 -6.901084996900089e-06
9.656250000000001e-01 1.347309989207381e+01 -3.205055952988651e-06
9.687500000000000e-01 1.368529730212962e+01 -1.435146273398461e-06
9.718750000000000e-01 1.390083591719824e+01 -6.199659630048079e-07
9.750000000000001e-01 1.411976836008246e+01 -2.585249039186824e-07
9.781250000000000e-01 1.434214808217320e+01 -1.041204845744779e-07
9.812500000000001e-01 1.456802937649935e+01 -4.052200253208292e-08
9.843750000000000e-01 1.479746739098328e+01 -1.524687349524105e-08
9.875000000000000e-01 1.503051814190487e+01 -5.548340920514364e-09
9.906250000000001e-01 1.526723852757770e+01 -1.954954092325641e-09
9.937500000000000e-01 1.550768634224049e+01 -6.628643173462293e-10
9.968750000000001e-01 1.575192029016732e+01 -2.279451366589738e-10
1.000000000000000e+00 1.600000000000000e+01 -4.337945515728324e-11
