0.000000000000000e+00 0.000000000000000e+00 0.000000000000000e+00
3.125000000000000e-03 3.369263549427258e-03 7.499854813603446e-04
6.250000000000000e-03 6.739349689698711e-03 5.592937958299414e-04
9.375000000000001e-03 1.011108121249049e-02 -5.911601658173401e-05
1.250000000000000e-02 1.348528131119160e-02 2.211372160988475e-05
1.562500000000000e-02 1.686277378188298e-02 -6.616980484660395e-06
1.875000000000000e-02 2.024438322446370e-02 3.770064705765782e-05
2.187500000000000e-02 2.363093524397333e-02 -7.015559086191623e-05
2.500000000000000e-02 2.702325665215984e-02 2.215236519341948e-05
2.812500000000000e-02 3.042217566934200e-02 -1.693311744468321e-05
3.125000000000000e-02 3.382852212661575e-02 4.234840406126684e-06
3.437500000000000e-02 3.724312766845378e-02 -5.471869472413651e-05
3.750000000000001e-02 4.066682595574785e-02 4.063420269879194e-05
4.062500000000000e-02 4.410045286934348e-02 -5.572340641658549e-05
4.375000000000000e-02 4.754484671411652e-02 7.156438547149413e-05
4.687500000000000e-02 5.100084842364160e-02 -6.087518211950921e-05
5.000000000000000e-02 5.446930176550237e-02 6.076472269830682e-05
5.312500000000001e-02 5.795105354729364e-02 -5.104866742778535e-05
5.625000000000000e-02 6.144695382336569e-02 6.865738505856235e-05
5.937500000000000e-02 6.495785610236132e-02 -8.481107089752927e-05
6.250000000000000e-02 6.848461755559625e-02 7.253980270147443e-05
6.562500000000000e-02 7.202809922633362e-02 -8.154660187923767e-05
6.875000000000001e-02 7.558916624000402e-02 7.054995465620193e-05
7.187500000000001e-02 7.916868801542200e-02 -8.158641575549636e-05
7.500000000000001e-02 8.276753847705080e-02 1.075949310033319e-04
7.812500000000000e-02 8.638659626836727e-02 -8.590953640281773e-05
8.125000000000000e-02 9.002674496637868e-02 9.602278945850273e-05
8.437500000000001e-02 9.368887329734420e-02 -1.032140635645065e-04
8.750000000000001e-02 9.737387535375355e-02 8.734038440362846e-05
9.062500000000001e-02 1.010826508126157e-01 -9.524549860514815e-05
9.375000000000000e-02 1.048161051551108e-01 9.517369893900840e-05
9.687500000000000e-02 1.085751498876601e-01 -9.666237443195649e-05
1.000000000000000e-01 1.123607027644654e-01 8.053445982078714e-05
1.031250000000000e-01 1.161736880115753e-01 -9.015106190452129e-05
1.062500000000000e-01 1.200150365525305e-01 7.829963864292059e-05
1.093750000000000e-01 1.238856862356450e-01 -9.057682555005469e-05
1.125000000000000e-01 1.277865820629775e-01 7.371566936655521e-05
1.156250000000000e-01 1.317186764210495e-01 -8.978207664137019e-05
1.187500000000000e-01 1.356829293133661e-01 7.949947855002738e-05
1.218750000000000e-01 1.396803085947971e-01 -7.718856392381018e-05
1.250000000000000e-01 1.437117902078738e-01 5.978402168464733e-05
1.281250000000000e-01 1.477783584210617e-01 -5.405571497534824e-05
1.312500000000000e-01 1.518810060690650e-01 6.515013772454561e-05
1.343750000000000e-01 1.560207347952229e-01 -5.549508961644871e-05
1.375000000000000e-01 1.601985552960564e-01 5.114650489990069e-05
1.406250000000000e-01 1.644154875680252e-01 -5.141032721036169e-05
1.437500000000000e-01 1.686725611565558e-01 4.271114153830335e-05
1.468750000000000e-01 1.729708154074000e-01 -4.764813510184962e-05
1.500000000000000e-01 1.773112997203869e-01 3.125892665078334e-05
1.531250000000000e-01 1.816950738056289e-01 -2.993079352232292e-05
1.562500000000000e-01 1.861232079422458e-01 2.123694413151025e-05
1.593750000000000e-01 1.905967832396682e-01 -2.620248660575339e-05
1.625000000000000e-01 1.951168919015860e-01 1.647606660477288e-05
1.656250000000000e-01 1.996846374926046e-01 -1.462666003327815e-05
1.687500000000000e-01 2.043011352076760e-01 5.705585302382002e-06
1.718750000000000e-01 2.089675121443681e-01 -2.956217486849178e-06
1.750000000000000e-01 2.136849075780412e-01 5.279476485232172e-06
1.781250000000000e-01 2.184544732399964e-01 1.653044010584803e-06
1.812500000000000e-01 2.232773735986666e-01 -1.444551301083905e-05
1.843750000000000e-01 2.281547861439151e-01 1.559973065780503e-05
1.875000000000000e-01 2.330879016745160e-01 -1.636904314291970e-05
1.906250000000000e-01 2.380779245888810e-01 2.427213091949825e-05
1.937500000000000e-01 2.431260731791094e-01 -2.406819816264853e-05
1.968750000000000e-01 2.482335799284277e-01 2.929329447635553e-05
2.000000000000000e-01 2.534016918120952e-01 -3.477401168468494e-05
2.031250000000000e-01 2.586316706018478e-01 3.265791607297908e-05
2.062500000000000e-01 2.639247931739538e-01 -3.173543145780704e-05
2.093750000000000e-01 2.692823518209576e-01 3.515615700576617e-05
2.125000000000000e-01 2.747056545671873e-01 -3.315556617152131e-05
2.156250000000000e-01 2.801960254881028e-01 3.557689768651150e-05
2.187500000000000e-01 2.857548050335636e-01 -3.553609324097837e-05
2.218750000000000e-01 2.913833503550930e-01 3.351500251171336e-05
2.250000000000000e-01 2.970830356372213e-01 -3.276545391232315e-05
2.281250000000000e-01 3.028552524329863e-01 3.536477048973027e-05
2.312500000000000e-01 3.087014100036755e-01 -2.812305931433162e-05
2.343750000000000e-01 3.146229356628902e-01 2.647842349188200e-05
2.375000000000000e-01 3.206212751250189e-01 -2.145136062416639e-05
2.406250000000000e-01 3.266978928582008e-01 1.961243989392869e-05
2.437500000000000e-01 3.328542724418705e-01 -1.876399574503573e-05
2.468750000000000e-01 3.390919169289667e-01 1.446829205771143e-05
2.500000000000000e-01 3.454123492128958e-01 -9.562787983194658e-06
2.531250000000000e-01 3.518171123993401e-01 7.776819359392376e-06
2.562500000000000e-01 3.583077701830001e-01 -5.546920579245007e-06
2.593750000000000e-01 3.648859072293631e-01 -1.980379962310383e-07
2.625000000000000e-01 3.715531295615936e-01 5.606480529066394e-06
2.656250000000000e-01 3.783110649526354e-01 -7.503460127206837e-06
2.687500000000000e-01 3.851613633226258e-01 1.210187404177674e-05
2.718750000000000e-01 3.921056971417164e-01 -1.456820269459383e-05
2.750000000000000e-01 3.991457618383991e-01 1.767793796311165e-05
2.781250000000000e-01 4.062832762134377e-01 -2.181172425552177e-05
2.812500000000000e-01 4.135199828595055e-01 2.231345188639926e-05
2.843750000000000e-01 4.208576485866312e-01 -2.358660179261425e-05
2.875000000000000e-01 4.282980648535585e-01 2.248387065028112e-05
2.906250000000000e-01 4.358430482051222e-01 -2.545067838135540e-05
2.937500000000000e-01 4.434944407157500e-01 2.445885530979619e-05
2.968750000000000e-01 4.512541104391968e-01 -2.265398596970145e-05
3.000000000000000e-01 4.591239518646220e-01 1.973061811026803e-05
3.031250000000000e-01 4.671058863791195e-01 -1.886232198955872e-05
3.062500000000000e-01 4.752018627368176e-01 1.567490379436513e-05
3.093750000000000e-01 4.834138575346580e-01 -1.363108458078965e-05
3.125000000000000e-01 4.917438756949728e-01 1.118967463966342e-05
3.156250000000000e-01 5.001939509549778e-01 -8.329809505402121e-06
3.187500000000000e-01 5.087661463633005e-01 2.632210225448611e-06
3.218750000000000e-01 5.174625547836644e-01 1.920795712460349e-06
3.250000000000000e-01 5.262852994058529e-01 -4.077492676922519e-06
3.281250000000000e-01 5.352365342640750e-01 8.435197052896889e-06
3.312500000000000e-01 5.443184447628656e-01 -1.118422162029054e-05
3.343750000000000e-01 5.535332482106405e-01 1.555829387686762e-05
3.375000000000000e-01 5.628831943610435e-01 -1.469328797008475e-05
3.406250000000000e-01 5.723705659622137e-01 1.943329391301809e-05
3.437500000000000e-01 5.819976793141081e-01 -1.996964428663932e-05
3.468750000000000e-01 5.917668848340161e-01 2.001415514324797e-05
3.500000000000000e-01 6.016805676304035e-01 -1.993406555177125e-05
3.531250000000000e-01 6.117411480852264e-01 1.767145183939953e-05
3.562500000000000e-01 6.219510824448572e-01 -1.549746013456437e-05
3.593750000000000e-01 6.323128634197650e-01 1.351511544945118e-05
3.625000000000000e-01 6.428290207931012e-01 -1.060820792004749e-05
3.656250000000000e-01 6.535021220383342e-01 4.424318077937475e-06
3.687500000000000e-01 6.643347729460869e-01 -1.006603584026077e-06
3.718750000000000e-01 6.753296182603294e-01 -2.380712013124797e-06
3.750000000000000e-01 6.864893423240808e-01 7.405920645354274e-06
3.781250000000000e-01 6.978166697347804e-01 -1.048300996392756e-05
3.812500000000000e-01 7.093143660094854e-01 1.464958924328532e-05
3.843750000000000e-01 7.209852382600603e-01 -1.649206099534830e-05
3.875000000000000e-01 7.328321358785219e-01 1.871356609965073e-05
3.906250000000000e-01 7.448579512327029e-01 -1.921283560068188e-05
3.937500000000000e-01 7.570656203724140e-01 1.914648805106384e-05
3.968750000000000e-01 7.694581237462648e-01 -1.695988844555228e-05
4.000000000000000e-01 7.820384869293291e-01 1.300355677310597e-05
4.031250000000000e-01 7.948097813618253e-01 -9.588330382488769e-06
4.062500000000000e-01 8.077751250989945e-01 4.220423141071212e-06
4.093750000000000e-01 8.209376835723596e-01 1.087475080566440e-06
4.125000000000000e-01 8.343006703625532e-01 -4.112580649150156e-06
4.156250000000000e-01 8.478673479838968e-01 1.065077965047441e-05
4.187500000000000e-01 8.616410286809313e-01 -1.460874709989130e-05
4.218750000000000e-01 8.756250752370857e-01 1.913619381106049e-05
4.250000000000000e-01 8.898229017956865e-01 -1.926922870824588e-05
4.281250000000000e-01 9.042379746935050e-01 1.939752327745596e-05
4.312500000000000e-01 9.188738133070491e-01 -1.834978426918352e-05
4.343750000000000e-01 9.337339909118028e-01 1.377979029444113e-05
4.375000000000000e-01 9.488221355546261e-01 -8.742708527581289e-06
4.406250000000000e-01 9.641419309395265e-01 2.766847947927664e-06
4.437500000000000e-01 9.796971173270190e-01 4.273067160464189e-06
4.468750000000000e-01 9.954914924472941e-01 -9.431097279806924e-06
4.500000000000000e-01 1.011528912427417e+00 1.617680827744962e-05
4.531250000000000e-01 1.027813292732786e+00 -1.929282609012988e-05
4.562500000000000e-01 1.044348609123070e+00 2.171452277702987e-05
4.593750000000000e-01 1.061138898622882e+00 -2.030723774948811e-05
4.625000000000000e-01 1.078188260507393e+00 1.689186396423192e-05
4.656250000000000e-01 1.095500857303154e+00 -1.051240107407758e-05
4.687500000000000e-01 1.113080915804360e+00 3.655818110807485e-06
4.718750000000000e-01 1.130932728104805e+00 4.692432240517332e-06
4.750000000000000e-01 1.149060652645771e+00 -1.196299560429150e-05
4.781250000000000e-01 1.167469115280130e+00 1.865473097368611e-05
4.812500000000000e-01 1.186162610352890e+00 -2.173791579275606e-05
4.843750000000000e-01 1.205145701798475e+00 2.276607024842558e-05
4.875000000000000e-01 1.224423024254985e+00 -1.787147662421201e-05
4.906250000000000e-01 1.243999284195726e+00 1.259542655054009e-05
4.937500000000000e-01 1.263879261078271e+00 -4.055798841613507e-06
4.968750000000000e-01 1.284067808511348e+00 -5.525436266860251e-06
5.000000000000000e-01 1.304569855439823e+00 1.494483399575020e-05
5.031250000000000e-01 1.325390407348082e+00 -2.001867556161779e-05
5.062500000000000e-01 1.346534547482100e+00 2.365750243455415e-05
5.093750000000000e-01 1.368007438090487e+00 -2.108270247005333e-05
5.125000000000001e-01 1.389814321684837e+00 1.599599206804923e-05
5.156250000000000e-01 1.411960522319654e+00 -6.224233029404670e-06
5.187500000000000e-01 1.434451446892208e+00 -3.963877681286734e-06
5.218750000000000e-01 1.457292586462593e+00 1.457779080229285e-05
5.250000000000000e-01 1.480489517594354e+00 -2.090268563794929e-05
5.281250000000001e-01 1.504047903715979e+00 2.482693292810419e-05
5.312500000000000e-01 1.527973496503592e+00 -2.093303568779100e-05
5.343750000000000e-01 1.552272137285215e+00 1.424598630206024e-05
5.375000000000000e-01 1.576949758466886e+00 -2.153448515433952e-06
5.406250000000000e-01 1.602012384981041e+00 -9.439090051652515e-06
5.437500000000001e-01 1.627466135757470e+00 2.056606521928433e-05
5.468750000000000e-01 1.653317225217225e+00 -2.489155335128369e-05
5.500000000000000e-01 1.679571964789851e+00 2.485517164960784e-05
5.531250000000000e-01 1.706236764454286e+00 -1.555754139762778e-05
5.562500000000000e-01 1.733318134303830e+00 3.661620894476155e-06
5.593750000000001e-01 1.760822686135563e+00 1.165548697401090e-05
5.625000000000000e-01 1.788757135064574e+00 -2.213529309189050e-05
5.656250000000000e-01 1.817128301163438e+00 2.826702785052847e-05
5.687500000000000e-01 1.845943111127301e+00 -2.308072786103229e-05
5.718750000000000e-01 1.875208599965003e+00 1.310486321822923e-05
5.750000000000001e-01 1.904931912716643e+00 3.998162386924625e-06
5.781250000000000e-01 1.935120306198011e+00 -1.865256903941134e-05
5.812500000000000e-01 1.965781150772311e+00 2.977161773663811e-05
5.843750000000000e-01 1.996921932149593e+00 -2.747839099192485e-05
5.875000000000000e-01 2.028550253214365e+00 1.774377274001573e-05
5.906250000000001e-01 2.060673835881802e+00 1.959051511415290e-06
5.937500000000000e-01 2.093300522983012e+00 -1.936906790962145e-05
5.968750000000000e-01 2.126438280179837e+00 3.256688871450702e-05
6.000000000000001e-01 2.160095197909630e+00 -2.929182532627750e-05
6.031250000000000e-01 2.194279493360494e+00 1.630004826089488e-05
6.062500000000001e-01 2.228999512477486e+00 7.387924756587831e-06
6.093750000000000e-01 2.264263732000228e+00 -2.549210915699063e-05
6.125000000000000e-01 2.300080761532477e+00 3.609698450481068e-05
6.156250000000001e-01 2.336459345644116e+00 -2.658678300611222e-05
6.187500000000000e-01 2.373408366006099e+00 6.965769941957135e-06
6.218750000000001e-01 2.410936843558884e+00 2.096741441550228e-05
6.250000000000000e-01 2.449053940714840e+00 -3.565096776001875e-05
6.281250000000000e-01 2.487768963595221e+00 3.590789920496046e-05
6.312500000000001e-01 2.527091364302215e+00 -1.239529647366002e-05
6.343750000000000e-01 2.567030743226622e+00 -1.528486078948483e-05
6.375000000000001e-01 2.607596851391758e+00 3.992261237848527e-05
6.406250000000000e-01 2.648799592834118e+00 -3.776590700804797e-05
6.437500000000000e-01 2.690649027021411e+00 1.687825954474294e-05
6.468750000000001e-01 2.733155371308524e+00 2.060676765078934e-05
6.500000000000000e-01 2.776329003432049e+00 -4.216283495918023e-05
6.531250000000001e-01 2.820180464043967e+00 4.207597218807986e-05
6.562500000000000e-01 2.864720459285089e+00 -8.029037343875753e-06
6.593750000000000e-01 2.909959863398929e+00 -2.846616816822475e-05
6.625000000000001e-01 2.955909721386590e+00 5.240481805722235e-05
6.656250000000000e-01 3.002581251703353e+00 -3.339534440961983e-05
6.687500000000001e-01 3.049985848997626e+00 -6.328471080850623e-06
6.718750000000000e-01 3.098135086892879e+00 5.007493816879440e-05
6.750000000000000e-01 3.147040720813310e+00 -5.030227124016274e-05
6.781250000000001e-01 3.196714690853871e+00 1.579093752970613e-05
6.812500000000000e-01 3.247169124695383e+00 4.154058847147162e-05
6.843750000000001e-01 3.298416340565477e+00 -5.989028301020462e-05
6.875000000000000e-01 3.350468850246008e+00 3.365532673725911e-05
6.906250000000000e-01 3.403339362127777e+00 3.320615328290472e-05
6.937500000000001e-01 3.457040784313211e+00 -6.602744637265673e-05
6.968750000000000e-01 3.511586227767823e+00 4.612019129321513e-05
7.000000000000001e-01 3.566989009521205e+00 2.992744318861891e-05
7.031250000000000e-01 3.623262655918307e+00 -7.273408535561435e-05
7.062500000000000e-01 3.680420905921852e+00 5.260558434581090e-05
7.093750000000001e-01 3.738477714466631e+00 3.563879195407231e-05
7.125000000000000e-01 3.797447255866536e+00 -8.204613994278356e-05
7.156250000000001e-01 3.857343927275175e+00 5.056784041504996e-05
7.187500000000000e-01 3.918182352200844e+00 5.382727787302995e-05
7.218750000000000e-01 3.979977384076828e+00 -9.196982001477178e-05
7.250000000000001e-01 4.042744109887770e+00 3.342817832476637e-05
7.281250000000000e-01 4.106497853853101e+00 8.569955075433209e-05
7.312500000000001e-01 4.171254181168399e+00 -9.246654965318208e-05
7.343750000000000e-01 4.237028901805528e+00 -8.425095676026073e-06
7.375000000000000e-01 4.303838074372613e+00 1.230672582419951e-04
7.406250000000001e-01 4.371698010034643e+00 -6.229035199224145e-05
7.437500000000000e-01 4.440625276495786e+00 -7.787587454352844e-05
7.468750000000001e-01 4.510636702044332e+00 1.359473416387719e-04
7.500000000000000e-01 4.581749379661216e+00 2.297308833724466e-05
7.531250000000000e-01 4.653980671193226e+00 -1.452296734757936e-04
7.562500000000001e-01 4.727348211591802e+00 7.062120637496117e-05
7.593750000000000e-01 4.801869913218528e+00 1.493972143743082e-04
7.625000000000001e-01 4.877563970218381e+00 -1.230796733869926e-04
7.656250000000000e-01 4.954448862961714e+00 -9.471634279329580e-05
7.687500000000000e-01 5.032543362556198e+00 1.976888809186334e-04
7.718750000000001e-01 5.111866535429675e+00 7.118137882778206e-05
7.750000000000000e-01 5.192437747985146e+00 -2.149803493051402e-04
7.781250000000001e-01 5.274276671329015e+00 -2.952180106502625e-06
7.812500000000000e-01 5.357403286073669e+00 2.770803553439942e-04
7.843750000000000e-01 5.441837887215693e+00 1.833563880593099e-06
7.875000000000001e-01 5.527601089090773e+00 -2.818831676476539e-04
7.906250000000000e-01 5.614713830406605e+00 4.344575625595848e-05
7.937500000000001e-01 5.703197379355005e+00 3.675242110937099e-04
7.968750000000000e-01 5.793073338804412e+00 2.316481179722390e-05
8.000000000000000e-01 5.884363651574169e+00 -3.776323938368388e-04
8.031250000000001e-01 5.977090605791737e+00 -4.982410914949997e-05
8.062500000000000e-01 6.071276840334257e+00 4.847080646989998e-04
8.093750000000001e-01 6.166945350355728e+00 2.681333361331575e-04
8.125000000000000e-01 6.264119492901173e+00 -4.112824598223468e-04
8.156250000000000e-01 6.362822992609162e+00 -4.311539445095737e-04
8.187500000000001e-01 6.463079947504072e+00 3.493214275888350e-04
8.218750000000000e-01 6.564914834879517e+00 7.978179518070957e-04
8.250000000000001e-01 6.668352517274371e+00 1.730856574080261e-04
8.281250000000000e-01 6.773418248542846e+00 -7.554382370379817e-04
8.312500000000000e-01 6.880137680020114e+00 -7.007344499394338e-04
8.343750000000001e-01 6.988536866784961e+00 4.471690891383639e-04
8.375000000000000e-01 7.098642274021019e+00 1.419176724011800e-03
8.406250000000001e-01 7.210480783478133e+00 1.017798275648149e-03
8.437500000000000e-01 7.324079700035414e+00 -5.353854516412436e-04
8.468750000000000e-01 7.439466758367605e+00 -1.776214994050870e-03
8.500000000000001e-01 7.556670129716381e+00 -1.376461859852128e-03
8.531250000000000e-01 7.675718428768239e+00 6.770481030276108e-04
8.562500000000001e-01 7.796640720640633e+00 3.072279814007520e-03
8.593750000000000e-01 7.919466527978115e+00 4.145095593806496e-03
8.625000000000000e-01 8.044225838160141e+00 2.946913624727031e-03
8.656250000000001e-01 8.170949110622363e+00 -3.132558927699162e-04
8.687500000000000e-01 8.299667284293170e+00 -4.550139377366234e-03
8.718750000000001e-01 8.430411785147284e+00 -8.437556879962300e-03
8.750000000000000e-01 8.563214533878281e+00 -1.096948767254941e-02
8.781250000000000e-01 8.698107953691880e+00 -1.172362788890538e-02
8.812500000000001e-01 8.835124978221932e+00 -1.082654606590000e-02
8.843750000000000e-01 8.974299059571019e+00 -8.740902871097760e-03
8.875000000000001e-01 9.115664176477637e+00 -6.019376134209686e-03
8.906250000000000e-01 9.259254842611947e+00 -3.132685727318508e-03
8.937500000000000e-01 9.405106115002161e+00 -4.069441609397909e-04
8.968750000000001e-01 9.553253602593529e+00 1.962989801897098e-03
9.000000000000000e-01 9.703733474942130e+00 3.881765287746154e-03
9.031250000000001e-01 9.856582471045494e+00 5.334625136707911e-03
9.062500000000000e-01 1.001183790831228e+01 6.373556600075557e-03
9.093750000000000e-01 1.016953769167313e+01 7.088902280441536e-03
9.125000000000001e-01 1.032972032283505e+01 7.564926890745152e-03
9.156250000000000e-01 1.049242490968134e+01 7.838671961561315e-03
9.187500000000001e-01 1.065769117581972e+01 7.883723056064570e-03
9.218750000000000e-01 1.082555947028058e+01 7.626014866091317e-03
9.250000000000000e-01 1.099607077736805e+01 6.983229427405211e-03
9.281250000000001e-01 1.116926672666618e+01 5.911437420430937e-03
9.312500000000000e-01 1.134518960320255e+01 4.442165364542833e-03
9.343750000000001e-01 1.152388235777201e+01 2.696220000898988e-03
9.375000000000000e-01 1.170538861742293e+01 8.672881735301425e-04
9.406250000000000e-01 1.188975269610854e+01 -8.212441978244066e-04
9.437500000000001e-01 1.207701960550600e+01 -2.171673937551329e-03
9.468750000000000e-01 1.226723506600578e+01 -3.059305927154288e-03
9.500000000000001e-01 1.246044551787411e+01 -3.455192932708237e-03
9.531250000000000e-01 1.265669813259115e+01 -3.418995802154223e-03
9.562500000000000e-01 1.285604082436773e+01 -3.068958065893120e-03
9.593750000000001e-01 1.305852226184337e+01 -2.543127726628507e-03
9.625000000000000e-01 1.326419187996850e+01 -1.965719952862139e-03
9.656250000000001e-01 1.347309989207381e+01 -1.426923977916390e-03
9.687500000000000e-01 1.368529730212962e+01 -9.774709089919787e-04
9.718750000000000e-01 1.390083591719824e+01 -6.341866864401141e-04
9.750000000000001e-01 1.411976836008246e+01 -3.908374523293263e-04
9.781250000000000e-01 1.434214808217320e+01 -2.293375470734207e-04
9.812500000000001e-01 1.456802937649935e+01 -1.283840428200920e-04
9.843750000000000e-01 1.479746739098328e+01 -6.869120731887810e-05
9.875000000000000e-01 1.503051814190487e+01 -3.516322773452198e-05
9.906250000000001e-01 1.526723852757770e+01 -1.727910417931518e-05
9.937500000000000e-01 1.550768634224049e+01 -8.086090055380428e-06
9.968750000000001e-01 1.575192029016732e+01 -3.749789875960562e-06
1.000000000000000e+00 1.600000000000000e+01 -1.426521378789398e-06
