0.000000000000000e+00 0.000000000000000e+00 0.000000000000000e+00
3.125000000000000e-03 3.369263549427258e-03 -2.035108037156825e-03
6.250000000000000e-03 6.739349689698711e-03 -3.271964071414465e-06
9.375000000000001e-03 1.011108121249049e-02 -3.195827152430284e-04
1.250000000000000e-02 1.348528131119160e-02 2.495424619576891e-05
1.562500000000000e-02 1.686277378188298e-02 -5.546895768910432e-05
1.875000000000000e-02 2.024438322446370e-02 4.248590238817181e-05
2.187500000000000e-02 2.363093524397333e-02 -6.339735382776983e-05
2.500000000000000e-02 2.702325665215984e-02 -1.615110316458522e-05
2.812500000000000e-02 3.042217566934200e-02 -1.082048371141146e-05
3.125000000000000e-02 3.382852212661575e-02 3.618446881557474e-05
3.437500000000000e-02 3.724312766845378e-02 1.656808924533853e-05
3.750000000000001e-02 4.066682595574785e-02 3.558300107542991e-05
4.062500000000000e-02 4.410045286934348e-02 9.235390634132621e-06
4.375000000000000e-02 4.754484671411652e-02 8.021429715363546e-06
4.687500000000000e-02 5.100084842364160e-02 -1.532167549648836e-06
5.000000000000000e-02 5.446930176550237e-02 8.351950885078952e-06
5.312500000000001e-02 5.795105354729364e-02 1.538901578317481e-05
5.625000000000000e-02 6.144695382336569e-02 3.676939735698264e-05
5.937500000000000e-02 6.495785610236132e-02 3.854644914195904e-05
6.250000000000000e-02 6.848461755559625e-02 4.371976873369956e-05
6.562500000000000e-02 7.202809922633362e-02 2.233747465632184e-05
6.875000000000001e-02 7.558916624000402e-02 2.585763189563301e-05
7.187500000000001e-02 7.916868801542200e-02 3.223204597071347e-05
7.500000000000001e-02 8.276753847705080e-02 4.829009054654417e-05
7.812500000000000e-02 8.638659626836727e-02 3.109803569969033e-05
8.125000000000000e-02 9.002674496637868e-02 3.089078345059778e-05
8.437500000000001e-02 9.368887329734420e-02 4.413673421836192e-05
8.750000000000001e-02 9.737387535375355e-02 4.831750317584662e-05
9.062500000000001e-02 1.010826508126157e-01 3.798114071538361e-05
9.375000000000000e-02 1.048161051551108e-01 3.935346687077694e-05
9.687500000000000e-02 1.085751498876601e-01 5.171092667515909e-05
1.000000000000000e-01 1.123607027644654e-01 5.033229164664003e-05
1.031250000000000e-01 1.161736880115753e-01 5.105096738068672e-05
1.062500000000000e-01 1.200150365525305e-01 5.216644273439722e-05
1.093750000000000e-01 1.238856862356450e-01 5.342379692983374e-05
1.125000000000000e-01 1.277865820629775e-01 5.624758342933266e-05
1.156250000000000e-01 1.317186764210495e-01 5.890392077247719e-05
1.187500000000000e-01 1.356829293133661e-01 7.052061581339227e-05
1.218750000000000e-01 1.396803085947971e-01 6.710985819296836e-05
1.250000000000000e-01 1.437117902078738e-01 6.225280446173301e-05
1.281250000000000e-01 1.477783584210617e-01 5.992578646167682e-05
1.312500000000000e-01 1.518810060690650e-01 6.681856678139041e-05
1.343750000000000e-01 1.560207347952229e-01 6.955350698304050e-05
1.375000000000000e-01 1.601985552960564e-01 6.621787920426338e-05
1.406250000000000e-01 1.644154875680252e-01 7.427063308542319e-05
1.437500000000000e-01 1.686725611565558e-01 8.699328393709824e-05
1.468750000000000e-01 1.729708154074000e-01 7.601772568452271e-05
1.500000000000000e-01 1.773112997203869e-01 8.270381305360736e-05
1.531250000000000e-01 1.816950738056289e-01 8.222049162422106e-05
1.562500000000000e-01 1.861232079422458e-01 8.384257204499801e-05
1.593750000000000e-01 1.905967832396682e-01 8.950689548933482e-05
1.625000000000000e-01 1.951168919015860e-01 9.137536056239632e-05
1.656250000000000e-01 1.996846374926046e-01 8.550071056839329e-05
1.687500000000000e-01 2.043011352076760e-01 9.067745683854141e-05
1.718750000000000e-01 2.089675121443681e-01 9.397314987456785e-05
1.750000000000000e-01 2.136849075780412e-01 9.323685930896962e-05
1.781250000000000e-01 2.184544732399964e-01 1.033504905532944e-04
1.812500000000000e-01 2.232773735986666e-01 1.022036050126832e-04
1.843750000000000e-01 2.281547861439151e-01 1.052569705001961e-04
1.875000000000000e-01 2.330879016745160e-01 1.095476169024530e-04
1.906250000000000e-01 2.380779245888810e-01 1.108293061363462e-04
1.937500000000000e-01 2.431260731791094e-01 1.096401553553062e-04
1.968750000000000e-01 2.482335799284277e-01 1.143427285184058e-04
2.000000000000000e-01 2.534016918120952e-01 1.138051210855187e-04
2.031250000000000e-01 2.586316706018478e-01 1.160945413295748e-04
2.062500000000000e-01 2.639247931739538e-01 1.224303028283240e-04
2.093750000000000e-01 2.692823518209576e-01 1.235390751087754e-04
2.125000000000000e-01 2.747056545671873e-01 1.315154037021480e-04
2.156250000000000e-01 2.801960254881028e-01 1.305780391536854e-04
2.187500000000000e-01 2.857548050335636e-01 1.333894927920013e-04
2.218750000000000e-01 2.913833503550930e-01 1.331726164076395e-04
2.250000000000000e-01 2.970830356372213e-01 1.391391036166731e-04
2.281250000000000e-01 3.028552524329863e-01 1.376521114716058e-04
2.312500000000000e-01 3.087014100036755e-01 1.438400067972112e-04
2.343750000000000e-01 3.146229356628902e-01 1.478236758272448e-04
2.375000000000000e-01 3.206212751250189e-01 1.478014273436072e-04
2.406250000000000e-01 3.266978928582008e-01 1.537990903846408e-04
2.437500000000000e-01 3.328542724418705e-01 1.548176674702520e-04
2.468750000000000e-01 3.390919169289667e-01 1.605386988814520e-04
2.500000000000000e-01 3.454123492128958e-01 1.603295969844042e-04
2.531250000000000e-01 3.518171123993401e-01 1.672025507231024e-04
2.562500000000000e-01 3.583077701830001e-01 1.695041906726578e-04
2.593750000000000e-01 3.648859072293631e-01 1.713092981505523e-04
2.625000000000000e-01 3.715531295615936e-01 1.739645721028036e-04
2.656250000000000e-01 3.783110649526354e-01 1.781861302991287e-04
2.687500000000000e-01 3.851613633226258e-01 1.864898160048489e-04
2.718750000000000e-01 3.921056971417164e-01 1.857845639619337e-04
2.750000000000000e-01 3.991457618383991e-01 1.918108815253619e-04
2.781250000000000e-01 4.062832762134377e-01 1.921582192157944e-04
2.812500000000000e-01 4.135199828595055e-01 1.983570771990766e-04
2.843750000000000e-01 4.208576485866312e-01 2.012533016698455e-04
2.875000000000000e-01 4.282980648535585e-01 2.044718492979938e-04
2.906250000000000e-01 4.358430482051222e-01 2.114713894705960e-04
2.937500000000000e-01 4.434944407157500e-01 2.134725501275447e-04
2.968750000000000e-01 4.512541104391968e-01 2.204046033879997e-04
3.000000000000000e-01 4.591239518646220e-01 2.222615134114623e-04
3.031250000000000e-01 4.671058863791195e-01 2.274069002583901e-04
3.062500000000000e-01 4.752018627368176e-01 2.316512861501439e-04
3.093750000000000e-01 4.834138575346580e-01 2.360556524283301e-04
3.125000000000000e-01 4.917438756949728e-01 2.428224514609141e-04
3.156250000000000e-01 5.001939509549778e-01 2.460168056970836e-04
3.187500000000000e-01 5.087661463633005e-01 2.526063367130312e-04
3.218750000000000e-01 5.174625547836644e-01 2.557337543030342e-04
3.250000000000000e-01 5.262852994058529e-01 2.611321703915526e-04
3.281250000000000e-01 5.352365342640750e-01 2.673336918215359e-04
3.312500000000000e-01 5.443184447628656e-01 2.727670521829491e-04
3.343750000000000e-01 5.535332482106405e-01 2.792186357148654e-04
3.375000000000000e-01 5.628831943610435e-01 2.847856221299778e-04
3.406250000000000e-01 5.723705659622137e-01 2.894636387557559e-04
3.437500000000000e-01 5.819976793141081e-01 2.955930641736413e-04
3.468750000000000e-01 5.917668848340161e-01 3.026725612618506e-04
3.500000000000000e-01 6.016805676304035e-01 3.086743433906834e-04
3.531250000000000e-01 6.117411480852264e-01 3.163614360857015e-04
3.562500000000000e-01 6.219510824448572e-01 3.215846529209899e-04
3.593750000000000e-01 6.323128634197650e-01 3.285069076778616e-04
3.625000000000000e-01 6.428290207931012e-01 3.370660997333475e-04
3.656250000000000e-01 6.535021220383342e-01 3.430288442828246e-04
3.687500000000000e-01 6.643347729460869e-01 3.524469714272815e-04
3.718750000000000e-01 6.753296182603294e-01 3.579344946481633e-04
3.750000000000000e-01 6.864893423240808e-01 3.653153157364498e-04
3.781250000000000e-01 6.978166697347804e-01 3.765587405655582e-04
3.812500000000000e-01 7.093143660094854e-01 3.836945594282881e-04
3.843750000000000e-01 7.209852382600603e-01 3.913998765027045e-04
3.875000000000000e-01 7.328321358785219e-01 4.007089005256466e-04
3.906250000000000e-01 7.448579512327029e-01 4.108884932378310e-04
3.937500000000000e-01 7.570656203724140e-01 4.197831257644666e-04
3.968750000000000e-01 7.694581237462648e-01 4.290814822019782e-04
4.000000000000000e-01 7.820384869293291e-01 4.404414630211068e-04
4.031250000000000e-01 7.948097813618253e-01 4.498279757508062e-04
4.062500000000000e-01 8.077751250989945e-01 4.610620973169638e-04
4.093750000000000e-01 8.209376835723596e-01 4.722794133366828e-04
4.125000000000000e-01 8.343006703625532e-01 4.833841986266457e-04
4.156250000000000e-01 8.478673479838968e-01 4.959477550421385e-04
4.187500000000000e-01 8.616410286809313e-01 5.075658350585024e-04
4.218750000000000e-01 8.756250752370857e-01 5.207617408936845e-04
4.250000000000000e-01 8.898229017956865e-01 5.339653041287705e-04
4.281250000000000e-01 9.042379746935050e-01 5.471302644144500e-04
4.312500000000000e-01 9.188738133070491e-01 5.619796236883145e-04
4.343750000000000e-01 9.337339909118028e-01 5.758920568512053e-04
4.375000000000000e-01 9.488221355546261e-01 5.913536170639357e-04
4.406250000000000e-01 9.641419309395265e-01 6.071239973828837e-04
4.437500000000000e-01 9.796971173270190e-01 6.228028109886527e-04
4.468750000000000e-01 9.954914924472941e-01 6.402351154746242e-04
4.500000000000000e-01 1.011528912427417e+00 6.571591314026421e-04
4.531250000000000e-01 1.027813292732786e+00 6.751477485346987e-04
4.562500000000000e-01 1.044348609123070e+00 6.941750501228042e-04
4.593750000000000e-01 1.061138898622882e+00 7.127253822461129e-04
4.625000000000000e-01 1.078188260507393e+00 7.330903996993222e-04
4.656250000000000e-01 1.095500857303154e+00 7.534336279672333e-04
4.687500000000000e-01 1.113080915804360e+00 7.741963415826853e-04
4.718750000000000e-01 1.130932728104805e+00 7.964883252463347e-04
4.750000000000000e-01 1.149060652645771e+00 8.183522613474377e-04
4.781250000000000e-01 1.167469115280130e+00 8.412721810346743e-04
4.812500000000000e-01 1.186162610352890e+00 8.650231640643995e-04
4.843750000000000e-01 1.205145701798475e+00 8.882265264133219e-04
4.875000000000000e-01 1.224423024254985e+00 9.127158626909652e-04
4.906250000000000e-01 1.243999284195726e+00 9.370203610964278e-04
4.937500000000000e-01 1.263879261078271e+00 9.608899155761043e-04
4.968750000000000e-01 1.284067808511348e+00 9.854760905212440e-04
5.000000000000000e-01 1.304569855439823e+00 1.008862545747174e-03
5.031250000000000e-01 1.325390407348082e+00 1.031333208750479e-03
5.062500000000000e-01 1.346534547482100e+00 1.053272455717675e-03
5.093750000000000e-01 1.368007438090487e+00 1.072405534959893e-03
5.125000000000001e-01 1.389814321684837e+00 1.089262063234153e-03
5.156250000000000e-01 1.411960522319654e+00 1.103167002626173e-03
5.187500000000000e-01 1.434451446892208e+00 1.111669661088306e-03
5.218750000000000e-01 1.457292586462593e+00 1.114675844594619e-03
5.250000000000000e-01 1.480489517594354e+00 1.110455987271731e-03
5.281250000000001e-01 1.504047903715979e+00 1.095795338339209e-03
5.312500000000000e-01 1.527973496503592e+00 1.069465160267320e-03
5.343750000000000e-01 1.552272137285215e+00 1.027999566341877e-03
5.375000000000000e-01 1.576949758466886e+00 9.667200818515169e-04
5.406250000000000e-01 1.602012384981041e+00 8.821591421364175e-04
5.437500000000001e-01 1.627466135757470e+00 7.681712732704786e-04
5.468750000000000e-01 1.653317225217225e+00 6.167348053399189e-04
5.500000000000000e-01 1.679571964789851e+00 4.205899266442892e-04
5.531250000000000e-01 1.706236764454286e+00 1.692057870404488e-04
5.562500000000000e-01 1.733318134303830e+00 -1.512130732279043e-04
5.593750000000001e-01 1.760822686135563e+00 -5.550483959553057e-04
5.625000000000000e-01 1.788757135064574e+00 -1.060216990528999e-03
5.656250000000000e-01 1.817128301163438e+00 -1.689362536443724e-03
5.687500000000000e-01 1.845943111127301e+00 -2.467612105497546e-03
5.718750000000000e-01 1.875208599965003e+00 -3.424434116200118e-03
5.750000000000001e-01 1.904931912716643e+00 -4.594755830238039e-03
5.781250000000000e-01 1.935120306198011e+00 -6.015727268935145e-03
5.812500000000000e-01 1.965781150772311e+00 -7.726465019986610e-03
5.843750000000000e-01 1.996921932149593e+00 -9.768393502018663e-03
5.875000000000000e-01 2.028550253214365e+00 -1.217926489321599e-02
5.906250000000001e-01 2.060673835881802e+00 -1.498394385811033e-02
5.937500000000000e-01 2.093300522983012e+00 -1.818485416597461e-02
5.968750000000000e-01 2.126438280179837e+00 -2.174804491615771e-02
6.000000000000001e-01 2.160095197909630e+00 -2.558838982963638e-02
6.031250000000000e-01 2.194279493360494e+00 -2.956355778443365e-02
6.062500000000001e-01 2.228999512477486e+00 -3.347952163313037e-02
6.093750000000000e-01 2.264263732000228e+00 -3.710598882150895e-02
6.125000000000000e-01 2.300080761532477e+00 -4.020203782481058e-02
6.156250000000001e-01 2.336459345644116e+00 -4.255039094093332e-02
6.187500000000000e-01 2.373408366006099e+00 -4.398504856962471e-02
6.218750000000001e-01 2.410936843558884e+00 -4.441016164892943e-02
6.250000000000000e-01 2.449053940714840e+00 -4.380473672514955e-02
6.281250000000000e-01 2.487768963595221e+00 -4.221910066597349e-02
6.312500000000001e-01 2.527091364302215e+00 -3.976043015250456e-02
6.343750000000000e-01 2.567030743226622e+00 -3.657302039760062e-02
6.375000000000001e-01 2.607596851391758e+00 -3.282005738151290e-02
6.406250000000000e-01 2.648799592834118e+00 -2.866819064755070e-02
6.437500000000000e-01 2.690649027021411e+00 -2.427627760354500e-02
6.468750000000001e-01 2.733155371308524e+00 -1.978597350342771e-02
6.500000000000000e-01 2.776329003432049e+00 -1.531733945801612e-02
6.531250000000001e-01 2.820180464043967e+00 -1.096783651821933e-02
6.562500000000000e-01 2.864720459285089e+00 -6.813306995166631e-03
6.593750000000000e-01 2.909959863398929e+00 -2.909167554752443e-03
6.625000000000001e-01 2.955909721386590e+00 7.078686015391781e-04
6.656250000000000e-01 3.002581251703353e+00 4.016633946073015e-03
6.687500000000001e-01 3.049985848997626e+00 7.008276552798441e-03
6.718750000000000e-01 3.098135086892879e+00 9.683328138046132e-03
6.750000000000000e-01 3.147040720813310e+00 1.204979063773456e-02
6.781250000000001e-01 3.196714690853871e+00 1.412120071190197e-02
6.812500000000000e-01 3.247169124695383e+00 1.591492064758138e-02
6.843750000000001e-01 3.298416340565477e+00 1.745019820395927e-02
6.875000000000000e-01 3.350468850246008e+00 1.874686998194527e-02
6.906250000000000e-01 3.403339362127777e+00 1.982464919096796e-02
6.937500000000001e-01 3.457040784313211e+00 2.070275533901640e-02
6.968750000000000e-01 3.511586227767823e+00 2.139949199385102e-02
7.000000000000001e-01 3.566989009521205e+00 2.193196553389097e-02
7.031250000000000e-01 3.623262655918307e+00 2.231568747667579e-02
7.062500000000000e-01 3.680420905921852e+00 2.256432871718107e-02
7.093750000000001e-01 3.738477714466631e+00 2.268980656233981e-02
7.125000000000000e-01 3.797447255866536e+00 2.270222690513653e-02
7.156250000000001e-01 3.857343927275175e+00 2.261005691369210e-02
7.187500000000000e-01 3.918182352200844e+00 2.242020363097331e-02
7.218750000000000e-01 3.979977384076828e+00 2.213795375025628e-02
7.250000000000001e-01 4.042744109887770e+00 2.176713077644921e-02
7.281250000000000e-01 4.106497853853101e+00 2.130994054455028e-02
7.312500000000001e-01 4.171254181168399e+00 2.076713202057259e-02
7.343750000000000e-01 4.237028901805528e+00 2.013790635410276e-02
7.375000000000000e-01 4.303838074372613e+00 1.942005613893526e-02
7.406250000000001e-01 4.371698010034643e+00 1.861000144117613e-02
7.437500000000000e-01 4.440625276495786e+00 1.770297012145155e-02
7.468750000000001e-01 4.510636702044332e+00 1.669320350039164e-02
7.500000000000000e-01 4.581749379661216e+00 1.557433295984335e-02
7.531250000000000e-01 4.653980671193226e+00 1.433999247387630e-02
7.562500000000001e-01 4.727348211591802e+00 1.298483145571199e-02
7.593750000000000e-01 4.801869913218528e+00 1.150601692640075e-02
7.625000000000001e-01 4.877563970218381e+00 9.905194378126737e-03
7.656250000000000e-01 4.954448862961714e+00 8.190662056309299e-03
7.687500000000000e-01 5.032543362556198e+00 6.379318402518501e-03
7.718750000000001e-01 5.111866535429675e+00 4.497848003762989e-03
7.750000000000000e-01 5.192437747985146e+00 2.582688240219407e-03
7.781250000000001e-01 5.274276671329015e+00 6.785598253895637e-04
7.812500000000000e-01 5.357403286073669e+00 -1.164323845406618e-03
7.843750000000000e-01 5.441837887215693e+00 -2.893944978737888e-03
7.875000000000001e-01 5.527601089090773e+00 -4.460462871216707e-03
7.906250000000000e-01 5.614713830406605e+00 -5.819884866954821e-03
7.937500000000001e-01 5.703197379355005e+00 -6.936987604445578e-03
7.968750000000000e-01 5.793073338804412e+00 -7.787298628623699e-03
8.000000000000000e-01 5.884363651574169e+00 -8.358177919313731e-03
8.031250000000001e-01 5.977090605791737e+00 -8.649165377269908e-03
8.062500000000000e-01 6.071276840334257e+00 -8.671757187302133e-03
8.093750000000001e-01 6.166945350355728e+00 -8.448678410557362e-03
8.125000000000000e-01 6.264119492901173e+00 -8.012608704087446e-03
8.156250000000000e-01 6.362822992609162e+00 -7.404269888154064e-03
8.187500000000001e-01 6.463079947504072e+00 -6.669837903475017e-03
8.218750000000000e-01 6.564914834879517e+00 -5.857783785479829e-03
8.250000000000001e-01 6.668352517274371e+00 -5.015421523038025e-03
8.281250000000000e-01 6.773418248542846e+00 -4.185572944633471e-03
8.312500000000000e-01 6.880137680020114e+00 -3.403795638367415e-03
8.343750000000001e-01 6.988536866784961e+00 -2.696541610721042e-03
8.375000000000000e-01 7.098642274021019e+00 -2.080445165242747e-03
8.406250000000001e-01 7.210480783478133e+00 -1.562729722762324e-03
8.437500000000000e-01 7.324079700035414e+00 -1.142533346894543e-03
8.468750000000000e-01 7.439466758367605e+00 -8.128268670301153e-04
8.500000000000001e-01 7.556670129716381e+00 -5.625571387649382e-04
8.531250000000000e-01 7.675718428768239e+00 -3.786854651231165e-04
8.562500000000001e-01 7.796640720640633e+00 -2.478829285440358e-04
8.593750000000000e-01 7.919466527978115e+00 -1.577580461816091e-04
8.625000000000000e-01 8.044225838160141e+00 -9.759831591419678e-05
8.656250000000001e-01 8.170949110622363e+00 -5.868616894709098e-05
8.687500000000000e-01 8.299667284293170e+00 -3.429382883520654e-05
8.718750000000001e-01 8.430411785147284e+00 -1.947306111220136e-05
8.750000000000000e-01 8.563214533878281e+00 -1.074356821119675e-05
8.781250000000000e-01 8.698107953691880e+00 -5.758686192137748e-06
8.812500000000001e-01 8.835124978221932e+00 -2.998675142055356e-06
8.843750000000000e-01 8.974299059571019e+00 -1.516850983566316e-06
8.875000000000001e-01 9.115664176477637e+00 -7.453249748380354e-07
8.906250000000000e-01 9.259254842611947e+00 -3.557332995224334e-07
8.937500000000000e-01 9.405106115002161e+00 -1.649191188623808e-07
8.968750000000001e-01 9.553253602593529e+00 -7.426446479594415e-08
9.000000000000000e-01 9.703733474942130e+00 -3.248288851501660e-08
9.031250000000001e-01 9.856582471045494e+00 -1.380052034200977e-08
9.062500000000000e-01 1.001183790831228e+01 -5.695221681632260e-09
9.093750000000000e-01 1.016953769167313e+01 -2.283023612513631e-09
9.125000000000001e-01 1.032972032283505e+01 -8.890125084959990e-10
9.156250000000000e-01 1.049242490968134e+01 -3.362937009938367e-10
9.187500000000001e-01 1.065769117581972e+01 -1.235836544192227e-10
9.218750000000000e-01 1.082555947028058e+01 -4.412197513970805e-11
9.250000000000000e-01 1.099607077736805e+01 -1.530462022857002e-11
9.281250000000001e-01 1.116926672666618e+01 -5.158075295869106e-12
9.312500000000000e-01 1.134518960320255e+01 -1.689178930034102e-12
9.343750000000001e-01 1.152388235777201e+01 -5.375430069848137e-13
9.375000000000000e-01 1.170538861742293e+01 -1.662372351826843e-13
9.406250000000000e-01 1.188975269610854e+01 -4.996316685998413e-14
9.437500000000001e-01 1.207701960550600e+01 -1.459513621079398e-14
9.468750000000000e-01 1.226723506600578e+01 -4.144133256125427e-15
9.500000000000001e-01 1.246044551787411e+01 -1.143821317978550e-15
9.531250000000000e-01 1.265669813259115e+01 -3.069119214247255e-16
9.562500000000000e-01 1.285604082436773e+01 -8.006323812777048e-17
9.593750000000001e-01 1.305852226184337e+01 -2.030717680852385e-17
9.625000000000000e-01 1.326419187996850e+01 -5.008371405126522e-18
9.656250000000001e-01 1.347309989207381e+01 -1.201179672568442e-18
9.687500000000000e-01 1.368529730212962e+01 -2.801676841238696e-19
9.718750000000000e-01 1.390083591719824e+01 -6.355666180357717e-20
9.750000000000001e-01 1.411976836008246e+01 -1.402399003742681e-20
9.781250000000000e-01 1.434214808217320e+01 -3.010122711226089e-21
9.812500000000001e-01 1.456802937649935e+01 -6.285409424852599e-22
9.843750000000000e-01 1.479746739098328e+01 -1.276892867146337e-22
9.875000000000000e-01 1.503051814190487e+01 -2.523947065560014e-23
9.906250000000001e-01 1.526723852757770e+01 -4.854873356301406e-24
9.937500000000000e-01 1.550768634224049e+01 -9.066868512048576e-25
9.968750000000001e-01 1.575192029016732e+01 -1.744983817771780e-25
1.000000000000000e+00 1.600000000000000e+01 2.565930119638661e-26
