0.000000000000000e+00 0.000000000000000e+00 0.000000000000000e+00
3.125000000000000e-03 3.369263549427258e-03 -6.769882190453581e-02
6.250000000000000e-03 6.739349689698711e-03 1.157868298773378e-04
9.375000000000001e-03 1.011108121249049e-02 -7.202301939819400e-03
1.250000000000000e-02 1.348528131119160e-02 -6.534743029512860e-05
1.562500000000000e-02 1.686277378188298e-02 -2.620888527812009e-03
1.875000000000000e-02 2.024438322446370e-02 -1.154777606946795e-05
2.187500000000000e-02 2.363093524397333e-02 -1.317015705017388e-03
2.500000000000000e-02 2.702325665215984e-02 -7.747064182874395e-05
2.812500000000000e-02 3.042217566934200e-02 -7.362937910555516e-04
3.125000000000000e-02 3.382852212661575e-02 -2.303538749282081e-05
3.437500000000000e-02 3.724312766845378e-02 -4.844899993790762e-04
3.750000000000001e-02 4.066682595574785e-02 -4.289632457252849e-05
4.062500000000000e-02 4.410045286934348e-02 -3.247130720572759e-04
4.375000000000000e-02 4.754484671411652e-02 -6.066148495449871e-05
4.687500000000000e-02 5.100084842364160e-02 -2.292711825634770e-04
5.000000000000000e-02 5.446930176550237e-02 -7.073137385578705e-05
5.312500000000001e-02 5.795105354729364e-02 -1.515597677774843e-04
5.625000000000000e-02 6.144695382336569e-02 -5.859895093287567e-05
5.937500000000000e-02 6.495785610236132e-02 -9.260480189180961e-05
6.250000000000000e-02 6.848461755559625e-02 -4.990434873905325e-05
6.562500000000000e-02 7.202809922633362e-02 -6.031079580131655e-05
6.875000000000001e-02 7.558916624000402e-02 -6.859721014381238e-05
7.187500000000001e-02 7.916868801542200e-02 -3.290589582759464e-05
7.500000000000001e-02 8.276753847705080e-02 -8.375421455081200e-05
7.812500000000000e-02 8.638659626836727e-02 -7.628220420254737e-06
8.125000000000000e-02 9.002674496637868e-02 -7.038990115140929e-05
8.437500000000001e-02 9.368887329734420e-02 -1.826271550353868e-06
8.750000000000001e-02 9.737387535375355e-02 -8.649936125476411e-05
9.062500000000001e-02 1.010826508126157e-01 2.228234060846205e-05
9.375000000000000e-02 1.048161051551108e-01 -8.261553459517670e-05
9.687500000000000e-02 1.085751498876601e-01 3.410512872495216e-05
1.000000000000000e-01 1.123607027644654e-01 -8.732446797331763e-05
1.031250000000000e-01 1.161736880115753e-01 3.340984558354154e-05
1.062500000000000e-01 1.200150365525305e-01 -8.434895800217707e-05
1.093750000000000e-01 1.238856862356450e-01 4.154362405327711e-05
1.125000000000000e-01 1.277865820629775e-01 -7.381529935166920e-05
1.156250000000000e-01 1.317186764210495e-01 4.324202047597463e-05
1.187500000000000e-01 1.356829293133661e-01 -7.433165861276401e-05
1.218750000000000e-01 1.396803085947971e-01 4.215067828759010e-05
1.250000000000000e-01 1.437117902078738e-01 -6.881497687344034e-05
1.281250000000000e-01 1.477783584210617e-01 4.712303386455602e-05
1.312500000000000e-01 1.518810060690650e-01 -7.265089098255658e-05
1.343750000000000e-01 1.560207347952229e-01 4.535428667637135e-05
1.375000000000000e-01 1.601985552960564e-01 -6.045451436528841e-05
1.406250000000000e-01 1.644154875680252e-01 3.886412342490626e-05
1.437500000000000e-01 1.686725611565558e-01 -5.819503045744374e-05
1.468750000000000e-01 1.729708154074000e-01 3.776131467217990e-05
1.500000000000000e-01 1.773112997203869e-01 -4.161332594218115e-05
1.531250000000000e-01 1.816950738056289e-01 2.374646221642087e-05
1.562500000000000e-01 1.861232079422458e-01 -4.027616299025055e-05
1.593750000000000e-01 1.905967832396682e-01 1.895525596955976e-05
1.625000000000000e-01 1.951168919015860e-01 -3.635042225907991e-05
1.656250000000000e-01 1.996846374926046e-01 1.593091216189444e-05
1.687500000000000e-01 2.043011352076760e-01 -2.309997657313759e-05
1.718750000000000e-01 2.089675121443681e-01 4.569850418651816e-06
1.750000000000000e-01 2.136849075780412e-01 -1.779915092462529e-05
1.781250000000000e-01 2.184544732399964e-01 -5.396320344482929e-06
1.812500000000000e-01 2.232773735986666e-01 -9.882688153500444e-06
1.843750000000000e-01 2.281547861439151e-01 -7.591845274833882e-06
1.875000000000000e-01 2.330879016745160e-01 3.352454746247971e-06
1.906250000000000e-01 2.380779245888810e-01 -1.822507233974405e-05
1.937500000000000e-01 2.431260731791094e-01 1.164594960491462e-05
1.968750000000000e-01 2.482335799284277e-01 -2.584045575382702e-05
2.000000000000000e-01 2.534016918120952e-01 1.585924534091165e-05
2.031250000000000e-01 2.586316706018478e-01 -3.382806917530507e-05
2.062500000000000e-01 2.639247931739538e-01 2.252934344764869e-05
2.093750000000000e-01 2.692823518209576e-01 -3.785657420419884e-05
2.125000000000000e-01 2.747056545671873e-01 2.612361696622062e-05
2.156250000000000e-01 2.801960254881028e-01 -4.233346622458749e-05
2.187500000000000e-01 2.857548050335636e-01 3.296550362091138e-05
2.218750000000000e-01 2.913833503550930e-01 -4.506285431861973e-05
2.250000000000000e-01 2.970830356372213e-01 3.258559271506338e-05
2.281250000000000e-01 3.028552524329863e-01 -4.477263313146099e-05
2.312500000000000e-01 3.087014100036755e-01 3.562194405271657e-05
2.343750000000000e-01 3.146229356628902e-01 -4.611536245504332e-05
2.375000000000000e-01 3.206212751250189e-01 3.595287912664991e-05
2.406250000000000e-01 3.266978928582008e-01 -4.016345814793615e-05
2.437500000000000e-01 3.328542724418705e-01 3.204628361194884e-05
2.468750000000000e-01 3.390919169289667e-01 -3.776396879796876e-05
2.500000000000000e-01 3.454123492128958e-01 2.689105172653791e-05
2.531250000000000e-01 3.518171123993401e-01 -3.227147738020417e-05
2.562500000000000e-01 3.583077701830001e-01 2.203935648645535e-05
2.593750000000000e-01 3.648859072293631e-01 -2.443733660426307e-05
2.625000000000000e-01 3.715531295615936e-01 1.670003729574082e-05
2.656250000000000e-01 3.783110649526354e-01 -1.702866192256301e-05
2.687500000000000e-01 3.851613633226258e-01 8.955047120179432e-06
2.718750000000000e-01 3.921056971417164e-01 -6.734573849618306e-06
2.750000000000000e-01 3.991457618383991e-01 1.552939337681402e-07
2.781250000000000e-01 4.062832762134377e-01 1.664874847259952e-06
2.812500000000000e-01 4.135199828595055e-01 -8.823911372021419e-06
2.843750000000000e-01 4.208576485866312e-01 9.570364178192726e-06
2.875000000000000e-01 4.282980648535585e-01 -1.560348063339520e-05
2.906250000000000e-01 4.358430482051222e-01 1.607702713071764e-05
2.937500000000000e-01 4.434944407157500e-01 -2.207690292940664e-05
2.968750000000000e-01 4.512541104391968e-01 2.174812476446246e-05
3.000000000000000e-01 4.591239518646220e-01 -2.595009354302299e-05
3.031250000000000e-01 4.671058863791195e-01 2.641201431247193e-05
3.062500000000000e-01 4.752018627368176e-01 -2.701625243438456e-05
3.093750000000000e-01 4.834138575346580e-01 2.527702919136114e-05
3.125000000000000e-01 4.917438756949728e-01 -2.659502090180587e-05
3.156250000000000e-01 5.001939509549778e-01 2.269473275140566e-05
3.187500000000000e-01 5.087661463633005e-01 -2.409765593431022e-05
3.218750000000000e-01 5.174625547836644e-01 1.873326163059764e-05
3.250000000000000e-01 5.262852994058529e-01 -1.738165237967651e-05
3.281250000000000e-01 5.352365342640750e-01 1.043650618721085e-05
3.312500000000000e-01 5.443184447628656e-01 -1.032302193864729e-05
3.343750000000000e-01 5.535332482106405e-01 1.946371188326008e-06
3.375000000000000e-01 5.628831943610435e-01 8.805672302544497e-07
3.406250000000000e-01 5.723705659622137e-01 -9.171728844933302e-06
3.437500000000000e-01 5.819976793141081e-01 1.015826555659636e-05
3.468750000000000e-01 5.917668848340161e-01 -1.802877924079977e-05
3.500000000000000e-01 6.016805676304035e-01 1.924250337506788e-05
3.531250000000000e-01 6.117411480852264e-01 -2.509634327873862e-05
3.562500000000000e-01 6.219510824448572e-01 2.508926058515804e-05
3.593750000000000e-01 6.323128634197650e-01 -2.816352038848250e-05
3.625000000000000e-01 6.428290207931012e-01 2.744247005050588e-05
3.656250000000000e-01 6.535021220383342e-01 -2.786422858891289e-05
3.687500000000000e-01 6.643347729460869e-01 2.587555004428584e-05
3.718750000000000e-01 6.753296182603294e-01 -2.308385970368917e-05
3.750000000000000e-01 6.864893423240808e-01 1.791158660187550e-05
3.781250000000000e-01 6.978166697347804e-01 -1.366678026916389e-05
3.812500000000000e-01 7.093143660094854e-01 7.234133501564924e-06
3.843750000000000e-01 7.209852382600603e-01 -8.611668267226650e-07
3.875000000000000e-01 7.328321358785219e-01 -6.868267074469486e-06
3.906250000000000e-01 7.448579512327029e-01 1.179216108035420e-05
3.937500000000000e-01 7.570656203724140e-01 -1.883241569038253e-05
3.968750000000000e-01 7.694581237462648e-01 2.240574887040773e-05
4.000000000000000e-01 7.820384869293291e-01 -2.660822425447976e-05
4.031250000000000e-01 7.948097813618253e-01 2.773792146958286e-05
4.062500000000000e-01 8.077751250989945e-01 -2.870907166302908e-05
4.093750000000000e-01 8.209376835723596e-01 2.582411219467852e-05
4.125000000000000e-01 8.343006703625532e-01 -2.294765971352323e-05
4.156250000000000e-01 8.478673479838968e-01 1.612005690351061e-05
4.187500000000000e-01 8.616410286809313e-01 -9.595739423174395e-06
4.218750000000000e-01 8.756250752370857e-01 1.552569713892045e-07
4.250000000000000e-01 8.898229017956865e-01 6.674055830638222e-06
4.281250000000000e-01 9.042379746935050e-01 -1.621645630452213e-05
4.312500000000000e-01 9.188738133070491e-01 2.317403513781327e-05
4.343750000000000e-01 9.337339909118028e-01 -2.860400297201622e-05
4.375000000000000e-01 9.488221355546261e-01 3.116029314678318e-05
4.406250000000000e-01 9.641419309395265e-01 -3.104975975237327e-05
4.437500000000000e-01 9.796971173270190e-01 2.856659394786825e-05
4.468750000000000e-01 9.954914924472941e-01 -2.270738001181575e-05
4.500000000000000e-01 1.011528912427417e+00 1.399892503349125e-05
4.531250000000000e-01 1.027813292732786e+00 -4.436274086121452e-06
4.562500000000000e-01 1.044348609123070e+00 -7.205987247909907e-06
4.593750000000000e-01 1.061138898622882e+00 1.670818238172089e-05
4.625000000000000e-01 1.078188260507393e+00 -2.577290001356885e-05
4.656250000000000e-01 1.095500857303154e+00 3.083100148391416e-05
4.687500000000000e-01 1.113080915804360e+00 -3.277269013747111e-05
4.718750000000000e-01 1.130932728104805e+00 3.031203555501476e-05
4.750000000000000e-01 1.149060652645771e+00 -2.408407911861907e-05
4.781250000000000e-01 1.167469115280130e+00 1.399260565422452e-05
4.812500000000000e-01 1.186162610352890e+00 -1.886399948683055e-06
4.843750000000000e-01 1.205145701798475e+00 -1.077359772496958e-05
4.875000000000000e-01 1.224423024254985e+00 2.217803882116131e-05
4.906250000000000e-01 1.243999284195726e+00 -3.013431160838021e-05
4.937500000000000e-01 1.263879261078271e+00 3.365262294069954e-05
4.968750000000000e-01 1.284067808511348e+00 -3.250568846918721e-05
5.000000000000000e-01 1.304569855439823e+00 2.570790880263078e-05
5.031250000000000e-01 1.325390407348082e+00 -1.432554155881609e-05
5.062500000000000e-01 1.346534547482100e+00 6.782723514854536e-07
5.093750000000000e-01 1.368007438090487e+00 1.304027171173341e-05
5.125000000000001e-01 1.389814321684837e+00 -2.476775947254096e-05
5.156250000000000e-01 1.411960522319654e+00 3.227432152565770e-05
5.187500000000000e-01 1.434451446892208e+00 -3.335880887083923e-05
5.218750000000000e-01 1.457292586462593e+00 2.851562557598393e-05
5.250000000000000e-01 1.480489517594354e+00 -1.755585424382971e-05
5.281250000000001e-01 1.504047903715979e+00 3.252443876426558e-06
5.312500000000000e-01 1.527973496503592e+00 1.246535112657737e-05
5.343750000000000e-01 1.552272137285215e+00 -2.550166903959972e-05
5.375000000000000e-01 1.576949758466886e+00 3.377002224664415e-05
5.406250000000000e-01 1.602012384981041e+00 -3.426766089023323e-05
5.437500000000001e-01 1.627466135757470e+00 2.734244267975372e-05
5.468750000000000e-01 1.653317225217225e+00 -1.302246359520437e-05
5.500000000000000e-01 1.679571964789851e+00 -4.141873881210968e-06
5.531250000000000e-01 1.706236764454286e+00 2.182319755282239e-05
5.562500000000000e-01 1.733318134303830e+00 -3.347687737514463e-05
5.593750000000001e-01 1.760822686135563e+00 3.705890581438940e-05
5.625000000000000e-01 1.788757135064574e+00 -2.974887787647828e-05
5.656250000000000e-01 1.817128301163438e+00 1.443015774556615e-05
5.687500000000000e-01 1.845943111127301e+00 6.907448805560359e-06
5.718750000000000e-01 1.875208599965003e+00 -2.555668960220012e-05
5.750000000000001e-01 1.904931912716643e+00 3.781787830186791e-05
5.781250000000000e-01 1.935120306198011e+00 -3.766692864461256e-05
5.812500000000000e-01 1.965781150772311e+00 2.651082925386901e-05
5.843750000000000e-01 1.996921932149593e+00 -4.514865760068238e-06
5.875000000000000e-01 2.028550253214365e+00 -1.856630527863291e-05
5.906250000000001e-01 2.060673835881802e+00 3.712393197982885e-05
5.937500000000000e-01 2.093300522983012e+00 -4.136330513218073e-05
5.968750000000000e-01 2.126438280179837e+00 3.162475947123133e-05
6.000000000000001e-01 2.160095197909630e+00 -7.659416878042661e-06
6.031250000000000e-01 2.194279493360494e+00 -1.866907194404875e-05
6.062500000000001e-01 2.228999512477486e+00 4.013056910702688e-05
6.093750000000000e-01 2.264263732000228e+00 -4.402186120901577e-05
6.125000000000000e-01 2.300080761532477e+00 3.099052512309167e-05
6.156250000000001e-01 2.336459345644116e+00 -1.707182344370368e-06
6.187500000000000e-01 2.373408366006099e+00 -2.770113137490644e-05
6.218750000000001e-01 2.410936843558884e+00 4.749175907941875e-05
6.250000000000000e-01 2.449053940714840e+00 -4.316720974740484e-05
6.281250000000000e-01 2.487768963595221e+00 1.947095548817687e-05
6.312500000000001e-01 2.527091364302215e+00 1.757668868088400e-05
6.343750000000000e-01 2.567030743226622e+00 -4.490780277999832e-05
6.375000000000001e-01 2.607596851391758e+00 5.205237537378853e-05
6.406250000000000e-01 2.648799592834118e+00 -2.831035132789482e-05
6.437500000000000e-01 2.690649027021411e+00 -9.959457803223664e-06
6.468750000000001e-01 2.733155371308524e+00 4.724394478117744e-05
6.500000000000000e-01 2.776329003432049e+00 -5.536460845677238e-05
6.531250000000001e-01 2.820180464043967e+00 3.294674940946854e-05
6.562500000000000e-01 2.864720459285089e+00 1.466674944492961e-05
6.593750000000000e-01 2.909959863398929e+00 -5.223481613885139e-05
6.625000000000001e-01 2.955909721386590e+00 6.066646764151380e-05
6.656250000000000e-01 3.002581251703353e+00 -2.460584503145179e-05
6.687500000000001e-01 3.049985848997626e+00 -2.714566272171238e-05
6.718750000000000e-01 3.098135086892879e+00 6.630578848990820e-05
6.750000000000000e-01 3.147040720813310e+00 -5.476133361147497e-05
6.781250000000001e-01 3.196714690853871e+00 4.992372970171893e-06
6.812500000000000e-01 3.247169124695383e+00 5.624717672950092e-05
6.843750000000001e-01 3.298416340565477e+00 -7.185417427544747e-05
6.875000000000000e-01 3.350468850246008e+00 3.408080465405315e-05
6.906250000000000e-01 3.403339362127777e+00 4.000038875029419e-05
6.937500000000001e-01 3.457040784313211e+00 -7.925308297640455e-05
6.968750000000000e-01 3.511586227767823e+00 5.590864356187068e-05
7.000000000000001e-01 3.566989009521205e+00 2.596109430142020e-05
7.031250000000000e-01 3.623262655918307e+00 -8.352262065307219e-05
7.062500000000000e-01 3.680420905921852e+00 7.084629427743625e-05
7.093750000000001e-01 3.738477714466631e+00 1.945953647326080e-05
7.125000000000000e-01 3.797447255866536e+00 -9.015350896243402e-05
7.156250000000001e-01 3.857343927275175e+00 7.912170144242815e-05
7.187500000000000e-01 3.918182352200844e+00 2.511947075294805e-05
7.218750000000000e-01 3.979977384076828e+00 -1.024856762958755e-04
7.250000000000001e-01 4.042744109887770e+00 7.841682977630797e-05
7.281250000000000e-01 4.106497853853101e+00 4.727519518367431e-05
7.312500000000001e-01 4.171254181168399e+00 -1.185167842486326e-04
7.343750000000000e-01 4.237028901805528e+00 6.022023834416046e-05
7.375000000000000e-01 4.303838074372613e+00 8.887086418412367e-05
7.406250000000001e-01 4.371698010034643e+00 -1.266589822271435e-04
7.437500000000000e-01 4.440625276495786e+00 1.108549052060663e-05
7.468750000000001e-01 4.510636702044332e+00 1.420407608550157e-04
7.500000000000000e-01 4.581749379661216e+00 -9.975962223606140e-05
7.531250000000000e-01 4.653980671193226e+00 -7.702295085081785e-05
7.562500000000001e-01 4.727348211591802e+00 1.719253573553767e-04
7.593750000000000e-01 4.801869913218528e+00 -2.976477845858611e-06
7.625000000000001e-01 4.877563970218381e+00 -1.735393288045508e-04
7.656250000000000e-01 4.954448862961714e+00 1.089121574540129e-04
7.687500000000000e-01 5.032543362556198e+00 1.574666350504337e-04
7.718750000000001e-01 5.111866535429675e+00 -1.723985925136461e-04
7.750000000000000e-01 5.192437747985146e+00 -8.872612807022076e-05
7.781250000000001e-01 5.274276671329015e+00 2.440464560201492e-04
7.812500000000000e-01 5.357403286073669e+00 4.540381424133858e-05
7.843750000000000e-01 5.441837887215693e+00 -2.638590869249253e-04
7.875000000000001e-01 5.527601089090773e+00 3.012132944653614e-05
7.906250000000000e-01 5.614713830406605e+00 3.187958769784630e-04
7.937500000000001e-01 5.703197379355005e+00 -4.543843617355030e-05
7.968750000000000e-01 5.793073338804412e+00 -3.303583145894885e-04
8.000000000000000e-01 5.884363651574169e+00 8.964415249599295e-05
8.031250000000001e-01 5.977090605791737e+00 4.147252896114583e-04
8.062500000000000e-01 6.071276840334257e+00 -3.127263614693885e-05
8.093750000000001e-01 6.166945350355728e+00 -4.444756652124711e-04
8.125000000000000e-01 6.264119492901173e+00 -1.063991086227450e-05
8.156250000000000e-01 6.362822992609162e+00 5.588906664839171e-04
8.187500000000001e-01 6.463079947504072e+00 2.379232823711054e-04
8.218750000000000e-01 6.564914834879517e+00 -5.135295090729320e-04
8.250000000000001e-01 6.668352517274371e+00 -4.509978197847568e-04
8.281250000000000e-01 6.773418248542846e+00 4.413419215094668e-04
8.312500000000000e-01 6.880137680020114e+00 8.581205089554414e-04
8.343750000000001e-01 6.988536866784961e+00 9.586945014953744e-05
8.375000000000000e-01 7.098642274021019e+00 -8.875897970011560e-04
8.406250000000001e-01 7.210480783478133e+00 -7.277014508307493e-04
8.437500000000000e-01 7.324079700035414e+00 5.567632391848477e-04
8.468750000000000e-01 7.439466758367605e+00 1.528952951108864e-03
8.500000000000001e-01 7.556670129716381e+00 9.824045870297196e-04
8.531250000000000e-01 7.675718428768239e+00 -7.107746534776365e-04
8.562500000000001e-01 7.796640720640633e+00 -1.944996215936228e-03
8.593750000000000e-01 7.919466527978115e+00 -1.399991664660084e-03
8.625000000000000e-01 8.044225838160141e+00 8.026593029603890e-04
8.656250000000001e-01 8.170949110622363e+00 3.225119698932089e-03
8.687500000000000e-01 8.299667284293170e+00 4.190379242847792e-03
8.718750000000001e-01 8.430411785147284e+00 2.840176177218841e-03
8.750000000000000e-01 8.563214533878281e+00 -5.003356422786845e-04
8.781250000000000e-01 8.698107953691880e+00 -4.672836221915734e-03
8.812500000000001e-01 8.835124978221932e+00 -8.349011569631843e-03
8.843750000000000e-01 8.974299059571019e+00 -1.058296810046931e-02
8.875000000000001e-01 9.115664176477637e+00 -1.104538375739326e-02
8.906250000000000e-01 9.259254842611947e+00 -9.942073752331670e-03
8.937500000000000e-01 9.405106115002161e+00 -7.766922321613612e-03
8.968750000000001e-01 9.553253602593529e+00 -5.057757923729140e-03
9.000000000000000e-01 9.703733474942130e+00 -2.254649123686643e-03
9.031250000000001e-01 9.856582471045494e+00 3.350692534137798e-04
9.062500000000000e-01 1.001183790831228e+01 2.527388754463602e-03
9.093750000000000e-01 1.016953769167313e+01 4.246350965308295e-03
9.125000000000001e-01 1.032972032283505e+01 5.511967878802346e-03
9.156250000000000e-01 1.049242490968134e+01 6.408055735215161e-03
9.187500000000001e-01 1.065769117581972e+01 7.031838417218488e-03
9.218750000000000e-01 1.082555947028058e+01 7.440937250916399e-03
9.250000000000000e-01 1.099607077736805e+01 7.625462701046198e-03
9.281250000000001e-01 1.116926672666618e+01 7.515062212725084e-03
9.312500000000000e-01 1.134518960320255e+01 7.017107490842131e-03
9.343750000000001e-01 1.152388235777201e+01 6.069071952705125e-03
9.375000000000000e-01 1.170538861742293e+01 4.685340831722150e-03
9.406250000000000e-01 1.188975269610854e+01 2.979335065775072e-03
9.437500000000001e-01 1.207701960550600e+01 1.149966716789662e-03
9.468750000000000e-01 1.226723506600578e+01 -5.649491070537896e-04
9.500000000000001e-01 1.246044551787411e+01 -1.951030875038320e-03
9.531250000000000e-01 1.265669813259115e+01 -2.871089240724680e-03
9.562500000000000e-01 1.285604082436773e+01 -3.290855058550681e-03
9.593750000000001e-01 1.305852226184337e+01 -3.270958672020873e-03
9.625000000000000e-01 1.326419187996850e+01 -2.933758732578042e-03
9.656250000000001e-01 1.347309989207381e+01 -2.421326336921562e-03
9.687500000000000e-01 1.368529730212962e+01 -1.859917292756692e-03
9.718750000000000e-01 1.390083591719824e+01 -1.339526993086961e-03
9.750000000000001e-01 1.411976836008246e+01 -9.092582241641069e-04
9.781250000000000e-01 1.434214808217320e+01 -5.839923862751447e-04
9.812500000000001e-01 1.456802937649935e+01 -3.559807783487321e-04
9.843750000000000e-01 1.479746739098328e+01 -2.064994745913026e-04
9.875000000000000e-01 1.503051814190487e+01 -1.141607115444601e-04
9.906250000000001e-01 1.526723852757770e+01 -6.040739861258356e-05
9.937500000000000e-01 1.550768634224049e+01 -3.036914527465968e-05
9.968750000000001e-01 1.575192029016732e+01 -1.506262717835181e-05
1.000000000000000e+00 1.600000000000000e+01 -6.488110185000164e-06
