0.000000000000000e+00 0.000000000000000e+00 0.000000000000000e+00
3.125000000000000e-03 3.369263549427258e-03 -9.930791609422003e-04
6.250000000000000e-03 6.739349689698711e-03 -2.835018652182750e-03
9.375000000000001e-03 1.011108121249049e-02 -5.432126667845778e-03
1.250000000000000e-02 1.348528131119160e-02 -7.457222378568153e-03
1.562500000000000e-02 1.686277378188298e-02 -9.511552354112194e-03
1.875000000000000e-02 2.024438322446370e-02 -1.149529146144633e-02
2.187500000000000e-02 2.363093524397333e-02 -1.358847496594631e-02
2.500000000000000e-02 2.702325665215984e-02 -1.561228905454257e-02
2.812500000000000e-02 3.042217566934200e-02 -1.762013268965177e-02
3.125000000000000e-02 3.382852212661575e-02 -1.958767389940416e-02
3.437500000000000e-02 3.724312766845378e-02 -2.159827805752025e-02
3.750000000000001e-02 4.066682595574785e-02 -2.361833524849689e-02
4.062500000000000e-02 4.410045286934348e-02 -2.567838068605141e-02
4.375000000000000e-02 4.754484671411652e-02 -2.769929399321508e-02
4.687500000000000e-02 5.100084842364160e-02 -2.968247268846277e-02
5.000000000000000e-02 5.446930176550237e-02 -3.166564964259613e-02
5.312500000000001e-02 5.795105354729364e-02 -3.367507620399127e-02
5.625000000000000e-02 6.144695382336569e-02 -3.568676803656044e-02
5.937500000000000e-02 6.495785610236132e-02 -3.775804041226790e-02
6.250000000000000e-02 6.848461755559625e-02 -3.981407207450106e-02
6.562500000000000e-02 7.202809922633362e-02 -4.190344653394806e-02
6.875000000000001e-02 7.558916624000402e-02 -4.398062855477381e-02
7.187500000000001e-02 7.916868801542200e-02 -4.606924749581463e-02
7.500000000000001e-02 8.276753847705080e-02 -4.815599164700950e-02
7.812500000000000e-02 8.638659626836727e-02 -5.024880652474795e-02
8.125000000000000e-02 9.002674496637868e-02 -5.234603634233527e-02
8.437500000000001e-02 9.368887329734420e-02 -5.444997208423102e-02
8.750000000000001e-02 9.737387535375355e-02 -5.656104519420498e-02
9.062500000000001e-02 1.010826508126157e-01 -5.868007137365237e-02
9.375000000000000e-02 1.048161051551108e-01 -6.080754118593047e-02
9.687500000000000e-02 1.085751498876601e-01 -6.294391077949733e-02
1.000000000000000e-01 1.123607027644654e-01 -6.508955836827340e-02
1.031250000000000e-01 1.161736880115753e-01 -6.724482160861257e-02
1.062500000000000e-01 1.200150365525305e-01 -6.941000336176753e-02
1.093750000000000e-01 1.238856862356450e-01 -7.158537933996080e-02
1.125000000000000e-01 1.277865820629775e-01 -7.377120196085163e-02
1.156250000000000e-01 1.317186764210495e-01 -7.596770299229427e-02
1.187500000000000e-01 1.356829293133661e-01 -7.817509519206035e-02
1.218750000000000e-01 1.396803085947971e-01 -8.039357331673004e-02
1.250000000000000e-01 1.437117902078738e-01 -8.262331468090002e-02
1.281250000000000e-01 1.477783584210617e-01 -8.486447939164568e-02
1.312500000000000e-01 1.518810060690650e-01 -8.711721034032546e-02
1.343750000000000e-01 1.560207347952229e-01 -8.938163300695266e-02
1.375000000000000e-01 1.601985552960564e-01 -9.165785511551852e-02
1.406250000000000e-01 1.644154875680252e-01 -9.394596616842231e-02
1.437500000000000e-01 1.686725611565558e-01 -9.624603688003658e-02
1.468750000000000e-01 1.729708154074000e-01 -9.855811852343849e-02
1.500000000000000e-01 1.773112997203869e-01 -1.008822422009249e-01
1.531250000000000e-01 1.816950738056289e-01 -1.032184180459105e-01
1.562500000000000e-01 1.861232079422458e-01 -1.055666343615317e-01
1.593750000000000e-01 1.905967832396682e-01 -1.079268567011363e-01
1.625000000000000e-01 1.951168919015860e-01 -1.102990268936831e-01
1.656250000000000e-01 1.996846374926046e-01 -1.126830620151464e-01
1.687500000000000e-01 2.043011352076760e-01 -1.150788533085971e-01
1.718750000000000e-01 2.089675121443681e-01 -1.174862650542760e-01
1.750000000000000e-01 2.136849075780412e-01 -1.199051333896981e-01
1.781250000000000e-01 2.184544732399964e-01 -1.223352650809483e-01
1.812500000000000e-01 2.232773735986666e-01 -1.247764362458617e-01
1.843750000000000e-01 2.281547861439151e-01 -1.272283910291972e-01
1.875000000000000e-01 2.330879016745160e-01 -1.296908402298200e-01
1.906250000000000e-01 2.380779245888810e-01 -1.321634598804098e-01
1.937500000000000e-01 2.431260731791094e-01 -1.346458897803734e-01
1.968750000000000e-01 2.482335799284277e-01 -1.371377319819637e-01
2.000000000000000e-01 2.534016918120952e-01 -1.396385492299007e-01
2.031250000000000e-01 2.586316706018478e-01 -1.421478633555746e-01
2.062500000000000e-01 2.639247931739538e-01 -1.446651536263853e-01
2.093750000000000e-01 2.692823518209576e-01 -1.471898550507882e-01
2.125000000000000e-01 2.747056545671873e-01 -1.497213566407740e-01
2.156250000000000e-01 2.801960254881028e-01 -1.522589996331060e-01
2.187500000000000e-01 2.857548050335636e-01 -1.548020756700457e-01
2.218750000000000e-01 2.913833503550930e-01 -1.573498249422626e-01
2.250000000000000e-01 2.970830356372213e-01 -1.599014342963449e-01
2.281250000000000e-01 3.028552524329863e-01 -1.624560353085560e-01
2.312500000000000e-01 3.087014100036755e-01 -1.650127023286743e-01
2.343750000000000e-01 3.146229356628902e-01 -1.675704504967468e-01
2.375000000000000e-01 3.206212751250189e-01 -1.701282337364935e-01
2.406250000000000e-01 3.266978928582008e-01 -1.726849427302925e-01
2.437500000000000e-01 3.328542724418705e-01 -1.752394028793652e-01
2.468750000000000e-01 3.390919169289667e-01 -1.777903722554805e-01
2.500000000000000e-01 3.454123492128958e-01 -1.803365395503614e-01
2.531250000000000e-01 3.518171123993401e-01 -1.828765220281149e-01
2.562500000000000e-01 3.583077701830001e-01 -1.854088634887107e-01
2.593750000000000e-01 3.648859072293631e-01 -1.879320322505517e-01
2.625000000000000e-01 3.715531295615936e-01 -1.904444191606650e-01
2.656250000000000e-01 3.783110649526354e-01 -1.929443356423093e-01
2.687500000000000e-01 3.851613633226258e-01 -1.954300117898762e-01
2.718750000000000e-01 3.921056971417164e-01 -1.978995945225575e-01
2.750000000000000e-01 3.991457618383991e-01 -2.003511458095565e-01
2.781250000000000e-01 4.062832762134377e-01 -2.027826409797715e-01
2.812500000000000e-01 4.135199828595055e-01 -2.051919671296649e-01
2.843750000000000e-01 4.208576485866312e-01 -2.075769216453451e-01
2.875000000000000e-01 4.282980648535585e-01 -2.099352108552721e-01
2.906250000000000e-01 4.358430482051222e-01 -2.122644488308773e-01
2.937500000000000e-01 4.434944407157500e-01 -2.145621563544054e-01
2.968750000000000e-01 4.512541104391968e-01 -2.168257600736389e-01
3.000000000000000e-01 4.591239518646220e-01 -2.190525918649641e-01
3.031250000000000e-01 4.671058863791195e-01 -2.212398884275457e-01
3.062500000000000e-01 4.752018627368176e-01 -2.233847911324000e-01
3.093750000000000e-01 4.834138575346580e-01 -2.254843461514752e-01
3.125000000000000e-01 4.917438756949728e-01 -2.275355048935407e-01
3.156250000000000e-01 5.001939509549778e-01 -2.295351247745481e-01
3.187500000000000e-01 5.087661463633005e-01 -2.314799703509924e-01
3.218750000000000e-01 5.174625547836644e-01 -2.333667148474773e-01
3.250000000000000e-01 5.262852994058529e-01 -2.351919421102172e-01
3.281250000000000e-01 5.352365342640750e-01 -2.369521490179242e-01
3.312500000000000e-01 5.443184447628656e-01 -2.386437483839095e-01
3.343750000000000e-01 5.535332482106405e-01 -2.402630723847863e-01
3.375000000000000e-01 5.628831943610435e-01 -2.418063765508610e-01
3.406250000000000e-01 5.723705659622137e-01 -2.432698443536780e-01
3.437500000000000e-01 5.819976793141081e-01 -2.446495924269147e-01
3.468750000000000e-01 5.917668848340161e-01 -2.459416764577115e-01
3.500000000000000e-01 6.016805676304035e-01 -2.471420977850148e-01
3.531250000000000e-01 6.117411480852264e-01 -2.482468107409351e-01
3.562500000000000e-01 6.219510824448572e-01 -2.492517307703036e-01
3.593750000000000e-01 6.323128634197650e-01 -2.501527433625760e-01
3.625000000000000e-01 6.428290207931012e-01 -2.509457138294512e-01
3.656250000000000e-01 6.535021220383342e-01 -2.516264979591017e-01
3.687500000000000e-01 6.643347729460869e-01 -2.521909535750937e-01
3.718750000000000e-01 6.753296182603294e-01 -2.526349530251730e-01
3.750000000000000e-01 6.864893423240808e-01 -2.529543966216867e-01
3.781250000000000e-01 6.978166697347804e-01 -2.531452270505573e-01
3.812500000000000e-01 7.093143660094854e-01 -2.532034447603712e-01
3.843750000000000e-01 7.209852382600603e-01 -2.531251243375897e-01
3.875000000000000e-01 7.328321358785219e-01 -2.529064318670881e-01
3.906250000000000e-01 7.448579512327029e-01 -2.525436432686398e-01
3.937500000000000e-01 7.570656203724140e-01 -2.520331635915670e-01
3.968750000000000e-01 7.694581237462648e-01 -2.513715472404590e-01
4.000000000000000e-01 7.820384869293291e-01 -2.505555190934370e-01
4.031250000000000e-01 7.948097813618253e-01 -2.495819964626336e-01
4.062500000000000e-01 8.077751250989945e-01 -2.484481118338218e-01
4.093750000000000e-01 8.209376835723596e-01 -2.471512363081894e-01
4.125000000000000e-01 8.343006703625532e-01 -2.456890036540951e-01
4.156250000000000e-01 8.478673479838968e-01 -2.440593348614001e-01
4.187500000000000e-01 8.616410286809313e-01 -2.422604630739496e-01
4.218750000000000e-01 8.756250752370857e-01 -2.402909587586213e-01
4.250000000000000e-01 8.898229017956865e-01 -2.381497549518130e-01
4.281250000000000e-01 9.042379746935050e-01 -2.358361724060966e-01
4.312500000000000e-01 9.188738133070491e-01 -2.333499444427032e-01
4.343750000000000e-01 9.337339909118028e-01 -2.306912412969905e-01
4.375000000000000e-01 9.488221355546261e-01 -2.278606937276235e-01
4.406250000000000e-01 9.641419309395265e-01 -2.248594156449611e-01
4.437500000000000e-01 9.796971173270190e-01 -2.216890254990595e-01
4.468750000000000e-01 9.954914924472941e-01 -2.183516661561534e-01
4.500000000000000e-01 1.011528912427417e+00 -2.148500229823097e-01
4.531250000000000e-01 1.027813292732786e+00 -2.111873398457204e-01
4.562500000000000e-01 1.044348609123070e+00 -2.073674327458428e-01
4.593750000000000e-01 1.061138898622882e+00 -2.033947007770715e-01
4.625000000000000e-01 1.078188260507393e+00 -1.992741341385078e-01
4.656250000000000e-01 1.095500857303154e+00 -1.950113189100553e-01
4.687500000000000e-01 1.113080915804360e+00 -1.906124383275979e-01
4.718750000000000e-01 1.130932728104805e+00 -1.860842703065125e-01
4.750000000000000e-01 1.149060652645771e+00 -1.814341809848929e-01
4.781250000000000e-01 1.167469115280130e+00 -1.766701140842242e-01
4.812500000000000e-01 1.186162610352890e+00 -1.718005759143330e-01
4.843750000000000e-01 1.205145701798475e+00 -1.668346158834878e-01
4.875000000000000e-01 1.224423024254985e+00 -1.617818024115259e-01
4.906250000000000e-01 1.243999284195726e+00 -1.566521941830576e-01
4.937500000000000e-01 1.263879261078271e+00 -1.514563067200117e-01
4.968750000000000e-01 1.284067808511348e+00 -1.462050742955946e-01
5.000000000000000e-01 1.304569855439823e+00 -1.409098072567426e-01
5.031250000000000e-01 1.325390407348082e+00 -1.355821448681403e-01
5.062500000000000e-01 1.346534547482100e+00 -1.302340038363156e-01
5.093750000000000e-01 1.368007438090487e+00 -1.248775227195691e-01
5.125000000000001e-01 1.389814321684837e+00 -1.195250024772951e-01
5.156250000000000e-01 1.411960522319654e+00 -1.141888434600427e-01
5.187500000000000e-01 1.434451446892208e+00 -1.088814791909787e-01
5.218750000000000e-01 1.457292586462593e+00 -1.036153073402721e-01
5.250000000000000e-01 1.480489517594354e+00 -9.840261834590376e-02
5.281250000000001e-01 1.504047903715979e+00 -9.325552218799971e-02
5.312500000000000e-01 1.527973496503592e+00 -8.818587387903670e-02
5.343750000000000e-01 1.552272137285215e+00 -8.320519828837619e-02
5.375000000000000e-01 1.576949758466886e+00 -7.832461497578859e-02
5.406250000000000e-01 1.602012384981041e+00 -7.355476376400365e-02
5.437500000000001e-01 1.627466135757470e+00 -6.890573183314534e-02
5.468750000000000e-01 1.653317225217225e+00 -6.438698316769224e-02
5.500000000000000e-01 1.679571964789851e+00 -6.000729122706199e-02
5.531250000000000e-01 1.706236764454286e+00 -5.577467574170891e-02
5.562500000000000e-01 1.733318134303830e+00 -5.169634455439796e-02
5.593750000000001e-01 1.760822686135563e+00 -4.777864142805583e-02
5.625000000000000e-01 1.788757135064574e+00 -4.402700072479022e-02
5.656250000000000e-01 1.817128301163438e+00 -4.044590982272775e-02
5.687500000000000e-01 1.845943111127301e+00 -3.703888007626983e-02
5.718750000000000e-01 1.875208599965003e+00 -3.380842704000803e-02
5.750000000000001e-01 1.904931912716643e+00 -3.075606056638029e-02
5.781250000000000e-01 1.935120306198011e+00 -2.788228525271620e-02
5.812500000000000e-01 1.965781150772311e+00 -2.518661155621490e-02
5.843750000000000e-01 1.996921932149593e+00 -2.266757771815664e-02
5.875000000000000e-01 2.028550253214365e+00 -2.032278244487183e-02
5.906250000000001e-01 2.060673835881802e+00 -1.814892808730286e-02
5.937500000000000e-01 2.093300522983012e+00 -1.614187384879627e-02
5.968750000000000e-01 2.126438280179837e+00 -1.429669833806998e-02
6.000000000000001e-01 2.160095197909630e+00 -1.260777057772305e-02
6.031250000000000e-01 2.194279493360494e+00 -1.106882838498982e-02
6.062500000000001e-01 2.228999512477486e+00 -9.673062867282931e-03
6.093750000000000e-01 2.264263732000228e+00 -8.413207626959107e-03
6.125000000000000e-01 2.300080761532477e+00 -7.281631153477305e-03
6.156250000000001e-01 2.336459345644116e+00 -6.270430801621194e-03
6.187500000000000e-01 2.373408366006099e+00 -5.371526715674513e-03
6.218750000000001e-01 2.410936843558884e+00 -4.576754063875565e-03
6.250000000000000e-01 2.449053940714840e+00 -3.877951996185716e-03
6.281250000000000e-01 2.487768963595221e+00 -3.267047830875986e-03
6.312500000000001e-01 2.527091364302215e+00 -2.736135109451811e-03
6.343750000000000e-01 2.567030743226622e+00 -2.277544331152144e-03
6.375000000000001e-01 2.607596851391758e+00 -1.883905382308103e-03
6.406250000000000e-01 2.648799592834118e+00 -1.548200905459960e-03
6.437500000000000e-01 2.690649027021411e+00 -1.263810100450964e-03
6.468750000000001e-01 2.733155371308524e+00 -1.024542706059607e-03
6.500000000000000e-01 2.776329003432049e+00 -8.246631669773946e-04
6.531250000000001e-01 2.820180464043967e+00 -6.589052379578582e-04
6.562500000000000e-01 2.864720459285089e+00 -5.224775060178261e-04
6.593750000000000e-01 2.909959863398929e+00 -4.110605147538568e-04
6.625000000000001e-01 2.955909721386590e+00 -3.207963454543310e-04
6.656250000000000e-01 3.002581251703353e+00 -2.482716425963239e-04
6.687500000000001e-01 3.049985848997626e+00 -1.904951631699553e-04
6.718750000000000e-01 3.098135086892879e+00 -1.448709786740288e-04
6.750000000000000e-01 3.147040720813310e+00 -1.091684661684056e-04
6.781250000000001e-01 3.196714690853871e+00 -8.149019294827923e-05
6.812500000000000e-01 3.247169124695383e+00 -6.023873243429972e-05
6.843750000000001e-01 3.298416340565477e+00 -4.408335238101107e-05
6.875000000000000e-01 3.350468850246008e+00 -3.192739716374538e-05
6.906250000000000e-01 3.403339362127777e+00 -2.287705099238901e-05
6.937500000000001e-01 3.457040784313211e+00 -1.621202586135043e-05
6.968750000000000e-01 3.511586227767823e+00 -1.135857404096959e-05
7.000000000000001e-01 3.566989009521205e+00 -7.865086434822499e-06
7.031250000000000e-01 3.623262655918307e+00 -5.380410659541352e-06
7.062500000000000e-01 3.680420905921852e+00 -3.634910508445844e-06
7.093750000000001e-01 3.738477714466631e+00 -2.424194439054416e-06
7.125000000000000e-01 3.797447255866536e+00 -1.595366399718745e-06
7.156250000000001e-01 3.857343927275175e+00 -1.035597903357195e-06
7.187500000000000e-01 3.918182352200844e+00 -6.627848484577988e-07
7.218750000000000e-01 3.979977384076828e+00 -4.180343461530016e-07
7.250000000000001e-01 4.042744109887770e+00 -2.597232504031211e-07
7.281250000000000e-01 4.106497853853101e+00 -1.588783373640802e-07
7.312500000000001e-01 4.171254181168399e+00 -9.564514743682014e-08
7.343750000000000e-01 4.237028901805528e+00 -5.663549803524550e-08
7.375000000000000e-01 4.303838074372613e+00 -3.296998386119463e-08
7.406250000000001e-01 4.371698010034643e+00 -1.885919201724514e-08
7.437500000000000e-01 4.440625276495786e+00 -1.059412585028102e-08
7.468750000000001e-01 4.510636702044332e+00 -5.841189856767150e-09
7.500000000000000e-01 4.581749379661216e+00 -3.159228581904307e-09
7.531250000000000e-01 4.653980671193226e+00 -1.675122092408174e-09
7.562500000000001e-01 4.727348211591802e+00 -8.702265773260725e-10
7.593750000000000e-01 4.801869913218528e+00 -4.426555443517534e-10
7.625000000000001e-01 4.877563970218381e+00 -2.203264796765185e-10
7.656250000000000e-01 4.954448862961714e+00 -1.072374281393198e-10
7.687500000000000e-01 5.032543362556198e+00 -5.100452192441842e-11
7.718750000000001e-01 5.111866535429675e+00 -2.368913052274301e-11
7.750000000000000e-01 5.192437747985146e+00 -1.073630853071308e-11
7.781250000000001e-01 5.274276671329015e+00 -4.744660425315623e-12
7.812500000000000e-01 5.357403286073669e+00 -2.043007268702909e-12
7.843750000000000e-01 5.441837887215693e+00 -8.564677212967075e-13
7.875000000000001e-01 5.527601089090773e+00 -3.492861257191811e-13
7.906250000000000e-01 5.614713830406605e+00 -1.384602167120570e-13
7.937500000000001e-01 5.703197379355005e+00 -5.330613314402440e-14
7.968750000000000e-01 5.793073338804412e+00 -1.991425325682987e-14
8.000000000000000e-01 5.884363651574169e+00 -7.212779892018108e-15
8.031250000000001e-01 5.977090605791737e+00 -2.530470074457191e-15
8.062500000000000e-01 6.071276840334257e+00 -8.591294297699875e-16
8.093750000000001e-01 6.166945350355728e+00 -2.820101797836038e-16
8.125000000000000e-01 6.264119492901173e+00 -8.941300639193636e-17
8.156250000000000e-01 6.362822992609162e+00 -2.735510118714197e-17
8.187500000000001e-01 6.463079947504072e+00 -8.067534757328898e-18
8.218750000000000e-01 6.564914834879517e+00 -2.291198800051521e-18
8.250000000000001e-01 6.668352517274371e+00 -6.259651756104920e-19
8.281250000000000e-01 6.773418248542846e+00 -1.643391038185330e-19
8.312500000000000e-01 6.880137680020114e+00 -4.141569955132167e-20
8.343750000000001e-01 6.988536866784961e+00 -1.000794638397868e-20
8.375000000000000e-01 7.098642274021019e+00 -2.316308358788719e-21
8.406250000000001e-01 7.210480783478133e+00 -5.128948892582687e-22
8.437500000000000e-01 7.324079700035414e+00 -1.085286547397374e-22
8.468750000000000e-01 7.439466758367605e+00 -2.192012907248072e-23
8.500000000000001e-01 7.556670129716381e+00 -4.221036689430394e-24
8.531250000000000e-01 7.675718428768239e+00 -7.740418096222217e-25
8.562500000000001e-01 7.796640720640633e+00 -1.350111054523980e-25
8.593750000000000e-01 7.919466527978115e+00 -2.237303719724530e-26
8.625000000000000e-01 8.044225838160141e+00 -3.518221565771535e-27
8.656250000000001e-01 8.170949110622363e+00 -5.243972284010487e-28
8.687500000000000e-01 8.299667284293170e+00 -7.400117700458202e-29
8.718750000000001e-01 8.430411785147284e+00 -9.875708113973558e-30
8.750000000000000e-01 8.563214533878281e+00 -1.245002918625055e-30
8.781250000000000e-01 8.698107953691880e+00 -1.481083620392302e-31
8.812500000000001e-01 8.835124978221932e+00 -1.660912138260889e-32
8.843750000000000e-01 8.974299059571019e+00 -1.754047640702408e-33
8.875000000000001e-01 9.115664176477637e+00 -1.742830985974367e-34
8.906250000000000e-01 9.259254842611947e+00 -1.627811950048967e-35
8.937500000000000e-01 9.405106115002161e+00 -1.428009385640943e-36
8.968750000000001e-01 9.553253602593529e+00 -1.175730367327100e-37
9.000000000000000e-01 9.703733474942130e+00 -9.078988144844249e-39
9.031250000000001e-01 9.856582471045494e+00 -6.571377176428651e-40
9.062500000000000e-01 1.001183790831228e+01 -4.455898080937588e-41
9.093750000000000e-01 1.016953769167313e+01 -2.829308725417389e-42
9.125000000000001e-01 1.032972032283505e+01 -1.681645590579409e-43
9.156250000000000e-01 1.049242490968134e+01 -9.353569378053843e-45
9.187500000000001e-01 1.065769117581972e+01 -4.867720932226150e-46
9.218750000000000e-01 1.082555947028058e+01 -2.369913272773511e-47
9.250000000000000e-01 1.099607077736805e+01 -1.079409608746791e-48
9.281250000000001e-01 1.116926672666618e+01 -4.599490901225667e-50
9.312500000000000e-01 1.134518960320255e+01 -1.833824159826740e-51
9.343750000000001e-01 1.152388235777201e+01 -6.842499118955531e-53
9.375000000000000e-01 1.170538861742293e+01 -2.389972801397222e-54
9.406250000000000e-01 1.188975269610854e+01 -7.816796548885270e-56
9.437500000000001e-01 1.207701960550600e+01 -2.394860625109679e-57
9.468750000000000e-01 1.226723506600578e+01 -6.875804426609407e-59
9.500000000000001e-01 1.246044551787411e+01 -1.850759532210012e-60
9.531250000000000e-01 1.265669813259115e+01 -4.672647324126420e-62
9.562500000000000e-01 1.285604082436773e+01 -1.107069047144426e-63
9.593750000000001e-01 1.305852226184337e+01 -2.462652521660507e-65
9.625000000000000e-01 1.326419187996850e+01 -5.145994693333638e-67
9.656250000000001e-01 1.347309989207381e+01 -1.010635813872767e-68
9.687500000000000e-01 1.368529730212962e+01 -1.866372932830080e-70
9.718750000000000e-01 1.390083591719824e+01 -3.242614744088846e-72
9.750000000000001e-01 1.411976836008246e+01 -5.302658814065550e-74
9.781250000000000e-01 1.434214808217320e+01 -8.165694722030147e-76
9.812500000000001e-01 1.456802937649935e+01 -1.184631173295820e-77
9.843750000000000e-01 1.479746739098328e+01 -1.619724933275057e-79
9.875000000000000e-01 1.503051814190487e+01 -2.088005303223609e-81
9.906250000000001e-01 1.526723852757770e+01 -2.538653759525140e-83
9.937500000000000e-01 1.550768634224049e+01 -2.911988374616640e-85
9.968750000000001e-01 1.575192029016732e+01 -3.181528262143029e-87
1.000000000000000e+00 1.600000000000000e+01 2.808544166786678e-87
