0.000000000000000e+00 0.000000000000000e+00 0.000000000000000e+00
3.125000000000000e-03 3.369263549427258e-03 -2.393983462582162e-03
6.250000000000000e-03 6.739349689698711e-03 -1.627945241779355e-05
9.375000000000001e-03 1.011108121249049e-02 -3.370199861062252e-04
1.250000000000000e-02 1.348528131119160e-02 -1.237136593376438e-04
1.562500000000000e-02 1.686277378188298e-02 -3.059426419488393e-05
1.875000000000000e-02 2.024438322446370e-02 -4.621389778980117e-06
2.187500000000000e-02 2.363093524397333e-02 -2.227917317148484e-05
2.500000000000000e-02 2.702325665215984e-02 2.336296068637236e-05
2.812500000000000e-02 3.042217566934200e-02 -4.340210488434007e-05
3.125000000000000e-02 3.382852212661575e-02 -1.648818547917508e-05
3.437500000000000e-02 3.724312766845378e-02 -1.594177219771713e-05
3.750000000000001e-02 4.066682595574785e-02 -4.637244674715295e-05
4.062500000000000e-02 4.410045286934348e-02 -1.123769798174471e-05
4.375000000000000e-02 4.754484671411652e-02 -2.502644415809789e-06
4.687500000000000e-02 5.100084842364160e-02 -1.407874238328696e-05
5.000000000000000e-02 5.446930176550237e-02 -5.710816197229725e-06
5.312500000000001e-02 5.795105354729364e-02 -3.633621999160202e-06
5.625000000000000e-02 6.144695382336569e-02 -9.534462696294198e-06
5.937500000000000e-02 6.495785610236132e-02 1.672020426861388e-06
6.250000000000000e-02 6.848461755559625e-02 7.819800937242860e-06
6.562500000000000e-02 7.202809922633362e-02 -1.787911982528685e-05
6.875000000000001e-02 7.558916624000402e-02 -3.161083981591893e-05
7.187500000000001e-02 7.916868801542200e-02 6.204040850115190e-06
7.500000000000001e-02 8.276753847705080e-02 -3.939873546394440e-06
7.812500000000000e-02 8.638659626836727e-02 2.247246768818276e-05
8.125000000000000e-02 9.002674496637868e-02 -6.666087389026537e-07
8.437500000000001e-02 9.368887329734420e-02 -3.533709317548051e-07
8.750000000000001e-02 9.737387535375355e-02 9.143425343936008e-06
9.062500000000001e-02 1.010826508126157e-01 4.363397099459190e-06
9.375000000000000e-02 1.048161051551108e-01 1.122754911026957e-05
9.687500000000000e-02 1.085751498876601e-01 6.765188026604489e-06
1.000000000000000e-01 1.123607027644654e-01 -9.698288940045133e-06
1.031250000000000e-01 1.161736880115753e-01 1.027160465705807e-05
1.062500000000000e-01 1.200150365525305e-01 -3.497565819798005e-06
1.093750000000000e-01 1.238856862356450e-01 -2.271632201667499e-06
1.125000000000000e-01 1.277865820629775e-01 -6.412898400268854e-06
1.156250000000000e-01 1.317186764210495e-01 5.114746731753919e-06
1.187500000000000e-01 1.356829293133661e-01 4.247850176126012e-06
1.218750000000000e-01 1.396803085947971e-01 -5.365583306804527e-06
1.250000000000000e-01 1.437117902078738e-01 3.142130718010871e-06
1.281250000000000e-01 1.477783584210617e-01 -1.103837502784782e-06
1.312500000000000e-01 1.518810060690650e-01 -1.019997033319326e-05
1.343750000000000e-01 1.560207347952229e-01 -1.061226971374275e-06
1.375000000000000e-01 1.601985552960564e-01 4.004189258577909e-06
1.406250000000000e-01 1.644154875680252e-01 -5.433313590091415e-07
1.437500000000000e-01 1.686725611565558e-01 2.903669830354898e-06
1.468750000000000e-01 1.729708154074000e-01 -3.533395598033522e-06
1.500000000000000e-01 1.773112997203869e-01 -2.387394370340810e-06
1.531250000000000e-01 1.816950738056289e-01 1.630453622161225e-06
1.562500000000000e-01 1.861232079422458e-01 7.153433275071798e-06
1.593750000000000e-01 1.905967832396682e-01 -2.465902420473573e-06
1.625000000000000e-01 1.951168919015860e-01 5.528030463748953e-06
1.656250000000000e-01 1.996846374926046e-01 3.396275701967890e-06
1.687500000000000e-01 2.043011352076760e-01 6.104632297336328e-06
1.718750000000000e-01 2.089675121443681e-01 -2.519187811962897e-06
1.750000000000000e-01 2.136849075780412e-01 4.143508141307232e-06
1.781250000000000e-01 2.184544732399964e-01 7.610237707594956e-07
1.812500000000000e-01 2.232773735986666e-01 5.938243178862456e-06
1.843750000000000e-01 2.281547861439151e-01 1.333863226064513e-06
1.875000000000000e-01 2.330879016745160e-01 8.622336335128657e-08
1.906250000000000e-01 2.380779245888810e-01 1.327723471875190e-07
1.937500000000000e-01 2.431260731791094e-01 6.555456759206781e-06
1.968750000000000e-01 2.482335799284277e-01 4.100373616667067e-07
2.000000000000000e-01 2.534016918120952e-01 4.049661180405379e-07
2.031250000000000e-01 2.586316706018478e-01 -1.572014788126890e-06
2.062500000000000e-01 2.639247931739538e-01 -1.663067913776982e-06
2.093750000000000e-01 2.692823518209576e-01 1.709394869887206e-06
2.125000000000000e-01 2.747056545671873e-01 -2.418486275854315e-06
2.156250000000000e-01 2.801960254881028e-01 2.810701331252132e-06
2.187500000000000e-01 2.857548050335636e-01 4.711087305971356e-06
2.218750000000000e-01 2.913833503550930e-01 2.563005941290209e-06
2.250000000000000e-01 2.970830356372213e-01 3.530131222530918e-06
2.281250000000000e-01 3.028552524329863e-01 7.162696150091783e-06
2.312500000000000e-01 3.087014100036755e-01 3.638068660747422e-06
2.343750000000000e-01 3.146229356628902e-01 1.368983070304154e-06
2.375000000000000e-01 3.206212751250189e-01 3.636673081744619e-07
2.406250000000000e-01 3.266978928582008e-01 5.538544924908372e-06
2.437500000000000e-01 3.328542724418705e-01 3.601947031133131e-06
2.468750000000000e-01 3.390919169289667e-01 4.551088138853822e-06
2.500000000000000e-01 3.454123492128958e-01 3.682136084178738e-08
2.531250000000000e-01 3.518171123993401e-01 1.497245141068418e-06
2.562500000000000e-01 3.583077701830001e-01 2.319760738386370e-06
2.593750000000000e-01 3.648859072293631e-01 1.659281162325603e-07
2.625000000000000e-01 3.715531295615936e-01 3.591439760096798e-06
2.656250000000000e-01 3.783110649526354e-01 3.473534911673769e-06
2.687500000000000e-01 3.851613633226258e-01 2.131374486689342e-06
2.718750000000000e-01 3.921056971417164e-01 2.788828153444712e-06
2.750000000000000e-01 3.991457618383991e-01 4.844285272962504e-06
2.781250000000000e-01 4.062832762134377e-01 4.416439815233238e-06
2.812500000000000e-01 4.135199828595055e-01 4.458136765980018e-06
2.843750000000000e-01 4.208576485866312e-01 2.987392436041033e-06
2.875000000000000e-01 4.282980648535585e-01 6.224988694240092e-06
2.906250000000000e-01 4.358430482051222e-01 2.851505484812518e-06
2.937500000000000e-01 4.434944407157500e-01 3.642933759849952e-06
2.968750000000000e-01 4.512541104391968e-01 2.682317052354053e-06
3.000000000000000e-01 4.591239518646220e-01 1.502552482775270e-06
3.031250000000000e-01 4.671058863791195e-01 3.897874702453973e-06
3.062500000000000e-01 4.752018627368176e-01 4.076593706435540e-06
3.093750000000000e-01 4.834138575346580e-01 3.333850212637965e-06
3.125000000000000e-01 4.917438756949728e-01 4.708657383270382e-06
3.156250000000000e-01 5.001939509549778e-01 4.308098905276676e-06
3.187500000000000e-01 5.087661463633005e-01 3.832499693247156e-06
3.218750000000000e-01 5.174625547836644e-01 6.726113164080818e-06
3.250000000000000e-01 5.262852994058529e-01 5.421280210039889e-06
3.281250000000000e-01 5.352365342640750e-01 3.670150136705058e-06
3.312500000000000e-01 5.443184447628656e-01 3.360098103641639e-06
3.343750000000000e-01 5.535332482106405e-01 4.666207015692752e-06
3.375000000000000e-01 5.628831943610435e-01 5.684740259181081e-06
3.406250000000000e-01 5.723705659622137e-01 3.702628819045471e-06
3.437500000000000e-01 5.819976793141081e-01 4.900617605815323e-06
3.468750000000000e-01 5.917668848340161e-01 5.566038334072766e-06
3.500000000000000e-01 6.016805676304035e-01 5.113102297900632e-06
3.531250000000000e-01 6.117411480852264e-01 5.091068537748490e-06
3.562500000000000e-01 6.219510824448572e-01 5.518638270857098e-06
3.593750000000000e-01 6.323128634197650e-01 5.300183886951635e-06
3.625000000000000e-01 6.428290207931012e-01 5.347939457360157e-06
3.656250000000000e-01 6.535021220383342e-01 6.341382747798062e-06
3.687500000000000e-01 6.643347729460869e-01 5.282758267821436e-06
3.718750000000000e-01 6.753296182603294e-01 6.159914525574304e-06
3.750000000000000e-01 6.864893423240808e-01 5.854904889755290e-06
3.781250000000000e-01 6.978166697347804e-01 5.683919651717699e-06
3.812500000000000e-01 7.093143660094854e-01 5.557316037643140e-06
3.843750000000000e-01 7.209852382600603e-01 6.186788205554469e-06
3.875000000000000e-01 7.328321358785219e-01 7.134593534249759e-06
3.906250000000000e-01 7.448579512327029e-01 6.209675235365985e-06
3.937500000000000e-01 7.570656203724140e-01 8.447886493691231e-06
3.968750000000000e-01 7.694581237462648e-01 6.452180719346299e-06
4.000000000000000e-01 7.820384869293291e-01 6.208379573345837e-06
4.031250000000000e-01 7.948097813618253e-01 5.971714796094049e-06
4.062500000000000e-01 8.077751250989945e-01 7.444127142304085e-06
4.093750000000000e-01 8.209376835723596e-01 8.129621467829859e-06
4.125000000000000e-01 8.343006703625532e-01 6.532867089693315e-06
4.156250000000000e-01 8.478673479838968e-01 8.327139641241619e-06
4.187500000000000e-01 8.616410286809313e-01 7.337002720800866e-06
4.218750000000000e-01 8.756250752370857e-01 8.638672046867855e-06
4.250000000000000e-01 8.898229017956865e-01 7.536065627489634e-06
4.281250000000000e-01 9.042379746935050e-01 7.822285363310493e-06
4.312500000000000e-01 9.188738133070491e-01 8.569481321061040e-06
4.343750000000000e-01 9.337339909118028e-01 7.933567418466669e-06
4.375000000000000e-01 9.488221355546261e-01 9.802895273355012e-06
4.406250000000000e-01 9.641419309395265e-01 8.300383653499835e-06
4.437500000000000e-01 9.796971173270190e-01 9.726791555286013e-06
4.468750000000000e-01 9.954914924472941e-01 8.777459371820530e-06
4.500000000000000e-01 1.011528912427417e+00 8.878992759458952e-06
4.531250000000000e-01 1.027813292732786e+00 9.952522633888809e-06
4.562500000000000e-01 1.044348609123070e+00 9.096737320470147e-06
4.593750000000000e-01 1.061138898622882e+00 1.094116743553005e-05
4.625000000000000e-01 1.078188260507393e+00 9.949612879761577e-06
4.656250000000000e-01 1.095500857303154e+00 1.043832267732906e-05
4.687500000000000e-01 1.113080915804360e+00 1.060029763142800e-05
4.718750000000000e-01 1.130932728104805e+00 1.021781518598432e-05
4.750000000000000e-01 1.149060652645771e+00 1.160351519490416e-05
4.781250000000000e-01 1.167469115280130e+00 1.119602037810142e-05
4.812500000000000e-01 1.186162610352890e+00 1.178166029804463e-05
4.843750000000000e-01 1.205145701798475e+00 1.169432143643187e-05
4.875000000000000e-01 1.224423024254985e+00 1.161850026841082e-05
4.906250000000000e-01 1.243999284195726e+00 1.239386498412422e-05
4.937500000000000e-01 1.263879261078271e+00 1.291416046940350e-05
4.968750000000000e-01 1.284067808511348e+00 1.289364605123703e-05
5.000000000000000e-01 1.304569855439823e+00 1.300194094030494e-05
5.031250000000000e-01 1.325390407348082e+00 1.336225154466342e-05
5.062500000000000e-01 1.346534547482100e+00 1.333690937920702e-05
5.093750000000000e-01 1.368007438090487e+00 1.465707792036384e-05
5.125000000000001e-01 1.389814321684837e+00 1.458763159115496e-05
5.156250000000000e-01 1.411960522319654e+00 1.404294039548519e-05
5.187500000000000e-01 1.434451446892208e+00 1.537395777477169e-05
5.218750000000000e-01 1.457292586462593e+00 1.560219568912627e-05
5.250000000000000e-01 1.480489517594354e+00 1.573833737389558e-05
5.281250000000001e-01 1.504047903715979e+00 1.601063896159091e-05
5.312500000000000e-01 1.527973496503592e+00 1.675589471295587e-05
5.343750000000000e-01 1.552272137285215e+00 1.718234336623035e-05
5.375000000000000e-01 1.576949758466886e+00 1.708216820991624e-05
5.406250000000000e-01 1.602012384981041e+00 1.820154061824071e-05
5.437500000000001e-01 1.627466135757470e+00 1.827618031452755e-05
5.468750000000000e-01 1.653317225217225e+00 1.869594003757728e-05
5.500000000000000e-01 1.679571964789851e+00 1.971077322872370e-05
5.531250000000000e-01 1.706236764454286e+00 1.947852279199019e-05
5.562500000000000e-01 1.733318134303830e+00 2.063857833049876e-05
5.593750000000001e-01 1.760822686135563e+00 2.111489535135509e-05
5.625000000000000e-01 1.788757135064574e+00 2.114851079720810e-05
5.656250000000000e-01 1.817128301163438e+00 2.263978590281559e-05
5.687500000000000e-01 1.845943111127301e+00 2.266147055431429e-05
5.718750000000000e-01 1.875208599965003e+00 2.322479577137194e-05
5.750000000000001e-01 1.904931912716643e+00 2.473736709222558e-05
5.781250000000000e-01 1.935120306198011e+00 2.455657744803192e-05
5.812500000000000e-01 1.965781150772311e+00 2.560425901173411e-05
5.843750000000000e-01 1.996921932149593e+00 2.704510850612101e-05
5.875000000000000e-01 2.028550253214365e+00 2.683030821896517e-05
5.906250000000001e-01 2.060673835881802e+00 2.819203313699005e-05
5.937500000000000e-01 2.093300522983012e+00 2.977482225096655e-05
5.968750000000000e-01 2.126438280179837e+00 2.945414877833778e-05
6.000000000000001e-01 2.160095197909630e+00 3.113603689748577e-05
6.031250000000000e-01 2.194279493360494e+00 3.308422117703396e-05
6.062500000000001e-01 2.228999512477486e+00 3.245984679634611e-05
6.093750000000000e-01 2.264263732000228e+00 3.446516561730513e-05
6.125000000000000e-01 2.300080761532477e+00 3.708558932628831e-05
6.156250000000001e-01 2.336459345644116e+00 3.592620007553235e-05
6.187500000000000e-01 2.373408366006099e+00 3.824876263196235e-05
6.218750000000001e-01 2.410936843558884e+00 4.198123433373927e-05
6.250000000000000e-01 2.449053940714840e+00 4.017322934098829e-05
6.281250000000000e-01 2.487768963595221e+00 4.237990189089707e-05
6.312500000000001e-01 2.527091364302215e+00 4.792495274500329e-05
6.343750000000000e-01 2.567030743226622e+00 4.570881595139584e-05
6.375000000000001e-01 2.607596851391758e+00 4.675624197683160e-05
6.406250000000000e-01 2.648799592834118e+00 5.483955607267577e-05
6.437500000000000e-01 2.690649027021411e+00 5.354460468157935e-05
6.468750000000001e-01 2.733155371308524e+00 5.157376939962727e-05
6.500000000000000e-01 2.776329003432049e+00 6.191211351136171e-05
6.531250000000001e-01 2.820180464043967e+00 6.484801155451609e-05
6.562500000000000e-01 2.864720459285089e+00 5.848740118129138e-05
6.593750000000000e-01 2.909959863398929e+00 6.739403294892687e-05
6.625000000000001e-01 2.955909721386590e+00 7.929615246788170e-05
6.656250000000000e-01 3.002581251703353e+00 7.191305572535517e-05
6.687500000000001e-01 3.049985848997626e+00 7.113695495556024e-05
6.718750000000000e-01 3.098135086892879e+00 9.162772829204522e-05
6.750000000000000e-01 3.147040720813310e+00 9.651499643327228e-05
6.781250000000001e-01 3.196714690853871e+00 8.188745832045265e-05
6.812500000000000e-01 3.247169124695383e+00 9.352124723282402e-05
6.843750000000001e-01 3.298416340565477e+00 1.236440178175125e-04
6.875000000000000e-01 3.350468850246008e+00 1.186593574040955e-04
6.906250000000000e-01 3.403339362127777e+00 9.782611305680846e-05
6.937500000000001e-01 3.457040784313211e+00 1.242182623204792e-04
6.968750000000000e-01 3.511586227767823e+00 1.693924235927647e-04
7.000000000000001e-01 3.566989009521205e+00 1.572084951577576e-04
7.031250000000000e-01 3.623262655918307e+00 1.208779353833908e-04
7.062500000000000e-01 3.680420905921852e+00 1.567521835730941e-04
7.093750000000001e-01 3.738477714466631e+00 2.377146969833040e-04
7.125000000000000e-01 3.797447255866536e+00 2.405885966963362e-04
7.156250000000001e-01 3.857343927275175e+00 1.671986969897882e-04
7.187500000000000e-01 3.918182352200844e+00 1.700695878903905e-04
7.218750000000000e-01 3.979977384076828e+00 3.067391431677292e-04
7.250000000000001e-01 4.042744109887770e+00 4.160322199798242e-04
7.281250000000000e-01 4.106497853853101e+00 3.428889509903333e-04
7.312500000000001e-01 4.171254181168399e+00 1.952556678733763e-04
7.343750000000000e-01 4.237028901805528e+00 2.385788418121752e-04
7.375000000000000e-01 4.303838074372613e+00 5.362390001115191e-04
7.406250000000001e-01 4.371698010034643e+00 8.088557048895379e-04
7.437500000000000e-01 4.440625276495786e+00 7.257592971464462e-04
7.468750000000001e-01 4.510636702044332e+00 3.117085701761787e-04
7.500000000000000e-01 4.581749379661216e+00 3.493208858255759e-06
7.531250000000000e-01 4.653980671193226e+00 2.623828583771852e-04
7.562500000000001e-01 4.727348211591802e+00 1.094587488290533e-03
7.593750000000000e-01 4.801869913218528e+00 1.903932086031408e-03
7.625000000000001e-01 4.877563970218381e+00 1.794060965166914e-03
7.656250000000000e-01 4.954448862961714e+00 8.310973307125223e-05
7.687500000000000e-01 5.032543362556198e+00 -3.318221684886876e-03
7.718750000000001e-01 5.111866535429675e+00 -7.862121854680930e-03
7.750000000000000e-01 5.192437747985146e+00 -1.261520087792111e-02
7.781250000000001e-01 5.274276671329015e+00 -1.662224244013558e-02
7.812500000000000e-01 5.357403286073669e+00 -1.919674206929340e-02
7.843750000000000e-01 5.441837887215693e+00 -2.004719739697974e-02
7.875000000000001e-01 5.527601089090773e+00 -1.924737732151970e-02
7.906250000000000e-01 5.614713830406605e+00 -1.711721868173225e-02
7.937500000000001e-01 5.703197379355005e+00 -1.408518502832277e-02
7.968750000000000e-01 5.793073338804412e+00 -1.057807630102735e-02
8.000000000000000e-01 5.884363651574169e+00 -6.954382508105868e-03
8.031250000000001e-01 5.977090605791737e+00 -3.476820680911456e-03
8.062500000000000e-01 6.071276840334257e+00 -3.122990594111952e-04
8.093750000000001e-01 6.166945350355728e+00 2.452630519674017e-03
8.125000000000000e-01 6.264119492901173e+00 4.790427964848955e-03
8.156250000000000e-01 6.362822992609162e+00 6.711844139006679e-03
8.187500000000001e-01 6.463079947504072e+00 8.249676158711037e-03
8.218750000000000e-01 6.564914834879517e+00 9.447163124824928e-03
8.250000000000001e-01 6.668352517274371e+00 1.034951004006954e-02
8.281250000000000e-01 6.773418248542846e+00 1.099765292580436e-02
8.312500000000000e-01 6.880137680020114e+00 1.142479102702939e-02
8.343750000000001e-01 6.988536866784961e+00 1.165644055701635e-02
8.375000000000000e-01 7.098642274021019e+00 1.171280019362785e-02
8.406250000000001e-01 7.210480783478133e+00 1.160994031437312e-02
8.437500000000000e-01 7.324079700035414e+00 1.135727444439997e-02
8.468750000000000e-01 7.439466758367605e+00 1.095201049951505e-02
8.500000000000001e-01 7.556670129716381e+00 1.037538259290612e-02
8.531250000000000e-01 7.675718428768239e+00 9.595695687552145e-03
8.562500000000001e-01 7.796640720640633e+00 8.579824268779658e-03
8.593750000000000e-01 7.919466527978115e+00 7.309535225651552e-03
8.625000000000000e-01 8.044225838160141e+00 5.796077523280343e-03
8.656250000000001e-01 8.170949110622363e+00 4.087354961002928e-03
8.687500000000000e-01 8.299667284293170e+00 2.265692137557800e-03
8.718750000000001e-01 8.430411785147284e+00 4.378740888590886e-04
8.750000000000000e-01 8.563214533878281e+00 -1.279130403580898e-03
8.781250000000000e-01 8.698107953691880e+00 -2.773632163352667e-03
8.812500000000001e-01 8.835124978221932e+00 -3.953735478766962e-03
8.843750000000000e-01 8.974299059571019e+00 -4.759304847961931e-03
8.875000000000001e-01 9.115664176477637e+00 -5.169716224571865e-03
8.906250000000000e-01 9.259254842611947e+00 -5.205731669647752e-03
8.937500000000000e-01 9.405106115002161e+00 -4.924611476222068e-03
8.968750000000001e-01 9.553253602593529e+00 -4.409152200148908e-03
9.000000000000000e-01 9.703733474942130e+00 -3.753060987941917e-03
9.031250000000001e-01 9.856582471045494e+00 -3.046101288212789e-03
9.062500000000000e-01 1.001183790831228e+01 -2.362288187171653e-03
9.093750000000000e-01 1.016953769167313e+01 -1.753196112229347e-03
9.125000000000001e-01 1.032972032283505e+01 -1.246754494830382e-03
9.156250000000000e-01 1.049242490968134e+01 -8.504362818356213e-04
9.187500000000001e-01 1.065769117581972e+01 -5.569458441299300e-04
9.218750000000000e-01 1.082555947028058e+01 -3.504722602217295e-04
9.250000000000000e-01 1.099607077736805e+01 -2.120763595553268e-04
9.281250000000001e-01 1.116926672666618e+01 -1.234902853045815e-04
9.312500000000000e-01 1.134518960320255e+01 -6.924028937884949e-05
9.343750000000001e-01 1.152388235777201e+01 -3.740559240465594e-05
9.375000000000000e-01 1.170538861742293e+01 -1.948122498497010e-05
9.406250000000000e-01 1.188975269610854e+01 -9.786660750473881e-06
9.437500000000001e-01 1.207701960550600e+01 -4.744769401231989e-06
9.468750000000000e-01 1.226723506600578e+01 -2.221110076783757e-06
9.500000000000001e-01 1.246044551787411e+01 -1.004386330990023e-06
9.531250000000000e-01 1.265669813259115e+01 -4.389334158097080e-07
9.562500000000000e-01 1.285604082436773e+01 -1.854581023461722e-07
9.593750000000001e-01 1.305852226184337e+01 -7.579069491810431e-08
9.625000000000000e-01 1.326419187996850e+01 -2.996915323193756e-08
9.656250000000001e-01 1.347309989207381e+01 -1.147042962539268e-08
9.687500000000000e-01 1.368529730212962e+01 -4.250917328445751e-09
9.718750000000000e-01 1.390083591719824e+01 -1.525906685419764e-09
9.750000000000001e-01 1.411976836008246e+01 -5.307060831246029e-10
9.781250000000000e-01 1.434214808217320e+01 -1.788931012592170e-10
9.812500000000001e-01 1.456802937649935e+01 -5.846199525233541e-11
9.843750000000000e-01 1.479746739098328e+01 -1.852753529011417e-11
9.875000000000000e-01 1.503051814190487e+01 -5.695426624428573e-12
9.906250000000001e-01 1.526723852757770e+01 -1.699366305857353e-12
9.937500000000000e-01 1.550768634224049e+01 -4.897323092199105e-13
9.968750000000001e-01 1.575192029016732e+01 -1.442392689831009e-13
1.000000000000000e+00 1.600000000000000e+01 -1.388121870873327e-14
