0.000000000000000e+00 0.000000000000000e+00 0.000000000000000e+00
3.125000000000000e-03 3.369263549427258e-03 -2.369642208773946e-03
6.250000000000000e-03 6.739349689698711e-03 -2.481214855618225e-04
9.375000000000001e-03 1.011108121249049e-02 -1.788356026931322e-04
1.250000000000000e-02 1.348528131119160e-02 8.470823529566815e-05
1.562500000000000e-02 1.686277378188298e-02 -2.721566786252747e-05
1.875000000000000e-02 2.024438322446370e-02 -8.638311542931495e-05
2.187500000000000e-02 2.363093524397333e-02 -1.676368582921663e-05
2.500000000000000e-02 2.702325665215984e-02 1.699161539335748e-05
2.812500000000000e-02 3.042217566934200e-02 -2.332386590853733e-05
3.125000000000000e-02 3.382852212661575e-02 -1.216467847335529e-05
3.437500000000000e-02 3.724312766845378e-02 -1.132117592037510e-05
3.750000000000001e-02 4.066682595574785e-02 -1.586981721499207e-05
4.062500000000000e-02 4.410045286934348e-02 -1.740200970718649e-05
4.375000000000000e-02 4.754484671411652e-02 7.229618497201566e-06
4.687500000000000e-02 5.100084842364160e-02 8.470871478548044e-06
5.000000000000000e-02 5.446930176550237e-02 1.925153166126457e-05
5.312500000000001e-02 5.795105354729364e-02 8.738906946987746e-06
5.625000000000000e-02 6.144695382336569e-02 -3.783637617705057e-08
5.937500000000000e-02 6.495785610236132e-02 -8.056227763691693e-06
6.250000000000000e-02 6.848461755559625e-02 3.450095622775647e-05
6.562500000000000e-02 7.202809922633362e-02 1.477700659983408e-06
6.875000000000001e-02 7.558916624000402e-02 1.794570749074160e-05
7.187500000000001e-02 7.916868801542200e-02 -6.032812994195442e-06
7.500000000000001e-02 8.276753847705080e-02 5.723409469584376e-06
7.812500000000000e-02 8.638659626836727e-02 -1.067350004926491e-05
8.125000000000000e-02 9.002674496637868e-02 -6.893452892312690e-06
8.437500000000001e-02 9.368887329734420e-02 -8.311079308065790e-06
8.750000000000001e-02 9.737387535375355e-02 6.580475238361308e-06
9.062500000000001e-02 1.010826508126157e-01 -1.312739695092228e-05
9.375000000000000e-02 1.048161051551108e-01 1.384458666615743e-05
9.687500000000000e-02 1.085751498876601e-01 -1.439289139493552e-05
1.000000000000000e-01 1.123607027644654e-01 4.979774256465424e-06
1.031250000000000e-01 1.161736880115753e-01 -1.585686515751437e-05
1.062500000000000e-01 1.200150365525305e-01 4.789854547220720e-06
1.093750000000000e-01 1.238856862356450e-01 -1.431599260045411e-05
1.125000000000000e-01 1.277865820629775e-01 -3.824841823381606e-07
1.156250000000000e-01 1.317186764210495e-01 -6.215679451339598e-06
1.187500000000000e-01 1.356829293133661e-01 6.434612944609214e-06
1.218750000000000e-01 1.396803085947971e-01 -7.532167837543271e-06
1.250000000000000e-01 1.437117902078738e-01 6.141488510281010e-06
1.281250000000000e-01 1.477783584210617e-01 -6.633955753460757e-06
1.312500000000000e-01 1.518810060690650e-01 -3.563656109474344e-06
1.343750000000000e-01 1.560207347952229e-01 -1.325271812171979e-05
1.375000000000000e-01 1.601985552960564e-01 1.072930961651831e-05
1.406250000000000e-01 1.644154875680252e-01 -6.333853656522598e-06
1.437500000000000e-01 1.686725611565558e-01 9.275915388503785e-06
1.468750000000000e-01 1.729708154074000e-01 -1.259576701882707e-05
1.500000000000000e-01 1.773112997203869e-01 3.587279567616166e-07
1.531250000000000e-01 1.816950738056289e-01 -8.198902978843829e-06
1.562500000000000e-01 1.861232079422458e-01 5.504418269856132e-06
1.593750000000000e-01 1.905967832396682e-01 -5.637059959205719e-06
1.625000000000000e-01 1.951168919015860e-01 3.626673605790022e-06
1.656250000000000e-01 1.996846374926046e-01 -2.947741026615533e-07
1.687500000000000e-01 2.043011352076760e-01 9.685659435760622e-06
1.718750000000000e-01 2.089675121443681e-01 -1.224718323191714e-06
1.750000000000000e-01 2.136849075780412e-01 5.905191021476996e-06
1.781250000000000e-01 2.184544732399964e-01 4.839238419290379e-06
1.812500000000000e-01 2.232773735986666e-01 4.310387489501549e-06
1.843750000000000e-01 2.281547861439151e-01 -3.032298675389025e-06
1.875000000000000e-01 2.330879016745160e-01 -3.297666343191860e-06
1.906250000000000e-01 2.380779245888810e-01 3.522873521690114e-06
1.937500000000000e-01 2.431260731791094e-01 -2.267330074067839e-06
1.968750000000000e-01 2.482335799284277e-01 6.585614045638156e-06
2.000000000000000e-01 2.534016918120952e-01 -3.595061450942908e-06
2.031250000000000e-01 2.586316706018478e-01 3.984667926847262e-06
2.062500000000000e-01 2.639247931739538e-01 -7.166138369714644e-06
2.093750000000000e-01 2.692823518209576e-01 2.527520819587127e-06
2.125000000000000e-01 2.747056545671873e-01 -3.155208067456858e-06
2.156250000000000e-01 2.801960254881028e-01 3.099590419209996e-06
2.187500000000000e-01 2.857548050335636e-01 -5.581001717346562e-06
2.218750000000000e-01 2.913833503550930e-01 7.761573356714676e-06
2.250000000000000e-01 2.970830356372213e-01 -8.294381479476304e-06
2.281250000000000e-01 3.028552524329863e-01 3.046657672889396e-06
2.312500000000000e-01 3.087014100036755e-01 -8.658792236451518e-06
2.343750000000000e-01 3.146229356628902e-01 5.548716945046759e-06
2.375000000000000e-01 3.206212751250189e-01 -5.073480853487305e-06
2.406250000000000e-01 3.266978928582008e-01 3.705203189839435e-06
2.437500000000000e-01 3.328542724418705e-01 -4.999600166868437e-06
2.468750000000000e-01 3.390919169289667e-01 6.354779433873230e-06
2.500000000000000e-01 3.454123492128958e-01 -7.054791832796205e-07
2.531250000000000e-01 3.518171123993401e-01 3.710047907019420e-06
2.562500000000000e-01 3.583077701830001e-01 7.756909373447545e-07
2.593750000000000e-01 3.648859072293631e-01 1.227006128023873e-06
2.625000000000000e-01 3.715531295615936e-01 -1.639927348675520e-07
2.656250000000000e-01 3.783110649526354e-01 -3.078906417680312e-06
2.687500000000000e-01 3.851613633226258e-01 3.851098740051011e-06
2.718750000000000e-01 3.921056971417164e-01 -4.488969938026780e-06
2.750000000000000e-01 3.991457618383991e-01 4.481326012067445e-06
2.781250000000000e-01 4.062832762134377e-01 -4.187704685887315e-06
2.812500000000000e-01 4.135199828595055e-01 6.405482730711491e-06
2.843750000000000e-01 4.208576485866312e-01 -6.122661650712498e-06
2.875000000000000e-01 4.282980648535585e-01 6.510130933922982e-06
2.906250000000000e-01 4.358430482051222e-01 -8.371662159729330e-06
2.937500000000000e-01 4.434944407157500e-01 5.958805908718823e-06
2.968750000000000e-01 4.512541104391968e-01 -6.476136799277430e-06
3.000000000000000e-01 4.591239518646220e-01 6.362227790941910e-06
3.031250000000000e-01 4.671058863791195e-01 -5.026932701989606e-06
3.062500000000000e-01 4.752018627368176e-01 3.246979552168514e-06
3.093750000000000e-01 4.834138575346580e-01 -1.242454024962293e-06
3.125000000000000e-01 4.917438756949728e-01 3.230339645244576e-06
3.156250000000000e-01 5.001939509549778e-01 7.010525860666375e-08
3.187500000000000e-01 5.087661463633005e-01 -2.061984112190224e-07
3.218750000000000e-01 5.174625547836644e-01 3.415593030181097e-06
3.250000000000000e-01 5.262852994058529e-01 -3.220046377367693e-06
3.281250000000000e-01 5.352365342640750e-01 5.294879670881687e-06
3.312500000000000e-01 5.443184447628656e-01 -6.129886409755715e-06
3.343750000000000e-01 5.535332482106405e-01 7.276349173631523e-06
3.375000000000000e-01 5.628831943610435e-01 -7.794727193445399e-06
3.406250000000000e-01 5.723705659622137e-01 7.375972136508310e-06
3.437500000000000e-01 5.819976793141081e-01 -6.520684261556709e-06
3.468750000000000e-01 5.917668848340161e-01 5.909147132165396e-06
3.500000000000000e-01 6.016805676304035e-01 -5.218782978129341e-06
3.531250000000000e-01 6.117411480852264e-01 3.988610225578910e-06
3.562500000000000e-01 6.219510824448572e-01 -1.127245144325888e-06
3.593750000000000e-01 6.323128634197650e-01 1.414524037419586e-06
3.625000000000000e-01 6.428290207931012e-01 8.933550212084860e-07
3.656250000000000e-01 6.535021220383342e-01 -2.509021162882180e-06
3.687500000000000e-01 6.643347729460869e-01 4.895183613137267e-06
3.718750000000000e-01 6.753296182603294e-01 -5.763909901160240e-06
3.750000000000000e-01 6.864893423240808e-01 8.764446942758063e-06
3.781250000000000e-01 6.978166697347804e-01 -7.934551961512092e-06
3.812500000000000e-01 7.093143660094854e-01 8.358234145646858e-06
3.843750000000000e-01 7.209852382600603e-01 -6.655102295005314e-06
3.875000000000000e-01 7.328321358785219e-01 6.004640682909004e-06
3.906250000000000e-01 7.448579512327029e-01 -3.253204676824197e-06
3.937500000000000e-01 7.570656203724140e-01 3.538576661454541e-06
3.968750000000000e-01 7.694581237462648e-01 -6.245207242266548e-07
4.000000000000000e-01 7.820384869293291e-01 -2.478242744280873e-06
4.031250000000000e-01 7.948097813618253e-01 5.245563422612000e-06
4.062500000000000e-01 8.077751250989945e-01 -5.569712401115699e-06
4.093750000000000e-01 8.209376835723596e-01 8.015657797516064e-06
4.125000000000000e-01 8.343006703625532e-01 -7.972433828253556e-06
4.156250000000000e-01 8.478673479838968e-01 9.197619074023368e-06
4.187500000000000e-01 8.616410286809313e-01 -5.934381867883166e-06
4.218750000000000e-01 8.756250752370857e-01 5.736854061852105e-06
4.250000000000000e-01 8.898229017956865e-01 -2.372534808868992e-06
4.281250000000000e-01 9.042379746935050e-01 6.537736519232110e-07
4.312500000000000e-01 9.188738133070491e-01 2.336683386184194e-06
4.343750000000000e-01 9.337339909118028e-01 -4.789650345630446e-06
4.375000000000000e-01 9.488221355546261e-01 7.847766736324796e-06
4.406250000000000e-01 9.641419309395265e-01 -7.698946927345167e-06
4.437500000000000e-01 9.796971173270190e-01 9.999561760506490e-06
4.468750000000000e-01 9.954914924472941e-01 -6.412705337605565e-06
4.500000000000000e-01 1.011528912427417e+00 6.222338929980453e-06
4.531250000000000e-01 1.027813292732786e+00 -2.575955142605294e-06
4.562500000000000e-01 1.044348609123070e+00 2.585778476072026e-07
4.593750000000000e-01 1.061138898622882e+00 3.702522273365441e-06
4.625000000000000e-01 1.078188260507393e+00 -5.531671315858697e-06
4.656250000000000e-01 1.095500857303154e+00 9.580060388360772e-06
4.687500000000000e-01 1.113080915804360e+00 -8.150662091098955e-06
4.718750000000000e-01 1.130932728104805e+00 8.762419790132116e-06
4.750000000000000e-01 1.149060652645771e+00 -5.405573757891461e-06
4.781250000000000e-01 1.167469115280130e+00 4.247785474552970e-06
4.812500000000000e-01 1.186162610352890e+00 1.526517516662165e-06
4.843750000000000e-01 1.205145701798475e+00 -3.980278806493322e-06
4.875000000000000e-01 1.224423024254985e+00 8.183604387267224e-06
4.906250000000000e-01 1.243999284195726e+00 -8.494712887189417e-06
4.937500000000000e-01 1.263879261078271e+00 1.059293601076469e-05
4.968750000000000e-01 1.284067808511348e+00 -6.518865407687904e-06
5.000000000000000e-01 1.304569855439823e+00 5.214793461682513e-06
5.031250000000000e-01 1.325390407348082e+00 1.366816980411039e-06
5.062500000000000e-01 1.346534547482100e+00 -4.262092674464233e-06
5.093750000000000e-01 1.368007438090487e+00 9.653640143117417e-06
5.125000000000001e-01 1.389814321684837e+00 -9.718508337894769e-06
5.156250000000000e-01 1.411960522319654e+00 1.107618078502014e-05
5.187500000000000e-01 1.434451446892208e+00 -5.419598064419383e-06
5.218750000000000e-01 1.457292586462593e+00 2.814929607008799e-06
5.250000000000000e-01 1.480489517594354e+00 5.255554932056905e-06
5.281250000000001e-01 1.504047903715979e+00 -8.004595665864056e-06
5.312500000000000e-01 1.527973496503592e+00 1.246878408963797e-05
5.343750000000000e-01 1.552272137285215e+00 -9.528000741286619e-06
5.375000000000000e-01 1.576949758466886e+00 8.365468226948513e-06
5.406250000000000e-01 1.602012384981041e+00 4.772126494693584e-07
5.437500000000001e-01 1.627466135757470e+00 -4.379763148117730e-06
5.468750000000000e-01 1.653317225217225e+00 1.173729812980754e-05
5.500000000000000e-01 1.679571964789851e+00 -1.119488546674991e-05
5.531250000000000e-01 1.706236764454286e+00 1.193004222967514e-05
5.562500000000000e-01 1.733318134303830e+00 -2.919584914687821e-06
5.593750000000001e-01 1.760822686135563e+00 -1.797166162412678e-06
5.625000000000000e-01 1.788757135064574e+00 1.146151217179518e-05
5.656250000000000e-01 1.817128301163438e+00 -1.216496004458078e-05
5.687500000000000e-01 1.845943111127301e+00 1.376529469549692e-05
5.718750000000000e-01 1.875208599965003e+00 -4.070927826468599e-06
5.750000000000001e-01 1.904931912716643e+00 -1.348075575582896e-06
5.781250000000000e-01 1.935120306198011e+00 1.261785060606600e-05
5.812500000000000e-01 1.965781150772311e+00 -1.331786913586378e-05
5.843750000000000e-01 1.996921932149593e+00 1.493450470945963e-05
5.875000000000000e-01 2.028550253214365e+00 -2.962104876831441e-06
5.906250000000001e-01 2.060673835881802e+00 -4.554329151931808e-06
5.937500000000000e-01 2.093300522983012e+00 1.719538331773252e-05
5.968750000000000e-01 2.126438280179837e+00 -1.494170979640999e-05
6.000000000000001e-01 2.160095197909630e+00 1.245843701406773e-05
6.031250000000000e-01 2.194279493360494e+00 3.967077215865152e-06
6.062500000000001e-01 2.228999512477486e+00 -1.167501613777311e-05
6.093750000000000e-01 2.264263732000228e+00 2.159455943094856e-05
6.125000000000000e-01 2.300080761532477e+00 -1.203449435545528e-05
6.156250000000001e-01 2.336459345644116e+00 3.303687415216104e-06
6.187500000000000e-01 2.373408366006099e+00 1.659991855370047e-05
6.218750000000001e-01 2.410936843558884e+00 -1.909187584028566e-05
6.250000000000000e-01 2.449053940714840e+00 1.903378821425544e-05
6.281250000000000e-01 2.487768963595221e+00 2.466769080806598e-06
6.312500000000001e-01 2.527091364302215e+00 -1.434024819578900e-05
6.343750000000000e-01 2.567030743226622e+00 2.740542385302768e-05
6.375000000000001e-01 2.607596851391758e+00 -1.239303511798776e-05
6.406250000000000e-01 2.648799592834118e+00 -2.048537151154357e-06
6.437500000000000e-01 2.690649027021411e+00 2.695919708830864e-05
6.468750000000001e-01 2.733155371308524e+00 -2.259734622814139e-05
6.500000000000000e-01 2.776329003432049e+00 1.205311871938797e-05
6.531250000000001e-01 2.820180464043967e+00 2.070999278084105e-05
6.562500000000000e-01 2.864720459285089e+00 -2.721101103147532e-05
6.593750000000000e-01 2.909959863398929e+00 2.430068062073181e-05
6.625000000000001e-01 2.955909721386590e+00 1.264926925768372e-05
6.656250000000000e-01 3.002581251703353e+00 -2.826685470640517e-05
6.687500000000001e-01 3.049985848997626e+00 3.376230167215983e-05
6.718750000000000e-01 3.098135086892879e+00 5.877439441618118e-06
6.750000000000000e-01 3.147040720813310e+00 -2.864996959901511e-05
6.781250000000001e-01 3.196714690853871e+00 4.107028708200813e-05
6.812500000000000e-01 3.247169124695383e+00 2.478041830379200e-06
6.843750000000001e-01 3.298416340565477e+00 -3.111719167480718e-05
6.875000000000000e-01 3.350468850246008e+00 4.689868573004070e-05
6.906250000000000e-01 3.403339362127777e+00 4.456007155274735e-06
6.937500000000001e-01 3.457040784313211e+00 -3.757320462200927e-05
6.968750000000000e-01 3.511586227767823e+00 5.041825203321224e-05
7.000000000000001e-01 3.566989009521205e+00 1.462206213048226e-05
7.031250000000000e-01 3.623262655918307e+00 -4.827485259267671e-05
7.062500000000000e-01 3.680420905921852e+00 4.749674471582608e-05
7.093750000000001e-01 3.738477714466631e+00 3.632363571989893e-05
7.125000000000000e-01 3.797447255866536e+00 -5.883746468722716e-05
7.156250000000001e-01 3.857343927275175e+00 2.962762360088620e-05
7.187500000000000e-01 3.918182352200844e+00 6.943897057209514e-05
7.218750000000000e-01 3.979977384076828e+00 -5.574858707128011e-05
7.250000000000001e-01 4.042744109887770e+00 -1.261140354647252e-05
7.281250000000000e-01 4.106497853853101e+00 1.000531394032860e-04
7.312500000000001e-01 4.171254181168399e+00 -1.524430146209452e-05
7.343750000000000e-01 4.237028901805528e+00 -7.265591375702511e-05
7.375000000000000e-01 4.303838074372613e+00 8.888076650727759e-05
7.406250000000001e-01 4.371698010034643e+00 7.493532084904469e-05
7.437500000000000e-01 4.440625276495786e+00 -9.745027355683876e-05
7.468750000000001e-01 4.510636702044332e+00 -7.807758155743171e-06
7.500000000000000e-01 4.581749379661216e+00 1.554618880003313e-04
7.531250000000000e-01 4.653980671193226e+00 3.652394456940978e-06
7.562500000000001e-01 4.727348211591802e+00 -1.347188485583373e-04
7.593750000000000e-01 4.801869913218528e+00 7.336297362756309e-05
7.625000000000001e-01 4.877563970218381e+00 1.945612017502855e-04
7.656250000000000e-01 4.954448862961714e+00 -5.532786713845920e-05
7.687500000000000e-01 5.032543362556198e+00 -1.664090395521373e-04
7.718750000000001e-01 5.111866535429675e+00 1.284649838889496e-04
7.750000000000000e-01 5.192437747985146e+00 2.645736441597830e-04
7.781250000000001e-01 5.274276671329015e+00 -5.978074100601406e-05
7.812500000000000e-01 5.357403286073669e+00 -2.499541044736890e-04
7.843750000000000e-01 5.441837887215693e+00 9.804024159649119e-05
7.875000000000001e-01 5.527601089090773e+00 4.085336101480091e-04
7.906250000000000e-01 5.614713830406605e+00 1.037204039485698e-04
7.937500000000001e-01 5.703197379355005e+00 -3.589922485455925e-04
7.968750000000000e-01 5.793073338804412e+00 -1.860247813179443e-04
8.000000000000000e-01 5.884363651574169e+00 4.543479514775497e-04
8.031250000000001e-01 5.977090605791737e+00 6.161583555640156e-04
8.062500000000000e-01 6.071276840334257e+00 -2.982292496596431e-05
8.093750000000001e-01 6.166945350355728e+00 -6.528534772344909e-04
8.125000000000000e-01 6.264119492901173e+00 -3.350516295616976e-04
8.156250000000000e-01 6.362822992609162e+00 7.026792245878997e-04
8.187500000000001e-01 6.463079947504072e+00 1.289261775544890e-03
8.218750000000000e-01 6.564914834879517e+00 6.338730443366522e-04
8.250000000000001e-01 6.668352517274371e+00 -7.580517560869648e-04
8.281250000000000e-01 6.773418248542846e+00 -1.524867084262425e-03
8.312500000000000e-01 6.880137680020114e+00 -7.066312841022864e-04
8.343750000000001e-01 6.988536866784961e+00 1.395648552591011e-03
8.375000000000000e-01 7.098642274021019e+00 3.418590912998731e-03
8.406250000000001e-01 7.210480783478133e+00 3.879234354446604e-03
8.437500000000000e-01 7.324079700035414e+00 2.075445464323376e-03
8.468750000000000e-01 7.439466758367605e+00 -1.614355495330647e-03
8.500000000000001e-01 7.556670129716381e+00 -6.059068601623220e-03
8.531250000000000e-01 7.675718428768239e+00 -9.982262309569230e-03
8.562500000000001e-01 7.796640720640633e+00 -1.246340168609071e-02
8.593750000000000e-01 7.919466527978115e+00 -1.314349936773454e-02
8.625000000000000e-01 8.044225838160141e+00 -1.216372487438831e-02
8.656250000000001e-01 8.170949110622363e+00 -9.970103472901368e-03
8.687500000000000e-01 8.299667284293170e+00 -7.104715489649211e-03
8.718750000000001e-01 8.430411785147284e+00 -4.049321902726014e-03
8.750000000000000e-01 8.563214533878281e+00 -1.145025918357035e-03
8.781250000000000e-01 8.698107953691880e+00 1.415299701010415e-03
8.812500000000001e-01 8.835124978221932e+00 3.548625036504836e-03
8.843750000000000e-01 8.974299059571019e+00 5.236282493231684e-03
8.875000000000001e-01 9.115664176477637e+00 6.498201497798308e-03
8.906250000000000e-01 9.259254842611947e+00 7.385454770877268e-03
8.937500000000000e-01 9.405106115002161e+00 7.971423011819261e-03
8.968750000000001e-01 9.553253602593529e+00 8.328461485972990e-03
9.000000000000000e-01 9.703733474942130e+00 8.497324146693177e-03
9.031250000000001e-01 9.856582471045494e+00 8.468222634326733e-03
9.062500000000000e-01 1.001183790831228e+01 8.186530346777606e-03
9.093750000000000e-01 1.016953769167313e+01 7.580776420427061e-03
9.125000000000001e-01 1.032972032283505e+01 6.599979385628914e-03
9.156250000000000e-01 1.049242490968134e+01 5.245980502409308e-03
9.187500000000001e-01 1.065769117581972e+01 3.590862001143610e-03
9.218750000000000e-01 1.082555947028058e+01 1.774462865616504e-03
9.250000000000000e-01 1.099607077736805e+01 -1.834530545928901e-05
9.281250000000001e-01 1.116926672666618e+01 -1.595530548862777e-03
9.312500000000000e-01 1.134518960320255e+01 -2.800191122032635e-03
9.343750000000001e-01 1.152388235777201e+01 -3.543850189306750e-03
9.375000000000000e-01 1.170538861742293e+01 -3.820177240807658e-03
9.406250000000000e-01 1.188975269610854e+01 -3.696134495125306e-03
9.437500000000001e-01 1.207701960550600e+01 -3.285989453242913e-03
9.468750000000000e-01 1.226723506600578e+01 -2.718805007083192e-03
9.500000000000001e-01 1.246044551787411e+01 -2.110096251147198e-03
9.531250000000000e-01 1.265669813259115e+01 -1.544392039487098e-03
9.562500000000000e-01 1.285604082436773e+01 -1.070126915716021e-03
9.593750000000001e-01 1.305852226184337e+01 -7.041108685933858e-04
9.625000000000000e-01 1.326419187996850e+01 -4.409889138402201e-04
9.656250000000001e-01 1.347309989207381e+01 -2.634346976356322e-04
9.687500000000000e-01 1.368529730212962e+01 -1.503583533821466e-04
9.718750000000000e-01 1.390083591719824e+01 -8.211938181548006e-05
9.750000000000001e-01 1.411976836008246e+01 -4.297399603990237e-05
9.781250000000000e-01 1.434214808217320e+01 -2.157376790784506e-05
9.812500000000001e-01 1.456802937649935e+01 -1.040086933910449e-05
9.843750000000000e-01 1.479746739098328e+01 -4.820372812569930e-06
9.875000000000000e-01 1.503051814190487e+01 -2.148996579504078e-06
9.906250000000001e-01 1.526723852757770e+01 -9.235913541302518e-07
9.937500000000000e-01 1.550768634224049e+01 -3.798085117041697e-07
9.968750000000001e-01 1.575192029016732e+01 -1.564238744794435e-07
1.000000000000000e+00 1.600000000000000e+01 -4.749740344924003e-08
