0.000000000000000e+00 0.000000000000000e+00 0.000000000000000e+00
3.125000000000000e-03 3.369263549427258e-03 -2.787834301402646e-03
6.250000000000000e-03 6.739349689698711e-03 -5.153296815592230e-04
9.375000000000001e-03 1.011108121249049e-02 -2.273391534680696e-04
1.250000000000000e-02 1.348528131119160e-02 8.030045099950597e-05
1.562500000000000e-02 1.686277378188298e-02 -1.074732672079845e-04
1.875000000000000e-02 2.024438322446370e-02 -1.123160492072682e-04
2.187500000000000e-02 2.363093524397333e-02 -5.473827336587396e-05
2.500000000000000e-02 2.702325665215984e-02 -4.678437638860931e-06
2.812500000000000e-02 3.042217566934200e-02 -3.174412393579064e-05
3.125000000000000e-02 3.382852212661575e-02 1.900154317650456e-05
3.437500000000000e-02 3.724312766845378e-02 -2.900026998563521e-05
3.750000000000001e-02 4.066682595574785e-02 -1.546011541384192e-05
4.062500000000000e-02 4.410045286934348e-02 8.004787028809423e-06
4.375000000000000e-02 4.754484671411652e-02 -3.204579456301908e-05
4.687500000000000e-02 5.100084842364160e-02 -3.525937789204650e-05
5.000000000000000e-02 5.446930176550237e-02 -4.046580025446847e-06
5.312500000000001e-02 5.795105354729364e-02 -2.027395795603219e-05
5.625000000000000e-02 6.144695382336569e-02 -1.021277782296669e-05
5.937500000000000e-02 6.495785610236132e-02 -1.321602059214774e-06
6.250000000000000e-02 6.848461755559625e-02 -2.158725007816227e-05
6.562500000000000e-02 7.202809922633362e-02 -4.098084060351708e-06
6.875000000000001e-02 7.558916624000402e-02 -7.403964111272267e-06
7.187500000000001e-02 7.916868801542200e-02 1.157168702032476e-05
7.500000000000001e-02 8.276753847705080e-02 2.269692562326732e-06
7.812500000000000e-02 8.638659626836727e-02 6.739271194524420e-06
8.125000000000000e-02 9.002674496637868e-02 -6.487066905356869e-06
8.437500000000001e-02 9.368887329734420e-02 8.046175647253206e-06
8.750000000000001e-02 9.737387535375355e-02 6.682052372403146e-07
9.062500000000001e-02 1.010826508126157e-01 -2.079551607097174e-06
9.375000000000000e-02 1.048161051551108e-01 -7.691997837759861e-06
9.687500000000000e-02 1.085751498876601e-01 1.217850095727751e-05
1.000000000000000e-01 1.123607027644654e-01 5.944544391783827e-06
1.031250000000000e-01 1.161736880115753e-01 -4.625733654754709e-06
1.062500000000000e-01 1.200150365525305e-01 -9.377683981194128e-06
1.093750000000000e-01 1.238856862356450e-01 6.303835358076630e-06
1.125000000000000e-01 1.277865820629775e-01 4.796356438371832e-06
1.156250000000000e-01 1.317186764210495e-01 5.145683061702712e-06
1.187500000000000e-01 1.356829293133661e-01 4.923516205437816e-06
1.218750000000000e-01 1.396803085947971e-01 -5.638727216678312e-08
1.250000000000000e-01 1.437117902078738e-01 -6.043141544524952e-06
1.281250000000000e-01 1.477783584210617e-01 7.883269537330903e-06
1.312500000000000e-01 1.518810060690650e-01 2.049546498132631e-06
1.343750000000000e-01 1.560207347952229e-01 -5.479684058557677e-06
1.375000000000000e-01 1.601985552960564e-01 -3.513560835560624e-06
1.406250000000000e-01 1.644154875680252e-01 -6.279851664433161e-06
1.437500000000000e-01 1.686725611565558e-01 1.437549304409114e-06
1.468750000000000e-01 1.729708154074000e-01 -2.535927153374519e-06
1.500000000000000e-01 1.773112997203869e-01 2.365827413852958e-06
1.531250000000000e-01 1.816950738056289e-01 -3.884529215249384e-06
1.562500000000000e-01 1.861232079422458e-01 -1.402502395211910e-06
1.593750000000000e-01 1.905967832396682e-01 -2.721729282477482e-06
1.625000000000000e-01 1.951168919015860e-01 4.421369224987780e-07
1.656250000000000e-01 1.996846374926046e-01 -3.289264922984567e-06
1.687500000000000e-01 2.043011352076760e-01 5.023289288461746e-07
1.718750000000000e-01 2.089675121443681e-01 6.881219149586784e-07
1.750000000000000e-01 2.136849075780412e-01 6.933602749180126e-06
1.781250000000000e-01 2.184544732399964e-01 -1.324310471305630e-06
1.812500000000000e-01 2.232773735986666e-01 6.804409979514964e-06
1.843750000000000e-01 2.281547861439151e-01 2.272566609123495e-06
1.875000000000000e-01 2.330879016745160e-01 5.267852732369898e-06
1.906250000000000e-01 2.380779245888810e-01 -3.491136198904090e-06
1.937500000000000e-01 2.431260731791094e-01 -3.373024399193670e-07
1.968750000000000e-01 2.482335799284277e-01 5.045301648366935e-06
2.000000000000000e-01 2.534016918120952e-01 2.953715068881332e-06
2.031250000000000e-01 2.586316706018478e-01 5.425062767534288e-08
2.062500000000000e-01 2.639247931739538e-01 1.311240211611820e-06
2.093750000000000e-01 2.692823518209576e-01 -2.735433430419415e-06
2.125000000000000e-01 2.747056545671873e-01 -1.113660878881797e-07
2.156250000000000e-01 2.801960254881028e-01 2.532540787852265e-06
2.187500000000000e-01 2.857548050335636e-01 -2.495252556694637e-06
2.218750000000000e-01 2.913833503550930e-01 -7.515211150021617e-07
2.250000000000000e-01 2.970830356372213e-01 2.752564378623251e-06
2.281250000000000e-01 3.028552524329863e-01 -9.063655686278375e-08
2.312500000000000e-01 3.087014100036755e-01 -2.139394791765476e-06
2.343750000000000e-01 3.146229356628902e-01 2.206655350379960e-06
2.375000000000000e-01 3.206212751250189e-01 6.092160078471479e-07
2.406250000000000e-01 3.266978928582008e-01 3.503144317333774e-06
2.437500000000000e-01 3.328542724418705e-01 1.858599607140973e-06
2.468750000000000e-01 3.390919169289667e-01 1.271395791728516e-06
2.500000000000000e-01 3.454123492128958e-01 -1.022523481728632e-06
2.531250000000000e-01 3.518171123993401e-01 4.482916847445411e-06
2.562500000000000e-01 3.583077701830001e-01 1.419768008016147e-06
2.593750000000000e-01 3.648859072293631e-01 1.388587759972618e-06
2.625000000000000e-01 3.715531295615936e-01 1.853631614144001e-06
2.656250000000000e-01 3.783110649526354e-01 1.331694117605312e-06
2.687500000000000e-01 3.851613633226258e-01 3.305287907298102e-06
2.718750000000000e-01 3.921056971417164e-01 6.736636129607853e-07
2.750000000000000e-01 3.991457618383991e-01 -1.257948017476384e-06
2.781250000000000e-01 4.062832762134377e-01 4.554573857947614e-07
2.812500000000000e-01 4.135199828595055e-01 3.736338356032564e-08
2.843750000000000e-01 4.208576485866312e-01 1.350290025554293e-06
2.875000000000000e-01 4.282980648535585e-01 3.724346692135494e-06
2.906250000000000e-01 4.358430482051222e-01 1.902155978494937e-06
2.937500000000000e-01 4.434944407157500e-01 2.255308947460667e-06
2.968750000000000e-01 4.512541104391968e-01 -6.763127670861251e-07
3.000000000000000e-01 4.591239518646220e-01 3.696486766751160e-06
3.031250000000000e-01 4.671058863791195e-01 2.673611056182378e-06
3.062500000000000e-01 4.752018627368176e-01 1.142120804118227e-06
3.093750000000000e-01 4.834138575346580e-01 2.191298143349177e-06
3.125000000000000e-01 4.917438756949728e-01 2.790016922626899e-06
3.156250000000000e-01 5.001939509549778e-01 9.485921426413172e-07
3.187500000000000e-01 5.087661463633005e-01 2.446562280337453e-06
3.218750000000000e-01 5.174625547836644e-01 4.778657395722521e-07
3.250000000000000e-01 5.262852994058529e-01 2.652312744674208e-06
3.281250000000000e-01 5.352365342640750e-01 2.407463447285392e-06
3.312500000000000e-01 5.443184447628656e-01 1.685122463363495e-06
3.343750000000000e-01 5.535332482106405e-01 2.561123877957637e-06
3.375000000000000e-01 5.628831943610435e-01 1.168612623912659e-06
3.406250000000000e-01 5.723705659622137e-01 2.520404963224642e-06
3.437500000000000e-01 5.819976793141081e-01 1.979512729606303e-06
3.468750000000000e-01 5.917668848340161e-01 2.555566561673015e-06
3.500000000000000e-01 6.016805676304035e-01 1.180694852682005e-06
3.531250000000000e-01 6.117411480852264e-01 3.277790118912357e-06
3.562500000000000e-01 6.219510824448572e-01 2.698200550847871e-06
3.593750000000000e-01 6.323128634197650e-01 3.242714058132147e-06
3.625000000000000e-01 6.428290207931012e-01 1.780246742013781e-06
3.656250000000000e-01 6.535021220383342e-01 2.805138447021412e-06
3.687500000000000e-01 6.643347729460869e-01 3.131141243890039e-06
3.718750000000000e-01 6.753296182603294e-01 1.626550918240320e-06
3.750000000000000e-01 6.864893423240808e-01 2.624058396074408e-06
3.781250000000000e-01 6.978166697347804e-01 2.136486563830329e-06
3.812500000000000e-01 7.093143660094854e-01 3.334843639689073e-06
3.843750000000000e-01 7.209852382600603e-01 2.360118177810183e-06
3.875000000000000e-01 7.328321358785219e-01 4.614399609901795e-06
3.906250000000000e-01 7.448579512327029e-01 2.589920384037790e-06
3.937500000000000e-01 7.570656203724140e-01 3.706355930885390e-06
3.968750000000000e-01 7.694581237462648e-01 2.883243000519582e-06
4.000000000000000e-01 7.820384869293291e-01 1.928393266985731e-06
4.031250000000000e-01 7.948097813618253e-01 2.826552273567010e-06
4.062500000000000e-01 8.077751250989945e-01 2.819051516717681e-06
4.093750000000000e-01 8.209376835723596e-01 4.111557910691445e-06
4.125000000000000e-01 8.343006703625532e-01 3.069619374719175e-06
4.156250000000000e-01 8.478673479838968e-01 4.840618016678777e-06
4.187500000000000e-01 8.616410286809313e-01 2.875642080249570e-06
4.218750000000000e-01 8.756250752370857e-01 3.195509275234628e-06
4.250000000000000e-01 8.898229017956865e-01 3.724523747298490e-06
4.281250000000000e-01 9.042379746935050e-01 3.931481333782331e-06
4.312500000000000e-01 9.188738133070491e-01 3.891073275120125e-06
4.343750000000000e-01 9.337339909118028e-01 2.873645208834414e-06
4.375000000000000e-01 9.488221355546261e-01 4.489317992759438e-06
4.406250000000000e-01 9.641419309395265e-01 3.835419678575719e-06
4.437500000000000e-01 9.796971173270190e-01 4.919519101225128e-06
4.468750000000000e-01 9.954914924472941e-01 3.811216934372503e-06
4.500000000000000e-01 1.011528912427417e+00 4.176775918906762e-06
4.531250000000000e-01 1.027813292732786e+00 4.182932573426280e-06
4.562500000000000e-01 1.044348609123070e+00 3.900815831101310e-06
4.593750000000000e-01 1.061138898622882e+00 4.984630995576464e-06
4.625000000000000e-01 1.078188260507393e+00 4.268188098481011e-06
4.656250000000000e-01 1.095500857303154e+00 5.385498020113903e-06
4.687500000000000e-01 1.113080915804360e+00 4.625266540541510e-06
4.718750000000000e-01 1.130932728104805e+00 4.840583117930199e-06
4.750000000000000e-01 1.149060652645771e+00 4.834618646863102e-06
4.781250000000000e-01 1.167469115280130e+00 4.626454047893366e-06
4.812500000000000e-01 1.186162610352890e+00 5.578069864892615e-06
4.843750000000000e-01 1.205145701798475e+00 5.129699980682189e-06
4.875000000000000e-01 1.224423024254985e+00 5.905624867226535e-06
4.906250000000000e-01 1.243999284195726e+00 5.268084922846114e-06
4.937500000000000e-01 1.263879261078271e+00 5.499917302792844e-06
4.968750000000000e-01 1.284067808511348e+00 5.708277065868172e-06
5.000000000000000e-01 1.304569855439823e+00 5.767659041905420e-06
5.031250000000000e-01 1.325390407348082e+00 6.579783751180575e-06
5.062500000000000e-01 1.346534547482100e+00 5.828522388278063e-06
5.093750000000000e-01 1.368007438090487e+00 6.435244963645627e-06
5.125000000000001e-01 1.389814321684837e+00 6.036235823601758e-06
5.156250000000000e-01 1.411960522319654e+00 6.339769909608345e-06
5.187500000000000e-01 1.434451446892208e+00 7.542671003386724e-06
5.218750000000000e-01 1.457292586462593e+00 6.321113721471650e-06
5.250000000000000e-01 1.480489517594354e+00 7.353644743345011e-06
5.281250000000001e-01 1.504047903715979e+00 7.073346738596239e-06
5.312500000000000e-01 1.527973496503592e+00 6.690860475170531e-06
5.343750000000000e-01 1.552272137285215e+00 8.786173631157246e-06
5.375000000000000e-01 1.576949758466886e+00 7.066583564596602e-06
5.406250000000000e-01 1.602012384981041e+00 7.454122398460496e-06
5.437500000000001e-01 1.627466135757470e+00 9.109648698991635e-06
5.468750000000000e-01 1.653317225217225e+00 7.428638177862032e-06
5.500000000000000e-01 1.679571964789851e+00 8.997257085036370e-06
5.531250000000000e-01 1.706236764454286e+00 8.725861543839954e-06
5.562500000000000e-01 1.733318134303830e+00 8.313234922544091e-06
5.593750000000001e-01 1.760822686135563e+00 1.040804110214511e-05
5.625000000000000e-01 1.788757135064574e+00 8.339914723423367e-06
5.656250000000000e-01 1.817128301163438e+00 9.905559826400666e-06
5.687500000000000e-01 1.845943111127301e+00 1.091533347458149e-05
5.718750000000000e-01 1.875208599965003e+00 8.523592628183985e-06
5.750000000000001e-01 1.904931912716643e+00 1.195050982214037e-05
5.781250000000000e-01 1.935120306198011e+00 1.060687878065430e-05
5.812500000000000e-01 1.965781150772311e+00 9.743300222514427e-06
5.843750000000000e-01 1.996921932149593e+00 1.368932194416270e-05
5.875000000000000e-01 2.028550253214365e+00 1.011632426376152e-05
5.906250000000001e-01 2.060673835881802e+00 1.191483856878551e-05
5.937500000000000e-01 2.093300522983012e+00 1.471828172234617e-05
5.968750000000000e-01 2.126438280179837e+00 1.003897043572035e-05
6.000000000000001e-01 2.160095197909630e+00 1.462937682549679e-05
6.031250000000000e-01 2.194279493360494e+00 1.514928534998021e-05
6.062500000000001e-01 2.228999512477486e+00 1.070606951566819e-05
6.093750000000000e-01 2.264263732000228e+00 1.744847544377462e-05
6.125000000000000e-01 2.300080761532477e+00 1.541015494907630e-05
6.156250000000001e-01 2.336459345644116e+00 1.199152934757080e-05
6.187500000000000e-01 2.373408366006099e+00 2.025750817225430e-05
6.218750000000001e-01 2.410936843558884e+00 1.591804128712695e-05
6.250000000000000e-01 2.449053940714840e+00 1.359919749813745e-05
6.281250000000000e-01 2.487768963595221e+00 2.316387442563881e-05
6.312500000000001e-01 2.527091364302215e+00 1.701372550049264e-05
6.343750000000000e-01 2.567030743226622e+00 1.510513477018187e-05
6.375000000000001e-01 2.607596851391758e+00 2.641729692798426e-05
6.406250000000000e-01 2.648799592834118e+00 1.908982438878261e-05
6.437500000000000e-01 2.690649027021411e+00 1.617494283004333e-05
6.468750000000001e-01 2.733155371308524e+00 3.007820362439185e-05
6.500000000000000e-01 2.776329003432049e+00 2.277806757069968e-05
6.531250000000001e-01 2.820180464043967e+00 1.648467828327972e-05
6.562500000000000e-01 2.864720459285089e+00 3.366734009552705e-05
6.593750000000000e-01 2.909959863398929e+00 2.919020690817358e-05
6.625000000000001e-01 2.955909721386590e+00 1.643595551795112e-05
6.656250000000000e-01 3.002581251703353e+00 3.560075091721764e-05
6.687500000000001e-01 3.049985848997626e+00 3.943283625555303e-05
6.718750000000000e-01 3.098135086892879e+00 1.817107848224882e-05
6.750000000000000e-01 3.147040720813310e+00 3.304985595362415e-05
6.781250000000001e-01 3.196714690853871e+00 5.263295677783956e-05
6.812500000000000e-01 3.247169124695383e+00 2.747165846389699e-05
6.843750000000001e-01 3.298416340565477e+00 2.455548776894682e-05
6.875000000000000e-01 3.350468850246008e+00 6.148785950994347e-05
6.906250000000000e-01 3.403339362127777e+00 5.158856476411511e-05
6.937500000000001e-01 3.457040784313211e+00 1.868803151685006e-05
6.968750000000000e-01 3.511586227767823e+00 5.152123308939372e-05
7.000000000000001e-01 3.566989009521205e+00 8.505294567106626e-05
7.031250000000000e-01 3.623262655918307e+00 4.180434096166467e-05
7.062500000000000e-01 3.680420905921852e+00 2.285171746377435e-05
7.093750000000001e-01 3.738477714466631e+00 8.844259442797779e-05
7.125000000000000e-01 3.797447255866536e+00 1.074287430851158e-04
7.156250000000001e-01 3.857343927275175e+00 3.551505667698679e-05
7.187500000000000e-01 3.918182352200844e+00 3.086972997703562e-05
7.218750000000000e-01 3.979977384076828e+00 1.305673429470406e-04
7.250000000000001e-01 4.042744109887770e+00 1.498756448886386e-04
7.281250000000000e-01 4.106497853853101e+00 4.294553069234282e-05
7.312500000000001e-01 4.171254181168399e+00 2.174630146630865e-05
7.343750000000000e-01 4.237028901805528e+00 1.670001046498331e-04
7.375000000000000e-01 4.303838074372613e+00 2.463898817724778e-04
7.406250000000001e-01 4.371698010034643e+00 1.089811273171682e-04
7.437500000000000e-01 4.440625276495786e+00 -1.868279464671323e-05
7.468750000000001e-01 4.510636702044332e+00 1.240718104070440e-04
7.500000000000000e-01 4.581749379661216e+00 3.839031404070745e-04
7.531250000000000e-01 4.653980671193226e+00 3.787939752913170e-04
7.562500000000001e-01 4.727348211591802e+00 7.485459727776364e-05
7.593750000000000e-01 4.801869913218528e+00 -9.868198137302990e-05
7.625000000000001e-01 4.877563970218381e+00 2.004417895855041e-04
7.656250000000000e-01 4.954448862961714e+00 7.325596887205726e-04
7.687500000000000e-01 5.032543362556198e+00 8.918874233216114e-04
7.718750000000001e-01 5.111866535429675e+00 4.007501718600665e-04
7.750000000000000e-01 5.192437747985146e+00 -3.065588278477907e-04
7.781250000000001e-01 5.274276671329015e+00 -4.337022335927650e-04
7.812500000000000e-01 5.357403286073669e+00 4.362942464055967e-04
7.843750000000000e-01 5.441837887215693e+00 1.887806181570361e-03
7.875000000000001e-01 5.527601089090773e+00 2.866650424075729e-03
7.906250000000000e-01 5.614713830406605e+00 2.322066287283896e-03
7.937500000000001e-01 5.703197379355005e+00 -1.893385794139251e-04
7.968750000000000e-01 5.793073338804412e+00 -4.296835666670755e-03
8.000000000000000e-01 5.884363651574169e+00 -9.040156951215747e-03
8.031250000000001e-01 5.977090605791737e+00 -1.331024744656642e-02
8.062500000000000e-01 6.071276840334257e+00 -1.624477513227121e-02
8.093750000000001e-01 6.166945350355728e+00 -1.742713305930405e-02
8.125000000000000e-01 6.264119492901173e+00 -1.687948269536456e-02
8.156250000000000e-01 6.362822992609162e+00 -1.492954530995021e-02
8.187500000000001e-01 6.463079947504072e+00 -1.204377806231976e-02
8.218750000000000e-01 6.564914834879517e+00 -8.689754111051169e-03
8.250000000000001e-01 6.668352517274371e+00 -5.252873195343470e-03
8.281250000000000e-01 6.773418248542846e+00 -2.005043163314485e-03
8.312500000000000e-01 6.880137680020114e+00 8.908650143867933e-04
8.343750000000001e-01 6.988536866784961e+00 3.359590573936496e-03
8.375000000000000e-01 7.098642274021019e+00 5.388606039495544e-03
8.406250000000001e-01 7.210480783478133e+00 7.004841951962462e-03
8.437500000000000e-01 7.324079700035414e+00 8.253992512835009e-03
8.468750000000000e-01 7.439466758367605e+00 9.184231655977980e-03
8.500000000000001e-01 7.556670129716381e+00 9.837634334993999e-03
8.531250000000000e-01 7.675718428768239e+00 1.025003650351416e-02
8.562500000000001e-01 7.796640720640633e+00 1.045443064151898e-02
8.593750000000000e-01 7.919466527978115e+00 1.048030808436760e-02
8.625000000000000e-01 8.044225838160141e+00 1.034589205663442e-02
8.656250000000001e-01 8.170949110622363e+00 1.004786010564469e-02
8.687500000000000e-01 8.299667284293170e+00 9.557837489623567e-03
8.718750000000001e-01 8.430411785147284e+00 8.831521175953587e-03
8.750000000000000e-01 8.563214533878281e+00 7.828500220295556e-03
8.781250000000000e-01 8.698107953691880e+00 6.534337958746900e-03
8.812500000000001e-01 8.835124978221932e+00 4.975963549266106e-03
8.843750000000000e-01 8.974299059571019e+00 3.225594558871600e-03
8.875000000000001e-01 9.115664176477637e+00 1.393503160347677e-03
8.906250000000000e-01 9.259254842611947e+00 -3.872366026897482e-04
8.937500000000000e-01 9.405106115002161e+00 -1.980438208516546e-03
8.968750000000001e-01 9.553253602593529e+00 -3.267668956795684e-03
9.000000000000000e-01 9.703733474942130e+00 -4.166878690017388e-03
9.031250000000001e-01 9.856582471045494e+00 -4.645025505721838e-03
9.062500000000000e-01 1.001183790831228e+01 -4.721492343147607e-03
9.093750000000000e-01 1.016953769167313e+01 -4.461154184965748e-03
9.125000000000001e-01 1.032972032283505e+01 -3.958931558040755e-03
9.156250000000000e-01 1.049242490968134e+01 -3.320185075106146e-03
9.187500000000001e-01 1.065769117581972e+01 -2.642194033433165e-03
9.218750000000000e-01 1.082555947028058e+01 -2.000942353797491e-03
9.250000000000000e-01 1.099607077736805e+01 -1.445163530459082e-03
9.281250000000001e-01 1.116926672666618e+01 -9.971661282463776e-04
9.312500000000000e-01 1.134518960320255e+01 -6.582899673453843e-04
9.343750000000001e-01 1.152388235777201e+01 -4.163043534957180e-04
9.375000000000000e-01 1.170538861742293e+01 -2.524819753785233e-04
9.406250000000000e-01 1.188975269610854e+01 -1.469970928574234e-04
9.437500000000001e-01 1.207701960550600e+01 -8.223191315288580e-05
9.468750000000000e-01 1.226723506600578e+01 -4.423717506687375e-05
9.500000000000001e-01 1.246044551787411e+01 -2.290257243445772e-05
9.531250000000000e-01 1.265669813259115e+01 -1.141935732917403e-05
9.562500000000000e-01 1.285604082436773e+01 -5.487178864228810e-06
9.593750000000001e-01 1.305852226184337e+01 -2.542596047055403e-06
9.625000000000000e-01 1.326419187996850e+01 -1.136790044281749e-06
9.656250000000001e-01 1.347309989207381e+01 -4.906777567688325e-07
9.687500000000000e-01 1.368529730212962e+01 -2.045739757570483e-07
9.718750000000000e-01 1.390083591719824e+01 -8.242412086493931e-08
9.750000000000001e-01 1.411976836008246e+01 -3.210765541410605e-08
9.781250000000000e-01 1.434214808217320e+01 -1.209770480774986e-08
9.812500000000001e-01 1.456802937649935e+01 -4.410796784519820e-09
9.843750000000000e-01 1.479746739098328e+01 -1.556770626244900e-09
9.875000000000000e-01 1.503051814190487e+01 -5.320578578178917e-10
9.906250000000001e-01 1.526723852757770e+01 -1.762490893038746e-10
9.937500000000000e-01 1.550768634224049e+01 -5.626670331917178e-11
9.968750000000001e-01 1.575192029016732e+01 -1.827523523259824e-11
1.000000000000000e+00 1.600000000000000e+01 -2.837911271681190e-12
