0.000000000000000e+00 0.000000000000000e+00 0.000000000000000e+00
3.125000000000000e-03 3.369263549427258e-03 -6.567542387753010e-02
6.250000000000000e-03 6.739349689698711e-03 -4.225862264879872e-04
9.375000000000001e-03 1.011108121249049e-02 -6.838269940237464e-03
1.250000000000000e-02 1.348528131119160e-02 1.614423989558566e-04
1.562500000000000e-02 1.686277378188298e-02 -2.504651716151615e-03
1.875000000000000e-02 2.024438322446370e-02 2.862264492618016e-05
2.187500000000000e-02 2.363093524397333e-02 -1.309904605318140e-03
2.500000000000000e-02 2.702325665215984e-02 1.681855232941772e-06
2.812500000000000e-02 3.042217566934200e-02 -7.689456153182952e-04
3.125000000000000e-02 3.382852212661575e-02 -2.303178557940576e-05
3.437500000000000e-02 3.724312766845378e-02 -5.029277615162213e-04
3.750000000000001e-02 4.066682595574785e-02 -3.355157147886565e-06
4.062500000000000e-02 4.410045286934348e-02 -3.531006643742767e-04
4.375000000000000e-02 4.754484671411652e-02 7.292352195610087e-06
4.687500000000000e-02 5.100084842364160e-02 -2.667825837507083e-04
5.000000000000000e-02 5.446930176550237e-02 -9.068451118305633e-06
5.312500000000001e-02 5.795105354729364e-02 -1.976686479173601e-04
5.625000000000000e-02 6.144695382336569e-02 5.690299478949551e-06
5.937500000000000e-02 6.495785610236132e-02 -1.658045535138746e-04
6.250000000000000e-02 6.848461755559625e-02 -7.346420634374651e-07
6.562500000000000e-02 7.202809922633362e-02 -1.266764418915456e-04
6.875000000000001e-02 7.558916624000402e-02 1.067894102709977e-05
7.187500000000001e-02 7.916868801542200e-02 -1.131964859118086e-04
7.500000000000001e-02 8.276753847705080e-02 -6.838387568510652e-06
7.812500000000000e-02 8.638659626836727e-02 -7.715381727866563e-05
8.125000000000000e-02 9.002674496637868e-02 9.847151719775775e-06
8.437500000000001e-02 9.368887329734420e-02 -7.768175770944557e-05
8.750000000000001e-02 9.737387535375355e-02 3.290775004687832e-06
9.062500000000001e-02 1.010826508126157e-01 -5.609872372619124e-05
9.375000000000000e-02 1.048161051551108e-01 3.991531972467586e-06
9.687500000000000e-02 1.085751498876601e-01 -5.350999712233754e-05
1.000000000000000e-01 1.123607027644654e-01 4.215340163425413e-06
1.031250000000000e-01 1.161736880115753e-01 -4.976426070820986e-05
1.062500000000000e-01 1.200150365525305e-01 1.889873359115853e-05
1.093750000000000e-01 1.238856862356450e-01 -3.479760519175481e-05
1.125000000000000e-01 1.277865820629775e-01 1.006593108363191e-05
1.156250000000000e-01 1.317186764210495e-01 -3.469156455395173e-05
1.187500000000000e-01 1.356829293133661e-01 9.779774852685987e-06
1.218750000000000e-01 1.396803085947971e-01 -2.789301354845441e-05
1.250000000000000e-01 1.437117902078738e-01 -5.087635808873241e-08
1.281250000000000e-01 1.477783584210617e-01 -2.065540998552401e-05
1.312500000000000e-01 1.518810060690650e-01 1.725592192343711e-05
1.343750000000000e-01 1.560207347952229e-01 -1.888462331552210e-05
1.375000000000000e-01 1.601985552960564e-01 1.510778398801573e-05
1.406250000000000e-01 1.644154875680252e-01 -1.821836251443328e-05
1.437500000000000e-01 1.686725611565558e-01 1.014985123651457e-05
1.468750000000000e-01 1.729708154074000e-01 -1.286318390814241e-05
1.500000000000000e-01 1.773112997203869e-01 1.511236917879025e-05
1.531250000000000e-01 1.816950738056289e-01 -1.269342568175160e-05
1.562500000000000e-01 1.861232079422458e-01 1.075344443894253e-05
1.593750000000000e-01 1.905967832396682e-01 8.383634578649978e-08
1.625000000000000e-01 1.951168919015860e-01 1.523823351690982e-05
1.656250000000000e-01 1.996846374926046e-01 -6.336308891219807e-06
1.687500000000000e-01 2.043011352076760e-01 1.192946918738888e-05
1.718750000000000e-01 2.089675121443681e-01 -3.623563527435798e-06
1.750000000000000e-01 2.136849075780412e-01 1.502354235588797e-05
1.781250000000000e-01 2.184544732399964e-01 1.766875700725102e-07
1.812500000000000e-01 2.232773735986666e-01 1.207856209276731e-05
1.843750000000000e-01 2.281547861439151e-01 4.289365643430184e-06
1.875000000000000e-01 2.330879016745160e-01 1.442224833615964e-05
1.906250000000000e-01 2.380779245888810e-01 4.729398599435988e-06
1.937500000000000e-01 2.431260731791094e-01 1.575100428035535e-05
1.968750000000000e-01 2.482335799284277e-01 5.811893846280690e-06
2.000000000000000e-01 2.534016918120952e-01 1.760062320382284e-05
2.031250000000000e-01 2.586316706018478e-01 7.990621812929395e-06
2.062500000000000e-01 2.639247931739538e-01 1.887452032814698e-05
2.093750000000000e-01 2.692823518209576e-01 8.487367101031670e-06
2.125000000000000e-01 2.747056545671873e-01 1.876893530132579e-05
2.156250000000000e-01 2.801960254881028e-01 1.041864240977922e-05
2.187500000000000e-01 2.857548050335636e-01 1.826229309423320e-05
2.218750000000000e-01 2.913833503550930e-01 1.076575366120763e-05
2.250000000000000e-01 2.970830356372213e-01 2.102755406553593e-05
2.281250000000000e-01 3.028552524329863e-01 1.119398003592586e-05
2.312500000000000e-01 3.087014100036755e-01 2.123285449004521e-05
2.343750000000000e-01 3.146229356628902e-01 1.425703668094270e-05
2.375000000000000e-01 3.206212751250189e-01 2.431711035297416e-05
2.406250000000000e-01 3.266978928582008e-01 1.646578065183071e-05
2.437500000000000e-01 3.328542724418705e-01 2.468450183871809e-05
2.468750000000000e-01 3.390919169289667e-01 1.614891803954834e-05
2.500000000000000e-01 3.454123492128958e-01 2.185039377689553e-05
2.531250000000000e-01 3.518171123993401e-01 1.922105946756088e-05
2.562500000000000e-01 3.583077701830001e-01 2.562473430766083e-05
2.593750000000000e-01 3.648859072293631e-01 1.795558958378979e-05
2.625000000000000e-01 3.715531295615936e-01 2.325321769455906e-05
2.656250000000000e-01 3.783110649526354e-01 2.303628358919981e-05
2.687500000000000e-01 3.851613633226258e-01 2.658823610488081e-05
2.718750000000000e-01 3.921056971417164e-01 2.334159341593030e-05
2.750000000000000e-01 3.991457618383991e-01 2.784545635915163e-05
2.781250000000000e-01 4.062832762134377e-01 2.475345342475331e-05
2.812500000000000e-01 4.135199828595055e-01 2.862384011008782e-05
2.843750000000000e-01 4.208576485866312e-01 2.522679115386444e-05
2.875000000000000e-01 4.282980648535585e-01 2.869541772993906e-05
2.906250000000000e-01 4.358430482051222e-01 2.599749761581185e-05
2.937500000000000e-01 4.434944407157500e-01 3.156967276796602e-05
2.968750000000000e-01 4.512541104391968e-01 2.757367841639522e-05
3.000000000000000e-01 4.591239518646220e-01 3.337943244605370e-05
3.031250000000000e-01 4.671058863791195e-01 2.973403423979721e-05
3.062500000000000e-01 4.752018627368176e-01 3.340151832919139e-05
3.093750000000000e-01 4.834138575346580e-01 3.028476996971140e-05
3.125000000000000e-01 4.917438756949728e-01 3.523744586094911e-05
3.156250000000000e-01 5.001939509549778e-01 3.214402491202936e-05
3.187500000000000e-01 5.087661463633005e-01 3.579467547169698e-05
3.218750000000000e-01 5.174625547836644e-01 3.462600744901886e-05
3.250000000000000e-01 5.262852994058529e-01 3.634698172092227e-05
3.281250000000000e-01 5.352365342640750e-01 3.532660554929795e-05
3.312500000000000e-01 5.443184447628656e-01 3.856079673078962e-05
3.343750000000000e-01 5.535332482106405e-01 3.835348344074951e-05
3.375000000000000e-01 5.628831943610435e-01 4.048445332112891e-05
3.406250000000000e-01 5.723705659622137e-01 3.858606136138085e-05
3.437500000000000e-01 5.819976793141081e-01 4.151861802825565e-05
3.468750000000000e-01 5.917668848340161e-01 4.020626343700609e-05
3.500000000000000e-01 6.016805676304035e-01 4.362568935155886e-05
3.531250000000000e-01 6.117411480852264e-01 4.213426514968977e-05
3.562500000000000e-01 6.219510824448572e-01 4.542660452880376e-05
3.593750000000000e-01 6.323128634197650e-01 4.427221221634354e-05
3.625000000000000e-01 6.428290207931012e-01 4.703683137600751e-05
3.656250000000000e-01 6.535021220383342e-01 4.604953227661827e-05
3.687500000000000e-01 6.643347729460869e-01 4.828262448192051e-05
3.718750000000000e-01 6.753296182603294e-01 4.806251634794478e-05
3.750000000000000e-01 6.864893423240808e-01 5.050406653692932e-05
3.781250000000000e-01 6.978166697347804e-01 5.038659975112341e-05
3.812500000000000e-01 7.093143660094854e-01 5.299754797516808e-05
3.843750000000000e-01 7.209852382600603e-01 5.224540150916516e-05
3.875000000000000e-01 7.328321358785219e-01 5.469099252654380e-05
3.906250000000000e-01 7.448579512327029e-01 5.433246830299716e-05
3.937500000000000e-01 7.570656203724140e-01 5.665948994381403e-05
3.968750000000000e-01 7.694581237462648e-01 5.725170107076559e-05
4.000000000000000e-01 7.820384869293291e-01 5.932203427839127e-05
4.031250000000000e-01 7.948097813618253e-01 5.959234812896137e-05
4.062500000000000e-01 8.077751250989945e-01 6.170014558755797e-05
4.093750000000000e-01 8.209376835723596e-01 6.162245327504651e-05
4.125000000000000e-01 8.343006703625532e-01 6.462558871139245e-05
4.156250000000000e-01 8.478673479838968e-01 6.461302393947760e-05
4.187500000000000e-01 8.616410286809313e-01 6.746021975314535e-05
4.218750000000000e-01 8.756250752370857e-01 6.755173411453196e-05
4.250000000000000e-01 8.898229017956865e-01 6.940880243629358e-05
4.281250000000000e-01 9.042379746935050e-01 7.089498201829169e-05
4.312500000000000e-01 9.188738133070491e-01 7.298068869987696e-05
4.343750000000000e-01 9.337339909118028e-01 7.401339387566177e-05
4.375000000000000e-01 9.488221355546261e-01 7.643807509272989e-05
4.406250000000000e-01 9.641419309395265e-01 7.677262771809333e-05
4.437500000000000e-01 9.796971173270190e-01 7.974075725153926e-05
4.468750000000000e-01 9.954914924472941e-01 8.113915783346677e-05
4.500000000000000e-01 1.011528912427417e+00 8.336706244858409e-05
4.531250000000000e-01 1.027813292732786e+00 8.431987934402003e-05
4.562500000000000e-01 1.044348609123070e+00 8.752827722671610e-05
4.593750000000000e-01 1.061138898622882e+00 8.884421835945605e-05
4.625000000000000e-01 1.078188260507393e+00 9.115729718898080e-05
4.656250000000000e-01 1.095500857303154e+00 9.318798185339430e-05
4.687500000000000e-01 1.113080915804360e+00 9.594906983697268e-05
4.718750000000000e-01 1.130932728104805e+00 9.767186011373563e-05
4.750000000000000e-01 1.149060652645771e+00 1.007435931475527e-04
4.781250000000000e-01 1.167469115280130e+00 1.026505477963309e-04
4.812500000000000e-01 1.186162610352890e+00 1.059192533437371e-04
4.843750000000000e-01 1.205145701798475e+00 1.080424621332009e-04
4.875000000000000e-01 1.224423024254985e+00 1.113683796494558e-04
4.906250000000000e-01 1.243999284195726e+00 1.138784651731459e-04
4.937500000000000e-01 1.263879261078271e+00 1.173116835569167e-04
4.968750000000000e-01 1.284067808511348e+00 1.201164024974893e-04
5.000000000000000e-01 1.304569855439823e+00 1.237913200088536e-04
5.031250000000000e-01 1.325390407348082e+00 1.268765827980495e-04
5.062500000000000e-01 1.346534547482100e+00 1.308444879167090e-04
5.093750000000000e-01 1.368007438090487e+00 1.341757042756428e-04
5.125000000000001e-01 1.389814321684837e+00 1.385564474478689e-04
5.156250000000000e-01 1.411960522319654e+00 1.421395569422921e-04
5.187500000000000e-01 1.434451446892208e+00 1.468470182800478e-04
5.218750000000000e-01 1.457292586462593e+00 1.510083979539547e-04
5.250000000000000e-01 1.480489517594354e+00 1.558546032084001e-04
5.281250000000001e-01 1.504047903715979e+00 1.606346453297603e-04
5.312500000000000e-01 1.527973496503592e+00 1.660312076234006e-04
5.343750000000000e-01 1.552272137285215e+00 1.710098798601417e-04
5.375000000000000e-01 1.576949758466886e+00 1.772135201444659e-04
5.406250000000000e-01 1.602012384981041e+00 1.827606717921114e-04
5.437500000000001e-01 1.627466135757470e+00 1.892525122685265e-04
5.468750000000000e-01 1.653317225217225e+00 1.958347692306678e-04
5.500000000000000e-01 1.679571964789851e+00 2.029468125471351e-04
5.531250000000000e-01 1.706236764454286e+00 2.100414400804809e-04
5.562500000000000e-01 1.733318134303830e+00 2.182867914191144e-04
5.593750000000001e-01 1.760822686135563e+00 2.262327365063291e-04
5.625000000000000e-01 1.788757135064574e+00 2.351609095686581e-04
5.656250000000000e-01 1.817128301163438e+00 2.443567123418556e-04
5.687500000000000e-01 1.845943111127301e+00 2.544756095801263e-04
5.718750000000000e-01 1.875208599965003e+00 2.646835660580758e-04
5.750000000000001e-01 1.904931912716643e+00 2.760911999462278e-04
5.781250000000000e-01 1.935120306198011e+00 2.879702846873825e-04
5.812500000000000e-01 1.965781150772311e+00 3.008570265181283e-04
5.843750000000000e-01 1.996921932149593e+00 3.141173554344412e-04
5.875000000000000e-01 2.028550253214365e+00 3.290277622429923e-04
5.906250000000001e-01 2.060673835881802e+00 3.445810855299353e-04
5.937500000000000e-01 2.093300522983012e+00 3.612276694906111e-04
5.968750000000000e-01 2.126438280179837e+00 3.789676188033395e-04
6.000000000000001e-01 2.160095197909630e+00 3.986938922611484e-04
6.031250000000000e-01 2.194279493360494e+00 4.192098012249647e-04
6.062500000000001e-01 2.228999512477486e+00 4.413050044130431e-04
6.093750000000000e-01 2.264263732000228e+00 4.650172049798412e-04
6.125000000000000e-01 2.300080761532477e+00 4.911242654921993e-04
6.156250000000001e-01 2.336459345644116e+00 5.185949073756071e-04
6.187500000000000e-01 2.373408366006099e+00 5.476085807731398e-04
6.218750000000001e-01 2.410936843558884e+00 5.782007548706859e-04
6.250000000000000e-01 2.449053940714840e+00 6.119904829858213e-04
6.281250000000000e-01 2.487768963595221e+00 6.474831601464292e-04
6.312500000000001e-01 2.527091364302215e+00 6.825995328494589e-04
6.343750000000000e-01 2.567030743226622e+00 7.166927555353105e-04
6.375000000000001e-01 2.607596851391758e+00 7.530931324946696e-04
6.406250000000000e-01 2.648799592834118e+00 7.904260409534060e-04
6.437500000000000e-01 2.690649027021411e+00 8.207853694620959e-04
6.468750000000001e-01 2.733155371308524e+00 8.353073933551676e-04
6.500000000000000e-01 2.776329003432049e+00 8.358050649488067e-04
6.531250000000001e-01 2.820180464043967e+00 8.266766294406688e-04
6.562500000000000e-01 2.864720459285089e+00 7.961992742310081e-04
6.593750000000000e-01 2.909959863398929e+00 7.060611591768530e-04
6.625000000000001e-01 2.955909721386590e+00 5.148024876696645e-04
6.656250000000000e-01 3.002581251703353e+00 2.070398900557298e-04
6.687500000000001e-01 3.049985848997626e+00 -2.088307598076707e-04
6.718750000000000e-01 3.098135086892879e+00 -7.568029889471988e-04
6.750000000000000e-01 3.147040720813310e+00 -1.558900117632561e-03
6.781250000000001e-01 3.196714690853871e+00 -2.849111336946780e-03
6.812500000000000e-01 3.247169124695383e+00 -4.897637970019194e-03
6.843750000000001e-01 3.298416340565477e+00 -7.876720677237933e-03
6.875000000000000e-01 3.350468850246008e+00 -1.174135208938643e-02
6.906250000000000e-01 3.403339362127777e+00 -1.618793768060948e-02
6.937500000000001e-01 3.457040784313211e+00 -2.071848949777362e-02
6.968750000000000e-01 3.511586227767823e+00 -2.476424754500468e-02
7.000000000000001e-01 3.566989009521205e+00 -2.782990062467488e-02
7.031250000000000e-01 3.623262655918307e+00 -2.958657821989378e-02
7.062500000000000e-01 3.680420905921852e+00 -2.991395453846089e-02
7.093750000000001e-01 3.738477714466631e+00 -2.887786947893684e-02
7.125000000000000e-01 3.797447255866536e+00 -2.667969443839909e-02
7.156250000000001e-01 3.857343927275175e+00 -2.359493526248198e-02
7.187500000000000e-01 3.918182352200844e+00 -1.991662382119190e-02
7.218750000000000e-01 3.979977384076828e+00 -1.592038744736647e-02
7.250000000000001e-01 4.042744109887770e+00 -1.183691485670404e-02
7.281250000000000e-01 4.106497853853101e+00 -7.848486246883050e-03
7.312500000000001e-01 4.171254181168399e+00 -4.083349511456748e-03
7.343750000000000e-01 4.237028901805528e+00 -6.271476563951766e-04
7.375000000000000e-01 4.303838074372613e+00 2.474664496150312e-03
7.406250000000001e-01 4.371698010034643e+00 5.203111701410349e-03
7.437500000000000e-01 4.440625276495786e+00 7.562435650967856e-03
7.468750000000001e-01 4.510636702044332e+00 9.568786454860902e-03
7.500000000000000e-01 4.581749379661216e+00 1.124843732927754e-02
7.531250000000000e-01 4.653980671193226e+00 1.262999001803421e-02
7.562500000000001e-01 4.727348211591802e+00 1.374451002289142e-02
7.593750000000000e-01 4.801869913218528e+00 1.462076042438712e-02
7.625000000000001e-01 4.877563970218381e+00 1.528635958777178e-02
7.656250000000000e-01 4.954448862961714e+00 1.576491914906324e-02
7.687500000000000e-01 5.032543362556198e+00 1.607744377751508e-02
7.718750000000001e-01 5.111866535429675e+00 1.624071404099688e-02
7.750000000000000e-01 5.192437747985146e+00 1.626842856452250e-02
7.781250000000001e-01 5.274276671329015e+00 1.617029401379479e-02
7.812500000000000e-01 5.357403286073669e+00 1.595276684707134e-02
7.843750000000000e-01 5.441837887215693e+00 1.561882725370832e-02
7.875000000000001e-01 5.527601089090773e+00 1.516858168165153e-02
7.906250000000000e-01 5.614713830406605e+00 1.459920067435834e-02
7.937500000000001e-01 5.703197379355005e+00 1.390481523667726e-02
7.968750000000000e-01 5.793073338804412e+00 1.307614833841305e-02
8.000000000000000e-01 5.884363651574169e+00 1.210089499444109e-02
8.031250000000001e-01 5.977090605791737e+00 1.096562635013603e-02
8.062500000000000e-01 6.071276840334257e+00 9.659775191300943e-03
8.093750000000001e-01 6.166945350355728e+00 8.181210358043726e-03
8.125000000000000e-01 6.264119492901173e+00 6.541979126320214e-03
8.156250000000000e-01 6.362822992609162e+00 4.772305037377468e-03
8.187500000000001e-01 6.463079947504072e+00 2.921292496527746e-03
8.218750000000000e-01 6.564914834879517e+00 1.053823565955295e-03
8.250000000000001e-01 6.668352517274371e+00 -7.556441270131871e-04
8.281250000000000e-01 6.773418248542846e+00 -2.430839125917797e-03
8.312500000000000e-01 6.880137680020114e+00 -3.901333957418226e-03
8.343750000000001e-01 6.988536866784961e+00 -5.108924334545303e-03
8.375000000000000e-01 7.098642274021019e+00 -6.012261578697615e-03
8.406250000000001e-01 7.210480783478133e+00 -6.589776362221880e-03
8.437500000000000e-01 7.324079700035414e+00 -6.841046895837497e-03
8.468750000000000e-01 7.439466758367605e+00 -6.786593130917096e-03
8.500000000000001e-01 7.556670129716381e+00 -6.465895637350291e-03
8.531250000000000e-01 7.675718428768239e+00 -5.933483364679951e-03
8.562500000000001e-01 7.796640720640633e+00 -5.253265705178904e-03
8.593750000000000e-01 7.919466527978115e+00 -4.491761795594362e-03
8.625000000000000e-01 8.044225838160141e+00 -3.711268288757315e-03
8.656250000000001e-01 8.170949110622363e+00 -2.964111432457871e-03
8.687500000000000e-01 8.299667284293170e+00 -2.288891761653345e-03
8.718750000000001e-01 8.430411785147284e+00 -1.709140714145486e-03
8.750000000000000e-01 8.563214533878281e+00 -1.234248914831223e-03
8.781250000000000e-01 8.698107953691880e+00 -8.620783565526740e-04
8.812500000000001e-01 8.835124978221932e+00 -5.824480996639572e-04
8.843750000000000e-01 8.974299059571019e+00 -3.807014938934265e-04
8.875000000000001e-01 9.115664176477637e+00 -2.407591543485709e-04
8.906250000000000e-01 9.259254842611947e+00 -1.473362653203215e-04
8.937500000000000e-01 9.405106115002161e+00 -8.726222757938943e-05
8.968750000000001e-01 9.553253602593529e+00 -5.002612959787551e-05
9.000000000000000e-01 9.703733474942130e+00 -2.776439548747059e-05
9.031250000000001e-01 9.856582471045494e+00 -1.492000987755644e-05
9.062500000000000e-01 1.001183790831228e+01 -7.764440193366303e-06
9.093750000000000e-01 1.016953769167313e+01 -3.913661585275281e-06
9.125000000000001e-01 1.032972032283505e+01 -1.911003257264563e-06
9.156250000000000e-01 1.049242490968134e+01 -9.041038240917853e-07
9.187500000000001e-01 1.065769117581972e+01 -4.145033577479791e-07
9.218750000000000e-01 1.082555947028058e+01 -1.841895730516436e-07
9.250000000000000e-01 1.099607077736805e+01 -7.934209437427198e-08
9.281250000000001e-01 1.116926672666618e+01 -3.313737696893081e-08
9.312500000000000e-01 1.134518960320255e+01 -1.342092122914729e-08
9.343750000000001e-01 1.152388235777201e+01 -5.271930287465854e-09
9.375000000000000e-01 1.170538861742293e+01 -2.008875016280702e-09
9.406250000000000e-01 1.188975269610854e+01 -7.426841994610395e-10
9.437500000000001e-01 1.207701960550600e+01 -2.664371215714926e-10
9.468750000000000e-01 1.226723506600578e+01 -9.276730782885705e-11
9.500000000000001e-01 1.246044551787411e+01 -3.135265223768482e-11
9.531250000000000e-01 1.265669813259115e+01 -1.028729439161538e-11
9.562500000000000e-01 1.285604082436773e+01 -3.277502239799647e-12
9.593750000000001e-01 1.305852226184337e+01 -1.014065694264551e-12
9.625000000000000e-01 1.326419187996850e+01 -3.047443533068581e-13
9.656250000000001e-01 1.347309989207381e+01 -8.896431239675643e-14
9.687500000000000e-01 1.368529730212962e+01 -2.523303792202433e-14
9.718750000000000e-01 1.390083591719824e+01 -6.954383680096445e-15
9.750000000000001e-01 1.411976836008246e+01 -1.862704022941011e-15
9.781250000000000e-01 1.434214808217320e+01 -4.849363414020314e-16
9.812500000000001e-01 1.456802937649935e+01 -1.227268889526536e-16
9.843750000000000e-01 1.479746739098328e+01 -3.019717930399385e-17
9.875000000000000e-01 1.503051814190487e+01 -7.224650369673943e-18
9.906250000000001e-01 1.526723852757770e+01 -1.681183768963949e-18
9.937500000000000e-01 1.550768634224049e+01 -3.792573983065376e-19
9.968750000000001e-01 1.575192029016732e+01 -8.802077836789143e-20
1.000000000000000e+00 1.600000000000000e+01 3.813174969776520e-21
