0.000000000000000e+00 0.000000000000000e+00 0.000000000000000e+00
3.125000000000000e-03 3.369263549427258e-03 -6.556194610951183e-02
6.250000000000000e-03 6.739349689698711e-03 -4.233467128773795e-04
9.375000000000001e-03 1.011108121249049e-02 -6.958474724627331e-03
1.250000000000000e-02 1.348528131119160e-02 1.237625589645561e-04
1.562500000000000e-02 1.686277378188298e-02 -2.465886601458359e-03
1.875000000000000e-02 2.024438322446370e-02 -2.895670658479361e-05
2.187500000000000e-02 2.363093524397333e-02 -1.273670714708000e-03
2.500000000000000e-02 2.702325665215984e-02 5.326205045523476e-05
2.812500000000000e-02 3.042217566934200e-02 -7.634257065556007e-04
3.125000000000000e-02 3.382852212661575e-02 4.084439151082885e-05
3.437500000000000e-02 3.724312766845378e-02 -5.011961072056647e-04
3.750000000000001e-02 4.066682595574785e-02 -2.225124464708520e-05
4.062500000000000e-02 4.410045286934348e-02 -3.538775261889422e-04
4.375000000000000e-02 4.754484671411652e-02 7.083375766821428e-06
4.687500000000000e-02 5.100084842364160e-02 -2.633434918816749e-04
5.000000000000000e-02 5.446930176550237e-02 7.369873620373482e-06
5.312500000000001e-02 5.795105354729364e-02 -2.102246763089991e-04
5.625000000000000e-02 6.144695382336569e-02 1.220656348956222e-05
5.937500000000000e-02 6.495785610236132e-02 -1.742409378454478e-04
6.250000000000000e-02 6.848461755559625e-02 8.783819774808309e-06
6.562500000000000e-02 7.202809922633362e-02 -1.317750720476112e-04
6.875000000000001e-02 7.558916624000402e-02 1.420514756172435e-05
7.187500000000001e-02 7.916868801542200e-02 -1.105123656023894e-04
7.500000000000001e-02 8.276753847705080e-02 -5.777809049724619e-07
7.812500000000000e-02 8.638659626836727e-02 -8.249303681102471e-05
8.125000000000000e-02 9.002674496637868e-02 8.500793142775376e-06
8.437500000000001e-02 9.368887329734420e-02 -5.900000810213395e-05
8.750000000000001e-02 9.737387535375355e-02 2.113250368644020e-05
9.062500000000001e-02 1.010826508126157e-01 -6.225919083815299e-05
9.375000000000000e-02 1.048161051551108e-01 2.004776523672136e-05
9.687500000000000e-02 1.085751498876601e-01 -4.998282343126891e-05
1.000000000000000e-01 1.123607027644654e-01 9.396891292578673e-06
1.031250000000000e-01 1.161736880115753e-01 -3.480646306379360e-05
1.062500000000000e-01 1.200150365525305e-01 1.118211105564140e-05
1.093750000000000e-01 1.238856862356450e-01 -3.495366632369734e-05
1.125000000000000e-01 1.277865820629775e-01 9.873163192488774e-06
1.156250000000000e-01 1.317186764210495e-01 -2.480342753077175e-05
1.187500000000000e-01 1.356829293133661e-01 1.137215711995516e-05
1.218750000000000e-01 1.396803085947971e-01 -1.858952438804437e-05
1.250000000000000e-01 1.437117902078738e-01 1.300656353419335e-05
1.281250000000000e-01 1.477783584210617e-01 -1.902588543994794e-05
1.312500000000000e-01 1.518810060690650e-01 1.450513982921752e-05
1.343750000000000e-01 1.560207347952229e-01 -9.742497753846125e-06
1.375000000000000e-01 1.601985552960564e-01 2.517359058331611e-05
1.406250000000000e-01 1.644154875680252e-01 -4.276011944127033e-06
1.437500000000000e-01 1.686725611565558e-01 1.641712639408577e-05
1.468750000000000e-01 1.729708154074000e-01 -1.759037010453245e-06
1.500000000000000e-01 1.773112997203869e-01 1.770146576064905e-05
1.531250000000000e-01 1.816950738056289e-01 -4.427551192186480e-07
1.562500000000000e-01 1.861232079422458e-01 2.416939263638795e-05
1.593750000000000e-01 1.905967832396682e-01 8.386521476905244e-07
1.625000000000000e-01 1.951168919015860e-01 2.244651049081443e-05
1.656250000000000e-01 1.996846374926046e-01 5.948574285752858e-07
1.687500000000000e-01 2.043011352076760e-01 2.140565238668858e-05
1.718750000000000e-01 2.089675121443681e-01 5.794464716553637e-06
1.750000000000000e-01 2.136849075780412e-01 2.410065175905947e-05
1.781250000000000e-01 2.184544732399964e-01 1.201596355832755e-05
1.812500000000000e-01 2.232773735986666e-01 2.758418974531812e-05
1.843750000000000e-01 2.281547861439151e-01 1.146176212401331e-05
1.875000000000000e-01 2.330879016745160e-01 2.910361984318972e-05
1.906250000000000e-01 2.380779245888810e-01 1.278444385489779e-05
1.937500000000000e-01 2.431260731791094e-01 2.723336060699583e-05
1.968750000000000e-01 2.482335799284277e-01 1.853650492401087e-05
2.000000000000000e-01 2.534016918120952e-01 2.870316686357560e-05
2.031250000000000e-01 2.586316706018478e-01 1.865632360763466e-05
2.062500000000000e-01 2.639247931739538e-01 2.904705705620063e-05
2.093750000000000e-01 2.692823518209576e-01 1.887572659575760e-05
2.125000000000000e-01 2.747056545671873e-01 2.824340116523937e-05
2.156250000000000e-01 2.801960254881028e-01 2.430218373689025e-05
2.187500000000000e-01 2.857548050335636e-01 3.312516348513444e-05
2.218750000000000e-01 2.913833503550930e-01 2.621884273735584e-05
2.250000000000000e-01 2.970830356372213e-01 3.384403678357620e-05
2.281250000000000e-01 3.028552524329863e-01 2.749086626823589e-05
2.312500000000000e-01 3.087014100036755e-01 3.349706637647288e-05
2.343750000000000e-01 3.146229356628902e-01 3.018338924284765e-05
2.375000000000000e-01 3.206212751250189e-01 3.697519331872379e-05
2.406250000000000e-01 3.266978928582008e-01 2.903749161134083e-05
2.437500000000000e-01 3.328542724418705e-01 3.903464803690506e-05
2.468750000000000e-01 3.390919169289667e-01 3.254767690051535e-05
2.500000000000000e-01 3.454123492128958e-01 3.981546895803949e-05
2.531250000000000e-01 3.518171123993401e-01 3.443803654432814e-05
2.562500000000000e-01 3.583077701830001e-01 4.179596748568938e-05
2.593750000000000e-01 3.648859072293631e-01 3.564612837800102e-05
2.625000000000000e-01 3.715531295615936e-01 4.363735933255085e-05
2.656250000000000e-01 3.783110649526354e-01 3.825584807634067e-05
2.687500000000000e-01 3.851613633226258e-01 4.481599559210235e-05
2.718750000000000e-01 3.921056971417164e-01 4.113401767467989e-05
2.750000000000000e-01 3.991457618383991e-01 4.623226770441317e-05
2.781250000000000e-01 4.062832762134377e-01 4.284509085159819e-05
2.812500000000000e-01 4.135199828595055e-01 4.749878934234791e-05
2.843750000000000e-01 4.208576485866312e-01 4.516552807883616e-05
2.875000000000000e-01 4.282980648535585e-01 4.787290554473135e-05
2.906250000000000e-01 4.358430482051222e-01 4.772761443386647e-05
2.937500000000000e-01 4.434944407157500e-01 5.189112183925534e-05
2.968750000000000e-01 4.512541104391968e-01 4.993707287599745e-05
3.000000000000000e-01 4.591239518646220e-01 5.468261268444250e-05
3.031250000000000e-01 4.671058863791195e-01 5.193014616143625e-05
3.062500000000000e-01 4.752018627368176e-01 5.493698032643601e-05
3.093750000000000e-01 4.834138575346580e-01 5.236163752083286e-05
3.125000000000000e-01 4.917438756949728e-01 5.917487663032314e-05
3.156250000000000e-01 5.001939509549778e-01 5.648116152179456e-05
3.187500000000000e-01 5.087661463633005e-01 6.030469188079122e-05
3.218750000000000e-01 5.174625547836644e-01 5.827209097536519e-05
3.250000000000000e-01 5.262852994058529e-01 6.315838389916572e-05
3.281250000000000e-01 5.352365342640750e-01 6.165732321990080e-05
3.312500000000000e-01 5.443184447628656e-01 6.460196653753497e-05
3.343750000000000e-01 5.535332482106405e-01 6.391257019793088e-05
3.375000000000000e-01 5.628831943610435e-01 6.682953014650612e-05
3.406250000000000e-01 5.723705659622137e-01 6.709496652214261e-05
3.437500000000000e-01 5.819976793141081e-01 7.021463996365600e-05
3.468750000000000e-01 5.917668848340161e-01 6.991780199647528e-05
3.500000000000000e-01 6.016805676304035e-01 7.330805567738417e-05
3.531250000000000e-01 6.117411480852264e-01 7.224568159097094e-05
3.562500000000000e-01 6.219510824448572e-01 7.579848153708481e-05
3.593750000000000e-01 6.323128634197650e-01 7.524254822569800e-05
3.625000000000000e-01 6.428290207931012e-01 7.885857103689856e-05
3.656250000000000e-01 6.535021220383342e-01 7.906301668212381e-05
3.687500000000000e-01 6.643347729460869e-01 8.228941807831689e-05
3.718750000000000e-01 6.753296182603294e-01 8.228577305733581e-05
3.750000000000000e-01 6.864893423240808e-01 8.528603875527069e-05
3.781250000000000e-01 6.978166697347804e-01 8.540546825762456e-05
3.812500000000000e-01 7.093143660094854e-01 8.901414055677337e-05
3.843750000000000e-01 7.209852382600603e-01 8.941764648884077e-05
3.875000000000000e-01 7.328321358785219e-01 9.299141243080605e-05
3.906250000000000e-01 7.448579512327029e-01 9.327022242164667e-05
3.937500000000000e-01 7.570656203724140e-01 9.597138015517811e-05
3.968750000000000e-01 7.694581237462648e-01 9.745214055703272e-05
4.000000000000000e-01 7.820384869293291e-01 1.002503772994212e-04
4.031250000000000e-01 7.948097813618253e-01 1.019870726607756e-04
4.062500000000000e-01 8.077751250989945e-01 1.053026021579526e-04
4.093750000000000e-01 8.209376835723596e-01 1.055734676250297e-04
4.125000000000000e-01 8.343006703625532e-01 1.096188455673184e-04
4.156250000000000e-01 8.478673479838968e-01 1.107260482100615e-04
4.187500000000000e-01 8.616410286809313e-01 1.144922351631320e-04
4.218750000000000e-01 8.756250752370857e-01 1.162021389077703e-04
4.250000000000000e-01 8.898229017956865e-01 1.189111671959112e-04
4.281250000000000e-01 9.042379746935050e-01 1.212724412872934e-04
4.312500000000000e-01 9.188738133070491e-01 1.253622732583725e-04
4.343750000000000e-01 9.337339909118028e-01 1.269157162449528e-04
4.375000000000000e-01 9.488221355546261e-01 1.302559439881175e-04
4.406250000000000e-01 9.641419309395265e-01 1.331918926291007e-04
4.437500000000000e-01 9.796971173270190e-01 1.372029646961437e-04
4.468750000000000e-01 9.954914924472941e-01 1.392206810787089e-04
4.500000000000000e-01 1.011528912427417e+00 1.436092101227898e-04
4.531250000000000e-01 1.027813292732786e+00 1.463796409417259e-04
4.562500000000000e-01 1.044348609123070e+00 1.506443185144651e-04
4.593750000000000e-01 1.061138898622882e+00 1.537795665401883e-04
4.625000000000000e-01 1.078188260507393e+00 1.581802985558100e-04
4.656250000000000e-01 1.095500857303154e+00 1.617869869005782e-04
4.687500000000000e-01 1.113080915804360e+00 1.663816768454864e-04
4.718750000000000e-01 1.130932728104805e+00 1.702571895222606e-04
4.750000000000000e-01 1.149060652645771e+00 1.753595889812713e-04
4.781250000000000e-01 1.167469115280130e+00 1.793701895594454e-04
4.812500000000000e-01 1.186162610352890e+00 1.849684684976513e-04
4.843750000000000e-01 1.205145701798475e+00 1.893842784968989e-04
4.875000000000000e-01 1.224423024254985e+00 1.951919614753716e-04
4.906250000000000e-01 1.243999284195726e+00 2.003525603774183e-04
4.937500000000000e-01 1.263879261078271e+00 2.063567864110015e-04
4.968750000000000e-01 1.284067808511348e+00 2.121128197304182e-04
5.000000000000000e-01 1.304569855439823e+00 2.187752648202555e-04
5.031250000000000e-01 1.325390407348082e+00 2.248250570901460e-04
5.062500000000000e-01 1.346534547482100e+00 2.322895959172164e-04
5.093750000000000e-01 1.368007438090487e+00 2.389494847696302e-04
5.125000000000001e-01 1.389814321684837e+00 2.468813007862359e-04
5.156250000000000e-01 1.411960522319654e+00 2.545281520643974e-04
5.187500000000000e-01 1.434451446892208e+00 2.630637286141085e-04
5.218750000000000e-01 1.457292586462593e+00 2.715239098576711e-04
5.250000000000000e-01 1.480489517594354e+00 2.810586048913381e-04
5.281250000000001e-01 1.504047903715979e+00 2.903636754313723e-04
5.312500000000000e-01 1.527973496503592e+00 3.009175311681106e-04
5.343750000000000e-01 1.552272137285215e+00 3.113067953677462e-04
5.375000000000000e-01 1.576949758466886e+00 3.230034184149204e-04
5.406250000000000e-01 1.602012384981041e+00 3.346854392185254e-04
5.437500000000001e-01 1.627466135757470e+00 3.475619066531023e-04
5.468750000000000e-01 1.653317225217225e+00 3.608637909636902e-04
5.500000000000000e-01 1.679571964789851e+00 3.752867527675325e-04
5.531250000000000e-01 1.706236764454286e+00 3.899794835299239e-04
5.562500000000000e-01 1.733318134303830e+00 4.064289892960255e-04
5.593750000000001e-01 1.760822686135563e+00 4.231064544055085e-04
5.625000000000000e-01 1.788757135064574e+00 4.411857145800675e-04
5.656250000000000e-01 1.817128301163438e+00 4.603151156036783e-04
5.687500000000000e-01 1.845943111127301e+00 4.809498303956902e-04
5.718750000000000e-01 1.875208599965003e+00 5.021570995410161e-04
5.750000000000001e-01 1.904931912716643e+00 5.253987416624164e-04
5.781250000000000e-01 1.935120306198011e+00 5.497043167330743e-04
5.812500000000000e-01 1.965781150772311e+00 5.756573572396656e-04
5.843750000000000e-01 1.996921932149593e+00 6.026353368212754e-04
5.875000000000000e-01 2.028550253214365e+00 6.316097234353968e-04
5.906250000000001e-01 2.060673835881802e+00 6.617576783597425e-04
5.937500000000000e-01 2.093300522983012e+00 6.933814993935625e-04
5.968750000000000e-01 2.126438280179837e+00 7.253941343670323e-04
6.000000000000001e-01 2.160095197909630e+00 7.586811642746366e-04
6.031250000000000e-01 2.194279493360494e+00 7.921131091666845e-04
6.062500000000001e-01 2.228999512477486e+00 8.248104016099608e-04
6.093750000000000e-01 2.264263732000228e+00 8.546017947508237e-04
6.125000000000000e-01 2.300080761532477e+00 8.810894684330901e-04
6.156250000000001e-01 2.336459345644116e+00 9.017667520665678e-04
6.187500000000000e-01 2.373408366006099e+00 9.134012047529665e-04
6.218750000000001e-01 2.410936843558884e+00 9.092260344862966e-04
6.250000000000000e-01 2.449053940714840e+00 8.826152047064124e-04
6.281250000000000e-01 2.487768963595221e+00 8.260858423451535e-04
6.312500000000001e-01 2.527091364302215e+00 7.310714795975569e-04
6.343750000000000e-01 2.567030743226622e+00 5.791208732758756e-04
6.375000000000001e-01 2.607596851391758e+00 3.412113355194159e-04
6.406250000000000e-01 2.648799592834118e+00 -1.779821399327670e-05
6.437500000000000e-01 2.690649027021411e+00 -5.288033272190668e-04
6.468750000000001e-01 2.733155371308524e+00 -1.224925411744448e-03
6.500000000000000e-01 2.776329003432049e+00 -2.163968004996910e-03
6.531250000000001e-01 2.820180464043967e+00 -3.455757966914998e-03
6.562500000000000e-01 2.864720459285089e+00 -5.260230638869895e-03
6.593750000000000e-01 2.909959863398929e+00 -7.739848462155775e-03
6.625000000000001e-01 2.955909721386590e+00 -1.097853329099888e-02
6.656250000000000e-01 3.002581251703353e+00 -1.490423956800964e-02
6.687500000000001e-01 3.049985848997626e+00 -1.926275460533829e-02
6.718750000000000e-01 3.098135086892879e+00 -2.364905307758466e-02
6.750000000000000e-01 3.147040720813310e+00 -2.759860250499607e-02
6.781250000000001e-01 3.196714690853871e+00 -3.068264805547127e-02
6.812500000000000e-01 3.247169124695383e+00 -3.259595822083045e-02
6.843750000000001e-01 3.298416340565477e+00 -3.319155649551846e-02
6.875000000000000e-01 3.350468850246008e+00 -3.248299403511921e-02
6.906250000000000e-01 3.403339362127777e+00 -3.060951266314788e-02
6.937500000000001e-01 3.457040784313211e+00 -2.779013787804258e-02
6.968750000000000e-01 3.511586227767823e+00 -2.428020243831526e-02
7.000000000000001e-01 3.566989009521205e+00 -2.033145883005228e-02
7.031250000000000e-01 3.623262655918307e+00 -1.617326126448368e-02
7.062500000000000e-01 3.680420905921852e+00 -1.199355212879814e-02
7.093750000000001e-01 3.738477714466631e+00 -7.941110096225839e-03
7.125000000000000e-01 3.797447255866536e+00 -4.120220922573783e-03
7.156250000000001e-01 3.857343927275175e+00 -6.020156023488981e-04
7.187500000000000e-01 3.918182352200844e+00 2.575508669417964e-03
7.218750000000000e-01 3.979977384076828e+00 5.395067318159810e-03
7.250000000000001e-01 4.042744109887770e+00 7.859436023459263e-03
7.281250000000000e-01 4.106497853853101e+00 9.981248097562288e-03
7.312500000000001e-01 4.171254181168399e+00 1.178299542489791e-02
7.343750000000000e-01 4.237028901805528e+00 1.328945510875638e-02
7.375000000000000e-01 4.303838074372613e+00 1.452866418475653e-02
7.406250000000001e-01 4.371698010034643e+00 1.552682288396848e-02
7.437500000000000e-01 4.440625276495786e+00 1.631002779918310e-02
7.468750000000001e-01 4.510636702044332e+00 1.690100868249700e-02
7.500000000000000e-01 4.581749379661216e+00 1.732090934026238e-02
7.531250000000000e-01 4.653980671193226e+00 1.758715321958918e-02
7.562500000000001e-01 4.727348211591802e+00 1.771492924161040e-02
7.593750000000000e-01 4.801869913218528e+00 1.771590704461509e-02
7.625000000000001e-01 4.877563970218381e+00 1.759929387789365e-02
7.656250000000000e-01 4.954448862961714e+00 1.737113434943881e-02
7.687500000000000e-01 5.032543362556198e+00 1.703492502541228e-02
7.718750000000001e-01 5.111866535429675e+00 1.659138893966358e-02
7.750000000000000e-01 5.192437747985146e+00 1.603887987512657e-02
7.781250000000001e-01 5.274276671329015e+00 1.537335650061043e-02
7.812500000000000e-01 5.357403286073669e+00 1.458846140002526e-02
7.843750000000000e-01 5.441837887215693e+00 1.367552583680674e-02
7.875000000000001e-01 5.527601089090773e+00 1.262414252856990e-02
7.906250000000000e-01 5.614713830406605e+00 1.142378069541564e-02
7.937500000000001e-01 5.703197379355005e+00 1.006682799127335e-02
7.968750000000000e-01 5.793073338804412e+00 8.552789947739428e-03
8.000000000000000e-01 5.884363651574169e+00 6.892740461427873e-03
8.031250000000001e-01 5.977090605791737e+00 5.112689889932511e-03
8.062500000000000e-01 6.071276840334257e+00 3.254642533248858e-03
8.093750000000001e-01 6.166945350355728e+00 1.374723930126491e-03
8.125000000000000e-01 6.264119492901173e+00 -4.613706933902031e-04
8.156250000000000e-01 6.362822992609162e+00 -2.184607564919273e-03
8.187500000000001e-01 6.463079947504072e+00 -3.729204117418417e-03
8.218750000000000e-01 6.564914834879517e+00 -5.038436490457660e-03
8.250000000000001e-01 6.668352517274371e+00 -6.069029128956632e-03
8.281250000000000e-01 6.773418248542846e+00 -6.794015419832438e-03
8.312500000000000e-01 6.880137680020114e+00 -7.204250916880677e-03
8.343750000000001e-01 6.988536866784961e+00 -7.308754707239181e-03
8.375000000000000e-01 7.098642274021019e+00 -7.133873528732741e-03
8.406250000000001e-01 7.210480783478133e+00 -6.721116663174763e-03
8.437500000000000e-01 7.324079700035414e+00 -6.123555658346017e-03
8.468750000000000e-01 7.439466758367605e+00 -5.400942873762421e-03
8.500000000000001e-01 7.556670129716381e+00 -4.614063965759268e-03
8.531250000000000e-01 7.675718428768239e+00 -3.819128702541523e-03
8.562500000000001e-01 7.796640720640633e+00 -3.063082256548293e-03
8.593750000000000e-01 7.919466527978115e+00 -2.380542643458387e-03
8.625000000000000e-01 8.044225838160141e+00 -1.792702401684762e-03
8.656250000000001e-01 8.170949110622363e+00 -1.308103412933133e-03
8.687500000000000e-01 8.299667284293170e+00 -9.248380260945811e-04
8.718750000000001e-01 8.430411785147284e+00 -6.335367252588389e-04
8.750000000000000e-01 8.563214533878281e+00 -4.204935940652578e-04
8.781250000000000e-01 8.698107953691880e+00 -2.704169593431860e-04
8.812500000000001e-01 8.835124978221932e+00 -1.685028506460791e-04
8.843750000000000e-01 8.974299059571019e+00 -1.017412632610913e-04
8.875000000000001e-01 9.115664176477637e+00 -5.952874303902345e-05
8.906250000000000e-01 9.259254842611947e+00 -3.375390746336029e-05
8.937500000000000e-01 9.405106115002161e+00 -1.854904522920366e-05
8.968750000000001e-01 9.553253602593529e+00 -9.879967454004266e-06
9.000000000000000e-01 9.703733474942130e+00 -5.101121158652092e-06
9.031250000000001e-01 9.856582471045494e+00 -2.553257853447627e-06
9.062500000000000e-01 1.001183790831228e+01 -1.239047637581496e-06
9.093750000000000e-01 1.016953769167313e+01 -5.830331883435025e-07
9.125000000000001e-01 1.032972032283505e+01 -2.660480620676625e-07
9.156250000000000e-01 1.049242490968134e+01 -1.177442535083607e-07
9.187500000000001e-01 1.065769117581972e+01 -5.054576252460186e-08
9.218750000000000e-01 1.082555947028058e+01 -2.104984575448597e-08
9.250000000000000e-01 1.099607077736805e+01 -8.505244735099218e-09
9.281250000000001e-01 1.116926672666618e+01 -3.334676492035759e-09
9.312500000000000e-01 1.134518960320255e+01 -1.268835550788477e-09
9.343750000000001e-01 1.152388235777201e+01 -4.685951120422306e-10
9.375000000000000e-01 1.170538861742293e+01 -1.679914424316434e-10
9.406250000000000e-01 1.188975269610854e+01 -5.846955379587104e-11
9.437500000000001e-01 1.207701960550600e+01 -1.975976367440485e-11
9.468750000000000e-01 1.226723506600578e+01 -6.484835900020693e-12
9.500000000000001e-01 1.246044551787411e+01 -2.066984197125876e-12
9.531250000000000e-01 1.265669813259115e+01 -6.399580697623736e-13
9.562500000000000e-01 1.285604082436773e+01 -1.924850147530506e-13
9.593750000000001e-01 1.305852226184337e+01 -5.625067315400260e-14
9.625000000000000e-01 1.326419187996850e+01 -1.597341343172542e-14
9.656250000000001e-01 1.347309989207381e+01 -4.408188786477644e-15
9.687500000000000e-01 1.368529730212962e+01 -1.182408944663488e-15
9.718750000000000e-01 1.390083591719824e+01 -3.082991155906499e-16
9.750000000000001e-01 1.411976836008246e+01 -7.814932391517148e-17
9.781250000000000e-01 1.434214808217320e+01 -1.926092720326931e-17
9.812500000000001e-01 1.456802937649935e+01 -4.616130928995890e-18
9.843750000000000e-01 1.479746739098328e+01 -1.075913598362802e-18
9.875000000000000e-01 1.503051814190487e+01 -2.439049268595312e-19
9.906250000000001e-01 1.526723852757770e+01 -5.379121295822644e-20
9.937500000000000e-01 1.550768634224049e+01 -1.150678953387742e-20
9.968750000000001e-01 1.575192029016732e+01 -2.534164734317318e-21
1.000000000000000e+00 1.600000000000000e+01 1.860436344206481e-22
