0.000000000000000e+00 0.000000000000000e+00 0.000000000000000e+00
3.125000000000000e-03 3.369263549427258e-03 -6.489560892213232e-02
6.250000000000000e-03 6.739349689698711e-03 4.215545361787896e-04
9.375000000000001e-03 1.011108121249049e-02 -7.005827379591491e-03
1.250000000000000e-02 1.348528131119160e-02 -7.555129578634671e-05
1.562500000000000e-02 1.686277378188298e-02 -2.486118685015757e-03
1.875000000000000e-02 2.024438322446370e-02 6.843422272391199e-05
2.187500000000000e-02 2.363093524397333e-02 -1.272229746404409e-03
2.500000000000000e-02 2.702325665215984e-02 -1.310295519166405e-05
2.812500000000000e-02 3.042217566934200e-02 -7.583583341409822e-04
3.125000000000000e-02 3.382852212661575e-02 -2.062853983318774e-05
3.437500000000000e-02 3.724312766845378e-02 -4.942572575472192e-04
3.750000000000001e-02 4.066682595574785e-02 1.084570901020436e-05
4.062500000000000e-02 4.410045286934348e-02 -3.539625896378978e-04
4.375000000000000e-02 4.754484671411652e-02 -4.228566471587329e-06
4.687500000000000e-02 5.100084842364160e-02 -2.885925016452566e-04
5.000000000000000e-02 5.446930176550237e-02 1.477060418884337e-05
5.312500000000001e-02 5.795105354729364e-02 -2.119345155176921e-04
5.625000000000000e-02 6.144695382336569e-02 2.874495959435116e-06
5.937500000000000e-02 6.495785610236132e-02 -1.638973666492609e-04
6.250000000000000e-02 6.848461755559625e-02 1.224875346057600e-05
6.562500000000000e-02 7.202809922633362e-02 -1.346947773704566e-04
6.875000000000001e-02 7.558916624000402e-02 7.989222726561228e-06
7.187500000000001e-02 7.916868801542200e-02 -1.088327082429524e-04
7.500000000000001e-02 8.276753847705080e-02 -4.699008941927197e-06
7.812500000000000e-02 8.638659626836727e-02 -1.030122391542073e-04
8.125000000000000e-02 9.002674496637868e-02 -2.728943693449244e-06
8.437500000000001e-02 9.368887329734420e-02 -7.771683082943151e-05
8.750000000000001e-02 9.737387535375355e-02 7.301596836330790e-07
9.062500000000001e-02 1.010826508126157e-01 -7.156057351212050e-05
9.375000000000000e-02 1.048161051551108e-01 4.291272812812266e-06
9.687500000000000e-02 1.085751498876601e-01 -6.353047264612803e-05
1.000000000000000e-01 1.123607027644654e-01 -1.047678974290831e-05
1.031250000000000e-01 1.161736880115753e-01 -4.982207691774507e-05
1.062500000000000e-01 1.200150365525305e-01 4.932534139906770e-06
1.093750000000000e-01 1.238856862356450e-01 -4.923671459930460e-05
1.125000000000000e-01 1.277865820629775e-01 -5.178747271843569e-07
1.156250000000000e-01 1.317186764210495e-01 -3.491173447265651e-05
1.187500000000000e-01 1.356829293133661e-01 5.760792367272135e-06
1.218750000000000e-01 1.396803085947971e-01 -3.380715998149445e-05
1.250000000000000e-01 1.437117902078738e-01 3.079342313380757e-06
1.281250000000000e-01 1.477783584210617e-01 -3.788533842272483e-05
1.312500000000000e-01 1.518810060690650e-01 5.801811766694491e-06
1.343750000000000e-01 1.560207347952229e-01 -2.667483768958110e-05
1.375000000000000e-01 1.601985552960564e-01 -2.765171076274271e-06
1.406250000000000e-01 1.644154875680252e-01 -2.332933339412701e-05
1.437500000000000e-01 1.686725611565558e-01 8.509324145403610e-07
1.468750000000000e-01 1.729708154074000e-01 -1.809421421204298e-05
1.500000000000000e-01 1.773112997203869e-01 5.086609550743656e-07
1.531250000000000e-01 1.816950738056289e-01 -2.049510097573795e-05
1.562500000000000e-01 1.861232079422458e-01 3.339625650267908e-06
1.593750000000000e-01 1.905967832396682e-01 -1.952316024057712e-05
1.625000000000000e-01 1.951168919015860e-01 -1.716913103321644e-06
1.656250000000000e-01 1.996846374926046e-01 -1.386935976763690e-05
1.687500000000000e-01 2.043011352076760e-01 -3.520751846445984e-07
1.718750000000000e-01 2.089675121443681e-01 -1.820691134879990e-05
1.750000000000000e-01 2.136849075780412e-01 4.331679791226777e-06
1.781250000000000e-01 2.184544732399964e-01 -1.446434544613374e-05
1.812500000000000e-01 2.232773735986666e-01 -4.126408092707600e-07
1.843750000000000e-01 2.281547861439151e-01 -1.143856007625053e-05
1.875000000000000e-01 2.330879016745160e-01 -2.503510097308924e-06
1.906250000000000e-01 2.380779245888810e-01 -7.972416794518635e-06
1.937500000000000e-01 2.431260731791094e-01 3.553355622726462e-06
1.968750000000000e-01 2.482335799284277e-01 -1.014800774415568e-05
2.000000000000000e-01 2.534016918120952e-01 7.512947943584136e-07
2.031250000000000e-01 2.586316706018478e-01 -8.963194531645192e-06
2.062500000000000e-01 2.639247931739538e-01 4.208464734554601e-06
2.093750000000000e-01 2.692823518209576e-01 -6.501646762643195e-06
2.125000000000000e-01 2.747056545671873e-01 3.320831246665174e-06
2.156250000000000e-01 2.801960254881028e-01 -6.909369223615461e-06
2.187500000000000e-01 2.857548050335636e-01 2.471035505751703e-06
2.218750000000000e-01 2.913833503550930e-01 -7.240874105789495e-06
2.250000000000000e-01 2.970830356372213e-01 1.898839406182631e-06
2.281250000000000e-01 3.028552524329863e-01 -5.488564152116505e-06
2.312500000000000e-01 3.087014100036755e-01 1.836433115383266e-06
2.343750000000000e-01 3.146229356628902e-01 -4.723955929877184e-06
2.375000000000000e-01 3.206212751250189e-01 -4.422129861323846e-07
2.406250000000000e-01 3.266978928582008e-01 -5.149773674663179e-06
2.437500000000000e-01 3.328542724418705e-01 2.991952153011007e-06
2.468750000000000e-01 3.390919169289667e-01 -4.588990184374324e-06
2.500000000000000e-01 3.454123492128958e-01 4.600252932199303e-06
2.531250000000000e-01 3.518171123993401e-01 -3.265804918565487e-06
2.562500000000000e-01 3.583077701830001e-01 2.286827226259769e-06
2.593750000000000e-01 3.648859072293631e-01 -2.395912043716096e-06
2.625000000000000e-01 3.715531295615936e-01 2.421859698864556e-06
2.656250000000000e-01 3.783110649526354e-01 -1.145025786246143e-06
2.687500000000000e-01 3.851613633226258e-01 3.696729479427880e-06
2.718750000000000e-01 3.921056971417164e-01 -1.104277642527435e-06
2.750000000000000e-01 3.991457618383991e-01 3.089492460969225e-06
2.781250000000000e-01 4.062832762134377e-01 -3.167997317930172e-06
2.812500000000000e-01 4.135199828595055e-01 2.435587741288451e-06
2.843750000000000e-01 4.208576485866312e-01 -1.486310928230212e-06
2.875000000000000e-01 4.282980648535585e-01 2.121400052918550e-06
2.906250000000000e-01 4.358430482051222e-01 -1.167153806692622e-07
2.937500000000000e-01 4.434944407157500e-01 2.995553637875241e-06
2.968750000000000e-01 4.512541104391968e-01 -1.223605155526901e-07
3.000000000000000e-01 4.591239518646220e-01 3.387335539362677e-06
3.031250000000000e-01 4.671058863791195e-01 3.044960223883109e-07
3.062500000000000e-01 4.752018627368176e-01 3.702161499744670e-06
3.093750000000000e-01 4.834138575346580e-01 1.363789087098608e-06
3.125000000000000e-01 4.917438756949728e-01 3.837365978219652e-06
3.156250000000000e-01 5.001939509549778e-01 8.727988406680014e-07
3.187500000000000e-01 5.087661463633005e-01 3.013731290075555e-06
3.218750000000000e-01 5.174625547836644e-01 8.671505157754179e-07
3.250000000000000e-01 5.262852994058529e-01 3.285887912673965e-06
3.281250000000000e-01 5.352365342640750e-01 1.230598077555989e-06
3.312500000000000e-01 5.443184447628656e-01 3.797434147846398e-06
3.343750000000000e-01 5.535332482106405e-01 1.392186610438631e-06
3.375000000000000e-01 5.628831943610435e-01 5.230126872006473e-06
3.406250000000000e-01 5.723705659622137e-01 2.117700307621835e-06
3.437500000000000e-01 5.819976793141081e-01 4.224271851579929e-06
3.468750000000000e-01 5.917668848340161e-01 2.336477385595551e-06
3.500000000000000e-01 6.016805676304035e-01 4.746164569041131e-06
3.531250000000000e-01 6.117411480852264e-01 1.886292110283871e-06
3.562500000000000e-01 6.219510824448572e-01 4.688026038654538e-06
3.593750000000000e-01 6.323128634197650e-01 2.695113702104402e-06
3.625000000000000e-01 6.428290207931012e-01 4.523733532380886e-06
3.656250000000000e-01 6.535021220383342e-01 3.587467627282479e-06
3.687500000000000e-01 6.643347729460869e-01 4.394636248328175e-06
3.718750000000000e-01 6.753296182603294e-01 3.666998814050129e-06
3.750000000000000e-01 6.864893423240808e-01 4.821557583218075e-06
3.781250000000000e-01 6.978166697347804e-01 3.975967406261092e-06
3.812500000000000e-01 7.093143660094854e-01 4.989899490658526e-06
3.843750000000000e-01 7.209852382600603e-01 4.436377607218227e-06
3.875000000000000e-01 7.328321358785219e-01 5.694655144346862e-06
3.906250000000000e-01 7.448579512327029e-01 3.976021248602207e-06
3.937500000000000e-01 7.570656203724140e-01 5.870299615532944e-06
3.968750000000000e-01 7.694581237462648e-01 4.093573309937619e-06
4.000000000000000e-01 7.820384869293291e-01 5.687323494981142e-06
4.031250000000000e-01 7.948097813618253e-01 4.615781014488815e-06
4.062500000000000e-01 8.077751250989945e-01 7.006839814494486e-06
4.093750000000000e-01 8.209376835723596e-01 5.352165216929746e-06
4.125000000000000e-01 8.343006703625532e-01 5.882976463058611e-06
4.156250000000000e-01 8.478673479838968e-01 5.360482865798385e-06
4.187500000000000e-01 8.616410286809313e-01 6.427493217460359e-06
4.218750000000000e-01 8.756250752370857e-01 6.024387685507704e-06
4.250000000000000e-01 8.898229017956865e-01 6.431174456099643e-06
4.281250000000000e-01 9.042379746935050e-01 6.228595441593884e-06
4.312500000000000e-01 9.188738133070491e-01 7.215262124041518e-06
4.343750000000000e-01 9.337339909118028e-01 6.500563654031057e-06
4.375000000000000e-01 9.488221355546261e-01 7.500629719579258e-06
4.406250000000000e-01 9.641419309395265e-01 6.490120932116311e-06
4.437500000000000e-01 9.796971173270190e-01 7.627118010984873e-06
4.468750000000000e-01 9.954914924472941e-01 6.922407517326001e-06
4.500000000000000e-01 1.011528912427417e+00 8.026467048067624e-06
4.531250000000000e-01 1.027813292732786e+00 7.571270274235582e-06
4.562500000000000e-01 1.044348609123070e+00 8.362638635784999e-06
4.593750000000000e-01 1.061138898622882e+00 7.878967392708152e-06
4.625000000000000e-01 1.078188260507393e+00 8.451320061018854e-06
4.656250000000000e-01 1.095500857303154e+00 8.149482188818075e-06
4.687500000000000e-01 1.113080915804360e+00 8.941068581500276e-06
4.718750000000000e-01 1.130932728104805e+00 8.678092499382650e-06
4.750000000000000e-01 1.149060652645771e+00 9.510703649524585e-06
4.781250000000000e-01 1.167469115280130e+00 8.984356624900911e-06
4.812500000000000e-01 1.186162610352890e+00 9.609469185767348e-06
4.843750000000000e-01 1.205145701798475e+00 9.421368597083169e-06
4.875000000000000e-01 1.224423024254985e+00 1.014615214824131e-05
4.906250000000000e-01 1.243999284195726e+00 1.006947153430444e-05
4.937500000000000e-01 1.263879261078271e+00 1.075333888810386e-05
4.968750000000000e-01 1.284067808511348e+00 1.031355875632680e-05
5.000000000000000e-01 1.304569855439823e+00 1.097314206009916e-05
5.031250000000000e-01 1.325390407348082e+00 1.094544773013853e-05
5.062500000000000e-01 1.346534547482100e+00 1.170158408640461e-05
5.093750000000000e-01 1.368007438090487e+00 1.151002950901520e-05
5.125000000000001e-01 1.389814321684837e+00 1.210499685578568e-05
5.156250000000000e-01 1.411960522319654e+00 1.192409142823766e-05
5.187500000000000e-01 1.434451446892208e+00 1.275622201529385e-05
5.218750000000000e-01 1.457292586462593e+00 1.293655318120540e-05
5.250000000000000e-01 1.480489517594354e+00 1.300019595016531e-05
5.281250000000001e-01 1.504047903715979e+00 1.330997482729458e-05
5.312500000000000e-01 1.527973496503592e+00 1.429011668548032e-05
5.343750000000000e-01 1.552272137285215e+00 1.374225341963569e-05
5.375000000000000e-01 1.576949758466886e+00 1.480505553196540e-05
5.406250000000000e-01 1.602012384981041e+00 1.481566738241633e-05
5.437500000000001e-01 1.627466135757470e+00 1.522563421138893e-05
5.468750000000000e-01 1.653317225217225e+00 1.589733194219501e-05
5.500000000000000e-01 1.679571964789851e+00 1.599662648537717e-05
5.531250000000000e-01 1.706236764454286e+00 1.641693576054908e-05
5.562500000000000e-01 1.733318134303830e+00 1.746271472840030e-05
5.593750000000001e-01 1.760822686135563e+00 1.691206850450016e-05
5.625000000000000e-01 1.788757135064574e+00 1.836749324810591e-05
5.656250000000000e-01 1.817128301163438e+00 1.852964731255851e-05
5.687500000000000e-01 1.845943111127301e+00 1.858632766169685e-05
5.718750000000000e-01 1.875208599965003e+00 2.005191320835836e-05
5.750000000000001e-01 1.904931912716643e+00 2.007403738418579e-05
5.781250000000000e-01 1.935120306198011e+00 2.019723360492038e-05
5.812500000000000e-01 1.965781150772311e+00 2.230016935407485e-05
5.843750000000000e-01 1.996921932149593e+00 2.140393402896931e-05
5.875000000000000e-01 2.028550253214365e+00 2.257318148648588e-05
5.906250000000001e-01 2.060673835881802e+00 2.437529568716580e-05
5.937500000000000e-01 2.093300522983012e+00 2.334106093089524e-05
5.968750000000000e-01 2.126438280179837e+00 2.495802404838456e-05
6.000000000000001e-01 2.160095197909630e+00 2.705626068081540e-05
6.031250000000000e-01 2.194279493360494e+00 2.526944602379498e-05
6.062500000000001e-01 2.228999512477486e+00 2.802292688702745e-05
6.093750000000000e-01 2.264263732000228e+00 2.989063452427658e-05
6.125000000000000e-01 2.300080761532477e+00 2.787440606556105e-05
6.156250000000001e-01 2.336459345644116e+00 3.114710182310234e-05
6.187500000000000e-01 2.373408366006099e+00 3.367663966576987e-05
6.218750000000001e-01 2.410936843558884e+00 3.065771553718529e-05
6.250000000000000e-01 2.449053940714840e+00 3.480305413909683e-05
6.281250000000000e-01 2.487768963595221e+00 3.818523147732344e-05
6.312500000000001e-01 2.527091364302215e+00 3.437126211487599e-05
6.343750000000000e-01 2.567030743226622e+00 3.830042084725313e-05
6.375000000000001e-01 2.607596851391758e+00 4.417286056210093e-05
6.406250000000000e-01 2.648799592834118e+00 3.914426348274440e-05
6.437500000000000e-01 2.690649027021411e+00 4.176636883286050e-05
6.468750000000001e-01 2.733155371308524e+00 5.110063669317639e-05
6.500000000000000e-01 2.776329003432049e+00 4.666220491461832e-05
6.531250000000001e-01 2.820180464043967e+00 4.475823714387172e-05
6.562500000000000e-01 2.864720459285089e+00 5.819269584157554e-05
6.593750000000000e-01 2.909959863398929e+00 5.830752642436030e-05
6.625000000000001e-01 2.955909721386590e+00 4.942037532113761e-05
6.656250000000000e-01 3.002581251703353e+00 6.225768186334703e-05
6.687500000000001e-01 3.049985848997626e+00 7.446226125407154e-05
6.718750000000000e-01 3.098135086892879e+00 6.122420980412626e-05
6.750000000000000e-01 3.147040720813310e+00 6.205907524110287e-05
6.781250000000001e-01 3.196714690853871e+00 8.792921001732717e-05
6.812500000000000e-01 3.247169124695383e+00 8.792952645828349e-05
6.843750000000001e-01 3.298416340565477e+00 6.732527781282890e-05
6.875000000000000e-01 3.350468850246008e+00 8.572631639280188e-05
6.906250000000000e-01 3.403339362127777e+00 1.200531179680361e-04
6.937500000000001e-01 3.457040784313211e+00 1.049673984283861e-04
6.968750000000000e-01 3.511586227767823e+00 7.924434944240649e-05
7.000000000000001e-01 3.566989009521205e+00 1.170081393043728e-04
7.031250000000000e-01 3.623262655918307e+00 1.659955548060869e-04
7.062500000000000e-01 3.680420905921852e+00 1.388406523279085e-04
7.093750000000001e-01 3.738477714466631e+00 9.505552696176118e-05
7.125000000000000e-01 3.797447255866536e+00 1.463792952691362e-04
7.156250000000001e-01 3.857343927275175e+00 2.375362862569018e-04
7.187500000000000e-01 3.918182352200844e+00 2.224917814250474e-04
7.218750000000000e-01 3.979977384076828e+00 1.285927287791933e-04
7.250000000000001e-01 4.042744109887770e+00 1.435163788378679e-04
7.281250000000000e-01 4.106497853853101e+00 3.087516654748801e-04
7.312500000000001e-01 4.171254181168399e+00 4.157994600720216e-04
7.343750000000000e-01 4.237028901805528e+00 3.031702259630761e-04
7.375000000000000e-01 4.303838074372613e+00 1.301664262284784e-04
7.406250000000001e-01 4.371698010034643e+00 2.022146019265945e-04
7.437500000000000e-01 4.440625276495786e+00 5.532178998351243e-04
7.468750000000001e-01 4.510636702044332e+00 8.355689190969249e-04
7.500000000000000e-01 4.581749379661216e+00 6.948259498633575e-04
7.531250000000000e-01 4.653980671193226e+00 2.094014148423028e-04
7.562500000000001e-01 4.727348211591802e+00 -1.027836187518319e-04
7.593750000000000e-01 4.801869913218528e+00 2.494942887034441e-04
7.625000000000001e-01 4.877563970218381e+00 1.222818520560083e-03
7.656250000000000e-01 4.954448862961714e+00 2.131633575699516e-03
7.687500000000000e-01 5.032543362556198e+00 2.019494642481442e-03
7.718750000000001e-01 5.111866535429675e+00 2.124526884070996e-04
7.750000000000000e-01 5.192437747985146e+00 -3.311683789598042e-03
7.781250000000001e-01 5.274276671329015e+00 -7.922577742571303e-03
7.812500000000000e-01 5.357403286073669e+00 -1.263427874230913e-02
7.843750000000000e-01 5.441837887215693e+00 -1.648511475299962e-02
7.875000000000001e-01 5.527601089090773e+00 -1.882500468375666e-02
7.906250000000000e-01 5.614713830406605e+00 -1.941624045339449e-02
7.937500000000001e-01 5.703197379355005e+00 -1.838469913224985e-02
7.968750000000000e-01 5.793073338804412e+00 -1.608639185967332e-02
8.000000000000000e-01 5.884363651574169e+00 -1.296564328782777e-02
8.031250000000001e-01 5.977090605791737e+00 -9.449329286332334e-03
8.062500000000000e-01 6.071276840334257e+00 -5.882883808429724e-03
8.093750000000001e-01 6.166945350355728e+00 -2.511760219404121e-03
8.125000000000000e-01 6.264119492901173e+00 5.167886908687978e-04
8.156250000000000e-01 6.362822992609162e+00 3.131422770909676e-03
8.187500000000001e-01 6.463079947504072e+00 5.316971226198242e-03
8.218750000000000e-01 6.564914834879517e+00 7.091612819891293e-03
8.250000000000001e-01 6.668352517274371e+00 8.494075401717737e-03
8.281250000000000e-01 6.773418248542846e+00 9.570015625965969e-03
8.312500000000000e-01 6.880137680020114e+00 1.036493556660337e-02
8.343750000000001e-01 6.988536866784961e+00 1.091686690275792e-02
8.375000000000000e-01 7.098642274021019e+00 1.125608335464090e-02
8.406250000000001e-01 7.210480783478133e+00 1.140634080796811e-02
8.437500000000000e-01 7.324079700035414e+00 1.138768915703962e-02
8.468750000000000e-01 7.439466758367605e+00 1.121436040107007e-02
8.500000000000001e-01 7.556670129716381e+00 1.088920218350314e-02
8.531250000000000e-01 7.675718428768239e+00 1.039790899959796e-02
8.562500000000001e-01 7.796640720640633e+00 9.709916806093365e-03
8.593750000000000e-01 7.919466527978115e+00 8.788549225632101e-03
8.625000000000000e-01 8.044225838160141e+00 7.607927255852237e-03
8.656250000000001e-01 8.170949110622363e+00 6.169698873089961e-03
8.687500000000000e-01 8.299667284293170e+00 4.512981094256041e-03
8.718750000000001e-01 8.430411785147284e+00 2.714420677520554e-03
8.750000000000000e-01 8.563214533878281e+00 8.794609439536843e-04
8.781250000000000e-01 8.698107953691880e+00 -8.718641512285057e-04
8.812500000000001e-01 8.835124978221932e+00 -2.421242463501816e-03
8.843750000000000e-01 8.974299059571019e+00 -3.668042161812149e-03
8.875000000000001e-01 9.115664176477637e+00 -4.542984018411772e-03
8.906250000000000e-01 9.259254842611947e+00 -5.017512527779872e-03
8.937500000000000e-01 9.405106115002161e+00 -5.106865947477062e-03
8.968750000000001e-01 9.553253602593529e+00 -4.865714678239281e-03
9.000000000000000e-01 9.703733474942130e+00 -4.377002109309970e-03
9.031250000000001e-01 9.856582471045494e+00 -3.736561362850732e-03
9.062500000000000e-01 1.001183790831228e+01 -3.037252328689023e-03
9.093750000000000e-01 1.016953769167313e+01 -2.356223108651214e-03
9.125000000000001e-01 1.032972032283505e+01 -1.747583426653151e-03
9.156250000000000e-01 1.049242490968134e+01 -1.240936355101332e-03
9.187500000000001e-01 1.065769117581972e+01 -8.446102618935318e-04
9.218750000000000e-01 1.082555947028058e+01 -5.515656166073243e-04
9.250000000000000e-01 1.099607077736805e+01 -3.459103197917110e-04
9.281250000000001e-01 1.116926672666618e+01 -2.085025240618541e-04
9.312500000000000e-01 1.134518960320255e+01 -1.208838570710436e-04
9.343750000000001e-01 1.152388235777201e+01 -6.745882860929433e-05
9.375000000000000e-01 1.170538861742293e+01 -3.625826144623205e-05
9.406250000000000e-01 1.188975269610854e+01 -1.878189390920906e-05
9.437500000000001e-01 1.207701960550600e+01 -9.381812817637861e-06
9.468750000000000e-01 1.226723506600578e+01 -4.521531905152354e-06
9.500000000000001e-01 1.246044551787411e+01 -2.103581655563445e-06
9.531250000000000e-01 1.265669813259115e+01 -9.451911886070025e-07
9.562500000000000e-01 1.285604082436773e+01 -4.103619484615543e-07
9.593750000000001e-01 1.305852226184337e+01 -1.722233868953474e-07
9.625000000000000e-01 1.326419187996850e+01 -6.989979670389687e-08
9.656250000000001e-01 1.347309989207381e+01 -2.744674599535741e-08
9.687500000000000e-01 1.368529730212962e+01 -1.043040807151122e-08
9.718750000000000e-01 1.390083591719824e+01 -3.837637921316427e-09
9.750000000000001e-01 1.411976836008246e+01 -1.367504226733196e-09
9.781250000000000e-01 1.434214808217320e+01 -4.721048756264982e-10
9.812500000000001e-01 1.456802937649935e+01 -1.579538444011002e-10
9.843750000000000e-01 1.479746739098328e+01 -5.123144453108729e-11
9.875000000000000e-01 1.503051814190487e+01 -1.611256435912406e-11
9.906250000000001e-01 1.526723852757770e+01 -4.917281075385712e-12
9.937500000000000e-01 1.550768634224049e+01 -1.448843138175278e-12
9.968750000000001e-01 1.575192029016732e+01 -4.360139740470220e-13
1.000000000000000e+00 1.600000000000000e+01 -4.839918566548527e-14
