0.000000000000000e+00 0.000000000000000e+00 0.000000000000000e+00
3.125000000000000e-03 3.369263549427258e-03 -1.515494532756106e-03
6.250000000000000e-03 6.739349689698711e-03 6.093668731201349e-04
9.375000000000001e-03 1.011108121249049e-02 -4.034711973750703e-04
1.250000000000000e-02 1.348528131119160e-02 -1.397990874664806e-05
1.562500000000000e-02 1.686277378188298e-02 -1.016135216216532e-04
1.875000000000000e-02 2.024438322446370e-02 3.993962407398402e-05
2.187500000000000e-02 2.363093524397333e-02 -2.410763097232617e-05
2.500000000000000e-02 2.702325665215984e-02 1.286090728842037e-05
2.812500000000000e-02 3.042217566934200e-02 2.773350163256576e-05
3.125000000000000e-02 3.382852212661575e-02 7.907461808177818e-06
3.437500000000000e-02 3.724312766845378e-02 -1.139423144040134e-05
3.750000000000001e-02 4.066682595574785e-02 -3.587628072200676e-05
4.062500000000000e-02 4.410045286934348e-02 2.741092077201252e-05
4.375000000000000e-02 4.754484671411652e-02 8.801159484455657e-06
4.687500000000000e-02 5.100084842364160e-02 6.477210546432023e-06
5.000000000000000e-02 5.446930176550237e-02 -6.449389796878393e-06
5.312500000000001e-02 5.795105354729364e-02 7.803369698027520e-06
5.625000000000000e-02 6.144695382336569e-02 1.232942060802563e-05
5.937500000000000e-02 6.495785610236132e-02 2.631837508112831e-05
6.250000000000000e-02 6.848461755559625e-02 -2.865337327303560e-07
6.562500000000000e-02 7.202809922633362e-02 1.767937265246627e-05
6.875000000000001e-02 7.558916624000402e-02 1.426913056568921e-05
7.187500000000001e-02 7.916868801542200e-02 3.327746389107706e-05
7.500000000000001e-02 8.276753847705080e-02 2.843554771008861e-05
7.812500000000000e-02 8.638659626836727e-02 3.304198164086348e-05
8.125000000000000e-02 9.002674496637868e-02 3.409887091908214e-05
8.437500000000001e-02 9.368887329734420e-02 1.640316385476560e-05
8.750000000000001e-02 9.737387535375355e-02 3.852246973224766e-05
9.062500000000001e-02 1.010826508126157e-01 1.359489800556543e-05
9.375000000000000e-02 1.048161051551108e-01 2.766811109866389e-05
9.687500000000000e-02 1.085751498876601e-01 3.241302975585912e-05
1.000000000000000e-01 1.123607027644654e-01 2.655142020145931e-05
1.031250000000000e-01 1.161736880115753e-01 2.568876407588929e-05
1.062500000000000e-01 1.200150365525305e-01 3.686366373458777e-05
1.093750000000000e-01 1.238856862356450e-01 2.458742284915774e-05
1.125000000000000e-01 1.277865820629775e-01 5.228805538669150e-05
1.156250000000000e-01 1.317186764210495e-01 2.955981456970845e-05
1.187500000000000e-01 1.356829293133661e-01 3.931718668326952e-05
1.218750000000000e-01 1.396803085947971e-01 4.014545446799327e-05
1.250000000000000e-01 1.437117902078738e-01 4.711658745971241e-05
1.281250000000000e-01 1.477783584210617e-01 4.499554653318347e-05
1.312500000000000e-01 1.518810060690650e-01 4.522538558568448e-05
1.343750000000000e-01 1.560207347952229e-01 4.378656239045639e-05
1.375000000000000e-01 1.601985552960564e-01 3.964439102116797e-05
1.406250000000000e-01 1.644154875680252e-01 4.205158464818117e-05
1.437500000000000e-01 1.686725611565558e-01 4.500770197082763e-05
1.468750000000000e-01 1.729708154074000e-01 5.055144507130624e-05
1.500000000000000e-01 1.773112997203869e-01 4.510000110120609e-05
1.531250000000000e-01 1.816950738056289e-01 5.609072935860703e-05
1.562500000000000e-01 1.861232079422458e-01 4.894988082978718e-05
1.593750000000000e-01 1.905967832396682e-01 6.050487187908878e-05
1.625000000000000e-01 1.951168919015860e-01 5.787182499913193e-05
1.656250000000000e-01 1.996846374926046e-01 5.982734991230622e-05
1.687500000000000e-01 2.043011352076760e-01 5.997113188531402e-05
1.718750000000000e-01 2.089675121443681e-01 5.937948251303707e-05
1.750000000000000e-01 2.136849075780412e-01 5.905876770061479e-05
1.781250000000000e-01 2.184544732399964e-01 6.356839274982967e-05
1.812500000000000e-01 2.232773735986666e-01 6.497106462795587e-05
1.843750000000000e-01 2.281547861439151e-01 6.077012234091597e-05
1.875000000000000e-01 2.330879016745160e-01 6.818421441041558e-05
1.906250000000000e-01 2.380779245888810e-01 6.467157474884246e-05
1.937500000000000e-01 2.431260731791094e-01 7.349860355910212e-05
1.968750000000000e-01 2.482335799284277e-01 7.409795718070566e-05
2.000000000000000e-01 2.534016918120952e-01 8.107709940558142e-05
2.031250000000000e-01 2.586316706018478e-01 7.110388285587704e-05
2.062500000000000e-01 2.639247931739538e-01 7.306280940726891e-05
2.093750000000000e-01 2.692823518209576e-01 7.915296287349588e-05
2.125000000000000e-01 2.747056545671873e-01 8.175397017006345e-05
2.156250000000000e-01 2.801960254881028e-01 7.756764020014420e-05
2.187500000000000e-01 2.857548050335636e-01 8.138052583138608e-05
2.218750000000000e-01 2.913833503550930e-01 8.812164082133606e-05
2.250000000000000e-01 2.970830356372213e-01 8.503590524714070e-05
2.281250000000000e-01 3.028552524329863e-01 9.108600521099883e-05
2.312500000000000e-01 3.087014100036755e-01 8.906428526015152e-05
2.343750000000000e-01 3.146229356628902e-01 9.328225409643654e-05
2.375000000000000e-01 3.206212751250189e-01 9.389140620467584e-05
2.406250000000000e-01 3.266978928582008e-01 9.684295654862039e-05
2.437500000000000e-01 3.328542724418705e-01 9.745044805106138e-05
2.468750000000000e-01 3.390919169289667e-01 9.956557974077772e-05
2.500000000000000e-01 3.454123492128958e-01 1.032943623677712e-04
2.531250000000000e-01 3.518171123993401e-01 1.022948296497094e-04
2.562500000000000e-01 3.583077701830001e-01 1.061581830639647e-04
2.593750000000000e-01 3.648859072293631e-01 1.074575772389763e-04
2.625000000000000e-01 3.715531295615936e-01 1.112456275452898e-04
2.656250000000000e-01 3.783110649526354e-01 1.117692372185634e-04
2.687500000000000e-01 3.851613633226258e-01 1.178219861786812e-04
2.718750000000000e-01 3.921056971417164e-01 1.173799393844191e-04
2.750000000000000e-01 3.991457618383991e-01 1.162844892864002e-04
2.781250000000000e-01 4.062832762134377e-01 1.201781733216274e-04
2.812500000000000e-01 4.135199828595055e-01 1.248703012271562e-04
2.843750000000000e-01 4.208576485866312e-01 1.283912701406695e-04
2.875000000000000e-01 4.282980648535585e-01 1.285384406180798e-04
2.906250000000000e-01 4.358430482051222e-01 1.318470321560221e-04
2.937500000000000e-01 4.434944407157500e-01 1.350119467586181e-04
2.968750000000000e-01 4.512541104391968e-01 1.367435850673140e-04
3.000000000000000e-01 4.591239518646220e-01 1.390455879219874e-04
3.031250000000000e-01 4.671058863791195e-01 1.415864607447396e-04
3.062500000000000e-01 4.752018627368176e-01 1.446776010449287e-04
3.093750000000000e-01 4.834138575346580e-01 1.485521071562546e-04
3.125000000000000e-01 4.917438756949728e-01 1.512315086484373e-04
3.156250000000000e-01 5.001939509549778e-01 1.544541951285620e-04
3.187500000000000e-01 5.087661463633005e-01 1.569373172888281e-04
3.218750000000000e-01 5.174625547836644e-01 1.595585159715524e-04
3.250000000000000e-01 5.262852994058529e-01 1.633326660395050e-04
3.281250000000000e-01 5.352365342640750e-01 1.661236253627680e-04
3.312500000000000e-01 5.443184447628656e-01 1.713592623909143e-04
3.343750000000000e-01 5.535332482106405e-01 1.731922145222894e-04
3.375000000000000e-01 5.628831943610435e-01 1.777189163537756e-04
3.406250000000000e-01 5.723705659622137e-01 1.800486024445340e-04
3.437500000000000e-01 5.819976793141081e-01 1.829504020145436e-04
3.468750000000000e-01 5.917668848340161e-01 1.888777640866496e-04
3.500000000000000e-01 6.016805676304035e-01 1.910598376780284e-04
3.531250000000000e-01 6.117411480852264e-01 1.972197310951917e-04
3.562500000000000e-01 6.219510824448572e-01 1.999672647197779e-04
3.593750000000000e-01 6.323128634197650e-01 2.033280373990016e-04
3.625000000000000e-01 6.428290207931012e-01 2.089092499586210e-04
3.656250000000000e-01 6.535021220383342e-01 2.119553738273719e-04
3.687500000000000e-01 6.643347729460869e-01 2.186613644549999e-04
3.718750000000000e-01 6.753296182603294e-01 2.217661749301851e-04
3.750000000000000e-01 6.864893423240808e-01 2.260436534788749e-04
3.781250000000000e-01 6.978166697347804e-01 2.318202227487630e-04
3.812500000000000e-01 7.093143660094854e-01 2.363810768029959e-04
3.843750000000000e-01 7.209852382600603e-01 2.425691700058213e-04
3.875000000000000e-01 7.328321358785219e-01 2.476701640382172e-04
3.906250000000000e-01 7.448579512327029e-01 2.519710740114669e-04
3.937500000000000e-01 7.570656203724140e-01 2.575031490871941e-04
3.968750000000000e-01 7.694581237462648e-01 2.654018064333283e-04
4.000000000000000e-01 7.820384869293291e-01 2.704929955708824e-04
4.031250000000000e-01 7.948097813618253e-01 2.753243896463938e-04
4.062500000000000e-01 8.077751250989945e-01 2.836682357463898e-04
4.093750000000000e-01 8.209376835723596e-01 2.893313858469164e-04
4.125000000000000e-01 8.343006703625532e-01 2.960724833395649e-04
4.156250000000000e-01 8.478673479838968e-01 3.034437140343496e-04
4.187500000000000e-01 8.616410286809313e-01 3.104837681801533e-04
4.218750000000000e-01 8.756250752370857e-01 3.184523717545642e-04
4.250000000000000e-01 8.898229017956865e-01 3.255612661727495e-04
4.281250000000000e-01 9.042379746935050e-01 3.342046592999968e-04
4.312500000000000e-01 9.188738133070491e-01 3.425063024388103e-04
4.343750000000000e-01 9.337339909118028e-01 3.507703375919578e-04
4.375000000000000e-01 9.488221355546261e-01 3.604468267027919e-04
4.406250000000000e-01 9.641419309395265e-01 3.690719018967132e-04
4.437500000000000e-01 9.796971173270190e-01 3.791817865576147e-04
4.468750000000000e-01 9.954914924472941e-01 3.891936755291744e-04
4.500000000000000e-01 1.011528912427417e+00 3.992436548257208e-04
4.531250000000000e-01 1.027813292732786e+00 4.106975472452182e-04
4.562500000000000e-01 1.044348609123070e+00 4.214448969179157e-04
4.593750000000000e-01 1.061138898622882e+00 4.334134536661106e-04
4.625000000000000e-01 1.078188260507393e+00 4.458505936175744e-04
4.656250000000000e-01 1.095500857303154e+00 4.580389412581638e-04
4.687500000000000e-01 1.113080915804360e+00 4.719038200406143e-04
4.718750000000000e-01 1.130932728104805e+00 4.853368525933306e-04
4.750000000000000e-01 1.149060652645771e+00 4.996928439686904e-04
4.781250000000000e-01 1.167469115280130e+00 5.151385508879756e-04
4.812500000000000e-01 1.186162610352890e+00 5.302566385559720e-04
4.843750000000000e-01 1.205145701798475e+00 5.469741353779626e-04
4.875000000000000e-01 1.224423024254985e+00 5.641109480075809e-04
4.906250000000000e-01 1.243999284195726e+00 5.814674869285433e-04
4.937500000000000e-01 1.263879261078271e+00 6.005963568910790e-04
4.968750000000000e-01 1.284067808511348e+00 6.196460712799003e-04
5.000000000000000e-01 1.304569855439823e+00 6.397119557130174e-04
5.031250000000000e-01 1.325390407348082e+00 6.611847884523001e-04
5.062500000000000e-01 1.346534547482100e+00 6.826327494474853e-04
5.093750000000000e-01 1.368007438090487e+00 7.055179347419761e-04
5.125000000000001e-01 1.389814321684837e+00 7.293779046659768e-04
5.156250000000000e-01 1.411960522319654e+00 7.533322647717521e-04
5.187500000000000e-01 1.434451446892208e+00 7.788632598130542e-04
5.218750000000000e-01 1.457292586462593e+00 8.047701108626523e-04
5.250000000000000e-01 1.480489517594354e+00 8.309012034252674e-04
5.281250000000001e-01 1.504047903715979e+00 8.582547815058855e-04
5.312500000000000e-01 1.527973496503592e+00 8.852871030490697e-04
5.343750000000000e-01 1.552272137285215e+00 9.120418289753305e-04
5.375000000000000e-01 1.576949758466886e+00 9.391276757538960e-04
5.406250000000000e-01 1.602012384981041e+00 9.645290760729882e-04
5.437500000000001e-01 1.627466135757470e+00 9.881603103359200e-04
5.468750000000000e-01 1.653317225217225e+00 1.009983883823433e-03
5.500000000000000e-01 1.679571964789851e+00 1.027555359355063e-03
5.531250000000000e-01 1.706236764454286e+00 1.039784038298222e-03
5.562500000000000e-01 1.733318134303830e+00 1.045574360755469e-03
5.593750000000001e-01 1.760822686135563e+00 1.041472689492868e-03
5.625000000000000e-01 1.788757135064574e+00 1.024803664973308e-03
5.656250000000000e-01 1.817128301163438e+00 9.921556491364282e-04
5.687500000000000e-01 1.845943111127301e+00 9.376545561060863e-04
5.718750000000000e-01 1.875208599965003e+00 8.555281898192829e-04
5.750000000000001e-01 1.904931912716643e+00 7.386247329504084e-04
5.781250000000000e-01 1.935120306198011e+00 5.757599179647292e-04
5.812500000000000e-01 1.965781150772311e+00 3.544420715613516e-04
5.843750000000000e-01 1.996921932149593e+00 6.047016042887217e-05
5.875000000000000e-01 2.028550253214365e+00 -3.258801254594530e-04
5.906250000000001e-01 2.060673835881802e+00 -8.293541435356953e-04
5.937500000000000e-01 2.093300522983012e+00 -1.478774445426783e-03
5.968750000000000e-01 2.126438280179837e+00 -2.309318760264294e-03
6.000000000000001e-01 2.160095197909630e+00 -3.362542496471624e-03
6.031250000000000e-01 2.194279493360494e+00 -4.685217858596555e-03
6.062500000000001e-01 2.228999512477486e+00 -6.331641006865035e-03
6.093750000000000e-01 2.264263732000228e+00 -8.363030611170913e-03
6.125000000000000e-01 2.300080761532477e+00 -1.083797174004379e-02
6.156250000000001e-01 2.336459345644116e+00 -1.379543843196078e-02
6.187500000000000e-01 2.373408366006099e+00 -1.723176733927173e-02
6.218750000000001e-01 2.410936843558884e+00 -2.107422508029054e-02
6.250000000000000e-01 2.449053940714840e+00 -2.516407941251121e-02
6.281250000000000e-01 2.487768963595221e+00 -2.926176513495195e-02
6.312500000000001e-01 2.527091364302215e+00 -3.307532699613966e-02
6.343750000000000e-01 2.567030743226622e+00 -3.630390702109638e-02
6.375000000000001e-01 2.607596851391758e+00 -3.868373381813649e-02
6.406250000000000e-01 2.648799592834118e+00 -4.002896179055197e-02
6.437500000000000e-01 2.690649027021411e+00 -4.025158062571006e-02
6.468750000000001e-01 2.733155371308524e+00 -3.936198033248570e-02
6.500000000000000e-01 2.776329003432049e+00 -3.745270575071749e-02
6.531250000000001e-01 2.820180464043967e+00 -3.467539267211748e-02
6.562500000000000e-01 2.864720459285089e+00 -3.121550405979828e-02
6.593750000000000e-01 2.909959863398929e+00 -2.726796030567609e-02
6.625000000000001e-01 2.955909721386590e+00 -2.301928688321758e-02
6.656250000000000e-01 3.002581251703353e+00 -1.863606282673748e-02
6.687500000000001e-01 3.049985848997626e+00 -1.425956655826601e-02
6.718750000000000e-01 3.098135086892879e+00 -1.000310937685366e-02
6.750000000000000e-01 3.147040720813310e+00 -5.952107319137087e-03
6.781250000000001e-01 3.196714690853871e+00 -2.166564199183720e-03
6.812500000000000e-01 3.247169124695383e+00 1.315132804505631e-03
6.843750000000001e-01 3.298416340565477e+00 4.472093256261598e-03
6.875000000000000e-01 3.350468850246008e+00 7.297603083491344e-03
6.906250000000000e-01 3.403339362127777e+00 9.795940846148824e-03
6.937500000000001e-01 3.457040784313211e+00 1.197954140970168e-02
6.968750000000000e-01 3.511586227767823e+00 1.386596288702318e-02
7.000000000000001e-01 3.566989009521205e+00 1.547563177679406e-02
7.031250000000000e-01 3.623262655918307e+00 1.683027799562449e-02
7.062500000000000e-01 3.680420905921852e+00 1.795196292474099e-02
7.093750000000001e-01 3.738477714466631e+00 1.886226613284694e-02
7.125000000000000e-01 3.797447255866536e+00 1.958172906049800e-02
7.156250000000001e-01 3.857343927275175e+00 2.012923811003286e-02
7.187500000000000e-01 3.918182352200844e+00 2.052165495435158e-02
7.218750000000000e-01 3.979977384076828e+00 2.077377393450074e-02
7.250000000000001e-01 4.042744109887770e+00 2.089822383973234e-02
7.281250000000000e-01 4.106497853853101e+00 2.090563156439237e-02
7.312500000000001e-01 4.171254181168399e+00 2.080468973063049e-02
7.343750000000000e-01 4.237028901805528e+00 2.060214188984293e-02
7.375000000000000e-01 4.303838074372613e+00 2.030293061439508e-02
7.406250000000001e-01 4.371698010034643e+00 1.991007400028135e-02
7.437500000000000e-01 4.440625276495786e+00 1.942481628488634e-02
7.468750000000001e-01 4.510636702044332e+00 1.884655473639352e-02
7.500000000000000e-01 4.581749379661216e+00 1.817299147908922e-02
7.531250000000000e-01 4.653980671193226e+00 1.740019189578882e-02
7.562500000000001e-01 4.727348211591802e+00 1.652277438831670e-02
7.593750000000000e-01 4.801869913218528e+00 1.553412935926411e-02
7.625000000000001e-01 4.877563970218381e+00 1.442686983670748e-02
7.656250000000000e-01 4.954448862961714e+00 1.319367443151359e-02
7.687500000000000e-01 5.032543362556198e+00 1.182876014372411e-02
7.718750000000001e-01 5.111866535429675e+00 1.033005005733643e-02
7.750000000000000e-01 5.192437747985146e+00 8.701844380678820e-03
7.781250000000001e-01 5.274276671329015e+00 6.957486129692824e-03
7.812500000000000e-01 5.357403286073669e+00 5.121318252546009e-03
7.843750000000000e-01 5.441837887215693e+00 3.229257240603804e-03
7.875000000000001e-01 5.527601089090773e+00 1.327587131676762e-03
7.906250000000000e-01 5.614713830406605e+00 -5.299843388662811e-04
7.937500000000001e-01 5.703197379355005e+00 -2.286527876812011e-03
7.968750000000000e-01 5.793073338804412e+00 -3.886596335684716e-03
8.000000000000000e-01 5.884363651574169e+00 -5.280646574550390e-03
8.031250000000001e-01 5.977090605791737e+00 -6.428601907323800e-03
8.062500000000000e-01 6.071276840334257e+00 -7.302302966866946e-03
8.093750000000001e-01 6.166945350355728e+00 -7.886889499009491e-03
8.125000000000000e-01 6.264119492901173e+00 -8.181305800971242e-03
8.156250000000000e-01 6.362822992609162e+00 -8.198101904352703e-03
8.187500000000001e-01 6.463079947504072e+00 -7.962575226256824e-03
8.218750000000000e-01 6.564914834879517e+00 -7.511174508744314e-03
8.250000000000001e-01 6.668352517274371e+00 -6.889065454997062e-03
8.281250000000000e-01 6.773418248542846e+00 -6.146868780128771e-03
8.312500000000000e-01 6.880137680020114e+00 -5.336785874522082e-03
8.343750000000001e-01 6.988536866784961e+00 -4.508536305507088e-03
8.375000000000000e-01 7.098642274021019e+00 -3.705653099953645e-03
8.406250000000001e-01 7.210480783478133e+00 -2.962661670374518e-03
8.437500000000000e-01 7.324079700035414e+00 -2.303508483661341e-03
8.468750000000000e-01 7.439466758367605e+00 -1.741358093471952e-03
8.500000000000001e-01 7.556670129716381e+00 -1.279618446151398e-03
8.531250000000000e-01 7.675718428768239e+00 -9.138550998980574e-04
8.562500000000001e-01 7.796640720640633e+00 -6.341574746595185e-04
8.593750000000000e-01 7.919466527978115e+00 -4.275303721981696e-04
8.625000000000000e-01 8.044225838160141e+00 -2.799772291718876e-04
8.656250000000001e-01 8.170949110622363e+00 -1.780772734958052e-04
8.687500000000000e-01 8.299667284293170e+00 -1.099958950483762e-04
8.718750000000001e-01 8.430411785147284e+00 -6.597605640387374e-05
8.750000000000000e-01 8.563214533878281e+00 -3.842421036892958e-05
8.781250000000000e-01 8.698107953691880e+00 -2.172730253969064e-05
8.812500000000001e-01 8.835124978221932e+00 -1.192803131361471e-05
8.843750000000000e-01 8.974299059571019e+00 -6.357400330332040e-06
8.875000000000001e-01 9.115664176477637e+00 -3.289496369014095e-06
8.906250000000000e-01 9.259254842611947e+00 -1.652398010700210e-06
8.937500000000000e-01 9.405106115002161e+00 -8.058169183240221e-07
8.968750000000001e-01 9.553253602593529e+00 -3.815047781267640e-07
9.000000000000000e-01 9.703733474942130e+00 -1.753536747572667e-07
9.031250000000001e-01 9.856582471045494e+00 -7.825175741274961e-08
9.062500000000000e-01 1.001183790831228e+01 -3.390424090001236e-08
9.093750000000000e-01 1.016953769167313e+01 -1.426310237745486e-08
9.125000000000001e-01 1.032972032283505e+01 -5.826343312249286e-09
9.156250000000000e-01 1.049242490968134e+01 -2.311131769046877e-09
9.187500000000001e-01 1.065769117581972e+01 -8.902798249323154e-10
9.218750000000000e-01 1.082555947028058e+01 -3.330658344528343e-10
9.250000000000000e-01 1.099607077736805e+01 -1.210223562943018e-10
9.281250000000001e-01 1.116926672666618e+01 -4.271346595619554e-11
9.312500000000000e-01 1.134518960320255e+01 -1.464403436830376e-11
9.343750000000001e-01 1.152388235777201e+01 -4.877390627767787e-12
9.375000000000000e-01 1.170538861742293e+01 -1.578266519182659e-12
9.406250000000000e-01 1.188975269610854e+01 -4.962209704694598e-13
9.437500000000001e-01 1.207701960550600e+01 -1.516032506757189e-13
9.468750000000000e-01 1.226723506600578e+01 -4.501090986635268e-14
9.500000000000001e-01 1.246044551787411e+01 -1.298795209049569e-14
9.531250000000000e-01 1.265669813259115e+01 -3.642631883971205e-15
9.562500000000000e-01 1.285604082436773e+01 -9.930703703667417e-16
9.593750000000001e-01 1.305852226184337e+01 -2.631925130965243e-16
9.625000000000000e-01 1.326419187996850e+01 -6.781637810695547e-17
9.656250000000001e-01 1.347309989207381e+01 -1.699034055570392e-17
9.687500000000000e-01 1.368529730212962e+01 -4.139185805084274e-18
9.718750000000000e-01 1.390083591719824e+01 -9.806454232037358e-19
9.750000000000001e-01 1.411976836008246e+01 -2.259603183758464e-19
9.781250000000000e-01 1.434214808217320e+01 -5.064238901519910e-20
9.812500000000001e-01 1.456802937649935e+01 -1.104070075430678e-20
9.843750000000000e-01 1.479746739098328e+01 -2.341628827828116e-21
9.875000000000000e-01 1.503051814190487e+01 -4.831867182096342e-22
9.906250000000001e-01 1.526723852757770e+01 -9.702060481527608e-23
9.937500000000000e-01 1.550768634224049e+01 -1.890980256701155e-23
9.968750000000001e-01 1.575192029016732e+01 -3.797715818356557e-24
1.000000000000000e+00 1.600000000000000e+01 4.693696047172780e-25
