0.000000000000000e+00 0.000000000000000e+00 0.000000000000000e+00
3.125000000000000e-03 3.369263549427258e-03 -2.140259214062891e-03
6.250000000000000e-03 6.739349689698711e-03 5.729671012068521e-05
9.375000000000001e-03 1.011108121249049e-02 -2.375084396724426e-04
1.250000000000000e-02 1.348528131119160e-02 -1.108835761881905e-04
1.562500000000000e-02 1.686277378188298e-02 -1.635819219584861e-05
1.875000000000000e-02 2.024438322446370e-02 -1.411735462072257e-05
2.187500000000000e-02 2.363093524397333e-02 -8.010501837993365e-05
2.500000000000000e-02 2.702325665215984e-02 -4.091042327952264e-05
2.812500000000000e-02 3.042217566934200e-02 -4.652466335329300e-05
3.125000000000000e-02 3.382852212661575e-02 8.671896894921290e-06
3.437500000000000e-02 3.724312766845378e-02 -2.987469734826581e-05
3.750000000000001e-02 4.066682595574785e-02 2.456978270361587e-05
4.062500000000000e-02 4.410045286934348e-02 -2.472840647228224e-05
4.375000000000000e-02 4.754484671411652e-02 1.488837230846916e-06
4.687500000000000e-02 5.100084842364160e-02 -1.438934945784353e-05
5.000000000000000e-02 5.446930176550237e-02 -2.305889290494141e-05
5.312500000000001e-02 5.795105354729364e-02 -1.855040925697946e-05
5.625000000000000e-02 6.144695382336569e-02 1.341075512929006e-05
5.937500000000000e-02 6.495785610236132e-02 -1.122150948577237e-05
6.250000000000000e-02 6.848461755559625e-02 -2.137564968666786e-06
6.562500000000000e-02 7.202809922633362e-02 -4.214587571564964e-06
6.875000000000001e-02 7.558916624000402e-02 1.835739062288540e-05
7.187500000000001e-02 7.916868801542200e-02 -6.316844933603673e-06
7.500000000000001e-02 8.276753847705080e-02 -3.972516711370287e-06
7.812500000000000e-02 8.638659626836727e-02 -5.701257323818653e-06
8.125000000000000e-02 9.002674496637868e-02 1.409585513395989e-05
8.437500000000001e-02 9.368887329734420e-02 -5.648408651850647e-06
8.750000000000001e-02 9.737387535375355e-02 1.639441682094167e-05
9.062500000000001e-02 1.010826508126157e-01 -1.183823432530498e-05
9.375000000000000e-02 1.048161051551108e-01 6.819685108957189e-06
9.687500000000000e-02 1.085751498876601e-01 -2.975275269966405e-06
1.000000000000000e-01 1.123607027644654e-01 5.723529858287824e-06
1.031250000000000e-01 1.161736880115753e-01 -2.884994468431403e-06
1.062500000000000e-01 1.200150365525305e-01 6.041508276574976e-06
1.093750000000000e-01 1.238856862356450e-01 -1.476153519252640e-06
1.125000000000000e-01 1.277865820629775e-01 7.099591697496144e-06
1.156250000000000e-01 1.317186764210495e-01 -1.795650335480293e-06
1.187500000000000e-01 1.356829293133661e-01 -5.183761489728913e-06
1.218750000000000e-01 1.396803085947971e-01 -7.375355973948082e-06
1.250000000000000e-01 1.437117902078738e-01 2.341093672838531e-06
1.281250000000000e-01 1.477783584210617e-01 6.617920033960800e-06
1.312500000000000e-01 1.518810060690650e-01 2.447026448158769e-06
1.343750000000000e-01 1.560207347952229e-01 -6.317579579679796e-06
1.375000000000000e-01 1.601985552960564e-01 2.349460300863699e-06
1.406250000000000e-01 1.644154875680252e-01 -5.340082833137016e-06
1.437500000000000e-01 1.686725611565558e-01 -9.230093519528570e-06
1.468750000000000e-01 1.729708154074000e-01 6.523112980396297e-06
1.500000000000000e-01 1.773112997203869e-01 -2.002485653263943e-06
1.531250000000000e-01 1.816950738056289e-01 2.200386054449538e-06
1.562500000000000e-01 1.861232079422458e-01 1.746871480676184e-06
1.593750000000000e-01 1.905967832396682e-01 5.236734081886832e-06
1.625000000000000e-01 1.951168919015860e-01 1.004793309771997e-05
1.656250000000000e-01 1.996846374926046e-01 3.498276484382853e-06
1.687500000000000e-01 2.043011352076760e-01 -2.556236743712277e-06
1.718750000000000e-01 2.089675121443681e-01 8.056721358304553e-06
1.750000000000000e-01 2.136849075780412e-01 -1.411360774914960e-06
1.781250000000000e-01 2.184544732399964e-01 3.307237561715380e-06
1.812500000000000e-01 2.232773735986666e-01 2.621437192393036e-06
1.843750000000000e-01 2.281547861439151e-01 2.727025440230277e-06
1.875000000000000e-01 2.330879016745160e-01 -2.183599609195773e-06
1.906250000000000e-01 2.380779245888810e-01 1.645932207741215e-06
1.937500000000000e-01 2.431260731791094e-01 1.542414818845030e-06
1.968750000000000e-01 2.482335799284277e-01 5.399286622723348e-06
2.000000000000000e-01 2.534016918120952e-01 2.683315721857222e-08
2.031250000000000e-01 2.586316706018478e-01 -2.334210010782969e-06
2.062500000000000e-01 2.639247931739538e-01 6.295388440163215e-07
2.093750000000000e-01 2.692823518209576e-01 9.057600982566203e-07
2.125000000000000e-01 2.747056545671873e-01 2.571044360186341e-06
2.156250000000000e-01 2.801960254881028e-01 3.500669450951914e-06
2.187500000000000e-01 2.857548050335636e-01 6.235207166035837e-06
2.218750000000000e-01 2.913833503550930e-01 1.509980913809479e-06
2.250000000000000e-01 2.970830356372213e-01 2.880739502303158e-06
2.281250000000000e-01 3.028552524329863e-01 2.267937375982995e-06
2.312500000000000e-01 3.087014100036755e-01 6.224661731308480e-06
2.343750000000000e-01 3.146229356628902e-01 1.700489367800780e-06
2.375000000000000e-01 3.206212751250189e-01 5.311634967744942e-06
2.406250000000000e-01 3.266978928582008e-01 2.134533614118386e-06
2.437500000000000e-01 3.328542724418705e-01 6.183027893253872e-06
2.468750000000000e-01 3.390919169289667e-01 1.008263192174212e-06
2.500000000000000e-01 3.454123492128958e-01 2.410965454487754e-06
2.531250000000000e-01 3.518171123993401e-01 8.233392039796805e-07
2.562500000000000e-01 3.583077701830001e-01 -4.396915392059131e-08
2.593750000000000e-01 3.648859072293631e-01 2.497535931683987e-06
2.625000000000000e-01 3.715531295615936e-01 3.416075887195312e-06
2.656250000000000e-01 3.783110649526354e-01 4.667815070913958e-06
2.687500000000000e-01 3.851613633226258e-01 3.883638422511438e-06
2.718750000000000e-01 3.921056971417164e-01 3.205310629914002e-06
2.750000000000000e-01 3.991457618383991e-01 5.351118440798525e-06
2.781250000000000e-01 4.062832762134377e-01 5.827110165216893e-06
2.812500000000000e-01 4.135199828595055e-01 1.762452330179709e-06
2.843750000000000e-01 4.208576485866312e-01 6.584345125248918e-06
2.875000000000000e-01 4.282980648535585e-01 3.603840665792448e-06
2.906250000000000e-01 4.358430482051222e-01 4.461781258147346e-06
2.937500000000000e-01 4.434944407157500e-01 3.283142482475435e-06
2.968750000000000e-01 4.512541104391968e-01 2.081764642117814e-06
3.000000000000000e-01 4.591239518646220e-01 3.327246072585659e-06
3.031250000000000e-01 4.671058863791195e-01 4.391326613846941e-06
3.062500000000000e-01 4.752018627368176e-01 4.349585641016257e-06
3.093750000000000e-01 4.834138575346580e-01 4.863983323237135e-06
3.125000000000000e-01 4.917438756949728e-01 5.352528188761446e-06
3.156250000000000e-01 5.001939509549778e-01 4.392989007175424e-06
3.187500000000000e-01 5.087661463633005e-01 6.572522248085534e-06
3.218750000000000e-01 5.174625547836644e-01 4.691789502257330e-06
3.250000000000000e-01 5.262852994058529e-01 5.293653230943705e-06
3.281250000000000e-01 5.352365342640750e-01 4.268113866989847e-06
3.312500000000000e-01 5.443184447628656e-01 5.021024184279227e-06
3.343750000000000e-01 5.535332482106405e-01 4.726433140557142e-06
3.375000000000000e-01 5.628831943610435e-01 4.314327758978488e-06
3.406250000000000e-01 5.723705659622137e-01 5.340070196339065e-06
3.437500000000000e-01 5.819976793141081e-01 6.084976260805549e-06
3.468750000000000e-01 5.917668848340161e-01 6.006073350027452e-06
3.500000000000000e-01 6.016805676304035e-01 5.488431656118414e-06
3.531250000000000e-01 6.117411480852264e-01 6.612584633255582e-06
3.562500000000000e-01 6.219510824448572e-01 5.523568688057961e-06
3.593750000000000e-01 6.323128634197650e-01 5.759806545935732e-06
3.625000000000000e-01 6.428290207931012e-01 6.944256995008062e-06
3.656250000000000e-01 6.535021220383342e-01 5.836578491005473e-06
3.687500000000000e-01 6.643347729460869e-01 6.894379569394115e-06
3.718750000000000e-01 6.753296182603294e-01 6.527869947659627e-06
3.750000000000000e-01 6.864893423240808e-01 6.049313557928771e-06
3.781250000000000e-01 6.978166697347804e-01 6.043264898440088e-06
3.812500000000000e-01 7.093143660094854e-01 6.980508398921247e-06
3.843750000000000e-01 7.209852382600603e-01 7.402405541322698e-06
3.875000000000000e-01 7.328321358785219e-01 7.139742513245043e-06
3.906250000000000e-01 7.448579512327029e-01 8.480421740143542e-06
3.937500000000000e-01 7.570656203724140e-01 7.081680211687134e-06
3.968750000000000e-01 7.694581237462648e-01 6.995698209004020e-06
4.000000000000000e-01 7.820384869293291e-01 6.716572094807120e-06
4.031250000000000e-01 7.948097813618253e-01 8.056584914455977e-06
4.062500000000000e-01 8.077751250989945e-01 8.711342897686231e-06
4.093750000000000e-01 8.209376835723596e-01 7.800486038358369e-06
4.125000000000000e-01 8.343006703625532e-01 9.014588925236229e-06
4.156250000000000e-01 8.478673479838968e-01 7.959513482595810e-06
4.187500000000000e-01 8.616410286809313e-01 9.455224760697276e-06
4.218750000000000e-01 8.756250752370857e-01 8.146850170716651e-06
4.250000000000000e-01 8.898229017956865e-01 8.630156913321822e-06
4.281250000000000e-01 9.042379746935050e-01 9.195683506421234e-06
4.312500000000000e-01 9.188738133070491e-01 8.778544429568183e-06
4.343750000000000e-01 9.337339909118028e-01 1.049670976520838e-05
4.375000000000000e-01 9.488221355546261e-01 9.157300354840836e-06
4.406250000000000e-01 9.641419309395265e-01 1.049443456979911e-05
4.437500000000000e-01 9.796971173270190e-01 9.609913997200723e-06
4.468750000000000e-01 9.954914924472941e-01 9.935544636028882e-06
4.500000000000000e-01 1.011528912427417e+00 1.084416958704200e-05
4.531250000000000e-01 1.027813292732786e+00 1.013983235211315e-05
4.562500000000000e-01 1.044348609123070e+00 1.199023564909826e-05
4.593750000000000e-01 1.061138898622882e+00 1.063709341731857e-05
4.625000000000000e-01 1.078188260507393e+00 1.149038074713959e-05
4.656250000000000e-01 1.095500857303154e+00 1.144684668090999e-05
4.687500000000000e-01 1.113080915804360e+00 1.118775955281473e-05
4.718750000000000e-01 1.130932728104805e+00 1.280455294945197e-05
4.750000000000000e-01 1.149060652645771e+00 1.221091980731209e-05
4.781250000000000e-01 1.167469115280130e+00 1.289291263810795e-05
4.812500000000000e-01 1.186162610352890e+00 1.275097013012974e-05
4.843750000000000e-01 1.205145701798475e+00 1.273398873270397e-05
4.875000000000000e-01 1.224423024254985e+00 1.357451957299875e-05
4.906250000000000e-01 1.243999284195726e+00 1.391516849297334e-05
4.937500000000000e-01 1.263879261078271e+00 1.422081187840896e-05
4.968750000000000e-01 1.284067808511348e+00 1.412698032376586e-05
5.000000000000000e-01 1.304569855439823e+00 1.463555809824701e-05
5.031250000000000e-01 1.325390407348082e+00 1.483754379717791e-05
5.062500000000000e-01 1.346534547482100e+00 1.592520941077672e-05
5.093750000000000e-01 1.368007438090487e+00 1.573940372611170e-05
5.125000000000001e-01 1.389814321684837e+00 1.526498880773020e-05
5.156250000000000e-01 1.411960522319654e+00 1.695105829733035e-05
5.187500000000000e-01 1.434451446892208e+00 1.713808384311348e-05
5.218750000000000e-01 1.457292586462593e+00 1.698917839849805e-05
5.250000000000000e-01 1.480489517594354e+00 1.761125774154899e-05
5.281250000000001e-01 1.504047903715979e+00 1.824333756580982e-05
5.312500000000000e-01 1.527973496503592e+00 1.871160799264715e-05
5.343750000000000e-01 1.552272137285215e+00 1.881059024845233e-05
5.375000000000000e-01 1.576949758466886e+00 1.975108277951451e-05
5.406250000000000e-01 1.602012384981041e+00 1.996959259837903e-05
5.437500000000001e-01 1.627466135757470e+00 2.049646559507562e-05
5.468750000000000e-01 1.653317225217225e+00 2.134716581753198e-05
5.500000000000000e-01 1.679571964789851e+00 2.138266221118947e-05
5.531250000000000e-01 1.706236764454286e+00 2.250371852020338e-05
5.562500000000000e-01 1.733318134303830e+00 2.291061670924389e-05
5.593750000000001e-01 1.760822686135563e+00 2.324595686272442e-05
5.625000000000000e-01 1.788757135064574e+00 2.463850633166843e-05
5.656250000000000e-01 1.817128301163438e+00 2.462085424365913e-05
5.687500000000000e-01 1.845943111127301e+00 2.556605110307223e-05
5.718750000000000e-01 1.875208599965003e+00 2.680545100360054e-05
5.750000000000001e-01 1.904931912716643e+00 2.671515907817575e-05
5.781250000000000e-01 1.935120306198011e+00 2.816821440643230e-05
5.812500000000000e-01 1.965781150772311e+00 2.921289953148725e-05
5.843750000000000e-01 1.996921932149593e+00 2.925355365238878e-05
5.875000000000000e-01 2.028550253214365e+00 3.107082274095210e-05
5.906250000000001e-01 2.060673835881802e+00 3.205069514986856e-05
5.937500000000000e-01 2.093300522983012e+00 3.220032336028790e-05
5.968750000000000e-01 2.126438280179837e+00 3.429516087631976e-05
6.000000000000001e-01 2.160095197909630e+00 3.547096038298430e-05
6.031250000000000e-01 2.194279493360494e+00 3.551941333557160e-05
6.062500000000001e-01 2.228999512477486e+00 3.803292266710317e-05
6.093750000000000e-01 2.264263732000228e+00 3.965138931901892e-05
6.125000000000000e-01 2.300080761532477e+00 3.933119846374235e-05
6.156250000000001e-01 2.336459345644116e+00 4.232559522763360e-05
6.187500000000000e-01 2.373408366006099e+00 4.477181547445839e-05
6.218750000000001e-01 2.410936843558884e+00 4.378062476839680e-05
6.250000000000000e-01 2.449053940714840e+00 4.716888436097784e-05
6.281250000000000e-01 2.487768963595221e+00 5.112860670560909e-05
6.312500000000001e-01 2.527091364302215e+00 4.936544158195523e-05
6.343750000000000e-01 2.567030743226622e+00 5.239009829964993e-05
6.375000000000001e-01 2.607596851391758e+00 5.887816665491579e-05
6.406250000000000e-01 2.648799592834118e+00 5.696104089734304e-05
6.437500000000000e-01 2.690649027021411e+00 5.792816662266352e-05
6.468750000000001e-01 2.733155371308524e+00 6.757730509412849e-05
6.500000000000000e-01 2.776329003432049e+00 6.806145718196978e-05
6.531250000000001e-01 2.820180464043967e+00 6.470339863949960e-05
6.562500000000000e-01 2.864720459285089e+00 7.558004334362680e-05
6.593750000000000e-01 2.909959863398929e+00 8.352517785812360e-05
6.625000000000001e-01 2.955909721386590e+00 7.652455838821529e-05
6.656250000000000e-01 3.002581251703353e+00 8.123699288606816e-05
6.687500000000001e-01 3.049985848997626e+00 9.989637562962779e-05
6.718750000000000e-01 3.098135086892879e+00 9.970831584879677e-05
6.750000000000000e-01 3.147040720813310e+00 9.004122601807757e-05
6.781250000000001e-01 3.196714690853871e+00 1.076290992970673e-04
6.812500000000000e-01 3.247169124695383e+00 1.314562455150259e-04
6.843750000000001e-01 3.298416340565477e+00 1.215133740141607e-04
6.875000000000000e-01 3.350468850246008e+00 1.104785041845202e-04
6.906250000000000e-01 3.403339362127777e+00 1.437456992238151e-04
6.937500000000001e-01 3.457040784313211e+00 1.781977679570051e-04
6.968750000000000e-01 3.511586227767823e+00 1.587423360060853e-04
7.000000000000001e-01 3.566989009521205e+00 1.369692051005042e-04
7.031250000000000e-01 3.623262655918307e+00 1.861783018566145e-04
7.062500000000000e-01 3.680420905921852e+00 2.538320428422486e-04
7.093750000000001e-01 3.738477714466631e+00 2.384673822008107e-04
7.125000000000000e-01 3.797447255866536e+00 1.782614598890640e-04
7.156250000000001e-01 3.857343927275175e+00 2.124554645814128e-04
7.187500000000000e-01 3.918182352200844e+00 3.500195535975020e-04
7.218750000000000e-01 3.979977384076828e+00 4.225338087915699e-04
7.250000000000001e-01 4.042744109887770e+00 3.287995169352575e-04
7.281250000000000e-01 4.106497853853101e+00 2.181019771711823e-04
7.312500000000001e-01 4.171254181168399e+00 3.199309713808136e-04
7.343750000000000e-01 4.237028901805528e+00 6.214289879778653e-04
7.375000000000000e-01 4.303838074372613e+00 8.225249005003603e-04
7.406250000000001e-01 4.371698010034643e+00 6.629462988895502e-04
7.437500000000000e-01 4.440625276495786e+00 2.595259456713924e-04
7.468750000000001e-01 4.510636702044332e+00 6.285946746100182e-05
7.500000000000000e-01 4.581749379661216e+00 4.406441180880755e-04
7.531250000000000e-01 4.653980671193226e+00 1.264459583469559e-03
7.562500000000001e-01 4.727348211591802e+00 1.862617890126704e-03
7.593750000000000e-01 4.801869913218528e+00 1.375486610974706e-03
7.625000000000001e-01 4.877563970218381e+00 -7.542712670088346e-04
7.656250000000000e-01 4.954448862961714e+00 -4.474631314826517e-03
7.687500000000000e-01 5.032543362556198e+00 -9.146701643773843e-03
7.718750000000001e-01 5.111866535429675e+00 -1.382379322063540e-02
7.750000000000000e-01 5.192437747985146e+00 -1.760087716914145e-02
7.781250000000001e-01 5.274276671329015e+00 -1.987066611940933e-02
7.812500000000000e-01 5.357403286073669e+00 -2.041565121069326e-02
7.843750000000000e-01 5.441837887215693e+00 -1.935933601113269e-02
7.875000000000001e-01 5.527601089090773e+00 -1.704328588974070e-02
7.906250000000000e-01 5.614713830406605e+00 -1.389558032934288e-02
7.937500000000001e-01 5.703197379355005e+00 -1.033006496319183e-02
7.968750000000000e-01 5.793073338804412e+00 -6.687890952141675e-03
8.000000000000000e-01 5.884363651574169e+00 -3.215623110216372e-03
8.031250000000001e-01 5.977090605791737e+00 -6.776590570760048e-05
8.062500000000000e-01 6.071276840334257e+00 2.677439899103024e-03
8.093750000000001e-01 6.166945350355728e+00 4.997227546065605e-03
8.125000000000000e-01 6.264119492901173e+00 6.904630178903710e-03
8.156250000000000e-01 6.362822992609162e+00 8.432915037659305e-03
8.187500000000001e-01 6.463079947504072e+00 9.624709739618405e-03
8.218750000000000e-01 6.564914834879517e+00 1.052437282407362e-02
8.250000000000001e-01 6.668352517274371e+00 1.117230597684143e-02
8.281250000000000e-01 6.773418248542846e+00 1.160153960084956e-02
8.312500000000000e-01 6.880137680020114e+00 1.183735858108240e-02
8.343750000000001e-01 6.988536866784961e+00 1.189923993994294e-02
8.375000000000000e-01 7.098642274021019e+00 1.180252110039380e-02
8.406250000000001e-01 7.210480783478133e+00 1.155680372039728e-02
8.437500000000000e-01 7.324079700035414e+00 1.116128010171975e-02
8.468750000000000e-01 7.439466758367605e+00 1.060051112480220e-02
8.500000000000001e-01 7.556670129716381e+00 9.845794432442899e-03
8.531250000000000e-01 7.675718428768239e+00 8.864498536307143e-03
8.562500000000001e-01 7.796640720640633e+00 7.635120244492544e-03
8.593750000000000e-01 7.919466527978115e+00 6.162167437113264e-03
8.625000000000000e-01 8.044225838160141e+00 4.484959974149058e-03
8.656250000000001e-01 8.170949110622363e+00 2.677458138240526e-03
8.687500000000000e-01 8.299667284293170e+00 8.400085956107500e-04
8.718750000000001e-01 8.430411785147284e+00 -9.138642073140171e-04
8.750000000000000e-01 8.563214533878281e+00 -2.472345759918913e-03
8.781250000000000e-01 8.698107953691880e+00 -3.739595851847446e-03
8.812500000000001e-01 8.835124978221932e+00 -4.647873832913457e-03
8.843750000000000e-01 8.974299059571019e+00 -5.166111718782775e-03
8.875000000000001e-01 9.115664176477637e+00 -5.303398093630769e-03
8.906250000000000e-01 9.259254842611947e+00 -5.106240190452330e-03
8.937500000000000e-01 9.405106115002161e+00 -4.649701145191696e-03
8.968750000000001e-01 9.553253602593529e+00 -4.024155329906333e-03
9.000000000000000e-01 9.703733474942130e+00 -3.320676663265514e-03
9.031250000000001e-01 9.856582471045494e+00 -2.618346823145285e-03
9.062500000000000e-01 1.001183790831228e+01 -1.975941777160683e-03
9.093750000000000e-01 1.016953769167313e+01 -1.428945781994612e-03
9.125000000000001e-01 1.032972032283505e+01 -9.913044710279846e-04
9.156250000000000e-01 1.049242490968134e+01 -6.603015492150929e-04
9.187500000000001e-01 1.065769117581972e+01 -4.226430574345548e-04
9.218750000000000e-01 1.082555947028058e+01 -2.601493467779346e-04
9.250000000000000e-01 1.099607077736805e+01 -1.540943363468108e-04
9.281250000000001e-01 1.116926672666618e+01 -8.789074496582090e-05
9.312500000000000e-01 1.134518960320255e+01 -4.830063298967886e-05
9.343750000000001e-01 1.152388235777201e+01 -2.558948080606386e-05
9.375000000000000e-01 1.170538861742293e+01 -1.307679975355887e-05
9.406250000000000e-01 1.188975269610854e+01 -6.449009219495297e-06
9.437500000000001e-01 1.207701960550600e+01 -3.070754053849783e-06
9.468750000000000e-01 1.226723506600578e+01 -1.412395204321038e-06
9.500000000000001e-01 1.246044551787411e+01 -6.277918484030151e-07
9.531250000000000e-01 1.265669813259115e+01 -2.697761254121416e-07
9.562500000000000e-01 1.285604082436773e+01 -1.121222016667962e-07
9.593750000000001e-01 1.305852226184337e+01 -4.508624723838852e-08
9.625000000000000e-01 1.326419187996850e+01 -1.754760176899599e-08
9.656250000000001e-01 1.347309989207381e+01 -6.612454549332796e-09
9.687500000000000e-01 1.368529730212962e+01 -2.413362318331464e-09
9.718750000000000e-01 1.390083591719824e+01 -8.533651340269972e-10
9.750000000000001e-01 1.411976836008246e+01 -2.924366425930792e-10
9.781250000000000e-01 1.434214808217320e+01 -9.714934567300782e-11
9.812500000000001e-01 1.456802937649935e+01 -3.129541225132209e-11
9.843750000000000e-01 1.479746739098328e+01 -9.778501343723370e-12
9.875000000000000e-01 1.503051814190487e+01 -2.964228798447188e-12
9.906250000000001e-01 1.526723852757770e+01 -8.723152495519803e-13
9.937500000000000e-01 1.550768634224049e+01 -2.480047090585590e-13
9.968750000000001e-01 1.575192029016732e+01 -7.209847548474064e-14
1.000000000000000e+00 1.600000000000000e+01 -6.378125989964115e-15
