0.000000000000000e+00 0.000000000000000e+00 0.000000000000000e+00
3.125000000000000e-03 3.369263549427258e-03 -2.881436565424463e-03
6.250000000000000e-03 6.739349689698711e-03 -6.574024762147222e-04
9.375000000000001e-03 1.011108121249049e-02 -1.720677475852617e-04
1.250000000000000e-02 1.348528131119160e-02 7.137548772252274e-05
1.562500000000000e-02 1.686277378188298e-02 -1.155556403228957e-04
1.875000000000000e-02 2.024438322446370e-02 2.358344923554410e-05
2.187500000000000e-02 2.363093524397333e-02 -1.513753258271409e-05
2.500000000000000e-02 2.702325665215984e-02 -3.405947921880468e-05
2.812500000000000e-02 3.042217566934200e-02 -8.142155133045803e-06
3.125000000000000e-02 3.382852212661575e-02 -4.755716557945013e-06
3.437500000000000e-02 3.724312766845378e-02 1.218719139526088e-05
3.750000000000001e-02 4.066682595574785e-02 2.784691385825892e-06
4.062500000000000e-02 4.410045286934348e-02 -2.305501053749853e-06
4.375000000000000e-02 4.754484671411652e-02 9.718921184994307e-07
4.687500000000000e-02 5.100084842364160e-02 -3.117317846174203e-05
5.000000000000000e-02 5.446930176550237e-02 1.306615965817510e-05
5.312500000000001e-02 5.795105354729364e-02 1.380026474519195e-06
5.625000000000000e-02 6.144695382336569e-02 1.119569903777439e-05
5.937500000000000e-02 6.495785610236132e-02 5.241214740983530e-06
6.250000000000000e-02 6.848461755559625e-02 -6.245541182481694e-06
6.562500000000000e-02 7.202809922633362e-02 -1.296840657734639e-06
6.875000000000001e-02 7.558916624000402e-02 -1.811008549687632e-05
7.187500000000001e-02 7.916868801542200e-02 -2.725382242977582e-06
7.500000000000001e-02 8.276753847705080e-02 1.296985943397472e-07
7.812500000000000e-02 8.638659626836727e-02 1.813597822160062e-05
8.125000000000000e-02 9.002674496637868e-02 1.105508397297736e-05
8.437500000000001e-02 9.368887329734420e-02 -4.574760142097776e-06
8.750000000000001e-02 9.737387535375355e-02 7.348768842047902e-06
9.062500000000001e-02 1.010826508126157e-01 -2.464515104852980e-06
9.375000000000000e-02 1.048161051551108e-01 1.026203762344018e-05
9.687500000000000e-02 1.085751498876601e-01 5.056729147971479e-07
1.000000000000000e-01 1.123607027644654e-01 -7.543513024207447e-06
1.031250000000000e-01 1.161736880115753e-01 1.232735786014629e-05
1.062500000000000e-01 1.200150365525305e-01 1.145871526461895e-05
1.093750000000000e-01 1.238856862356450e-01 6.042333269569726e-06
1.125000000000000e-01 1.277865820629775e-01 5.389421993553869e-06
1.156250000000000e-01 1.317186764210495e-01 7.769859503926468e-06
1.187500000000000e-01 1.356829293133661e-01 2.347982306403491e-06
1.218750000000000e-01 1.396803085947971e-01 2.792657660404167e-06
1.250000000000000e-01 1.437117902078738e-01 1.413906711008838e-05
1.281250000000000e-01 1.477783584210617e-01 2.270794356567056e-06
1.312500000000000e-01 1.518810060690650e-01 4.860320517593872e-06
1.343750000000000e-01 1.560207347952229e-01 3.529915400903859e-06
1.375000000000000e-01 1.601985552960564e-01 9.974401322283981e-06
1.406250000000000e-01 1.644154875680252e-01 3.503145984647313e-06
1.437500000000000e-01 1.686725611565558e-01 1.065822367436124e-05
1.468750000000000e-01 1.729708154074000e-01 8.707694449021965e-06
1.500000000000000e-01 1.773112997203869e-01 8.059174406421229e-06
1.531250000000000e-01 1.816950738056289e-01 1.001361095305122e-05
1.562500000000000e-01 1.861232079422458e-01 4.907754974190056e-06
1.593750000000000e-01 1.905967832396682e-01 5.829978533266169e-06
1.625000000000000e-01 1.951168919015860e-01 9.280894244777436e-06
1.656250000000000e-01 1.996846374926046e-01 9.612492891290351e-06
1.687500000000000e-01 2.043011352076760e-01 1.605722706247510e-05
1.718750000000000e-01 2.089675121443681e-01 6.952366560157807e-06
1.750000000000000e-01 2.136849075780412e-01 5.508646952645408e-06
1.781250000000000e-01 2.184544732399964e-01 1.207592991118640e-05
1.812500000000000e-01 2.232773735986666e-01 8.930495725261436e-06
1.843750000000000e-01 2.281547861439151e-01 1.053035920094259e-05
1.875000000000000e-01 2.330879016745160e-01 1.443120045544726e-05
1.906250000000000e-01 2.380779245888810e-01 1.407226721599797e-05
1.937500000000000e-01 2.431260731791094e-01 1.190502237923695e-05
1.968750000000000e-01 2.482335799284277e-01 8.618383005542847e-06
2.000000000000000e-01 2.534016918120952e-01 1.004730636345638e-05
2.031250000000000e-01 2.586316706018478e-01 1.073773397433952e-05
2.062500000000000e-01 2.639247931739538e-01 1.361085122210057e-05
2.093750000000000e-01 2.692823518209576e-01 1.621030304735998e-05
2.125000000000000e-01 2.747056545671873e-01 1.107767098586995e-05
2.156250000000000e-01 2.801960254881028e-01 1.148032728193348e-05
2.187500000000000e-01 2.857548050335636e-01 1.464071838166498e-05
2.218750000000000e-01 2.913833503550930e-01 1.303889392669342e-05
2.250000000000000e-01 2.970830356372213e-01 1.228134165970970e-05
2.281250000000000e-01 3.028552524329863e-01 1.515909043087943e-05
2.312500000000000e-01 3.087014100036755e-01 1.746689229279645e-05
2.343750000000000e-01 3.146229356628902e-01 1.554743490527183e-05
2.375000000000000e-01 3.206212751250189e-01 1.683993279724726e-05
2.406250000000000e-01 3.266978928582008e-01 1.460198124455640e-05
2.437500000000000e-01 3.328542724418705e-01 1.402297706676431e-05
2.468750000000000e-01 3.390919169289667e-01 1.671394446944567e-05
2.500000000000000e-01 3.454123492128958e-01 1.483676065955340e-05
2.531250000000000e-01 3.518171123993401e-01 1.578908015049244e-05
2.562500000000000e-01 3.583077701830001e-01 1.685012829509898e-05
2.593750000000000e-01 3.648859072293631e-01 1.670749135601783e-05
2.625000000000000e-01 3.715531295615936e-01 1.934897804325010e-05
2.656250000000000e-01 3.783110649526354e-01 1.957347359140447e-05
2.687500000000000e-01 3.851613633226258e-01 1.868285923057855e-05
2.718750000000000e-01 3.921056971417164e-01 1.988648541516411e-05
2.750000000000000e-01 3.991457618383991e-01 2.116915525254427e-05
2.781250000000000e-01 4.062832762134377e-01 1.802387434401600e-05
2.812500000000000e-01 4.135199828595055e-01 1.958944890072094e-05
2.843750000000000e-01 4.208576485866312e-01 1.921064365234584e-05
2.875000000000000e-01 4.282980648535585e-01 2.024339673019675e-05
2.906250000000000e-01 4.358430482051222e-01 2.068766677123632e-05
2.937500000000000e-01 4.434944407157500e-01 2.188904597901590e-05
2.968750000000000e-01 4.512541104391968e-01 2.245575457428763e-05
3.000000000000000e-01 4.591239518646220e-01 2.409511306611420e-05
3.031250000000000e-01 4.671058863791195e-01 2.365677235439410e-05
3.062500000000000e-01 4.752018627368176e-01 2.230761706097575e-05
3.093750000000000e-01 4.834138575346580e-01 2.401776883599161e-05
3.125000000000000e-01 4.917438756949728e-01 2.227512531486325e-05
3.156250000000000e-01 5.001939509549778e-01 2.410776311197711e-05
3.187500000000000e-01 5.087661463633005e-01 2.506740025503783e-05
3.218750000000000e-01 5.174625547836644e-01 2.660694630787377e-05
3.250000000000000e-01 5.262852994058529e-01 2.552495244235259e-05
3.281250000000000e-01 5.352365342640750e-01 2.700538310102365e-05
3.312500000000000e-01 5.443184447628656e-01 2.753347894860089e-05
3.343750000000000e-01 5.535332482106405e-01 2.629278059202180e-05
3.375000000000000e-01 5.628831943610435e-01 2.962520068611597e-05
3.406250000000000e-01 5.723705659622137e-01 2.844265550005174e-05
3.437500000000000e-01 5.819976793141081e-01 2.955225056965296e-05
3.468750000000000e-01 5.917668848340161e-01 2.771010774499731e-05
3.500000000000000e-01 6.016805676304035e-01 3.030490474002706e-05
3.531250000000000e-01 6.117411480852264e-01 3.132818065940550e-05
3.562500000000000e-01 6.219510824448572e-01 3.172040803363711e-05
3.593750000000000e-01 6.323128634197650e-01 3.272703301282665e-05
3.625000000000000e-01 6.428290207931012e-01 3.158722177196624e-05
3.656250000000000e-01 6.535021220383342e-01 3.390589399234248e-05
3.687500000000000e-01 6.643347729460869e-01 3.263305705318370e-05
3.718750000000000e-01 6.753296182603294e-01 3.491135787355538e-05
3.750000000000000e-01 6.864893423240808e-01 3.491476652314230e-05
3.781250000000000e-01 6.978166697347804e-01 3.602168948163317e-05
3.812500000000000e-01 7.093143660094854e-01 3.770136022594853e-05
3.843750000000000e-01 7.209852382600603e-01 3.654729443848209e-05
3.875000000000000e-01 7.328321358785219e-01 3.882262550480679e-05
3.906250000000000e-01 7.448579512327029e-01 3.760236747177713e-05
3.937500000000000e-01 7.570656203724140e-01 3.956356942924485e-05
3.968750000000000e-01 7.694581237462648e-01 4.038276242728819e-05
4.000000000000000e-01 7.820384869293291e-01 4.107324857041024e-05
4.031250000000000e-01 7.948097813618253e-01 4.276033898866848e-05
4.062500000000000e-01 8.077751250989945e-01 4.228785754490221e-05
4.093750000000000e-01 8.209376835723596e-01 4.375349055226156e-05
4.125000000000000e-01 8.343006703625532e-01 4.408390088454383e-05
4.156250000000000e-01 8.478673479838968e-01 4.547716849535946e-05
4.187500000000000e-01 8.616410286809313e-01 4.693454717404212e-05
4.218750000000000e-01 8.756250752370857e-01 4.737538069031213e-05
4.250000000000000e-01 8.898229017956865e-01 4.828666918447337e-05
4.281250000000000e-01 9.042379746935050e-01 4.905036137303624e-05
4.312500000000000e-01 9.188738133070491e-01 5.012767329476777e-05
4.343750000000000e-01 9.337339909118028e-01 5.170209414109036e-05
4.375000000000000e-01 9.488221355546261e-01 5.340854473829304e-05
4.406250000000000e-01 9.641419309395265e-01 5.319537821065659e-05
4.437500000000000e-01 9.796971173270190e-01 5.485529743805647e-05
4.468750000000000e-01 9.954914924472941e-01 5.601225567674820e-05
4.500000000000000e-01 1.011528912427417e+00 5.706191187873857e-05
4.531250000000000e-01 1.027813292732786e+00 5.956973746706736e-05
4.562500000000000e-01 1.044348609123070e+00 5.932028130761049e-05
4.593750000000000e-01 1.061138898622882e+00 6.093338230156130e-05
4.625000000000000e-01 1.078188260507393e+00 6.346658249767090e-05
4.656250000000000e-01 1.095500857303154e+00 6.405473404584541e-05
4.687500000000000e-01 1.113080915804360e+00 6.539432378750452e-05
4.718750000000000e-01 1.130932728104805e+00 6.713724874468203e-05
4.750000000000000e-01 1.149060652645771e+00 6.930060569452000e-05
4.781250000000000e-01 1.167469115280130e+00 7.027557897875028e-05
4.812500000000000e-01 1.186162610352890e+00 7.203515853312001e-05
4.843750000000000e-01 1.205145701798475e+00 7.427415560664179e-05
4.875000000000000e-01 1.224423024254985e+00 7.556762306497561e-05
4.906250000000000e-01 1.243999284195726e+00 7.793505232843846e-05
4.937500000000000e-01 1.263879261078271e+00 7.965871488787061e-05
4.968750000000000e-01 1.284067808511348e+00 8.169051635178102e-05
5.000000000000000e-01 1.304569855439823e+00 8.420524272825298e-05
5.031250000000000e-01 1.325390407348082e+00 8.584809956961850e-05
5.062500000000000e-01 1.346534547482100e+00 8.868803561338552e-05
5.093750000000000e-01 1.368007438090487e+00 9.087093095273651e-05
5.125000000000001e-01 1.389814321684837e+00 9.316670089118349e-05
5.156250000000000e-01 1.411960522319654e+00 9.630225367440908e-05
5.187500000000000e-01 1.434451446892208e+00 9.847875743093186e-05
5.218750000000000e-01 1.457292586462593e+00 1.015986883206694e-04
5.250000000000000e-01 1.480489517594354e+00 1.047376520567628e-04
5.281250000000001e-01 1.504047903715979e+00 1.073622518001437e-04
5.312500000000000e-01 1.527973496503592e+00 1.111167517443105e-04
5.343750000000000e-01 1.552272137285215e+00 1.142795825244805e-04
5.375000000000000e-01 1.576949758466886e+00 1.177046886782179e-04
5.406250000000000e-01 1.602012384981041e+00 1.218026677373027e-04
5.437500000000001e-01 1.627466135757470e+00 1.254006654729230e-04
5.468750000000000e-01 1.653317225217225e+00 1.296417216224929e-04
5.500000000000000e-01 1.679571964789851e+00 1.340885258035611e-04
5.531250000000000e-01 1.706236764454286e+00 1.384429334937034e-04
5.562500000000000e-01 1.733318134303830e+00 1.434623457858392e-04
5.593750000000001e-01 1.760822686135563e+00 1.483790426662836e-04
5.625000000000000e-01 1.788757135064574e+00 1.537804315585309e-04
5.656250000000000e-01 1.817128301163438e+00 1.595654486129628e-04
5.687500000000000e-01 1.845943111127301e+00 1.652648370112416e-04
5.718750000000000e-01 1.875208599965003e+00 1.718867440268671e-04
5.750000000000001e-01 1.904931912716643e+00 1.786616127680080e-04
5.781250000000000e-01 1.935120306198011e+00 1.854045365816067e-04
5.812500000000000e-01 1.965781150772311e+00 1.934381502207135e-04
5.843750000000000e-01 1.996921932149593e+00 2.015234674996353e-04
5.875000000000000e-01 2.028550253214365e+00 2.096795681074635e-04
5.906250000000001e-01 2.060673835881802e+00 2.193161405019759e-04
5.937500000000000e-01 2.093300522983012e+00 2.292702291266493e-04
5.968750000000000e-01 2.126438280179837e+00 2.393517792028511e-04
6.000000000000001e-01 2.160095197909630e+00 2.508738282174269e-04
6.031250000000000e-01 2.194279493360494e+00 2.631545719120331e-04
6.062500000000001e-01 2.228999512477486e+00 2.760134719459211e-04
6.093750000000000e-01 2.264263732000228e+00 2.900537635865553e-04
6.125000000000000e-01 2.300080761532477e+00 3.050540970236107e-04
6.156250000000001e-01 2.336459345644116e+00 3.215282704039546e-04
6.187500000000000e-01 2.373408366006099e+00 3.395628625652997e-04
6.218750000000001e-01 2.410936843558884e+00 3.580031623960661e-04
6.250000000000000e-01 2.449053940714840e+00 3.781622493555002e-04
6.281250000000000e-01 2.487768963595221e+00 4.017119938380310e-04
6.312500000000001e-01 2.527091364302215e+00 4.264129799113802e-04
6.343750000000000e-01 2.567030743226622e+00 4.507477980489135e-04
6.375000000000001e-01 2.607596851391758e+00 4.782239004128455e-04
6.406250000000000e-01 2.648799592834118e+00 5.111589464561632e-04
6.437500000000000e-01 2.690649027021411e+00 5.455222742545523e-04
6.468750000000001e-01 2.733155371308524e+00 5.768965536417048e-04
6.500000000000000e-01 2.776329003432049e+00 6.091151828250581e-04
6.531250000000001e-01 2.820180464043967e+00 6.501103180511143e-04
6.562500000000000e-01 2.864720459285089e+00 6.967973481580485e-04
6.593750000000000e-01 2.909959863398929e+00 7.326448313751972e-04
6.625000000000001e-01 2.955909721386590e+00 7.498107190613952e-04
6.656250000000000e-01 3.002581251703353e+00 7.647765121025462e-04
6.687500000000001e-01 3.049985848997626e+00 7.940930139937586e-04
6.718750000000000e-01 3.098135086892879e+00 8.143213788195015e-04
6.750000000000000e-01 3.147040720813310e+00 7.648277011369902e-04
6.781250000000001e-01 3.196714690853871e+00 6.028926659095843e-04
6.812500000000000e-01 3.247169124695383e+00 3.488044479577487e-04
6.843750000000001e-01 3.298416340565477e+00 5.432849231124276e-05
6.875000000000000e-01 3.350468850246008e+00 -2.997189305662095e-04
6.906250000000000e-01 3.403339362127777e+00 -8.934589858351069e-04
6.937500000000001e-01 3.457040784313211e+00 -2.054407294678370e-03
6.968750000000000e-01 3.511586227767823e+00 -4.122063040334962e-03
7.000000000000001e-01 3.566989009521205e+00 -7.263380292347279e-03
7.031250000000000e-01 3.623262655918307e+00 -1.134650739560477e-02
7.062500000000000e-01 3.680420905921852e+00 -1.594130255979677e-02
7.093750000000001e-01 3.738477714466631e+00 -2.043692797337747e-02
7.125000000000000e-01 3.797447255866536e+00 -2.421226879282761e-02
7.156250000000001e-01 3.857343927275175e+00 -2.678738723178642e-02
7.187500000000000e-01 3.918182352200844e+00 -2.790666947299531e-02
7.218750000000000e-01 3.979977384076828e+00 -2.754708989061634e-02
7.250000000000001e-01 4.042744109887770e+00 -2.587017712081468e-02
7.281250000000000e-01 4.106497853853101e+00 -2.315021477101485e-02
7.312500000000001e-01 4.171254181168399e+00 -1.970506210297643e-02
7.343750000000000e-01 4.237028901805528e+00 -1.584339619277358e-02
7.375000000000000e-01 4.303838074372613e+00 -1.183233387516204e-02
7.406250000000001e-01 4.371698010034643e+00 -7.882130746086111e-03
7.437500000000000e-01 4.440625276495786e+00 -4.143864219836474e-03
7.468750000000001e-01 4.510636702044332e+00 -7.151890929490733e-04
7.500000000000000e-01 4.581749379661216e+00 2.350136319036707e-03
7.531250000000000e-01 4.653980671193226e+00 5.031745496066715e-03
7.562500000000001e-01 4.727348211591802e+00 7.333074567133099e-03
7.593750000000000e-01 4.801869913218528e+00 9.273165053357875e-03
7.625000000000001e-01 4.877563970218381e+00 1.088024247822221e-02
7.656250000000000e-01 4.954448862961714e+00 1.218664606925802e-02
7.687500000000000e-01 5.032543362556198e+00 1.322529742394176e-02
7.718750000000001e-01 5.111866535429675e+00 1.402734923646399e-02
7.750000000000000e-01 5.192437747985146e+00 1.462079084509860e-02
7.781250000000001e-01 5.274276671329015e+00 1.502990856564878e-02
7.812500000000000e-01 5.357403286073669e+00 1.527503252933943e-02
7.843750000000000e-01 5.441837887215693e+00 1.537240142921031e-02
7.875000000000001e-01 5.527601089090773e+00 1.533412522597449e-02
7.906250000000000e-01 5.614713830406605e+00 1.516820438245361e-02
7.937500000000001e-01 5.703197379355005e+00 1.487896767033899e-02
7.968750000000000e-01 5.793073338804412e+00 1.446738919685492e-02
8.000000000000000e-01 5.884363651574169e+00 1.393114008923759e-02
8.031250000000001e-01 5.977090605791737e+00 1.326398804214694e-02
8.062500000000000e-01 6.071276840334257e+00 1.245523967070025e-02
8.093750000000001e-01 6.166945350355728e+00 1.149028856696743e-02
8.125000000000000e-01 6.264119492901173e+00 1.035349718901545e-02
8.156250000000000e-01 6.362822992609162e+00 9.033669646554587e-03
8.187500000000001e-01 6.463079947504072e+00 7.531066775366293e-03
8.218750000000000e-01 6.564914834879517e+00 5.863788406787384e-03
8.250000000000001e-01 6.668352517274371e+00 4.071198659068333e-03
8.281250000000000e-01 6.773418248542846e+00 2.212977003215358e-03
8.312500000000000e-01 6.880137680020114e+00 3.638990102695224e-04
8.343750000000001e-01 6.988536866784961e+00 -1.394211812791479e-03
8.375000000000000e-01 7.098642274021019e+00 -2.981364470355113e-03
8.406250000000001e-01 7.210480783478133e+00 -4.327434594784214e-03
8.437500000000000e-01 7.324079700035414e+00 -5.378462497991553e-03
8.468750000000000e-01 7.439466758367605e+00 -6.101025678093541e-03
8.500000000000001e-01 7.556670129716381e+00 -6.484764452476712e-03
8.531250000000000e-01 7.675718428768239e+00 -6.543014735245564e-03
8.562500000000001e-01 7.796640720640633e+00 -6.311294669377102e-03
8.593750000000000e-01 7.919466527978115e+00 -5.843420641149318e-03
8.625000000000000e-01 8.044225838160141e+00 -5.205403956314857e-03
8.656250000000001e-01 8.170949110622363e+00 -4.467857284967730e-03
8.687500000000000e-01 8.299667284293170e+00 -3.698133298386369e-03
8.718750000000001e-01 8.430411785147284e+00 -2.953575482268848e-03
8.750000000000000e-01 8.563214533878281e+00 -2.276997409676245e-03
8.781250000000000e-01 8.698107953691880e+00 -1.694926629707011e-03
8.812500000000001e-01 8.835124978221932e+00 -1.218475763076268e-03
8.843750000000000e-01 8.974299059571019e+00 -8.461639455157460e-04
8.875000000000001e-01 9.115664176477637e+00 -5.677461623500288e-04
8.906250000000000e-01 9.259254842611947e+00 -3.681339625605757e-04
8.937500000000000e-01 9.405106115002161e+00 -2.307279759335689e-04
8.968750000000001e-01 9.553253602593529e+00 -1.398070931068497e-04
9.000000000000000e-01 9.703733474942130e+00 -8.191920863188767e-05
9.031250000000001e-01 9.856582471045494e+00 -4.642626813285872e-05
9.062500000000000e-01 1.001183790831228e+01 -2.545409991267659e-05
9.093750000000000e-01 1.016953769167313e+01 -1.350399791627030e-05
9.125000000000001e-01 1.032972032283505e+01 -6.933815667492888e-06
9.156250000000000e-01 1.049242490968134e+01 -3.446528645208595e-06
9.187500000000001e-01 1.065769117581972e+01 -1.658765483404281e-06
9.218750000000000e-01 1.082555947028058e+01 -7.731694380528479e-07
9.250000000000000e-01 1.099607077736805e+01 -3.490946174227119e-07
9.281250000000001e-01 1.116926672666618e+01 -1.527149503087557e-07
9.312500000000000e-01 1.134518960320255e+01 -6.474106766071613e-08
9.343750000000001e-01 1.152388235777201e+01 -2.660276331403290e-08
9.375000000000000e-01 1.170538861742293e+01 -1.059764972287149e-08
9.406250000000000e-01 1.188975269610854e+01 -4.093682689682916e-09
9.437500000000001e-01 1.207701960550600e+01 -1.533645520290953e-09
9.468750000000000e-01 1.226723506600578e+01 -5.573459594042417e-10
9.500000000000001e-01 1.246044551787411e+01 -1.965147074727558e-10
9.531250000000000e-01 1.265669813259115e+01 -6.723807739533731e-11
9.562500000000000e-01 1.285604082436773e+01 -2.232870946351086e-11
9.593750000000001e-01 1.305852226184337e+01 -7.198077852611189e-12
9.625000000000000e-01 1.326419187996850e+01 -2.252936236261142e-12
9.656250000000001e-01 1.347309989207381e+01 -6.847530378047163e-13
9.687500000000000e-01 1.368529730212962e+01 -2.021358835833905e-13
9.718750000000000e-01 1.390083591719824e+01 -5.796253294092713e-14
9.750000000000001e-01 1.411976836008246e+01 -1.614783645902602e-14
9.781250000000000e-01 1.434214808217320e+01 -4.371308072867829e-15
9.812500000000001e-01 1.456802937649935e+01 -1.150016567280952e-15
9.843750000000000e-01 1.479746739098328e+01 -2.940740734880091e-16
9.875000000000000e-01 1.503051814190487e+01 -7.310160127583357e-17
9.906250000000001e-01 1.526723852757770e+01 -1.767078280506268e-17
9.937500000000000e-01 1.550768634224049e+01 -4.139246833629872e-18
9.968750000000001e-01 1.575192029016732e+01 -9.969495408093681e-19
1.000000000000000e+00 1.600000000000000e+01 2.136556814040450e-20
