0.000000000000000e+00 0.000000000000000e+00 0.000000000000000e+00
3.125000000000000e-03 3.369263549427258e-03 -1.668366259442664e-03
6.250000000000000e-03 6.739349689698711e-03 5.249490512790007e-04
9.375000000000001e-03 1.011108121249049e-02 -1.702444834190994e-04
1.250000000000000e-02 1.348528131119160e-02 -1.228278516058165e-04
1.562500000000000e-02 1.686277378188298e-02 -6.528634410336331e-05
1.875000000000000e-02 2.024438322446370e-02 7.275283126771799e-06
2.187500000000000e-02 2.363093524397333e-02 -5.426514478677838e-05
2.500000000000000e-02 2.702325665215984e-02 -1.002327135516998e-06
2.812500000000000e-02 3.042217566934200e-02 -5.925707686336150e-05
3.125000000000000e-02 3.382852212661575e-02 2.636328481022664e-05
3.437500000000000e-02 3.724312766845378e-02 -3.614307534063558e-05
3.750000000000001e-02 4.066682595574785e-02 -2.416617199936483e-05
4.062500000000000e-02 4.410045286934348e-02 -1.942133314183479e-05
4.375000000000000e-02 4.754484671411652e-02 2.847044368561275e-05
4.687500000000000e-02 5.100084842364160e-02 -5.108058627846175e-06
5.000000000000000e-02 5.446930176550237e-02 2.629968949667573e-05
5.312500000000001e-02 5.795105354729364e-02 -3.701396290563500e-06
5.625000000000000e-02 6.144695382336569e-02 3.626504712656837e-05
5.937500000000000e-02 6.495785610236132e-02 -2.875294913579759e-08
6.250000000000000e-02 6.848461755559625e-02 2.645628304325288e-05
6.562500000000000e-02 7.202809922633362e-02 2.487771889016902e-06
6.875000000000001e-02 7.558916624000402e-02 2.628005505047193e-05
7.187500000000001e-02 7.916868801542200e-02 -7.166277179651065e-06
7.500000000000001e-02 8.276753847705080e-02 -8.536887509839717e-07
7.812500000000000e-02 8.638659626836727e-02 8.931317238570545e-06
8.125000000000000e-02 9.002674496637868e-02 1.601094564858245e-05
8.437500000000001e-02 9.368887329734420e-02 2.408019691791535e-06
8.750000000000001e-02 9.737387535375355e-02 1.284093800287836e-05
9.062500000000001e-02 1.010826508126157e-01 -1.119502873497075e-06
9.375000000000000e-02 1.048161051551108e-01 1.032060471771491e-05
9.687500000000000e-02 1.085751498876601e-01 2.429479618094297e-05
1.000000000000000e-01 1.123607027644654e-01 1.112406638566457e-05
1.031250000000000e-01 1.161736880115753e-01 1.869055395274774e-05
1.062500000000000e-01 1.200150365525305e-01 1.557310446430976e-05
1.093750000000000e-01 1.238856862356450e-01 1.665061916720212e-05
1.125000000000000e-01 1.277865820629775e-01 1.526297035415362e-05
1.156250000000000e-01 1.317186764210495e-01 3.000142936562130e-05
1.187500000000000e-01 1.356829293133661e-01 2.084574820132641e-05
1.218750000000000e-01 1.396803085947971e-01 2.168677998318368e-05
1.250000000000000e-01 1.437117902078738e-01 9.713018941806140e-06
1.281250000000000e-01 1.477783584210617e-01 2.543498235128632e-05
1.312500000000000e-01 1.518810060690650e-01 2.557125812290981e-05
1.343750000000000e-01 1.560207347952229e-01 1.862579377576626e-05
1.375000000000000e-01 1.601985552960564e-01 1.456413819620080e-05
1.406250000000000e-01 1.644154875680252e-01 2.166488495188554e-05
1.437500000000000e-01 1.686725611565558e-01 1.480174891655574e-05
1.468750000000000e-01 1.729708154074000e-01 2.288575673951504e-05
1.500000000000000e-01 1.773112997203869e-01 3.036181168824412e-05
1.531250000000000e-01 1.816950738056289e-01 2.703357528680165e-05
1.562500000000000e-01 1.861232079422458e-01 3.559000906977069e-05
1.593750000000000e-01 1.905967832396682e-01 2.439831239411144e-05
1.625000000000000e-01 1.951168919015860e-01 3.061602721717253e-05
1.656250000000000e-01 1.996846374926046e-01 2.559888328640379e-05
1.687500000000000e-01 2.043011352076760e-01 2.996388413274828e-05
1.718750000000000e-01 2.089675121443681e-01 2.938033111810860e-05
1.750000000000000e-01 2.136849075780412e-01 3.289988881127678e-05
1.781250000000000e-01 2.184544732399964e-01 2.540629491104427e-05
1.812500000000000e-01 2.232773735986666e-01 3.399713074923536e-05
1.843750000000000e-01 2.281547861439151e-01 2.555617194705510e-05
1.875000000000000e-01 2.330879016745160e-01 3.222733612549482e-05
1.906250000000000e-01 2.380779245888810e-01 3.521922160792335e-05
1.937500000000000e-01 2.431260731791094e-01 3.362193171842000e-05
1.968750000000000e-01 2.482335799284277e-01 3.821987804041520e-05
2.000000000000000e-01 2.534016918120952e-01 3.679814775267424e-05
2.031250000000000e-01 2.586316706018478e-01 3.782946152333059e-05
2.062500000000000e-01 2.639247931739538e-01 3.735058431414815e-05
2.093750000000000e-01 2.692823518209576e-01 4.043503870600428e-05
2.125000000000000e-01 2.747056545671873e-01 3.698894075026512e-05
2.156250000000000e-01 2.801960254881028e-01 4.145760981959342e-05
2.187500000000000e-01 2.857548050335636e-01 3.667036587854208e-05
2.218750000000000e-01 2.913833503550930e-01 4.248075863690036e-05
2.250000000000000e-01 2.970830356372213e-01 4.328400507427194e-05
2.281250000000000e-01 3.028552524329863e-01 4.261744386947314e-05
2.312500000000000e-01 3.087014100036755e-01 4.401757250123136e-05
2.343750000000000e-01 3.146229356628902e-01 4.704734782508601e-05
2.375000000000000e-01 3.206212751250189e-01 4.833759001375194e-05
2.406250000000000e-01 3.266978928582008e-01 4.599834619734635e-05
2.437500000000000e-01 3.328542724418705e-01 4.774219753550141e-05
2.468750000000000e-01 3.390919169289667e-01 4.724125574192847e-05
2.500000000000000e-01 3.454123492128958e-01 5.312482684791012e-05
2.531250000000000e-01 3.518171123993401e-01 4.877371639586354e-05
2.562500000000000e-01 3.583077701830001e-01 5.292355670458714e-05
2.593750000000000e-01 3.648859072293631e-01 5.297956562997105e-05
2.625000000000000e-01 3.715531295615936e-01 5.301827328952563e-05
2.656250000000000e-01 3.783110649526354e-01 5.425561273640199e-05
2.687500000000000e-01 3.851613633226258e-01 5.598140472615770e-05
2.718750000000000e-01 3.921056971417164e-01 5.764652119071310e-05
2.750000000000000e-01 3.991457618383991e-01 5.846204990982548e-05
2.781250000000000e-01 4.062832762134377e-01 6.161877924085159e-05
2.812500000000000e-01 4.135199828595055e-01 6.052836118962323e-05
2.843750000000000e-01 4.208576485866312e-01 6.171316513348890e-05
2.875000000000000e-01 4.282980648535585e-01 6.221406596190399e-05
2.906250000000000e-01 4.358430482051222e-01 6.372072288277757e-05
2.937500000000000e-01 4.434944407157500e-01 6.411891890599055e-05
2.968750000000000e-01 4.512541104391968e-01 6.703960192325301e-05
3.000000000000000e-01 4.591239518646220e-01 7.052803766865215e-05
3.031250000000000e-01 4.671058863791195e-01 6.976710238328018e-05
3.062500000000000e-01 4.752018627368176e-01 6.976274028561060e-05
3.093750000000000e-01 4.834138575346580e-01 7.108043059580146e-05
3.125000000000000e-01 4.917438756949728e-01 7.409406982889733e-05
3.156250000000000e-01 5.001939509549778e-01 7.473592218473203e-05
3.187500000000000e-01 5.087661463633005e-01 7.539213367640645e-05
3.218750000000000e-01 5.174625547836644e-01 7.777398472178559e-05
3.250000000000000e-01 5.262852994058529e-01 8.016241369537144e-05
3.281250000000000e-01 5.352365342640750e-01 8.127851266302201e-05
3.312500000000000e-01 5.443184447628656e-01 8.321186679681485e-05
3.343750000000000e-01 5.535332482106405e-01 8.333600365622172e-05
3.375000000000000e-01 5.628831943610435e-01 8.566798599741290e-05
3.406250000000000e-01 5.723705659622137e-01 8.683283358791062e-05
3.437500000000000e-01 5.819976793141081e-01 8.890845470926216e-05
3.468750000000000e-01 5.917668848340161e-01 9.156640732001299e-05
3.500000000000000e-01 6.016805676304035e-01 9.247264389805295e-05
3.531250000000000e-01 6.117411480852264e-01 9.529213969069463e-05
3.562500000000000e-01 6.219510824448572e-01 9.543358093696853e-05
3.593750000000000e-01 6.323128634197650e-01 9.834989071215304e-05
3.625000000000000e-01 6.428290207931012e-01 1.000239429688120e-04
3.656250000000000e-01 6.535021220383342e-01 1.022365540953680e-04
3.687500000000000e-01 6.643347729460869e-01 1.058914972207035e-04
3.718750000000000e-01 6.753296182603294e-01 1.057236908315235e-04
3.750000000000000e-01 6.864893423240808e-01 1.094761049218904e-04
3.781250000000000e-01 6.978166697347804e-01 1.099996886143073e-04
3.812500000000000e-01 7.093143660094854e-01 1.127325172713469e-04
3.843750000000000e-01 7.209852382600603e-01 1.165216657227553e-04
3.875000000000000e-01 7.328321358785219e-01 1.176229331841135e-04
3.906250000000000e-01 7.448579512327029e-01 1.212677836031320e-04
3.937500000000000e-01 7.570656203724140e-01 1.224038039861428e-04
3.968750000000000e-01 7.694581237462648e-01 1.253163548810950e-04
4.000000000000000e-01 7.820384869293291e-01 1.289312237726275e-04
4.031250000000000e-01 7.948097813618253e-01 1.311221919779089e-04
4.062500000000000e-01 8.077751250989945e-01 1.342678095162939e-04
4.093750000000000e-01 8.209376835723596e-01 1.365131043431654e-04
4.125000000000000e-01 8.343006703625532e-01 1.395300825906609e-04
4.156250000000000e-01 8.478673479838968e-01 1.433662360746857e-04
4.187500000000000e-01 8.616410286809313e-01 1.474217596555266e-04
4.218750000000000e-01 8.756250752370857e-01 1.487037343939843e-04
4.250000000000000e-01 8.898229017956865e-01 1.522291893032209e-04
4.281250000000000e-01 9.042379746935050e-01 1.576614804271852e-04
4.312500000000000e-01 9.188738133070491e-01 1.598217619887054e-04
4.343750000000000e-01 9.337339909118028e-01 1.637247728829224e-04
4.375000000000000e-01 9.488221355546261e-01 1.679762601738688e-04
4.406250000000000e-01 9.641419309395265e-01 1.717298753703360e-04
4.437500000000000e-01 9.796971173270190e-01 1.761830510688140e-04
4.468750000000000e-01 9.954914924472941e-01 1.799354251921735e-04
4.500000000000000e-01 1.011528912427417e+00 1.850393840175449e-04
4.531250000000000e-01 1.027813292732786e+00 1.892626758763798e-04
4.562500000000000e-01 1.044348609123070e+00 1.939492596077466e-04
4.593750000000000e-01 1.061138898622882e+00 1.993609655353301e-04
4.625000000000000e-01 1.078188260507393e+00 2.039330027207660e-04
4.656250000000000e-01 1.095500857303154e+00 2.097632148399408e-04
4.687500000000000e-01 1.113080915804360e+00 2.151417522366568e-04
4.718750000000000e-01 1.130932728104805e+00 2.207589512830190e-04
4.750000000000000e-01 1.149060652645771e+00 2.272444753136163e-04
4.781250000000000e-01 1.167469115280130e+00 2.329515111804125e-04
4.812500000000000e-01 1.186162610352890e+00 2.398910306403735e-04
4.843750000000000e-01 1.205145701798475e+00 2.466029762388653e-04
4.875000000000000e-01 1.224423024254985e+00 2.534376049720850e-04
4.906250000000000e-01 1.243999284195726e+00 2.613491934720747e-04
4.937500000000000e-01 1.263879261078271e+00 2.686475373573673e-04
4.968750000000000e-01 1.284067808511348e+00 2.769471410498825e-04
5.000000000000000e-01 1.304569855439823e+00 2.856580082978287e-04
5.031250000000000e-01 1.325390407348082e+00 2.940464493211929e-04
5.062500000000000e-01 1.346534547482100e+00 3.038742847759805e-04
5.093750000000000e-01 1.368007438090487e+00 3.134367072534478e-04
5.125000000000001e-01 1.389814321684837e+00 3.234816236523494e-04
5.156250000000000e-01 1.411960522319654e+00 3.347552325924288e-04
5.187500000000000e-01 1.434451446892208e+00 3.456875409311980e-04
5.218750000000000e-01 1.457292586462593e+00 3.576927240923756e-04
5.250000000000000e-01 1.480489517594354e+00 3.705918822054425e-04
5.281250000000001e-01 1.504047903715979e+00 3.833873177205139e-04
5.312500000000000e-01 1.527973496503592e+00 3.976305172354845e-04
5.343750000000000e-01 1.552272137285215e+00 4.124343529464759e-04
5.375000000000000e-01 1.576949758466886e+00 4.277057727604458e-04
5.406250000000000e-01 1.602012384981041e+00 4.444807282404548e-04
5.437500000000001e-01 1.627466135757470e+00 4.617475888981427e-04
5.468750000000000e-01 1.653317225217225e+00 4.800026086125295e-04
5.500000000000000e-01 1.679571964789851e+00 4.997894352494429e-04
5.531250000000000e-01 1.706236764454286e+00 5.200132116774234e-04
5.562500000000000e-01 1.733318134303830e+00 5.417432610218170e-04
5.593750000000001e-01 1.760822686135563e+00 5.650455544530035e-04
5.625000000000000e-01 1.788757135064574e+00 5.888166053025271e-04
5.656250000000000e-01 1.817128301163438e+00 6.142891002781954e-04
5.687500000000000e-01 1.845943111127301e+00 6.415082539290286e-04
5.718750000000000e-01 1.875208599965003e+00 6.690899936126469e-04
5.750000000000001e-01 1.904931912716643e+00 6.980941045604605e-04
5.781250000000000e-01 1.935120306198011e+00 7.286939055710016e-04
5.812500000000000e-01 1.965781150772311e+00 7.594952811154839e-04
5.843750000000000e-01 1.996921932149593e+00 7.906517694894348e-04
5.875000000000000e-01 2.028550253214365e+00 8.220554389235148e-04
5.906250000000001e-01 2.060673835881802e+00 8.523200954809952e-04
5.937500000000000e-01 2.093300522983012e+00 8.807991908171446e-04
5.968750000000000e-01 2.126438280179837e+00 9.058807136800583e-04
6.000000000000001e-01 2.160095197909630e+00 9.248292098879001e-04
6.031250000000000e-01 2.194279493360494e+00 9.357869755382611e-04
6.062500000000001e-01 2.228999512477486e+00 9.355605574344349e-04
6.093750000000000e-01 2.264263732000228e+00 9.175385103432244e-04
6.125000000000000e-01 2.300080761532477e+00 8.743615568866078e-04
6.156250000000001e-01 2.336459345644116e+00 7.981640969913970e-04
6.187500000000000e-01 2.373408366006099e+00 6.777364923449068e-04
6.218750000000001e-01 2.410936843558884e+00 4.970561463532580e-04
6.250000000000000e-01 2.449053940714840e+00 2.333589251871706e-04
6.281250000000000e-01 2.487768963595221e+00 -1.447187805805210e-04
6.312500000000001e-01 2.527091364302215e+00 -6.735052305651642e-04
6.343750000000000e-01 2.567030743226622e+00 -1.391024647808731e-03
6.375000000000001e-01 2.607596851391758e+00 -2.345820907022158e-03
6.406250000000000e-01 2.648799592834118e+00 -3.614142040271569e-03
6.437500000000000e-01 2.690649027021411e+00 -5.308012447389591e-03
6.468750000000001e-01 2.733155371308524e+00 -7.557911510090390e-03
6.500000000000000e-01 2.776329003432049e+00 -1.046529042538753e-02
6.531250000000001e-01 2.820180464043967e+00 -1.403803064961536e-02
6.562500000000000e-01 2.864720459285089e+00 -1.814018971694906e-02
6.593750000000000e-01 2.909959863398929e+00 -2.248527002097606e-02
6.625000000000001e-01 2.955909721386590e+00 -2.668129806366146e-02
6.656250000000000e-01 3.002581251703353e+00 -3.030945476801066e-02
6.687500000000001e-01 3.049985848997626e+00 -3.300588133137962e-02
6.718750000000000e-01 3.098135086892879e+00 -3.452508066092808e-02
6.750000000000000e-01 3.147040720813310e+00 -3.476694303188502e-02
6.781250000000001e-01 3.196714690853871e+00 -3.377000908269053e-02
6.812500000000000e-01 3.247169124695383e+00 -3.167951670176233e-02
6.843750000000001e-01 3.298416340565477e+00 -2.870668530835615e-02
6.875000000000000e-01 3.350468850246008e+00 -2.509069248592556e-02
6.906250000000000e-01 3.403339362127777e+00 -2.106782429428189e-02
6.937500000000001e-01 3.457040784313211e+00 -1.685080906325457e-02
6.968750000000000e-01 3.511586227767823e+00 -1.261709899677436e-02
7.000000000000001e-01 3.566989009521205e+00 -8.505441297505970e-03
7.031250000000000e-01 3.623262655918307e+00 -4.617426602337345e-03
7.062500000000000e-01 3.680420905921852e+00 -1.021504960433836e-03
7.093750000000001e-01 3.738477714466631e+00 2.241970530221587e-03
7.125000000000000e-01 3.797447255866536e+00 5.155377384629786e-03
7.156250000000001e-01 3.857343927275175e+00 7.718016367212031e-03
7.187500000000000e-01 3.918182352200844e+00 9.941057675826996e-03
7.218750000000000e-01 3.979977384076828e+00 1.184331208543192e-02
7.250000000000001e-01 4.042744109887770e+00 1.344815414493494e-02
7.281250000000000e-01 4.106497853853101e+00 1.478116917709472e-02
7.312500000000001e-01 4.171254181168399e+00 1.586847182926054e-02
7.343750000000000e-01 4.237028901805528e+00 1.673523987069762e-02
7.375000000000000e-01 4.303838074372613e+00 1.740478146342504e-02
7.406250000000001e-01 4.371698010034643e+00 1.789800934828690e-02
7.437500000000000e-01 4.440625276495786e+00 1.823310896460474e-02
7.468750000000001e-01 4.510636702044332e+00 1.842558504610377e-02
7.500000000000000e-01 4.581749379661216e+00 1.848827392918246e-02
7.531250000000000e-01 4.653980671193226e+00 1.843139699197545e-02
7.562500000000001e-01 4.727348211591802e+00 1.826269189236759e-02
7.593750000000000e-01 4.801869913218528e+00 1.798733120819467e-02
7.625000000000001e-01 4.877563970218381e+00 1.760806481417952e-02
7.656250000000000e-01 4.954448862961714e+00 1.712519762090581e-02
7.687500000000000e-01 5.032543362556198e+00 1.653679317014653e-02
7.718750000000001e-01 5.111866535429675e+00 1.583874146845975e-02
7.750000000000000e-01 5.192437747985146e+00 1.502487022127893e-02
7.781250000000001e-01 5.274276671329015e+00 1.408706562757041e-02
7.812500000000000e-01 5.357403286073669e+00 1.301582220112619e-02
7.843750000000000e-01 5.441837887215693e+00 1.180162819137421e-02
7.875000000000001e-01 5.527601089090773e+00 1.043752537318287e-02
7.906250000000000e-01 5.614713830406605e+00 8.922707704147780e-03
7.937500000000001e-01 5.703197379355005e+00 7.266483382416608e-03
7.968750000000000e-01 5.793073338804412e+00 5.491508718082632e-03
8.000000000000000e-01 5.884363651574169e+00 3.635185092522503e-03
8.031250000000001e-01 5.977090605791737e+00 1.748530276311412e-03
8.062500000000000e-01 6.071276840334257e+00 -1.074557458176135e-04
8.093750000000001e-01 6.166945350355728e+00 -1.867210594705971e-03
8.125000000000000e-01 6.264119492901173e+00 -3.466688412088061e-03
8.156250000000000e-01 6.362822992609162e+00 -4.848991631843431e-03
8.187500000000001e-01 6.463079947504072e+00 -5.968819450733765e-03
8.218750000000000e-01 6.564914834879517e+00 -6.795486159414339e-03
8.250000000000001e-01 6.668352517274371e+00 -7.314623856317226e-03
8.281250000000000e-01 6.773418248542846e+00 -7.528786960847177e-03
8.312500000000000e-01 6.880137680020114e+00 -7.457059213041414e-03
8.343750000000001e-01 6.988536866784961e+00 -7.133586867202971e-03
8.375000000000000e-01 7.098642274021019e+00 -6.604895710086032e-03
8.406250000000001e-01 7.210480783478133e+00 -5.925978448000020e-03
8.437500000000000e-01 7.324079700035414e+00 -5.155423016276428e-03
8.468750000000000e-01 7.439466758367605e+00 -4.350161295941516e-03
8.500000000000001e-01 7.556670129716381e+00 -3.560605771286188e-03
8.531250000000000e-01 7.675718428768239e+00 -2.826919003053213e-03
8.562500000000001e-01 7.796640720640633e+00 -2.176928793362017e-03
8.593750000000000e-01 7.919466527978115e+00 -1.625842505450845e-03
8.625000000000000e-01 8.044225838160141e+00 -1.177546530020583e-03
8.656250000000001e-01 8.170949110622363e+00 -8.270074898936302e-04
8.687500000000000e-01 8.299667284293170e+00 -5.631778328935186e-04
8.718750000000001e-01 8.430411785147284e+00 -3.718490930532380e-04
8.750000000000000e-01 8.563214533878281e+00 -2.380458740744188e-04
8.781250000000000e-01 8.698107953691880e+00 -1.477481608405409e-04
8.812500000000001e-01 8.835124978221932e+00 -8.891034532959583e-05
8.843750000000000e-01 8.974299059571019e+00 -5.187506157230171e-05
8.875000000000001e-01 9.115664176477637e+00 -2.934633690666138e-05
8.906250000000000e-01 9.259254842611947e+00 -1.609740801880841e-05
8.937500000000000e-01 9.405106115002161e+00 -8.562235050245972e-06
8.968750000000001e-01 9.553253602593529e+00 -4.416456155216292e-06
9.000000000000000e-01 9.703733474942130e+00 -2.209257761072224e-06
9.031250000000001e-01 9.856582471045494e+00 -1.071859634274003e-06
9.062500000000000e-01 1.001183790831228e+01 -5.044112576300363e-07
9.093750000000000e-01 1.016953769167313e+01 -2.302638542638023e-07
9.125000000000001e-01 1.032972032283505e+01 -1.019769345491385e-07
9.156250000000000e-01 1.049242490968134e+01 -4.381837644123613e-08
9.187500000000001e-01 1.065769117581972e+01 -1.826978193636437e-08
9.218750000000000e-01 1.082555947028058e+01 -7.392293345419320e-09
9.250000000000000e-01 1.099607077736805e+01 -2.902959099805257e-09
9.281250000000001e-01 1.116926672666618e+01 -1.106538751303369e-09
9.312500000000000e-01 1.134518960320255e+01 -4.094540426501069e-10
9.343750000000001e-01 1.152388235777201e+01 -1.470977190931834e-10
9.375000000000000e-01 1.170538861742293e+01 -5.131198164680160e-11
9.406250000000000e-01 1.188975269610854e+01 -1.738176299956098e-11
9.437500000000001e-01 1.207701960550600e+01 -5.718489402853443e-12
9.468750000000000e-01 1.226723506600578e+01 -1.827391483326568e-12
9.500000000000001e-01 1.246044551787411e+01 -5.672766691425112e-13
9.531250000000000e-01 1.265669813259115e+01 -1.710887429314496e-13
9.562500000000000e-01 1.285604082436773e+01 -5.013731418479891e-14
9.593750000000001e-01 1.305852226184337e+01 -1.427787155975478e-14
9.625000000000000e-01 1.326419187996850e+01 -3.951645546696137e-15
9.656250000000001e-01 1.347309989207381e+01 -1.063049668085899e-15
9.687500000000000e-01 1.368529730212962e+01 -2.779961184263669e-16
9.718750000000000e-01 1.390083591719824e+01 -7.067756837415384e-17
9.750000000000001e-01 1.411976836008246e+01 -1.747148293074616e-17
9.781250000000000e-01 1.434214808217320e+01 -4.199816786997166e-18
9.812500000000001e-01 1.456802937649935e+01 -9.818155520446970e-19
9.843750000000000e-01 1.479746739098328e+01 -2.232413329530915e-19
9.875000000000000e-01 1.503051814190487e+01 -4.937502790306366e-20
9.906250000000001e-01 1.526723852757770e+01 -1.062487609204593e-20
9.937500000000000e-01 1.550768634224049e+01 -2.218158864879935e-21
9.968750000000001e-01 1.575192029016732e+01 -4.769503807255887e-22
1.000000000000000e+00 1.600000000000000e+01 4.084625660762265e-23
