0.000000000000000e+00 0.000000000000000e+00 0.000000000000000e+00
3.125000000000000e-03 3.369263549427258e-03 -2.366957841805681e-03
6.250000000000000e-03 6.739349689698711e-03 -8.993617556624038e-05
9.375000000000001e-03 1.011108121249049e-02 -2.344301484275213e-04
1.250000000000000e-02 1.348528131119160e-02 -9.001546728660633e-05
1.562500000000000e-02 1.686277378188298e-02 -1.225710126806121e-05
1.875000000000000e-02 2.024438322446370e-02 3.631693641980734e-05
2.187500000000000e-02 2.363093524397333e-02 -6.303996962533234e-05
2.500000000000000e-02 2.702325665215984e-02 1.998087522819034e-05
2.812500000000000e-02 3.042217566934200e-02 -4.189456472992033e-05
3.125000000000000e-02 3.382852212661575e-02 -1.781317048052691e-05
3.437500000000000e-02 3.724312766845378e-02 -4.974556240530235e-05
3.750000000000001e-02 4.066682595574785e-02 -2.370786370781726e-05
4.062500000000000e-02 4.410045286934348e-02 1.323099392335360e-05
4.375000000000000e-02 4.754484671411652e-02 1.382554563638749e-06
4.687500000000000e-02 5.100084842364160e-02 -1.564016858112426e-05
5.000000000000000e-02 5.446930176550237e-02 -1.544517130967519e-05
5.312500000000001e-02 5.795105354729364e-02 1.281275319338366e-05
5.625000000000000e-02 6.144695382336569e-02 1.314899838337626e-05
5.937500000000000e-02 6.495785610236132e-02 1.997417015242295e-06
6.250000000000000e-02 6.848461755559625e-02 1.478128075626941e-05
6.562500000000000e-02 7.202809922633362e-02 -3.901556660058940e-06
6.875000000000001e-02 7.558916624000402e-02 1.446054685699451e-05
7.187500000000001e-02 7.916868801542200e-02 6.670244244183775e-06
7.500000000000001e-02 8.276753847705080e-02 1.404393032677863e-05
7.812500000000000e-02 8.638659626836727e-02 -1.456393376208754e-06
8.125000000000000e-02 9.002674496637868e-02 -6.777513464152466e-06
8.437500000000001e-02 9.368887329734420e-02 1.129530679263985e-05
8.750000000000001e-02 9.737387535375355e-02 9.338275840180380e-06
9.062500000000001e-02 1.010826508126157e-01 2.635224888388334e-06
9.375000000000000e-02 1.048161051551108e-01 -7.737639474995491e-06
9.687500000000000e-02 1.085751498876601e-01 3.365057247946606e-06
1.000000000000000e-01 1.123607027644654e-01 8.218595668559970e-06
1.031250000000000e-01 1.161736880115753e-01 -4.854085894571777e-06
1.062500000000000e-01 1.200150365525305e-01 1.233716920890244e-05
1.093750000000000e-01 1.238856862356450e-01 7.076074497127803e-06
1.125000000000000e-01 1.277865820629775e-01 -2.682691488607581e-07
1.156250000000000e-01 1.317186764210495e-01 7.729610695553184e-06
1.187500000000000e-01 1.356829293133661e-01 1.293120838609442e-05
1.218750000000000e-01 1.396803085947971e-01 9.313510574051988e-06
1.250000000000000e-01 1.437117902078738e-01 7.841124183978828e-06
1.281250000000000e-01 1.477783584210617e-01 3.090111732931070e-06
1.312500000000000e-01 1.518810060690650e-01 1.162868476449645e-05
1.343750000000000e-01 1.560207347952229e-01 1.692515564299107e-05
1.375000000000000e-01 1.601985552960564e-01 9.966447212635672e-06
1.406250000000000e-01 1.644154875680252e-01 8.422629656082319e-06
1.437500000000000e-01 1.686725611565558e-01 1.263511920147986e-05
1.468750000000000e-01 1.729708154074000e-01 3.296135682050698e-06
1.500000000000000e-01 1.773112997203869e-01 1.001082359493292e-05
1.531250000000000e-01 1.816950738056289e-01 1.115796429486044e-05
1.562500000000000e-01 1.861232079422458e-01 1.077183647110447e-05
1.593750000000000e-01 1.905967832396682e-01 6.542762277715121e-06
1.625000000000000e-01 1.951168919015860e-01 -1.126813971727290e-06
1.656250000000000e-01 1.996846374926046e-01 1.473662994009735e-05
1.687500000000000e-01 2.043011352076760e-01 1.643754746364263e-05
1.718750000000000e-01 2.089675121443681e-01 1.033291005102805e-05
1.750000000000000e-01 2.136849075780412e-01 1.764338924120045e-05
1.781250000000000e-01 2.184544732399964e-01 1.285347145928616e-05
1.812500000000000e-01 2.232773735986666e-01 1.495553845772571e-05
1.843750000000000e-01 2.281547861439151e-01 1.285373144174971e-05
1.875000000000000e-01 2.330879016745160e-01 1.361573088280009e-05
1.906250000000000e-01 2.380779245888810e-01 1.726672711364587e-05
1.937500000000000e-01 2.431260731791094e-01 1.503809199539371e-05
1.968750000000000e-01 2.482335799284277e-01 1.439822249583979e-05
2.000000000000000e-01 2.534016918120952e-01 1.430594857231509e-05
2.031250000000000e-01 2.586316706018478e-01 1.046166086667258e-05
2.062500000000000e-01 2.639247931739538e-01 1.407367896638542e-05
2.093750000000000e-01 2.692823518209576e-01 1.357651725065867e-05
2.125000000000000e-01 2.747056545671873e-01 1.614853476899633e-05
2.156250000000000e-01 2.801960254881028e-01 1.836788464348186e-05
2.187500000000000e-01 2.857548050335636e-01 1.665369461238028e-05
2.218750000000000e-01 2.913833503550930e-01 1.817298594859547e-05
2.250000000000000e-01 2.970830356372213e-01 1.870337404005025e-05
2.281250000000000e-01 3.028552524329863e-01 1.918216334663233e-05
2.312500000000000e-01 3.087014100036755e-01 1.951389738915908e-05
2.343750000000000e-01 3.146229356628902e-01 1.853624408937471e-05
2.375000000000000e-01 3.206212751250189e-01 1.784339711429931e-05
2.406250000000000e-01 3.266978928582008e-01 1.895521594819903e-05
2.437500000000000e-01 3.328542724418705e-01 1.721007712934532e-05
2.468750000000000e-01 3.390919169289667e-01 2.000226609349425e-05
2.500000000000000e-01 3.454123492128958e-01 2.031275280306348e-05
2.531250000000000e-01 3.518171123993401e-01 1.958777985763687e-05
2.562500000000000e-01 3.583077701830001e-01 2.070469289176715e-05
2.593750000000000e-01 3.648859072293631e-01 2.363631178217773e-05
2.625000000000000e-01 3.715531295615936e-01 2.602361816032016e-05
2.656250000000000e-01 3.783110649526354e-01 2.203718068502954e-05
2.687500000000000e-01 3.851613633226258e-01 2.203533271414817e-05
2.718750000000000e-01 3.921056971417164e-01 2.360148279597668e-05
2.750000000000000e-01 3.991457618383991e-01 2.509239260562556e-05
2.781250000000000e-01 4.062832762134377e-01 2.170678887155040e-05
2.812500000000000e-01 4.135199828595055e-01 2.576326358416219e-05
2.843750000000000e-01 4.208576485866312e-01 2.497924780025982e-05
2.875000000000000e-01 4.282980648535585e-01 2.606769859605726e-05
2.906250000000000e-01 4.358430482051222e-01 2.698672629767679e-05
2.937500000000000e-01 4.434944407157500e-01 2.617622197097956e-05
2.968750000000000e-01 4.512541104391968e-01 2.738282404847761e-05
3.000000000000000e-01 4.591239518646220e-01 2.767719816873902e-05
3.031250000000000e-01 4.671058863791195e-01 2.913026003101028e-05
3.062500000000000e-01 4.752018627368176e-01 2.797089032224474e-05
3.093750000000000e-01 4.834138575346580e-01 3.081874334932522e-05
3.125000000000000e-01 4.917438756949728e-01 2.925145281609566e-05
3.156250000000000e-01 5.001939509549778e-01 3.033568307955244e-05
3.187500000000000e-01 5.087661463633005e-01 3.044485858282269e-05
3.218750000000000e-01 5.174625547836644e-01 3.164859477637225e-05
3.250000000000000e-01 5.262852994058529e-01 3.243515606800608e-05
3.281250000000000e-01 5.352365342640750e-01 3.277919595778463e-05
3.312500000000000e-01 5.443184447628656e-01 3.662347815220915e-05
3.343750000000000e-01 5.535332482106405e-01 3.350847365351964e-05
3.375000000000000e-01 5.628831943610435e-01 3.445959297879139e-05
3.406250000000000e-01 5.723705659622137e-01 3.376745470840921e-05
3.437500000000000e-01 5.819976793141081e-01 3.709071938637264e-05
3.468750000000000e-01 5.917668848340161e-01 3.713160576407388e-05
3.500000000000000e-01 6.016805676304035e-01 3.684487284956243e-05
3.531250000000000e-01 6.117411480852264e-01 3.915613146898816e-05
3.562500000000000e-01 6.219510824448572e-01 3.867401483987982e-05
3.593750000000000e-01 6.323128634197650e-01 4.096228091297338e-05
3.625000000000000e-01 6.428290207931012e-01 3.952177099523188e-05
3.656250000000000e-01 6.535021220383342e-01 4.149840081122216e-05
3.687500000000000e-01 6.643347729460869e-01 4.172831147895394e-05
3.718750000000000e-01 6.753296182603294e-01 4.287724118745020e-05
3.750000000000000e-01 6.864893423240808e-01 4.484299288562332e-05
3.781250000000000e-01 6.978166697347804e-01 4.426109738058710e-05
3.812500000000000e-01 7.093143660094854e-01 4.661403753078720e-05
3.843750000000000e-01 7.209852382600603e-01 4.555859228172418e-05
3.875000000000000e-01 7.328321358785219e-01 4.724073714634366e-05
3.906250000000000e-01 7.448579512327029e-01 4.817364231815171e-05
3.937500000000000e-01 7.570656203724140e-01 4.907903341460136e-05
3.968750000000000e-01 7.694581237462648e-01 5.111970097067849e-05
4.000000000000000e-01 7.820384869293291e-01 5.133254508522312e-05
4.031250000000000e-01 7.948097813618253e-01 5.244416509749092e-05
4.062500000000000e-01 8.077751250989945e-01 5.306514897363942e-05
4.093750000000000e-01 8.209376835723596e-01 5.427985771237640e-05
4.125000000000000e-01 8.343006703625532e-01 5.578654540235155e-05
4.156250000000000e-01 8.478673479838968e-01 5.721308462294440e-05
4.187500000000000e-01 8.616410286809313e-01 5.799227539108030e-05
4.218750000000000e-01 8.756250752370857e-01 5.911094461329884e-05
4.250000000000000e-01 8.898229017956865e-01 6.010727842131760e-05
4.281250000000000e-01 9.042379746935050e-01 6.159535890115936e-05
4.312500000000000e-01 9.188738133070491e-01 6.416098533523002e-05
4.343750000000000e-01 9.337339909118028e-01 6.401516853298336e-05
4.375000000000000e-01 9.488221355546261e-01 6.596357129932682e-05
4.406250000000000e-01 9.641419309395265e-01 6.715895340015087e-05
4.437500000000000e-01 9.796971173270190e-01 6.811161236170239e-05
4.468750000000000e-01 9.954914924472941e-01 7.154972500427041e-05
4.500000000000000e-01 1.011528912427417e+00 7.171314442471005e-05
4.531250000000000e-01 1.027813292732786e+00 7.293537815185924e-05
4.562500000000000e-01 1.044348609123070e+00 7.570979597625807e-05
4.593750000000000e-01 1.061138898622882e+00 7.715007037459651e-05
4.625000000000000e-01 1.078188260507393e+00 7.871780820759277e-05
4.656250000000000e-01 1.095500857303154e+00 8.038449889982019e-05
4.687500000000000e-01 1.113080915804360e+00 8.307529197049196e-05
4.718750000000000e-01 1.130932728104805e+00 8.451511897487845e-05
4.750000000000000e-01 1.149060652645771e+00 8.643841342337838e-05
4.781250000000000e-01 1.167469115280130e+00 8.908221974928733e-05
4.812500000000000e-01 1.186162610352890e+00 9.082336232107112e-05
4.843750000000000e-01 1.205145701798475e+00 9.346709537029676e-05
4.875000000000000e-01 1.224423024254985e+00 9.566499328247282e-05
4.906250000000000e-01 1.243999284195726e+00 9.811699762222210e-05
4.937500000000000e-01 1.263879261078271e+00 1.009692398225041e-04
4.968750000000000e-01 1.284067808511348e+00 1.032041215929238e-04
5.000000000000000e-01 1.304569855439823e+00 1.064216163996839e-04
5.031250000000000e-01 1.325390407348082e+00 1.090491235527129e-04
5.062500000000000e-01 1.346534547482100e+00 1.120218520198094e-04
5.093750000000000e-01 1.368007438090487e+00 1.154998862344015e-04
5.125000000000001e-01 1.389814321684837e+00 1.182869141330407e-04
5.156250000000000e-01 1.411960522319654e+00 1.221093439861667e-04
5.187500000000000e-01 1.434451446892208e+00 1.256221854799780e-04
5.218750000000000e-01 1.457292586462593e+00 1.290321439478702e-04
5.250000000000000e-01 1.480489517594354e+00 1.335020923778360e-04
5.281250000000001e-01 1.504047903715979e+00 1.371292023042702e-04
5.312500000000000e-01 1.527973496503592e+00 1.414857900458569e-04
5.343750000000000e-01 1.552272137285215e+00 1.463383259175645e-04
5.375000000000000e-01 1.576949758466886e+00 1.505297545705576e-04
5.406250000000000e-01 1.602012384981041e+00 1.558289811803625e-04
5.437500000000001e-01 1.627466135757470e+00 1.611462090626099e-04
5.468750000000000e-01 1.653317225217225e+00 1.662323925025235e-04
5.500000000000000e-01 1.679571964789851e+00 1.724299311741855e-04
5.531250000000000e-01 1.706236764454286e+00 1.784059898262246e-04
5.562500000000000e-01 1.733318134303830e+00 1.846867095256341e-04
5.593750000000001e-01 1.760822686135563e+00 1.917736581445136e-04
5.625000000000000e-01 1.788757135064574e+00 1.988150850601445e-04
5.656250000000000e-01 1.817128301163438e+00 2.065052526178418e-04
5.687500000000000e-01 1.845943111127301e+00 2.146938656759388e-04
5.718750000000000e-01 1.875208599965003e+00 2.231280859413472e-04
5.750000000000001e-01 1.904931912716643e+00 2.325398724259745e-04
5.781250000000000e-01 1.935120306198011e+00 2.421440034873414e-04
5.812500000000000e-01 1.965781150772311e+00 2.523493918575916e-04
5.843750000000000e-01 1.996921932149593e+00 2.638731063360571e-04
5.875000000000000e-01 2.028550253214365e+00 2.755254873313703e-04
5.906250000000001e-01 2.060673835881802e+00 2.878874516060390e-04
5.937500000000000e-01 2.093300522983012e+00 3.020021666662508e-04
5.968750000000000e-01 2.126438280179837e+00 3.165046521818983e-04
6.000000000000001e-01 2.160095197909630e+00 3.317021854113388e-04
6.031250000000000e-01 2.194279493360494e+00 3.488424616158828e-04
6.062500000000001e-01 2.228999512477486e+00 3.671509379385301e-04
6.093750000000000e-01 2.264263732000228e+00 3.864113485490464e-04
6.125000000000000e-01 2.300080761532477e+00 4.073517162777307e-04
6.156250000000001e-01 2.336459345644116e+00 4.298736300372914e-04
6.187500000000000e-01 2.373408366006099e+00 4.544831043125807e-04
6.218750000000001e-01 2.410936843558884e+00 4.811382565946246e-04
6.250000000000000e-01 2.449053940714840e+00 5.085589693196838e-04
6.281250000000000e-01 2.487768963595221e+00 5.378310515391468e-04
6.312500000000001e-01 2.527091364302215e+00 5.711927286961146e-04
6.343750000000000e-01 2.567030743226622e+00 6.064713045188109e-04
6.375000000000001e-01 2.607596851391758e+00 6.400547166019754e-04
6.406250000000000e-01 2.648799592834118e+00 6.737448519776406e-04
6.437500000000000e-01 2.690649027021411e+00 7.119963137381373e-04
6.468750000000001e-01 2.733155371308524e+00 7.524410267658593e-04
6.500000000000000e-01 2.776329003432049e+00 7.844740603040192e-04
6.531250000000001e-01 2.820180464043967e+00 8.005542870512555e-04
6.562500000000000e-01 2.864720459285089e+00 8.064850438195997e-04
6.593750000000000e-01 2.909959863398929e+00 8.104925519360471e-04
6.625000000000001e-01 2.955909721386590e+00 7.966837530651656e-04
6.656250000000000e-01 3.002581251703353e+00 7.190410944549569e-04
6.687500000000001e-01 3.049985848997626e+00 5.351992288814013e-04
6.718750000000000e-01 3.098135086892879e+00 2.432228960343496e-04
6.750000000000000e-01 3.147040720813310e+00 -1.340367180916710e-04
6.781250000000001e-01 3.196714690853871e+00 -6.226646605657382e-04
6.812500000000000e-01 3.247169124695383e+00 -1.371004773118396e-03
6.843750000000001e-01 3.298416340565477e+00 -2.649586722290498e-03
6.875000000000000e-01 3.350468850246008e+00 -4.751713345040549e-03
6.906250000000000e-01 3.403339362127777e+00 -7.839897754136977e-03
6.937500000000001e-01 3.457040784313211e+00 -1.182497348658497e-02
6.968750000000000e-01 3.511586227767823e+00 -1.634446001854372e-02
7.000000000000001e-01 3.566989009521205e+00 -2.084918499995684e-02
7.031250000000000e-01 3.623262655918307e+00 -2.475086422141253e-02
7.062500000000000e-01 3.680420905921852e+00 -2.756400619845040e-02
7.093750000000001e-01 3.738477714466631e+00 -2.899728275872116e-02
7.125000000000000e-01 3.797447255866536e+00 -2.897654696342797e-02
7.156250000000001e-01 3.857343927275175e+00 -2.761362086365271e-02
7.187500000000000e-01 3.918182352200844e+00 -2.514495871520766e-02
7.218750000000000e-01 3.979977384076828e+00 -2.186590238154493e-02
7.250000000000001e-01 4.042744109887770e+00 -1.807740174005001e-02
7.281250000000000e-01 4.106497853853101e+00 -1.405039289422356e-02
7.312500000000001e-01 4.171254181168399e+00 -1.000721059301284e-02
7.343750000000000e-01 4.237028901805528e+00 -6.115335874385266e-03
7.375000000000000e-01 4.303838074372613e+00 -2.489775842972641e-03
7.406250000000001e-01 4.371698010034643e+00 7.995034330158273e-04
7.437500000000000e-01 4.440625276495786e+00 3.718295946243547e-03
7.468750000000001e-01 4.510636702044332e+00 6.258831489579167e-03
7.500000000000000e-01 4.581749379661216e+00 8.431729770023703e-03
7.531250000000000e-01 4.653980671193226e+00 1.025932141096438e-02
7.562500000000001e-01 4.727348211591802e+00 1.177052366554153e-02
7.593750000000000e-01 4.801869913218528e+00 1.299679007953653e-02
7.625000000000001e-01 4.877563970218381e+00 1.396933790797092e-02
7.656250000000000e-01 4.954448862961714e+00 1.471731888868534e-02
7.687500000000000e-01 5.032543362556198e+00 1.526672528222162e-02
7.718750000000001e-01 5.111866535429675e+00 1.564001153006148e-02
7.750000000000000e-01 5.192437747985146e+00 1.585593734656587e-02
7.781250000000001e-01 5.274276671329015e+00 1.592952687401270e-02
7.812500000000000e-01 5.357403286073669e+00 1.587208276491651e-02
7.843750000000000e-01 5.441837887215693e+00 1.569114188073234e-02
7.875000000000001e-01 5.527601089090773e+00 1.539078342511088e-02
7.906250000000000e-01 5.614713830406605e+00 1.497187739023494e-02
7.937500000000001e-01 5.703197379355005e+00 1.443228202386188e-02
7.968750000000000e-01 5.793073338804412e+00 1.376652849214880e-02
8.000000000000000e-01 5.884363651574169e+00 1.296541386771595e-02
8.031250000000001e-01 5.977090605791737e+00 1.201621354770518e-02
8.062500000000000e-01 6.071276840334257e+00 1.090462238114712e-02
8.093750000000001e-01 6.166945350355728e+00 9.618944723211009e-03
8.125000000000000e-01 6.264119492901173e+00 8.156065785222546e-03
8.156250000000000e-01 6.362822992609162e+00 6.527614529622487e-03
8.187500000000001e-01 6.463079947504072e+00 4.764241212820372e-03
8.218750000000000e-01 6.564914834879517e+00 2.916340870709582e-03
8.250000000000001e-01 6.668352517274371e+00 1.050716471950180e-03
8.281250000000000e-01 6.773418248542846e+00 -7.560022573814353e-04
8.312500000000000e-01 6.880137680020114e+00 -2.425510313220456e-03
8.343750000000001e-01 6.988536866784961e+00 -3.885799603223905e-03
8.375000000000000e-01 7.098642274021019e+00 -5.077762749752546e-03
8.406250000000001e-01 7.210480783478133e+00 -5.959983880814762e-03
8.437500000000000e-01 7.324079700035414e+00 -6.511761656832324e-03
8.468750000000000e-01 7.439466758367605e+00 -6.734480697062098e-03
8.500000000000001e-01 7.556670129716381e+00 -6.651251641312974e-03
8.531250000000000e-01 7.675718428768239e+00 -6.304583331347086e-03
8.562500000000001e-01 7.796640720640633e+00 -5.751965915227344e-03
8.593750000000000e-01 7.919466527978115e+00 -5.059650582457942e-03
8.625000000000000e-01 8.044225838160141e+00 -4.295427930233758e-03
8.656250000000001e-01 8.170949110622363e+00 -3.521574620040941e-03
8.687500000000000e-01 8.299667284293170e+00 -2.789171082002868e-03
8.718750000000001e-01 8.430411785147284e+00 -2.134665268696267e-03
8.750000000000000e-01 8.563214533878281e+00 -1.578996913582497e-03
8.781250000000000e-01 8.698107953691880e+00 -1.129008961473706e-03
8.812500000000001e-01 8.835124978221932e+00 -7.804436501788030e-04
8.843750000000000e-01 8.974299059571019e+00 -5.216476595828720e-04
8.875000000000001e-01 9.115664176477637e+00 -3.371864148163591e-04
8.906250000000000e-01 9.259254842611947e+00 -2.108085726005640e-04
8.937500000000000e-01 9.405106115002161e+00 -1.274978788608083e-04
8.968750000000001e-01 9.553253602593529e+00 -7.460840913619456e-05
9.000000000000000e-01 9.703733474942130e+00 -4.224920248394930e-05
9.031250000000001e-01 9.856582471045494e+00 -2.315648827456795e-05
9.062500000000000e-01 1.001183790831228e+01 -1.228652908744881e-05
9.093750000000000e-01 1.016953769167313e+01 -6.312013770739404e-06
9.125000000000001e-01 1.032972032283505e+01 -3.140287583882267e-06
9.156250000000000e-01 1.049242490968134e+01 -1.513263653856923e-06
9.187500000000001e-01 1.065769117581972e+01 -7.064550598283471e-07
9.218750000000000e-01 1.082555947028058e+01 -3.195657366511226e-07
9.250000000000000e-01 1.099607077736805e+01 -1.400948864635555e-07
9.281250000000001e-01 1.116926672666618e+01 -5.953206843549237e-08
9.312500000000000e-01 1.134518960320255e+01 -2.452595130507766e-08
9.343750000000001e-01 1.152388235777201e+01 -9.797737168089124e-09
9.375000000000000e-01 1.170538861742293e+01 -3.796021895209354e-09
9.406250000000000e-01 1.188975269610854e+01 -1.426630930944669e-09
9.437500000000001e-01 1.207701960550600e+01 -5.201762557980153e-10
9.468750000000000e-01 1.226723506600578e+01 -1.840433886749401e-10
9.500000000000001e-01 1.246044551787411e+01 -6.319670089152585e-11
9.531250000000000e-01 1.265669813259115e+01 -2.106422838734727e-11
9.562500000000000e-01 1.285604082436773e+01 -6.816240359769907e-12
9.593750000000001e-01 1.305852226184337e+01 -2.141718554370968e-12
9.625000000000000e-01 1.326419187996850e+01 -6.535318389837270e-13
9.656250000000001e-01 1.347309989207381e+01 -1.936980952578934e-13
9.687500000000000e-01 1.368529730212962e+01 -5.577047024589332e-14
9.718750000000000e-01 1.390083591719824e+01 -1.560157489395187e-14
9.750000000000001e-01 1.411976836008246e+01 -4.241127137899868e-15
9.781250000000000e-01 1.434214808217320e+01 -1.120482639803405e-15
9.812500000000001e-01 1.456802937649935e+01 -2.877404793414941e-16
9.843750000000000e-01 1.479746739098328e+01 -7.183379118812663e-17
9.875000000000000e-01 1.503051814190487e+01 -1.743583417510196e-17
9.906250000000001e-01 1.526723852757770e+01 -4.115979095352958e-18
9.937500000000000e-01 1.550768634224049e+01 -9.418039092230853e-19
9.968750000000001e-01 1.575192029016732e+01 -2.216781175915158e-19
1.000000000000000e+00 1.600000000000000e+01 7.663282445946160e-21
