0.000000000000000e+00 0.000000000000000e+00 0.000000000000000e+00
3.125000000000000e-03 3.369263549427258e-03 -6.534498018556906e-02
6.250000000000000e-03 6.739349689698711e-03 -2.428351618973658e-04
9.375000000000001e-03 1.011108121249049e-02 -7.029655221016945e-03
1.250000000000000e-02 1.348528131119160e-02 1.153888321904175e-04
1.562500000000000e-02 1.686277378188298e-02 -2.520228777059110e-03
1.875000000000000e-02 2.024438322446370e-02 -1.840379026695863e-05
2.187500000000000e-02 2.363093524397333e-02 -1.294823644368116e-03
2.500000000000000e-02 2.702325665215984e-02 -9.970519792425103e-06
2.812500000000000e-02 3.042217566934200e-02 -7.830728576603669e-04
3.125000000000000e-02 3.382852212661575e-02 -2.008275669754658e-05
3.437500000000000e-02 3.724312766845378e-02 -5.053326048175110e-04
3.750000000000001e-02 4.066682595574785e-02 9.909542685590943e-06
4.062500000000000e-02 4.410045286934348e-02 -3.498911465482646e-04
4.375000000000000e-02 4.754484671411652e-02 -5.223197795033149e-06
4.687500000000000e-02 5.100084842364160e-02 -2.690619597571826e-04
5.000000000000000e-02 5.446930176550237e-02 1.265972189368614e-05
5.312500000000001e-02 5.795105354729364e-02 -2.172955773718536e-04
5.625000000000000e-02 6.144695382336569e-02 4.187017111420401e-06
5.937500000000000e-02 6.495785610236132e-02 -1.737180523671079e-04
6.250000000000000e-02 6.848461755559625e-02 -5.042681184486465e-06
6.562500000000000e-02 7.202809922633362e-02 -1.349650796656255e-04
6.875000000000001e-02 7.558916624000402e-02 1.972221778534679e-05
7.187500000000001e-02 7.916868801542200e-02 -1.187111930316546e-04
7.500000000000001e-02 8.276753847705080e-02 -4.521628336312372e-06
7.812500000000000e-02 8.638659626836727e-02 -9.266840431199605e-05
8.125000000000000e-02 9.002674496637868e-02 2.152564838138938e-06
8.437500000000001e-02 9.368887329734420e-02 -9.156676017787162e-05
8.750000000000001e-02 9.737387535375355e-02 2.405142364330592e-06
9.062500000000001e-02 1.010826508126157e-01 -6.781647765990081e-05
9.375000000000000e-02 1.048161051551108e-01 2.486517743783297e-07
9.687500000000000e-02 1.085751498876601e-01 -5.738812630149211e-05
1.000000000000000e-01 1.123607027644654e-01 7.078555664307334e-06
1.031250000000000e-01 1.161736880115753e-01 -5.259658083413200e-05
1.062500000000000e-01 1.200150365525305e-01 -4.041501493327213e-06
1.093750000000000e-01 1.238856862356450e-01 -4.823706727957269e-05
1.125000000000000e-01 1.277865820629775e-01 3.971061085652898e-07
1.156250000000000e-01 1.317186764210495e-01 -3.920898965494313e-05
1.187500000000000e-01 1.356829293133661e-01 2.448939529659371e-06
1.218750000000000e-01 1.396803085947971e-01 -3.800797742948784e-05
1.250000000000000e-01 1.437117902078738e-01 -5.147427638070017e-07
1.281250000000000e-01 1.477783584210617e-01 -2.735207545031491e-05
1.312500000000000e-01 1.518810060690650e-01 1.310392647850997e-06
1.343750000000000e-01 1.560207347952229e-01 -3.237344024997052e-05
1.375000000000000e-01 1.601985552960564e-01 -1.362195696208899e-06
1.406250000000000e-01 1.644154875680252e-01 -2.356972953767956e-05
1.437500000000000e-01 1.686725611565558e-01 2.796988473009460e-06
1.468750000000000e-01 1.729708154074000e-01 -1.783809920107622e-05
1.500000000000000e-01 1.773112997203869e-01 -5.377613732719641e-06
1.531250000000000e-01 1.816950738056289e-01 -1.927767225018958e-05
1.562500000000000e-01 1.861232079422458e-01 -1.157124616498512e-06
1.593750000000000e-01 1.905967832396682e-01 -1.802058757860715e-05
1.625000000000000e-01 1.951168919015860e-01 -1.187704398989817e-06
1.656250000000000e-01 1.996846374926046e-01 -1.896782786453023e-05
1.687500000000000e-01 2.043011352076760e-01 2.164457059224324e-06
1.718750000000000e-01 2.089675121443681e-01 -1.356527293708899e-05
1.750000000000000e-01 2.136849075780412e-01 -2.217179002884089e-06
1.781250000000000e-01 2.184544732399964e-01 -9.176587816350275e-06
1.812500000000000e-01 2.232773735986666e-01 3.782816769608479e-06
1.843750000000000e-01 2.281547861439151e-01 -1.532306175151415e-05
1.875000000000000e-01 2.330879016745160e-01 2.700180166014570e-06
1.906250000000000e-01 2.380779245888810e-01 -1.203721407216513e-05
1.937500000000000e-01 2.431260731791094e-01 3.360055558877227e-07
1.968750000000000e-01 2.482335799284277e-01 -1.155359764767222e-05
2.000000000000000e-01 2.534016918120952e-01 1.179517475820828e-06
2.031250000000000e-01 2.586316706018478e-01 -8.582868462985334e-06
2.062500000000000e-01 2.639247931739538e-01 3.385610297618344e-06
2.093750000000000e-01 2.692823518209576e-01 -9.985931317125817e-06
2.125000000000000e-01 2.747056545671873e-01 -1.839642727901207e-06
2.156250000000000e-01 2.801960254881028e-01 -8.482709666945620e-06
2.187500000000000e-01 2.857548050335636e-01 3.490601888989427e-06
2.218750000000000e-01 2.913833503550930e-01 -8.041462166483552e-06
2.250000000000000e-01 2.970830356372213e-01 3.685645170878137e-06
2.281250000000000e-01 3.028552524329863e-01 -8.359267471158736e-06
2.312500000000000e-01 3.087014100036755e-01 1.559317270497198e-06
2.343750000000000e-01 3.146229356628902e-01 -6.435916297598501e-06
2.375000000000000e-01 3.206212751250189e-01 8.731518551985623e-08
2.406250000000000e-01 3.266978928582008e-01 -4.410805594673735e-06
2.437500000000000e-01 3.328542724418705e-01 1.867850063534556e-06
2.468750000000000e-01 3.390919169289667e-01 -4.225688979949791e-06
2.500000000000000e-01 3.454123492128958e-01 6.823865905505765e-07
2.531250000000000e-01 3.518171123993401e-01 -2.962092146256184e-06
2.562500000000000e-01 3.583077701830001e-01 2.187222329785543e-06
2.593750000000000e-01 3.648859072293631e-01 -4.018537274597703e-06
2.625000000000000e-01 3.715531295615936e-01 1.083667320071536e-06
2.656250000000000e-01 3.783110649526354e-01 -3.021619866437018e-06
2.687500000000000e-01 3.851613633226258e-01 4.418575273247971e-07
2.718750000000000e-01 3.921056971417164e-01 -2.152482743997136e-06
2.750000000000000e-01 3.991457618383991e-01 6.648530144555339e-07
2.781250000000000e-01 4.062832762134377e-01 -1.959816257125988e-06
2.812500000000000e-01 4.135199828595055e-01 8.099489093943551e-07
2.843750000000000e-01 4.208576485866312e-01 -2.066753081843831e-06
2.875000000000000e-01 4.282980648535585e-01 1.204289441381830e-06
2.906250000000000e-01 4.358430482051222e-01 -2.523433513628701e-06
2.937500000000000e-01 4.434944407157500e-01 4.211698587637838e-06
2.968750000000000e-01 4.512541104391968e-01 -1.429577426109151e-06
3.000000000000000e-01 4.591239518646220e-01 2.184995441839059e-06
3.031250000000000e-01 4.671058863791195e-01 -1.766898686922583e-06
3.062500000000000e-01 4.752018627368176e-01 2.410961771975744e-06
3.093750000000000e-01 4.834138575346580e-01 -7.733830513567276e-07
3.125000000000000e-01 4.917438756949728e-01 2.242574927346664e-06
3.156250000000000e-01 5.001939509549778e-01 -1.545478554760013e-06
3.187500000000000e-01 5.087661463633005e-01 2.519623558298824e-06
3.218750000000000e-01 5.174625547836644e-01 -1.485550428580087e-06
3.250000000000000e-01 5.262852994058529e-01 1.369893837862497e-06
3.281250000000000e-01 5.352365342640750e-01 3.079236322615064e-07
3.312500000000000e-01 5.443184447628656e-01 2.371673869289582e-06
3.343750000000000e-01 5.535332482106405e-01 9.025460276101407e-07
3.375000000000000e-01 5.628831943610435e-01 2.622344367014348e-06
3.406250000000000e-01 5.723705659622137e-01 5.066502217648944e-07
3.437500000000000e-01 5.819976793141081e-01 1.994307499447288e-06
3.468750000000000e-01 5.917668848340161e-01 1.340193785296928e-06
3.500000000000000e-01 6.016805676304035e-01 2.937848886069852e-06
3.531250000000000e-01 6.117411480852264e-01 -3.833677859906891e-08
3.562500000000000e-01 6.219510824448572e-01 1.823211361588995e-06
3.593750000000000e-01 6.323128634197650e-01 1.070469320949274e-06
3.625000000000000e-01 6.428290207931012e-01 2.898715310956428e-06
3.656250000000000e-01 6.535021220383342e-01 7.501521378994698e-07
3.687500000000000e-01 6.643347729460869e-01 3.651453071022701e-06
3.718750000000000e-01 6.753296182603294e-01 1.447521310653483e-06
3.750000000000000e-01 6.864893423240808e-01 3.324179113346933e-06
3.781250000000000e-01 6.978166697347804e-01 1.686120270930052e-06
3.812500000000000e-01 7.093143660094854e-01 2.699961807497357e-06
3.843750000000000e-01 7.209852382600603e-01 1.559922378227934e-06
3.875000000000000e-01 7.328321358785219e-01 3.069271483176246e-06
3.906250000000000e-01 7.448579512327029e-01 2.001392938478770e-06
3.937500000000000e-01 7.570656203724140e-01 3.206233102388473e-06
3.968750000000000e-01 7.694581237462648e-01 2.708772943625728e-06
4.000000000000000e-01 7.820384869293291e-01 3.185438367126934e-06
4.031250000000000e-01 7.948097813618253e-01 2.325979628529860e-06
4.062500000000000e-01 8.077751250989945e-01 3.813881391636562e-06
4.093750000000000e-01 8.209376835723596e-01 2.481987977163186e-06
4.125000000000000e-01 8.343006703625532e-01 3.893958601830664e-06
4.156250000000000e-01 8.478673479838968e-01 2.834886379863703e-06
4.187500000000000e-01 8.616410286809313e-01 4.015797475498625e-06
4.218750000000000e-01 8.756250752370857e-01 2.448435468815418e-06
4.250000000000000e-01 8.898229017956865e-01 3.783668656751805e-06
4.281250000000000e-01 9.042379746935050e-01 3.456541386553359e-06
4.312500000000000e-01 9.188738133070491e-01 4.438459500297569e-06
4.343750000000000e-01 9.337339909118028e-01 3.600566653620574e-06
4.375000000000000e-01 9.488221355546261e-01 3.996263595046559e-06
4.406250000000000e-01 9.641419309395265e-01 3.777649837884547e-06
4.437500000000000e-01 9.796971173270190e-01 4.228736843848461e-06
4.468750000000000e-01 9.954914924472941e-01 3.918174276617595e-06
4.500000000000000e-01 1.011528912427417e+00 4.575240130682645e-06
4.531250000000000e-01 1.027813292732786e+00 4.069118420697152e-06
4.562500000000000e-01 1.044348609123070e+00 5.228933656463912e-06
4.593750000000000e-01 1.061138898622882e+00 4.070200588556354e-06
4.625000000000000e-01 1.078188260507393e+00 5.345318857114273e-06
4.656250000000000e-01 1.095500857303154e+00 4.206912491340331e-06
4.687500000000000e-01 1.113080915804360e+00 5.189580202871023e-06
4.718750000000000e-01 1.130932728104805e+00 4.936842223991784e-06
4.750000000000000e-01 1.149060652645771e+00 5.199379766430694e-06
4.781250000000000e-01 1.167469115280130e+00 5.570819231573529e-06
4.812500000000000e-01 1.186162610352890e+00 5.350473887814712e-06
4.843750000000000e-01 1.205145701798475e+00 5.449792744709736e-06
4.875000000000000e-01 1.224423024254985e+00 5.870925661722308e-06
4.906250000000000e-01 1.243999284195726e+00 5.291398324162413e-06
4.937500000000000e-01 1.263879261078271e+00 6.696653333384728e-06
4.968750000000000e-01 1.284067808511348e+00 5.543715179665274e-06
5.000000000000000e-01 1.304569855439823e+00 6.758880745908737e-06
5.031250000000000e-01 1.325390407348082e+00 6.031981497553134e-06
5.062500000000000e-01 1.346534547482100e+00 6.445714643441315e-06
5.093750000000000e-01 1.368007438090487e+00 6.986321863078894e-06
5.125000000000001e-01 1.389814321684837e+00 6.660165005126148e-06
5.156250000000000e-01 1.411960522319654e+00 7.287296471105270e-06
5.187500000000000e-01 1.434451446892208e+00 7.116673796010747e-06
5.218750000000000e-01 1.457292586462593e+00 6.935472932935884e-06
5.250000000000000e-01 1.480489517594354e+00 8.225563958580405e-06
5.281250000000001e-01 1.504047903715979e+00 7.025526821670195e-06
5.312500000000000e-01 1.527973496503592e+00 8.660646370239084e-06
5.343750000000000e-01 1.552272137285215e+00 7.663113510922623e-06
5.375000000000000e-01 1.576949758466886e+00 8.126960950017591e-06
5.406250000000000e-01 1.602012384981041e+00 9.383984566144894e-06
5.437500000000001e-01 1.627466135757470e+00 7.877694608673682e-06
5.468750000000000e-01 1.653317225217225e+00 9.306909255096063e-06
5.500000000000000e-01 1.679571964789851e+00 9.687769668987836e-06
5.531250000000000e-01 1.706236764454286e+00 8.372466074596954e-06
5.562500000000000e-01 1.733318134303830e+00 1.099905529289243e-05
5.593750000000001e-01 1.760822686135563e+00 9.092337851429110e-06
5.625000000000000e-01 1.788757135064574e+00 1.021849210222839e-05
5.656250000000000e-01 1.817128301163438e+00 1.154610876526013e-05
5.687500000000000e-01 1.845943111127301e+00 9.406937247374157e-06
5.718750000000000e-01 1.875208599965003e+00 1.203668855331425e-05
5.750000000000001e-01 1.904931912716643e+00 1.179207879342773e-05
5.781250000000000e-01 1.935120306198011e+00 1.018108436188041e-05
5.812500000000000e-01 1.965781150772311e+00 1.410083452412470e-05
5.843750000000000e-01 1.996921932149593e+00 1.139920143941886e-05
5.875000000000000e-01 2.028550253214365e+00 1.219032113056955e-05
5.906250000000001e-01 2.060673835881802e+00 1.534072569822870e-05
5.937500000000000e-01 2.093300522983012e+00 1.160547543142772e-05
5.968750000000000e-01 2.126438280179837e+00 1.441228821965143e-05
6.000000000000001e-01 2.160095197909630e+00 1.650658496362096e-05
6.031250000000000e-01 2.194279493360494e+00 1.197297157747057e-05
6.062500000000001e-01 2.228999512477486e+00 1.721708523733074e-05
6.093750000000000e-01 2.264263732000228e+00 1.723125059505635e-05
6.125000000000000e-01 2.300080761532477e+00 1.311052193929734e-05
6.156250000000001e-01 2.336459345644116e+00 1.988095287508779e-05
6.187500000000000e-01 2.373408366006099e+00 1.842437851665987e-05
6.218750000000001e-01 2.410936843558884e+00 1.428364933146243e-05
6.250000000000000e-01 2.449053940714840e+00 2.298508939562504e-05
6.281250000000000e-01 2.487768963595221e+00 1.989342552099449e-05
6.312500000000001e-01 2.527091364302215e+00 1.575003115045951e-05
6.343750000000000e-01 2.567030743226622e+00 2.608937957651705e-05
6.375000000000001e-01 2.607596851391758e+00 2.252542233277977e-05
6.406250000000000e-01 2.648799592834118e+00 1.680073561422986e-05
6.437500000000000e-01 2.690649027021411e+00 2.957970528458543e-05
6.468750000000001e-01 2.733155371308524e+00 2.652845645946575e-05
6.500000000000000e-01 2.776329003432049e+00 1.779835572827506e-05
6.531250000000001e-01 2.820180464043967e+00 3.246988800088668e-05
6.562500000000000e-01 2.864720459285089e+00 3.314732925641404e-05
6.593750000000000e-01 2.909959863398929e+00 1.895800249717129e-05
6.625000000000001e-01 2.955909721386590e+00 3.374912079335965e-05
6.656250000000000e-01 3.002581251703353e+00 4.259905865081676e-05
6.687500000000001e-01 3.049985848997626e+00 2.298290546813235e-05
6.718750000000000e-01 3.098135086892879e+00 3.107061539773889e-05
6.750000000000000e-01 3.147040720813310e+00 5.352036204017473e-05
6.781250000000001e-01 3.196714690853871e+00 3.450652896551692e-05
6.812500000000000e-01 3.247169124695383e+00 2.502011115992217e-05
6.843750000000001e-01 3.298416340565477e+00 5.851739428903419e-05
6.875000000000000e-01 3.350468850246008e+00 5.841086632281008e-05
6.906250000000000e-01 3.403339362127777e+00 2.505298408707083e-05
6.937500000000001e-01 3.457040784313211e+00 4.696980682061567e-05
6.968750000000000e-01 3.511586227767823e+00 8.548489711642018e-05
7.000000000000001e-01 3.566989009521205e+00 5.375447359104645e-05
7.031250000000000e-01 3.623262655918307e+00 2.562734943011087e-05
7.062500000000000e-01 3.680420905921852e+00 8.048428016775652e-05
7.093750000000001e-01 3.738477714466631e+00 1.127771028565792e-04
7.125000000000000e-01 3.797447255866536e+00 5.181814495489241e-05
7.156250000000001e-01 3.857343927275175e+00 3.057440327871366e-05
7.187500000000000e-01 3.918182352200844e+00 1.188499797096151e-04
7.218750000000000e-01 3.979977384076828e+00 1.580727976453361e-04
7.250000000000001e-01 4.042744109887770e+00 6.625723183077134e-05
7.281250000000000e-01 4.106497853853101e+00 2.356154122878078e-05
7.312500000000001e-01 4.171254181168399e+00 1.478253308874872e-04
7.343750000000000e-01 4.237028901805528e+00 2.483390986194362e-04
7.375000000000000e-01 4.303838074372613e+00 1.428903915416899e-04
7.406250000000001e-01 4.371698010034643e+00 1.800349873830938e-06
7.437500000000000e-01 4.440625276495786e+00 1.011091983257114e-04
7.468750000000001e-01 4.510636702044332e+00 3.565015719326320e-04
7.500000000000000e-01 4.581749379661216e+00 4.025228191976084e-04
7.531250000000000e-01 4.653980671193226e+00 1.365035215875220e-04
7.562500000000001e-01 4.727348211591802e+00 -7.249552310018497e-05
7.593750000000000e-01 4.801869913218528e+00 1.533936233919741e-04
7.625000000000001e-01 4.877563970218381e+00 6.683694668492146e-04
7.656250000000000e-01 4.954448862961714e+00 9.029705150167083e-04
7.687500000000000e-01 5.032543362556198e+00 5.089257856466953e-04
7.718750000000001e-01 5.111866535429675e+00 -1.868628028293031e-04
7.750000000000000e-01 5.192437747985146e+00 -4.215890296548346e-04
7.781250000000001e-01 5.274276671329015e+00 2.986747036615318e-04
7.812500000000000e-01 5.357403286073669e+00 1.683623236818528e-03
7.843750000000000e-01 5.441837887215693e+00 2.755009875887294e-03
7.875000000000001e-01 5.527601089090773e+00 2.438288112655836e-03
7.906250000000000e-01 5.614713830406605e+00 1.862551460644890e-04
7.937500000000001e-01 5.703197379355005e+00 -3.749068308161438e-03
7.968750000000000e-01 5.793073338804412e+00 -8.480680258123411e-03
8.000000000000000e-01 5.884363651574169e+00 -1.290520553055933e-02
8.031250000000001e-01 5.977090605791737e+00 -1.610890817497538e-02
8.062500000000000e-01 6.071276840334257e+00 -1.760207228943837e-02
8.093750000000001e-01 6.166945350355728e+00 -1.733940679732096e-02
8.125000000000000e-01 6.264119492901173e+00 -1.560485079311111e-02
8.156250000000000e-01 6.362822992609162e+00 -1.284754100071807e-02
8.187500000000001e-01 6.463079947504072e+00 -9.537858573133726e-03
8.218750000000000e-01 6.564914834879517e+00 -6.077669328320250e-03
8.250000000000001e-01 6.668352517274371e+00 -2.758310590328385e-03
8.281250000000000e-01 6.773418248542846e+00 2.374493173689812e-04
8.312500000000000e-01 6.880137680020114e+00 2.819176131388119e-03
8.343750000000001e-01 6.988536866784961e+00 4.961508065868021e-03
8.375000000000000e-01 7.098642274021019e+00 6.683799728452369e-03
8.406250000000001e-01 7.210480783478133e+00 8.027795029862219e-03
8.437500000000000e-01 7.324079700035414e+00 9.042696041244152e-03
8.468750000000000e-01 7.439466758367605e+00 9.772510597080189e-03
8.500000000000001e-01 7.556670129716381e+00 1.025436095864752e-02
8.531250000000000e-01 7.675718428768239e+00 1.052030078271701e-02
8.562500000000001e-01 7.796640720640633e+00 1.059999475019825e-02
8.593750000000000e-01 7.919466527978115e+00 1.051582559718048e-02
8.625000000000000e-01 8.044225838160141e+00 1.027363893988865e-02
8.656250000000001e-01 8.170949110622363e+00 9.855413752376524e-03
8.687500000000000e-01 8.299667284293170e+00 9.222630626738899e-03
8.718750000000001e-01 8.430411785147284e+00 8.331568113484343e-03
8.750000000000000e-01 8.563214533878281e+00 7.154969281647786e-03
8.781250000000000e-01 8.698107953691880e+00 5.700750568057732e-03
8.812500000000001e-01 8.835124978221932e+00 4.020965652033269e-03
8.843750000000000e-01 8.974299059571019e+00 2.209196799606689e-03
8.875000000000001e-01 9.115664176477637e+00 3.886169080847664e-04
8.906250000000000e-01 9.259254842611947e+00 -1.305682129872263e-03
8.937500000000000e-01 9.405106115002161e+00 -2.746761557372794e-03
8.968750000000001e-01 9.553253602593529e+00 -3.835235984082672e-03
9.000000000000000e-01 9.703733474942130e+00 -4.514634528894617e-03
9.031250000000001e-01 9.856582471045494e+00 -4.779306506453977e-03
9.062500000000000e-01 1.001183790831228e+01 -4.672636542212166e-03
9.093750000000000e-01 1.016953769167313e+01 -4.275818509231452e-03
9.125000000000001e-01 1.032972032283505e+01 -3.690230695359511e-03
9.156250000000000e-01 1.049242490968134e+01 -3.018228182677877e-03
9.187500000000001e-01 1.065769117581972e+01 -2.347145010220711e-03
9.218750000000000e-01 1.082555947028058e+01 -1.739649319890694e-03
9.250000000000000e-01 1.099607077736805e+01 -1.231208162528874e-03
9.281250000000001e-01 1.116926672666618e+01 -8.333281862133255e-04
9.312500000000000e-01 1.134518960320255e+01 -5.401112017514005e-04
9.343750000000001e-01 1.152388235777201e+01 -3.356062943256681e-04
9.375000000000000e-01 1.170538861742293e+01 -2.001249800158030e-04
9.406250000000000e-01 1.188975269610854e+01 -1.146304030192436e-04
9.437500000000001e-01 1.207701960550600e+01 -6.312403888849051e-05
9.468750000000000e-01 1.226723506600578e+01 -3.344465607423228e-05
9.500000000000001e-01 1.246044551787411e+01 -1.706127912802029e-05
9.531250000000000e-01 1.265669813259115e+01 -8.385782792694443e-06
9.562500000000000e-01 1.285604082436773e+01 -3.973725319737068e-06
9.593750000000001e-01 1.305852226184337e+01 -1.816486188524439e-06
9.625000000000000e-01 1.326419187996850e+01 -8.014724902004236e-07
9.656250000000001e-01 1.347309989207381e+01 -3.415037753457948e-07
9.687500000000000e-01 1.368529730212962e+01 -1.405943855070932e-07
9.718750000000000e-01 1.390083591719824e+01 -5.595120336498654e-08
9.750000000000001e-01 1.411976836008246e+01 -2.153339092796033e-08
9.781250000000000e-01 1.434214808217320e+01 -8.017880166670077e-09
9.812500000000001e-01 1.456802937649935e+01 -2.889507665319360e-09
9.843750000000000e-01 1.479746739098328e+01 -1.008260738989913e-09
9.875000000000000e-01 1.503051814190487e+01 -3.407501560162554e-10
9.906250000000001e-01 1.526723852757770e+01 -1.116367654273638e-10
9.937500000000000e-01 1.550768634224049e+01 -3.525931277844567e-11
9.968750000000001e-01 1.575192029016732e+01 -1.134080149483451e-11
1.000000000000000e+00 1.600000000000000e+01 -1.722832750424524e-12
