0.000000000000000e+00 0.000000000000000e+00 0.000000000000000e+00
3.125000000000000e-03 3.369263549427258e-03 -6.500694305945127e-02
6.250000000000000e-03 6.739349689698711e-03 3.831984301065643e-04
9.375000000000001e-03 1.011108121249049e-02 -7.022569821009820e-03
1.250000000000000e-02 1.348528131119160e-02 -9.268895866594226e-05
1.562500000000000e-02 1.686277378188298e-02 -2.451470123607756e-03
1.875000000000000e-02 2.024438322446370e-02 4.107904743094434e-05
2.187500000000000e-02 2.363093524397333e-02 -1.305765620907120e-03
2.500000000000000e-02 2.702325665215984e-02 -3.584092784607559e-05
2.812500000000000e-02 3.042217566934200e-02 -7.629918282599301e-04
3.125000000000000e-02 3.382852212661575e-02 -4.034911656076666e-05
3.437500000000000e-02 3.724312766845378e-02 -5.137007025034838e-04
3.750000000000001e-02 4.066682595574785e-02 3.308712195699996e-06
4.062500000000000e-02 4.410045286934348e-02 -3.612606721365530e-04
4.375000000000000e-02 4.754484671411652e-02 -1.924242265861000e-06
4.687500000000000e-02 5.100084842364160e-02 -2.727795332031226e-04
5.000000000000000e-02 5.446930176550237e-02 1.312251385609203e-05
5.312500000000001e-02 5.795105354729364e-02 -2.142072117630863e-04
5.625000000000000e-02 6.144695382336569e-02 7.207378516601707e-06
5.937500000000000e-02 6.495785610236132e-02 -1.700042261751334e-04
6.250000000000000e-02 6.848461755559625e-02 -8.850853388262346e-06
6.562500000000000e-02 7.202809922633362e-02 -1.397432606155675e-04
6.875000000000001e-02 7.558916624000402e-02 2.683999660727854e-06
7.187500000000001e-02 7.916868801542200e-02 -1.115797030195078e-04
7.500000000000001e-02 8.276753847705080e-02 6.999560404643879e-06
7.812500000000000e-02 8.638659626836727e-02 -1.031183247654820e-04
8.125000000000000e-02 9.002674496637868e-02 -3.115593087582359e-06
8.437500000000001e-02 9.368887329734420e-02 -8.628280752019696e-05
8.750000000000001e-02 9.737387535375355e-02 9.267285423446726e-07
9.062500000000001e-02 1.010826508126157e-01 -5.927045472950064e-05
9.375000000000000e-02 1.048161051551108e-01 3.278981312015485e-06
9.687500000000000e-02 1.085751498876601e-01 -5.032452199433215e-05
1.000000000000000e-01 1.123607027644654e-01 5.685733657144298e-07
1.031250000000000e-01 1.161736880115753e-01 -5.024538164121593e-05
1.062500000000000e-01 1.200150365525305e-01 -3.509740112017193e-06
1.093750000000000e-01 1.238856862356450e-01 -4.569820858354084e-05
1.125000000000000e-01 1.277865820629775e-01 6.051883520296418e-06
1.156250000000000e-01 1.317186764210495e-01 -4.311053667337363e-05
1.187500000000000e-01 1.356829293133661e-01 -5.738451524155492e-06
1.218750000000000e-01 1.396803085947971e-01 -3.499716703779721e-05
1.250000000000000e-01 1.437117902078738e-01 4.189698487026030e-06
1.281250000000000e-01 1.477783584210617e-01 -3.234782060229641e-05
1.312500000000000e-01 1.518810060690650e-01 -1.739639837417617e-06
1.343750000000000e-01 1.560207347952229e-01 -2.802781905104851e-05
1.375000000000000e-01 1.601985552960564e-01 4.550235422883365e-06
1.406250000000000e-01 1.644154875680252e-01 -2.374482508104896e-05
1.437500000000000e-01 1.686725611565558e-01 1.285036039568607e-06
1.468750000000000e-01 1.729708154074000e-01 -2.544698920380892e-05
1.500000000000000e-01 1.773112997203869e-01 -9.335118017889118e-06
1.531250000000000e-01 1.816950738056289e-01 -1.873831339503644e-05
1.562500000000000e-01 1.861232079422458e-01 2.014969671939721e-06
1.593750000000000e-01 1.905967832396682e-01 -1.773050693067000e-05
1.625000000000000e-01 1.951168919015860e-01 1.784479702097138e-06
1.656250000000000e-01 1.996846374926046e-01 -1.501182780341899e-05
1.687500000000000e-01 2.043011352076760e-01 -1.102497964346762e-06
1.718750000000000e-01 2.089675121443681e-01 -1.705635253579105e-05
1.750000000000000e-01 2.136849075780412e-01 3.314669433062570e-06
1.781250000000000e-01 2.184544732399964e-01 -1.229825355024918e-05
1.812500000000000e-01 2.232773735986666e-01 4.592558228022254e-06
1.843750000000000e-01 2.281547861439151e-01 -1.221282244575307e-05
1.875000000000000e-01 2.330879016745160e-01 2.187042548600099e-06
1.906250000000000e-01 2.380779245888810e-01 -1.293712839127921e-05
1.937500000000000e-01 2.431260731791094e-01 -3.988618758696942e-07
1.968750000000000e-01 2.482335799284277e-01 -1.138445329751766e-05
2.000000000000000e-01 2.534016918120952e-01 1.184251460715589e-06
2.031250000000000e-01 2.586316706018478e-01 -7.516716758560156e-06
2.062500000000000e-01 2.639247931739538e-01 1.206324248406003e-06
2.093750000000000e-01 2.692823518209576e-01 -8.945212196662895e-06
2.125000000000000e-01 2.747056545671873e-01 4.400575340432795e-06
2.156250000000000e-01 2.801960254881028e-01 -8.980923580449883e-06
2.187500000000000e-01 2.857548050335636e-01 -2.913841950358579e-07
2.218750000000000e-01 2.913833503550930e-01 -8.901863115643481e-06
2.250000000000000e-01 2.970830356372213e-01 3.362310046366582e-06
2.281250000000000e-01 3.028552524329863e-01 -7.537092699188106e-06
2.312500000000000e-01 3.087014100036755e-01 1.880607490056648e-06
2.343750000000000e-01 3.146229356628902e-01 -4.173614179270033e-06
2.375000000000000e-01 3.206212751250189e-01 3.287690179929542e-07
2.406250000000000e-01 3.266978928582008e-01 -3.459077367066565e-06
2.437500000000000e-01 3.328542724418705e-01 4.811829920122978e-07
2.468750000000000e-01 3.390919169289667e-01 -4.166687892564647e-06
2.500000000000000e-01 3.454123492128958e-01 1.892311847281331e-06
2.531250000000000e-01 3.518171123993401e-01 -3.975140590678348e-06
2.562500000000000e-01 3.583077701830001e-01 1.285784420838710e-06
2.593750000000000e-01 3.648859072293631e-01 -2.644509032474120e-06
2.625000000000000e-01 3.715531295615936e-01 7.428129665777888e-07
2.656250000000000e-01 3.783110649526354e-01 -3.133149532277249e-06
2.687500000000000e-01 3.851613633226258e-01 1.940852077074563e-06
2.718750000000000e-01 3.921056971417164e-01 -1.766667909655056e-06
2.750000000000000e-01 3.991457618383991e-01 1.444297590906547e-06
2.781250000000000e-01 4.062832762134377e-01 -1.730097364398704e-06
2.812500000000000e-01 4.135199828595055e-01 1.402666739096846e-06
2.843750000000000e-01 4.208576485866312e-01 -2.585773528594991e-06
2.875000000000000e-01 4.282980648535585e-01 3.482386906658840e-06
2.906250000000000e-01 4.358430482051222e-01 -1.761419208168635e-06
2.937500000000000e-01 4.434944407157500e-01 2.369061412555110e-06
2.968750000000000e-01 4.512541104391968e-01 -2.261782707975862e-06
3.000000000000000e-01 4.591239518646220e-01 2.495275860027084e-06
3.031250000000000e-01 4.671058863791195e-01 -9.677760006144568e-07
3.062500000000000e-01 4.752018627368176e-01 3.230079016597719e-06
3.093750000000000e-01 4.834138575346580e-01 -1.013656130222632e-06
3.125000000000000e-01 4.917438756949728e-01 3.118811215169921e-06
3.156250000000000e-01 5.001939509549778e-01 -8.804996975148988e-07
3.187500000000000e-01 5.087661463633005e-01 2.410606624667524e-06
3.218750000000000e-01 5.174625547836644e-01 3.918603859790276e-07
3.250000000000000e-01 5.262852994058529e-01 3.011192221551322e-06
3.281250000000000e-01 5.352365342640750e-01 4.414050132804615e-07
3.312500000000000e-01 5.443184447628656e-01 1.966711447191852e-06
3.343750000000000e-01 5.535332482106405e-01 4.983152578439135e-07
3.375000000000000e-01 5.628831943610435e-01 1.115828868024880e-06
3.406250000000000e-01 5.723705659622137e-01 1.713223029125858e-06
3.437500000000000e-01 5.819976793141081e-01 3.318414290841854e-06
3.468750000000000e-01 5.917668848340161e-01 6.244595634550212e-07
3.500000000000000e-01 6.016805676304035e-01 3.024357700036799e-06
3.531250000000000e-01 6.117411480852264e-01 2.096019691603664e-06
3.562500000000000e-01 6.219510824448572e-01 3.486895427859078e-06
3.593750000000000e-01 6.323128634197650e-01 1.127686424101820e-06
3.625000000000000e-01 6.428290207931012e-01 3.318922466652157e-06
3.656250000000000e-01 6.535021220383342e-01 8.622127998780357e-07
3.687500000000000e-01 6.643347729460869e-01 3.634645028705229e-06
3.718750000000000e-01 6.753296182603294e-01 1.342524244792429e-06
3.750000000000000e-01 6.864893423240808e-01 3.715807728178844e-06
3.781250000000000e-01 6.978166697347804e-01 2.409583596198176e-06
3.812500000000000e-01 7.093143660094854e-01 3.995796317307226e-06
3.843750000000000e-01 7.209852382600603e-01 2.533963867164763e-06
3.875000000000000e-01 7.328321358785219e-01 3.848950722262107e-06
3.906250000000000e-01 7.448579512327029e-01 2.624265958464361e-06
3.937500000000000e-01 7.570656203724140e-01 3.160162514764760e-06
3.968750000000000e-01 7.694581237462648e-01 2.932251904327958e-06
4.000000000000000e-01 7.820384869293291e-01 3.904742214560954e-06
4.031250000000000e-01 7.948097813618253e-01 3.079765077172965e-06
4.062500000000000e-01 8.077751250989945e-01 4.424855653094135e-06
4.093750000000000e-01 8.209376835723596e-01 3.414671477284672e-06
4.125000000000000e-01 8.343006703625532e-01 4.123054633883122e-06
4.156250000000000e-01 8.478673479838968e-01 3.187526899803016e-06
4.187500000000000e-01 8.616410286809313e-01 5.154724065794624e-06
4.218750000000000e-01 8.756250752370857e-01 3.785240817467022e-06
4.250000000000000e-01 8.898229017956865e-01 4.350600763459918e-06
4.281250000000000e-01 9.042379746935050e-01 3.618268322524814e-06
4.312500000000000e-01 9.188738133070491e-01 4.997861350319354e-06
4.343750000000000e-01 9.337339909118028e-01 4.439465601128466e-06
4.375000000000000e-01 9.488221355546261e-01 5.137212915549525e-06
4.406250000000000e-01 9.641419309395265e-01 4.487535761244517e-06
4.437500000000000e-01 9.796971173270190e-01 5.222675644113034e-06
4.468750000000000e-01 9.954914924472941e-01 4.606017644964769e-06
4.500000000000000e-01 1.011528912427417e+00 5.347821185813621e-06
4.531250000000000e-01 1.027813292732786e+00 4.848266021566938e-06
4.562500000000000e-01 1.044348609123070e+00 5.826498202385548e-06
4.593750000000000e-01 1.061138898622882e+00 5.241152394769195e-06
4.625000000000000e-01 1.078188260507393e+00 6.121187672953767e-06
4.656250000000000e-01 1.095500857303154e+00 5.448962650727634e-06
4.687500000000000e-01 1.113080915804360e+00 5.999228648700113e-06
4.718750000000000e-01 1.130932728104805e+00 5.803830007294288e-06
4.750000000000000e-01 1.149060652645771e+00 6.225600682753725e-06
4.781250000000000e-01 1.167469115280130e+00 6.258876960158281e-06
4.812500000000000e-01 1.186162610352890e+00 6.829972362577528e-06
4.843750000000000e-01 1.205145701798475e+00 6.224989348977000e-06
4.875000000000000e-01 1.224423024254985e+00 7.189892690753401e-06
4.906250000000000e-01 1.243999284195726e+00 6.329458892660629e-06
4.937500000000000e-01 1.263879261078271e+00 7.454984348486995e-06
4.968750000000000e-01 1.284067808511348e+00 7.161540799488273e-06
5.000000000000000e-01 1.304569855439823e+00 7.473141760772658e-06
5.031250000000000e-01 1.325390407348082e+00 7.702814255141310e-06
5.062500000000000e-01 1.346534547482100e+00 7.446562090546287e-06
5.093750000000000e-01 1.368007438090487e+00 7.922935564702357e-06
5.125000000000001e-01 1.389814321684837e+00 8.529484069489775e-06
5.156250000000000e-01 1.411960522319654e+00 7.832286312679895e-06
5.187500000000000e-01 1.434451446892208e+00 9.221819189077060e-06
5.218750000000000e-01 1.457292586462593e+00 8.071588607942581e-06
5.250000000000000e-01 1.480489517594354e+00 9.124495045612604e-06
5.281250000000001e-01 1.504047903715979e+00 9.506415186902433e-06
5.312500000000000e-01 1.527973496503592e+00 9.009848991873205e-06
5.343750000000000e-01 1.552272137285215e+00 9.879132594089660e-06
5.375000000000000e-01 1.576949758466886e+00 9.813374844696546e-06
5.406250000000000e-01 1.602012384981041e+00 9.916531038104638e-06
5.437500000000001e-01 1.627466135757470e+00 1.100910144346441e-05
5.468750000000000e-01 1.653317225217225e+00 9.784801456929248e-06
5.500000000000000e-01 1.679571964789851e+00 1.163558626138723e-05
5.531250000000000e-01 1.706236764454286e+00 1.115302463337993e-05
5.562500000000000e-01 1.733318134303830e+00 1.098103889833877e-05
5.593750000000001e-01 1.760822686135563e+00 1.270595168130686e-05
5.625000000000000e-01 1.788757135064574e+00 1.158648833433500e-05
5.656250000000000e-01 1.817128301163438e+00 1.235171286853435e-05
5.687500000000000e-01 1.845943111127301e+00 1.383771899882257e-05
5.718750000000000e-01 1.875208599965003e+00 1.188623345010334e-05
5.750000000000001e-01 1.904931912716643e+00 1.449897486854449e-05
5.781250000000000e-01 1.935120306198011e+00 1.419113024674786e-05
5.812500000000000e-01 1.965781150772311e+00 1.319722631037781e-05
5.843750000000000e-01 1.996921932149593e+00 1.628796051614159e-05
5.875000000000000e-01 2.028550253214365e+00 1.479263122001185e-05
5.906250000000001e-01 2.060673835881802e+00 1.474355048743692e-05
5.937500000000000e-01 2.093300522983012e+00 1.830591291582110e-05
5.968750000000000e-01 2.126438280179837e+00 1.519159820891410e-05
6.000000000000001e-01 2.160095197909630e+00 1.710244266781768e-05
6.031250000000000e-01 2.194279493360494e+00 1.994477516831153e-05
6.062500000000001e-01 2.228999512477486e+00 1.621184813718489e-05
6.093750000000000e-01 2.264263732000228e+00 1.948382105219483e-05
6.125000000000000e-01 2.300080761532477e+00 2.202412084611232e-05
6.156250000000001e-01 2.336459345644116e+00 1.727240005160841e-05
6.187500000000000e-01 2.373408366006099e+00 2.236025302974843e-05
6.218750000000001e-01 2.410936843558884e+00 2.427284976427322e-05
6.250000000000000e-01 2.449053940714840e+00 1.887367191380837e-05
6.281250000000000e-01 2.487768963595221e+00 2.510778196864328e-05
6.312500000000001e-01 2.527091364302215e+00 2.757613148891748e-05
6.343750000000000e-01 2.567030743226622e+00 2.052293471242104e-05
6.375000000000001e-01 2.607596851391758e+00 2.801444884274236e-05
6.406250000000000e-01 2.648799592834118e+00 3.190158596780194e-05
6.437500000000000e-01 2.690649027021411e+00 2.290371282246786e-05
6.468750000000001e-01 2.733155371308524e+00 3.014762721361759e-05
6.500000000000000e-01 2.776329003432049e+00 3.803214849337300e-05
6.531250000000001e-01 2.820180464043967e+00 2.649682209122920e-05
6.562500000000000e-01 2.864720459285089e+00 3.115053320476407e-05
6.593750000000000e-01 2.909959863398929e+00 4.528188032275198e-05
6.625000000000001e-01 2.955909721386590e+00 3.369489318237493e-05
6.656250000000000e-01 3.002581251703353e+00 3.026375137466438e-05
6.687500000000001e-01 3.049985848997626e+00 5.171257109140065e-05
6.718750000000000e-01 3.098135086892879e+00 4.704694058488614e-05
6.750000000000000e-01 3.147040720813310e+00 3.041700501640858e-05
6.781250000000001e-01 3.196714690853871e+00 5.177722854962411e-05
6.812500000000000e-01 3.247169124695383e+00 6.683130591642933e-05
6.843750000000001e-01 3.298416340565477e+00 4.066974239746779e-05
6.875000000000000e-01 3.350468850246008e+00 4.223884570791339e-05
6.906250000000000e-01 3.403339362127777e+00 8.102866288250884e-05
6.937500000000001e-01 3.457040784313211e+00 7.355169591931226e-05
6.968750000000000e-01 3.511586227767823e+00 3.814318494225697e-05
7.000000000000001e-01 3.566989009521205e+00 6.704379876544573e-05
7.031250000000000e-01 3.623262655918307e+00 1.141326659743918e-04
7.062500000000000e-01 3.680420905921852e+00 8.201586518987542e-05
7.093750000000001e-01 3.738477714466631e+00 4.061996227284620e-05
7.125000000000000e-01 3.797447255866536e+00 9.673845874595365e-05
7.156250000000001e-01 3.857343927275175e+00 1.610428934842841e-04
7.187500000000000e-01 3.918182352200844e+00 1.094394957010950e-04
7.218750000000000e-01 3.979977384076828e+00 4.161188611445405e-05
7.250000000000001e-01 4.042744109887770e+00 1.146972365169037e-04
7.281250000000000e-01 4.106497853853101e+00 2.352770988738798e-04
7.312500000000001e-01 4.171254181168399e+00 1.979294556001080e-04
7.343750000000000e-01 4.237028901805528e+00 5.666747413798750e-05
7.375000000000000e-01 4.303838074372613e+00 7.455342189469498e-05
7.406250000000001e-01 4.371698010034643e+00 2.930724846305846e-04
7.437500000000000e-01 4.440625276495786e+00 4.195194174722915e-04
7.468750000000001e-01 4.510636702044332e+00 2.483288283215151e-04
7.500000000000000e-01 4.581749379661216e+00 6.040248842963826e-06
7.531250000000000e-01 4.653980671193226e+00 9.116817263192200e-05
7.562500000000001e-01 4.727348211591802e+00 5.316672509542978e-04
7.593750000000000e-01 4.801869913218528e+00 8.740620325605828e-04
7.625000000000001e-01 4.877563970218381e+00 6.790930137038821e-04
7.656250000000000e-01 4.954448862961714e+00 6.041628410579179e-05
7.687500000000000e-01 5.032543362556198e+00 -3.366669189102804e-04
7.718750000000001e-01 5.111866535429675e+00 8.310459920721179e-05
7.750000000000000e-01 5.192437747985146e+00 1.270919320885252e-03
7.781250000000001e-01 5.274276671329015e+00 2.439783209229196e-03
7.812500000000000e-01 5.357403286073669e+00 2.519682297405184e-03
7.843750000000000e-01 5.441837887215693e+00 7.878066158490565e-04
7.875000000000001e-01 5.527601089090773e+00 -2.743834857993384e-03
7.906250000000000e-01 5.614713830406605e+00 -7.364269666812823e-03
7.937500000000001e-01 5.703197379355005e+00 -1.201450171135178e-02
7.968750000000000e-01 5.793073338804412e+00 -1.570403722163332e-02
8.000000000000000e-01 5.884363651574169e+00 -1.780329770973526e-02
8.031250000000001e-01 5.977090605791737e+00 -1.812654675540019e-02
8.062500000000000e-01 6.071276840334257e+00 -1.685750976628944e-02
8.093750000000001e-01 6.166945350355728e+00 -1.439722146412594e-02
8.125000000000000e-01 6.264119492901173e+00 -1.121344429128679e-02
8.156250000000000e-01 6.362822992609162e+00 -7.734908097044531e-03
8.187500000000001e-01 6.463079947504072e+00 -4.292612367978456e-03
8.218750000000000e-01 6.564914834879517e+00 -1.108935917459266e-03
8.250000000000001e-01 6.668352517274371e+00 1.692853042597998e-03
8.281250000000000e-01 6.773418248542846e+00 4.062382661054644e-03
8.312500000000000e-01 6.880137680020114e+00 6.001410724002947e-03
8.343750000000001e-01 6.988536866784961e+00 7.541515928580112e-03
8.375000000000000e-01 7.098642274021019e+00 8.729682553497582e-03
8.406250000000001e-01 7.210480783478133e+00 9.613247318118516e-03
8.437500000000000e-01 7.324079700035414e+00 1.023358546597198e-02
8.468750000000000e-01 7.439466758367605e+00 1.062386884333843e-02
8.500000000000001e-01 7.556670129716381e+00 1.081304003343401e-02
8.531250000000000e-01 7.675718428768239e+00 1.082642438918091e-02
8.562500000000001e-01 7.796640720640633e+00 1.068144681201211e-02
8.593750000000000e-01 7.919466527978115e+00 1.037868572586000e-02
8.625000000000000e-01 8.044225838160141e+00 9.896732191216484e-03
8.656250000000001e-01 8.170949110622363e+00 9.196911170867019e-03
8.687500000000000e-01 8.299667284293170e+00 8.239007550083062e-03
8.718750000000001e-01 8.430411785147284e+00 7.001742258427818e-03
8.750000000000000e-01 8.563214533878281e+00 5.499526239891146e-03
8.781250000000000e-01 8.698107953691880e+00 3.789398201195268e-03
8.812500000000001e-01 8.835124978221932e+00 1.967016119222243e-03
8.843750000000000e-01 8.974299059571019e+00 1.542109650243681e-04
8.875000000000001e-01 9.115664176477637e+00 -1.518259211264501e-03
8.906250000000000e-01 9.259254842611947e+00 -2.929597245395541e-03
8.937500000000000e-01 9.405106115002161e+00 -3.986775407438981e-03
8.968750000000001e-01 9.553253602593529e+00 -4.638383960820954e-03
9.000000000000000e-01 9.703733474942130e+00 -4.881571003783567e-03
9.031250000000001e-01 9.856582471045494e+00 -4.760096070633449e-03
9.062500000000000e-01 1.001183790831228e+01 -4.353684742811624e-03
9.093750000000000e-01 1.016953769167313e+01 -3.761395784962254e-03
9.125000000000001e-01 1.032972032283505e+01 -3.083393017313115e-03
9.156250000000000e-01 1.049242490968134e+01 -2.405590057963521e-03
9.187500000000001e-01 1.065769117581972e+01 -1.790194195082299e-03
9.218750000000000e-01 1.082555947028058e+01 -1.272987311377665e-03
9.250000000000000e-01 1.099607077736805e+01 -8.661982320550827e-04
9.281250000000001e-01 1.116926672666618e+01 -5.646933550276637e-04
9.312500000000000e-01 1.134518960320255e+01 -3.530845052779335e-04
9.343750000000001e-01 1.152388235777201e+01 -2.119510091967498e-04
9.375000000000000e-01 1.170538861742293e+01 -1.222547006719927e-04
9.406250000000000e-01 1.188975269610854e+01 -6.781414804890686e-05
9.437500000000001e-01 1.207701960550600e+01 -3.620136445057625e-05
9.468750000000000e-01 1.226723506600578e+01 -1.861152636006592e-05
9.500000000000001e-01 1.246044551787411e+01 -9.220914960167171e-06
9.531250000000000e-01 1.265669813259115e+01 -4.405201067825092e-06
9.562500000000000e-01 1.285604082436773e+01 -2.030513211926059e-06
9.593750000000001e-01 1.305852226184337e+01 -9.035004876099878e-07
9.625000000000000e-01 1.326419187996850e+01 -3.882883124086704e-07
9.656250000000001e-01 1.347309989207381e+01 -1.612472583755816e-07
9.687500000000000e-01 1.368529730212962e+01 -6.473513437354103e-08
9.718750000000000e-01 1.390083591719824e+01 -2.513534221939090e-08
9.750000000000001e-01 1.411976836008246e+01 -9.442879457682879e-09
9.781250000000000e-01 1.434214808217320e+01 -3.433745476219539e-09
9.812500000000001e-01 1.456802937649935e+01 -1.209028241558963e-09
9.843750000000000e-01 1.479746739098328e+01 -4.123492467739064e-10
9.875000000000000e-01 1.503051814190487e+01 -1.362625032041529e-10
9.906250000000001e-01 1.526723852757770e+01 -4.366522448441375e-11
9.937500000000000e-01 1.550768634224049e+01 -1.349578146486638e-11
9.968750000000001e-01 1.575192029016732e+01 -4.251902966257792e-12
1.000000000000000e+00 1.600000000000000e+01 -5.915780941661755e-13
