0.000000000000000e+00 0.000000000000000e+00 0.000000000000000e+00
3.125000000000000e-03 3.369263549427258e-03 -6.512651561026299e-02
6.250000000000000e-03 6.739349689698711e-03 9.763262482051883e-05
9.375000000000001e-03 1.011108121249049e-02 -7.075517727652640e-03
1.250000000000000e-02 1.348528131119160e-02 -3.256782589557504e-05
1.562500000000000e-02 1.686277378188298e-02 -2.495383534684384e-03
1.875000000000000e-02 2.024438322446370e-02 1.545125102405408e-05
2.187500000000000e-02 2.363093524397333e-02 -1.250775404051041e-03
2.500000000000000e-02 2.702325665215984e-02 2.923258930165010e-05
2.812500000000000e-02 3.042217566934200e-02 -7.443682770515391e-04
3.125000000000000e-02 3.382852212661575e-02 2.333859966429329e-05
3.437500000000000e-02 3.724312766845378e-02 -5.303198664574949e-04
3.750000000000001e-02 4.066682595574785e-02 -1.235677329323613e-05
4.062500000000000e-02 4.410045286934348e-02 -3.442926928458060e-04
4.375000000000000e-02 4.754484671411652e-02 1.057776004362504e-05
4.687500000000000e-02 5.100084842364160e-02 -2.726397735917923e-04
5.000000000000000e-02 5.446930176550237e-02 -9.826173727738824e-07
5.312500000000001e-02 5.795105354729364e-02 -2.068620543551861e-04
5.625000000000000e-02 6.144695382336569e-02 -5.814245501697648e-06
5.937500000000000e-02 6.495785610236132e-02 -1.634571048538789e-04
6.250000000000000e-02 6.848461755559625e-02 1.349357295247815e-05
6.562500000000000e-02 7.202809922633362e-02 -1.438396862426710e-04
6.875000000000001e-02 7.558916624000402e-02 5.506923836931382e-06
7.187500000000001e-02 7.916868801542200e-02 -1.156740759811533e-04
7.500000000000001e-02 8.276753847705080e-02 -1.092324108732127e-05
7.812500000000000e-02 8.638659626836727e-02 -8.490766608729694e-05
8.125000000000000e-02 9.002674496637868e-02 -9.541818497804760e-06
8.437500000000001e-02 9.368887329734420e-02 -8.022160789331602e-05
8.750000000000001e-02 9.737387535375355e-02 1.373043503033796e-05
9.062500000000001e-02 1.010826508126157e-01 -7.027673770872928e-05
9.375000000000000e-02 1.048161051551108e-01 -3.339033709300992e-06
9.687500000000000e-02 1.085751498876601e-01 -6.118413791263776e-05
1.000000000000000e-01 1.123607027644654e-01 6.314961576064685e-06
1.031250000000000e-01 1.161736880115753e-01 -4.661575747871753e-05
1.062500000000000e-01 1.200150365525305e-01 -2.826561297359970e-06
1.093750000000000e-01 1.238856862356450e-01 -4.105880333666876e-05
1.125000000000000e-01 1.277865820629775e-01 3.481287634020977e-06
1.156250000000000e-01 1.317186764210495e-01 -3.842497281010046e-05
1.187500000000000e-01 1.356829293133661e-01 5.846610623268536e-06
1.218750000000000e-01 1.396803085947971e-01 -3.114818015540875e-05
1.250000000000000e-01 1.437117902078738e-01 5.793183371727299e-06
1.281250000000000e-01 1.477783584210617e-01 -2.728231811629168e-05
1.312500000000000e-01 1.518810060690650e-01 7.295774282927026e-06
1.343750000000000e-01 1.560207347952229e-01 -2.655862365156815e-05
1.375000000000000e-01 1.601985552960564e-01 1.260078764673880e-06
1.406250000000000e-01 1.644154875680252e-01 -2.395825597722094e-05
1.437500000000000e-01 1.686725611565558e-01 -3.571734526268864e-07
1.468750000000000e-01 1.729708154074000e-01 -2.082744905614733e-05
1.500000000000000e-01 1.773112997203869e-01 4.925889108545041e-07
1.531250000000000e-01 1.816950738056289e-01 -2.058386288584909e-05
1.562500000000000e-01 1.861232079422458e-01 4.294522756718713e-06
1.593750000000000e-01 1.905967832396682e-01 -1.267268071747235e-05
1.625000000000000e-01 1.951168919015860e-01 3.599206759118969e-06
1.656250000000000e-01 1.996846374926046e-01 -1.605312673349261e-05
1.687500000000000e-01 2.043011352076760e-01 7.382557701535460e-06
1.718750000000000e-01 2.089675121443681e-01 -1.272020991101066e-05
1.750000000000000e-01 2.136849075780412e-01 2.942233066832917e-06
1.781250000000000e-01 2.184544732399964e-01 -8.244466482597387e-06
1.812500000000000e-01 2.232773735986666e-01 6.001361995134779e-06
1.843750000000000e-01 2.281547861439151e-01 -7.179503521429452e-06
1.875000000000000e-01 2.330879016745160e-01 6.490466199975264e-06
1.906250000000000e-01 2.380779245888810e-01 -8.437983259566152e-06
1.937500000000000e-01 2.431260731791094e-01 3.946300490983658e-06
1.968750000000000e-01 2.482335799284277e-01 -4.237620510879767e-06
2.000000000000000e-01 2.534016918120952e-01 5.732653115415640e-06
2.031250000000000e-01 2.586316706018478e-01 -8.690283415914931e-06
2.062500000000000e-01 2.639247931739538e-01 3.826917459858590e-06
2.093750000000000e-01 2.692823518209576e-01 -3.504613108609308e-06
2.125000000000000e-01 2.747056545671873e-01 7.189349580776161e-06
2.156250000000000e-01 2.801960254881028e-01 -3.629681068757959e-06
2.187500000000000e-01 2.857548050335636e-01 2.339886505162555e-06
2.218750000000000e-01 2.913833503550930e-01 -2.253981557406258e-06
2.250000000000000e-01 2.970830356372213e-01 6.365563730403068e-06
2.281250000000000e-01 3.028552524329863e-01 -7.145239885848967e-07
2.312500000000000e-01 3.087014100036755e-01 9.513485336232498e-06
2.343750000000000e-01 3.146229356628902e-01 8.236813606238378e-07
2.375000000000000e-01 3.206212751250189e-01 6.944108937767694e-06
2.406250000000000e-01 3.266978928582008e-01 -1.428297757501951e-06
2.437500000000000e-01 3.328542724418705e-01 7.707564656561520e-06
2.468750000000000e-01 3.390919169289667e-01 2.109243308331611e-06
2.500000000000000e-01 3.454123492128958e-01 4.489590728173321e-06
2.531250000000000e-01 3.518171123993401e-01 1.193405435739069e-06
2.562500000000000e-01 3.583077701830001e-01 8.406467817400602e-06
2.593750000000000e-01 3.648859072293631e-01 9.771125643819079e-07
2.625000000000000e-01 3.715531295615936e-01 7.396235383972949e-06
2.656250000000000e-01 3.783110649526354e-01 2.303295285580200e-06
2.687500000000000e-01 3.851613633226258e-01 7.812293001710905e-06
2.718750000000000e-01 3.921056971417164e-01 5.552976761660145e-06
2.750000000000000e-01 3.991457618383991e-01 8.950964327243294e-06
2.781250000000000e-01 4.062832762134377e-01 4.644091506192930e-06
2.812500000000000e-01 4.135199828595055e-01 8.639290987909381e-06
2.843750000000000e-01 4.208576485866312e-01 4.503419160390462e-06
2.875000000000000e-01 4.282980648535585e-01 8.745787564756905e-06
2.906250000000000e-01 4.358430482051222e-01 5.578836976852507e-06
2.937500000000000e-01 4.434944407157500e-01 9.123776943658634e-06
2.968750000000000e-01 4.512541104391968e-01 5.402700033506862e-06
3.000000000000000e-01 4.591239518646220e-01 9.488319328071304e-06
3.031250000000000e-01 4.671058863791195e-01 6.957291697821921e-06
3.062500000000000e-01 4.752018627368176e-01 1.038931950648186e-05
3.093750000000000e-01 4.834138575346580e-01 6.995596513670079e-06
3.125000000000000e-01 4.917438756949728e-01 1.134512409396100e-05
3.156250000000000e-01 5.001939509549778e-01 7.675601411811401e-06
3.187500000000000e-01 5.087661463633005e-01 1.060275051608460e-05
3.218750000000000e-01 5.174625547836644e-01 8.329035318781058e-06
3.250000000000000e-01 5.262852994058529e-01 1.117459971961944e-05
3.281250000000000e-01 5.352365342640750e-01 8.677636567763506e-06
3.312500000000000e-01 5.443184447628656e-01 1.187190230133768e-05
3.343750000000000e-01 5.535332482106405e-01 9.753367550555914e-06
3.375000000000000e-01 5.628831943610435e-01 1.135244825931074e-05
3.406250000000000e-01 5.723705659622137e-01 1.056084989811965e-05
3.437500000000000e-01 5.819976793141081e-01 1.179734367142237e-05
3.468750000000000e-01 5.917668848340161e-01 1.077180728680247e-05
3.500000000000000e-01 6.016805676304035e-01 1.351434531002036e-05
3.531250000000000e-01 6.117411480852264e-01 1.182251644619964e-05
3.562500000000000e-01 6.219510824448572e-01 1.352147736964442e-05
3.593750000000000e-01 6.323128634197650e-01 1.180622189477168e-05
3.625000000000000e-01 6.428290207931012e-01 1.389452925384091e-05
3.656250000000000e-01 6.535021220383342e-01 1.159185948186169e-05
3.687500000000000e-01 6.643347729460869e-01 1.483004620692980e-05
3.718750000000000e-01 6.753296182603294e-01 1.355093480023143e-05
3.750000000000000e-01 6.864893423240808e-01 1.563428884783936e-05
3.781250000000000e-01 6.978166697347804e-01 1.360049554412364e-05
3.812500000000000e-01 7.093143660094854e-01 1.541344527123243e-05
3.843750000000000e-01 7.209852382600603e-01 1.474729041791314e-05
3.875000000000000e-01 7.328321358785219e-01 1.586317404325932e-05
3.906250000000000e-01 7.448579512327029e-01 1.540152765371330e-05
3.937500000000000e-01 7.570656203724140e-01 1.627917375062075e-05
3.968750000000000e-01 7.694581237462648e-01 1.633582094351110e-05
4.000000000000000e-01 7.820384869293291e-01 1.761289212831147e-05
4.031250000000000e-01 7.948097813618253e-01 1.682290354922786e-05
4.062500000000000e-01 8.077751250989945e-01 1.840001885317812e-05
4.093750000000000e-01 8.209376835723596e-01 1.705408506361260e-05
4.125000000000000e-01 8.343006703625532e-01 1.902383320379251e-05
4.156250000000000e-01 8.478673479838968e-01 1.794479992338571e-05
4.187500000000000e-01 8.616410286809313e-01 1.984097113225245e-05
4.218750000000000e-01 8.756250752370857e-01 1.924075772266749e-05
4.250000000000000e-01 8.898229017956865e-01 2.042774452392977e-05
4.281250000000000e-01 9.042379746935050e-01 2.011404172709972e-05
4.312500000000000e-01 9.188738133070491e-01 2.085455775624053e-05
4.343750000000000e-01 9.337339909118028e-01 2.093185497780607e-05
4.375000000000000e-01 9.488221355546261e-01 2.206537273648520e-05
4.406250000000000e-01 9.641419309395265e-01 2.193099396904842e-05
4.437500000000000e-01 9.796971173270190e-01 2.329828742908591e-05
4.468750000000000e-01 9.954914924472941e-01 2.262203012262204e-05
4.500000000000000e-01 1.011528912427417e+00 2.388082617436715e-05
4.531250000000000e-01 1.027813292732786e+00 2.374905549030541e-05
4.562500000000000e-01 1.044348609123070e+00 2.504975183670023e-05
4.593750000000000e-01 1.061138898622882e+00 2.512616174253241e-05
4.625000000000000e-01 1.078188260507393e+00 2.622406114566468e-05
4.656250000000000e-01 1.095500857303154e+00 2.589258643897181e-05
4.687500000000000e-01 1.113080915804360e+00 2.717092349462508e-05
4.718750000000000e-01 1.130932728104805e+00 2.738530276212959e-05
4.750000000000000e-01 1.149060652645771e+00 2.852614805637136e-05
4.781250000000000e-01 1.167469115280130e+00 2.869781878573047e-05
4.812500000000000e-01 1.186162610352890e+00 2.951476346908014e-05
4.843750000000000e-01 1.205145701798475e+00 2.985141504719062e-05
4.875000000000000e-01 1.224423024254985e+00 3.154518711212650e-05
4.906250000000000e-01 1.243999284195726e+00 3.135046824984458e-05
4.937500000000000e-01 1.263879261078271e+00 3.229235216937793e-05
4.968750000000000e-01 1.284067808511348e+00 3.315508759874345e-05
5.000000000000000e-01 1.304569855439823e+00 3.429582589256665e-05
5.031250000000000e-01 1.325390407348082e+00 3.446789368794611e-05
5.062500000000000e-01 1.346534547482100e+00 3.593288313987677e-05
5.093750000000000e-01 1.368007438090487e+00 3.634223454407203e-05
5.125000000000001e-01 1.389814321684837e+00 3.768252094912496e-05
5.156250000000000e-01 1.411960522319654e+00 3.832397986820436e-05
5.187500000000000e-01 1.434451446892208e+00 3.950432373063644e-05
5.218750000000000e-01 1.457292586462593e+00 4.042148594817919e-05
5.250000000000000e-01 1.480489517594354e+00 4.169711906183116e-05
5.281250000000001e-01 1.504047903715979e+00 4.242944007499714e-05
5.312500000000000e-01 1.527973496503592e+00 4.412976472352200e-05
5.343750000000000e-01 1.552272137285215e+00 4.477847931519819e-05
5.375000000000000e-01 1.576949758466886e+00 4.642772001385479e-05
5.406250000000000e-01 1.602012384981041e+00 4.757186045520282e-05
5.437500000000001e-01 1.627466135757470e+00 4.894515303819145e-05
5.468750000000000e-01 1.653317225217225e+00 5.033074328277032e-05
5.500000000000000e-01 1.679571964789851e+00 5.205895070503978e-05
5.531250000000000e-01 1.706236764454286e+00 5.318030284618786e-05
5.562500000000000e-01 1.733318134303830e+00 5.528420998818154e-05
5.593750000000001e-01 1.760822686135563e+00 5.665984054695943e-05
5.625000000000000e-01 1.788757135064574e+00 5.855297943883478e-05
5.656250000000000e-01 1.817128301163438e+00 6.039305662162683e-05
5.687500000000000e-01 1.845943111127301e+00 6.249101393573325e-05
5.718750000000000e-01 1.875208599965003e+00 6.425684697642582e-05
5.750000000000001e-01 1.904931912716643e+00 6.675822565025316e-05
5.781250000000000e-01 1.935120306198011e+00 6.885302670075883e-05
5.812500000000000e-01 1.965781150772311e+00 7.130976277422385e-05
5.843750000000000e-01 1.996921932149593e+00 7.372882933259017e-05
5.875000000000000e-01 2.028550253214365e+00 7.672330805717464e-05
5.906250000000001e-01 2.060673835881802e+00 7.917526190068151e-05
5.937500000000000e-01 2.093300522983012e+00 8.229006056363129e-05
5.968750000000000e-01 2.126438280179837e+00 8.563610502923370e-05
6.000000000000001e-01 2.160095197909630e+00 8.893001791035319e-05
6.031250000000000e-01 2.194279493360494e+00 9.206315924802106e-05
6.062500000000001e-01 2.228999512477486e+00 9.654922430530081e-05
6.093750000000000e-01 2.264263732000228e+00 1.004045739072700e-04
6.125000000000000e-01 2.300080761532477e+00 1.041249411706698e-04
6.156250000000001e-01 2.336459345644116e+00 1.091491669596854e-04
6.187500000000000e-01 2.373408366006099e+00 1.147806008878751e-04
6.218750000000001e-01 2.410936843558884e+00 1.187597601537704e-04
6.250000000000000e-01 2.449053940714840e+00 1.244188130108577e-04
6.281250000000000e-01 2.487768963595221e+00 1.319722301245106e-04
6.312500000000001e-01 2.527091364302215e+00 1.378446047939508e-04
6.343750000000000e-01 2.567030743226622e+00 1.428853165434708e-04
6.375000000000001e-01 2.607596851391758e+00 1.524445666428516e-04
6.406250000000000e-01 2.648799592834118e+00 1.622766266580034e-04
6.437500000000000e-01 2.690649027021411e+00 1.679916089176105e-04
6.468750000000001e-01 2.733155371308524e+00 1.761725212396369e-04
6.500000000000000e-01 2.776329003432049e+00 1.915831909163937e-04
6.531250000000001e-01 2.820180464043967e+00 2.035831271267476e-04
6.562500000000000e-01 2.864720459285089e+00 2.093186722378267e-04
6.593750000000000e-01 2.909959863398929e+00 2.228136435359458e-04
6.625000000000001e-01 2.955909721386590e+00 2.472995096201709e-04
6.656250000000000e-01 3.002581251703353e+00 2.635166374767602e-04
6.687500000000001e-01 3.049985848997626e+00 2.685440911056846e-04
6.718750000000000e-01 3.098135086892879e+00 2.873662052972039e-04
6.750000000000000e-01 3.147040720813310e+00 3.278707924409902e-04
6.781250000000001e-01 3.196714690853871e+00 3.577903840525011e-04
6.812500000000000e-01 3.247169124695383e+00 3.604236611945447e-04
6.843750000000001e-01 3.298416340565477e+00 3.735933790799232e-04
6.875000000000000e-01 3.350468850246008e+00 4.347402531161981e-04
6.906250000000000e-01 3.403339362127777e+00 5.087520404242212e-04
6.937500000000001e-01 3.457040784313211e+00 5.286442148364709e-04
6.968750000000000e-01 3.511586227767823e+00 5.022620097449191e-04
7.000000000000001e-01 3.566989009521205e+00 5.255690085382949e-04
7.031250000000000e-01 3.623262655918307e+00 6.551648029583529e-04
7.062500000000000e-01 3.680420905921852e+00 8.037246751765505e-04
7.093750000000001e-01 3.738477714466631e+00 8.097403055440190e-04
7.125000000000000e-01 3.797447255866536e+00 6.280159763202553e-04
7.156250000000001e-01 3.857343927275175e+00 4.188131652194183e-04
7.187500000000000e-01 3.918182352200844e+00 4.100044644403064e-04
7.218750000000000e-01 3.979977384076828e+00 6.304901669198920e-04
7.250000000000001e-01 4.042744109887770e+00 7.538109253333520e-04
7.281250000000000e-01 4.106497853853101e+00 1.967606922112872e-04
7.312500000000001e-01 4.171254181168399e+00 -1.579505323798499e-03
7.343750000000000e-01 4.237028901805528e+00 -4.766496543290428e-03
7.375000000000000e-01 4.303838074372613e+00 -9.079073752576959e-03
7.406250000000001e-01 4.371698010034643e+00 -1.384733592285641e-02
7.437500000000000e-01 4.440625276495786e+00 -1.825752012330626e-02
7.468750000000001e-01 4.510636702044332e+00 -2.159910826733046e-02
7.500000000000000e-01 4.581749379661216e+00 -2.343452620243132e-02
7.531250000000000e-01 4.653980671193226e+00 -2.364010987283294e-02
7.562500000000001e-01 4.727348211591802e+00 -2.235801827377757e-02
7.593750000000000e-01 4.801869913218528e+00 -1.989753256045584e-02
7.625000000000001e-01 4.877563970218381e+00 -1.663415490274027e-02
7.656250000000000e-01 4.954448862961714e+00 -1.293499156172612e-02
7.687500000000000e-01 5.032543362556198e+00 -9.109141808638959e-03
7.718750000000001e-01 5.111866535429675e+00 -5.392294058818915e-03
7.750000000000000e-01 5.192437747985146e+00 -1.941799335572014e-03
7.781250000000001e-01 5.274276671329015e+00 1.148899870475556e-03
7.812500000000000e-01 5.357403286073669e+00 3.839728753544805e-03
7.843750000000000e-01 5.441837887215693e+00 6.125313441871096e-03
7.875000000000001e-01 5.527601089090773e+00 8.025325564275496e-03
7.906250000000000e-01 5.614713830406605e+00 9.571035252431274e-03
7.937500000000001e-01 5.703197379355005e+00 1.080046129873438e-02
7.968750000000000e-01 5.793073338804412e+00 1.175110856773978e-02
8.000000000000000e-01 5.884363651574169e+00 1.245906600445511e-02
8.031250000000001e-01 5.977090605791737e+00 1.295543602181907e-02
8.062500000000000e-01 6.071276840334257e+00 1.326641245677074e-02
8.093750000000001e-01 6.166945350355728e+00 1.341153815718187e-02
8.125000000000000e-01 6.264119492901173e+00 1.340489233162083e-02
8.156250000000000e-01 6.362822992609162e+00 1.325561159022200e-02
8.187500000000001e-01 6.463079947504072e+00 1.296900701006023e-02
8.218750000000000e-01 6.564914834879517e+00 1.254553167057123e-02
8.250000000000001e-01 6.668352517274371e+00 1.197878629175994e-02
8.281250000000000e-01 6.773418248542846e+00 1.125381087660225e-02
8.312500000000000e-01 6.880137680020114e+00 1.034870782245307e-02
8.343750000000001e-01 6.988536866784961e+00 9.240954371293750e-03
8.375000000000000e-01 7.098642274021019e+00 7.917541568630237e-03
8.406250000000001e-01 7.210480783478133e+00 6.385529868438245e-03
8.437500000000000e-01 7.324079700035414e+00 4.679001752158741e-03
8.468750000000000e-01 7.439466758367605e+00 2.859752532947681e-03
8.500000000000001e-01 7.556670129716381e+00 1.011607733510661e-03
8.531250000000000e-01 7.675718428768239e+00 -7.696079005831684e-04
8.562500000000001e-01 7.796640720640633e+00 -2.387661379676095e-03
8.593750000000000e-01 7.919466527978115e+00 -3.756833275310606e-03
8.625000000000000e-01 8.044225838160141e+00 -4.810986388104530e-03
8.656250000000001e-01 8.170949110622363e+00 -5.510292991945803e-03
8.687500000000000e-01 8.299667284293170e+00 -5.845212811142228e-03
8.718750000000001e-01 8.430411785147284e+00 -5.837118612017916e-03
8.750000000000000e-01 8.563214533878281e+00 -5.535029739505859e-03
8.781250000000000e-01 8.698107953691880e+00 -5.008508250385669e-03
8.812500000000001e-01 8.835124978221932e+00 -4.337725943683775e-03
8.843750000000000e-01 8.974299059571019e+00 -3.602561416545885e-03
8.875000000000001e-01 9.115664176477637e+00 -2.872897733985017e-03
8.906250000000000e-01 9.259254842611947e+00 -2.201904766000118e-03
8.937500000000000e-01 9.405106115002161e+00 -1.623180991881006e-03
8.968750000000001e-01 9.553253602593529e+00 -1.151577169336011e-03
9.000000000000000e-01 9.703733474942130e+00 -7.867062857981763e-04
9.031250000000001e-01 9.856582471045494e+00 -5.177754589638571e-04
9.062500000000000e-01 1.001183790831228e+01 -3.284595727617927e-04
9.093750000000000e-01 1.016953769167313e+01 -2.009215424218690e-04
9.125000000000001e-01 1.032972032283505e+01 -1.185658990955008e-04
9.156250000000000e-01 1.049242490968134e+01 -6.752422010026982e-05
9.187500000000001e-01 1.065769117581972e+01 -3.712764375245581e-05
9.218750000000000e-01 1.082555947028058e+01 -1.971691452286937e-05
9.250000000000000e-01 1.099607077736805e+01 -1.011682959050721e-05
9.281250000000001e-01 1.116926672666618e+01 -5.017283636078147e-06
9.312500000000000e-01 1.134518960320255e+01 -2.405809769473697e-06
9.343750000000001e-01 1.152388235777201e+01 -1.115750363623840e-06
9.375000000000000e-01 1.170538861742293e+01 -5.006403272152912e-07
9.406250000000000e-01 1.188975269610854e+01 -2.174067165100826e-07
9.437500000000001e-01 1.207701960550600e+01 -9.139853947542317e-08
9.468750000000000e-01 1.226723506600578e+01 -3.720927993783963e-08
9.500000000000001e-01 1.246044551787411e+01 -1.467342120982964e-08
9.531250000000000e-01 1.265669813259115e+01 -5.606579952342591e-09
9.562500000000000e-01 1.285604082436773e+01 -2.076183509561863e-09
9.593750000000001e-01 1.305852226184337e+01 -7.453245091544133e-10
9.625000000000000e-01 1.326419187996850e+01 -2.594444119231543e-10
9.656250000000001e-01 1.347309989207381e+01 -8.759238872281403e-11
9.687500000000000e-01 1.368529730212962e+01 -2.868878337432137e-11
9.718750000000000e-01 1.390083591719824e+01 -9.117568073967813e-12
9.750000000000001e-01 1.411976836008246e+01 -2.812298276322362e-12
9.781250000000000e-01 1.434214808217320e+01 -8.420747825625543e-13
9.812500000000001e-01 1.456802937649935e+01 -2.448135329702647e-13
9.843750000000000e-01 1.479746739098328e+01 -6.911974737619459e-14
9.875000000000000e-01 1.503051814190487e+01 -1.895506386911240e-14
9.906250000000001e-01 1.526723852757770e+01 -5.051277397741318e-15
9.937500000000000e-01 1.550768634224049e+01 -1.302675161905758e-15
9.968750000000001e-01 1.575192029016732e+01 -3.446431937546277e-16
1.000000000000000e+00 1.600000000000000e+01 -1.150708923324332e-17
