0.000000000000000e+00 0.000000000000000e+00 0.000000000000000e+00
3.125000000000000e-03 3.369263549427258e-03 -2.671043691140133e-03
6.250000000000000e-03 6.739349689698711e-03 -4.128033169828109e-04
9.375000000000001e-03 1.011108121249049e-02 -1.485719770019644e-04
1.250000000000000e-02 1.348528131119160e-02 1.177490675613511e-04
1.562500000000000e-02 1.686277378188298e-02 -8.004672972897219e-05
1.875000000000000e-02 2.024438322446370e-02 3.199598564580048e-05
2.187500000000000e-02 2.363093524397333e-02 -7.383122084160093e-05
2.500000000000000e-02 2.702325665215984e-02 2.391351948018080e-05
2.812500000000000e-02 3.042217566934200e-02 -3.314070175735897e-05
3.125000000000000e-02 3.382852212661575e-02 7.443800993891781e-06
3.437500000000000e-02 3.724312766845378e-02 2.934495806852693e-05
3.750000000000001e-02 4.066682595574785e-02 1.100589971408451e-05
4.062500000000000e-02 4.410045286934348e-02 1.929956005018947e-05
4.375000000000000e-02 4.754484671411652e-02 1.322071246707018e-05
4.687500000000000e-02 5.100084842364160e-02 -2.043339353048911e-05
5.000000000000000e-02 5.446930176550237e-02 -5.086331920562351e-06
5.312500000000001e-02 5.795105354729364e-02 1.145428987275832e-05
5.625000000000000e-02 6.144695382336569e-02 -1.041271138204441e-06
5.937500000000000e-02 6.495785610236132e-02 -5.089068917866629e-06
6.250000000000000e-02 6.848461755559625e-02 -1.184442304266555e-05
6.562500000000000e-02 7.202809922633362e-02 1.015205987713277e-05
6.875000000000001e-02 7.558916624000402e-02 -3.042496508240000e-05
7.187500000000001e-02 7.916868801542200e-02 2.032906168868344e-05
7.500000000000001e-02 8.276753847705080e-02 6.061340804759701e-06
7.812500000000000e-02 8.638659626836727e-02 6.877832308837610e-06
8.125000000000000e-02 9.002674496637868e-02 1.870080196092125e-06
8.437500000000001e-02 9.368887329734420e-02 4.122343977268055e-06
8.750000000000001e-02 9.737387535375355e-02 -1.288895084230308e-05
9.062500000000001e-02 1.010826508126157e-01 6.172907979523504e-06
9.375000000000000e-02 1.048161051551108e-01 -1.798129006728569e-05
9.687500000000000e-02 1.085751498876601e-01 -3.241808740379031e-06
1.000000000000000e-01 1.123607027644654e-01 -2.163986609563827e-06
1.031250000000000e-01 1.161736880115753e-01 -1.902768987140745e-06
1.062500000000000e-01 1.200150365525305e-01 -2.243773072604059e-05
1.093750000000000e-01 1.238856862356450e-01 -1.092854358326771e-06
1.125000000000000e-01 1.277865820629775e-01 -2.877610382642854e-06
1.156250000000000e-01 1.317186764210495e-01 5.671729154090135e-06
1.187500000000000e-01 1.356829293133661e-01 3.669202158547484e-06
1.218750000000000e-01 1.396803085947971e-01 -2.772813578344618e-07
1.250000000000000e-01 1.437117902078738e-01 -3.410910901320662e-06
1.281250000000000e-01 1.477783584210617e-01 4.043676316210633e-06
1.312500000000000e-01 1.518810060690650e-01 -6.065346909268228e-06
1.343750000000000e-01 1.560207347952229e-01 7.398179181172672e-06
1.375000000000000e-01 1.601985552960564e-01 -3.409012135932843e-06
1.406250000000000e-01 1.644154875680252e-01 -8.167041158239156e-07
1.437500000000000e-01 1.686725611565558e-01 5.640802809553716e-06
1.468750000000000e-01 1.729708154074000e-01 -2.331860942021123e-06
1.500000000000000e-01 1.773112997203869e-01 1.027085411676203e-06
1.531250000000000e-01 1.816950738056289e-01 4.170701832999531e-06
1.562500000000000e-01 1.861232079422458e-01 8.126988581146079e-06
1.593750000000000e-01 1.905967832396682e-01 -7.011781654017552e-07
1.625000000000000e-01 1.951168919015860e-01 6.287918242862213e-06
1.656250000000000e-01 1.996846374926046e-01 -7.762334073158068e-07
1.687500000000000e-01 2.043011352076760e-01 6.081902024388147e-06
1.718750000000000e-01 2.089675121443681e-01 -5.430688011224791e-06
1.750000000000000e-01 2.136849075780412e-01 3.228857771076581e-06
1.781250000000000e-01 2.184544732399964e-01 -1.864814594283412e-06
1.812500000000000e-01 2.232773735986666e-01 -9.738127148478603e-08
1.843750000000000e-01 2.281547861439151e-01 -4.602683017032227e-06
1.875000000000000e-01 2.330879016745160e-01 -1.713121267458123e-06
1.906250000000000e-01 2.380779245888810e-01 -5.779771983398227e-06
1.937500000000000e-01 2.431260731791094e-01 2.589940583306394e-06
1.968750000000000e-01 2.482335799284277e-01 -4.161304744203501e-07
2.000000000000000e-01 2.534016918120952e-01 -7.754575638630209e-07
2.031250000000000e-01 2.586316706018478e-01 -1.909595857155771e-06
2.062500000000000e-01 2.639247931739538e-01 5.594479012997272e-06
2.093750000000000e-01 2.692823518209576e-01 -9.408580634304069e-07
2.125000000000000e-01 2.747056545671873e-01 6.120530117483125e-06
2.156250000000000e-01 2.801960254881028e-01 -1.154575240485355e-06
2.187500000000000e-01 2.857548050335636e-01 -2.388738167005909e-06
2.218750000000000e-01 2.913833503550930e-01 4.954977651878702e-07
2.250000000000000e-01 2.970830356372213e-01 3.273317738102443e-06
2.281250000000000e-01 3.028552524329863e-01 5.624844642450219e-06
2.312500000000000e-01 3.087014100036755e-01 1.317092541462363e-06
2.343750000000000e-01 3.146229356628902e-01 2.340362134266722e-06
2.375000000000000e-01 3.206212751250189e-01 -4.563042050966418e-07
2.406250000000000e-01 3.266978928582008e-01 3.151682420178812e-06
2.437500000000000e-01 3.328542724418705e-01 -1.993319393929233e-06
2.468750000000000e-01 3.390919169289667e-01 3.237468176653573e-07
2.500000000000000e-01 3.454123492128958e-01 1.862653979405604e-06
2.531250000000000e-01 3.518171123993401e-01 -1.751716688292706e-06
2.562500000000000e-01 3.583077701830001e-01 -2.066480143633998e-06
2.593750000000000e-01 3.648859072293631e-01 4.013784354698306e-06
2.625000000000000e-01 3.715531295615936e-01 -5.089842958076926e-07
2.656250000000000e-01 3.783110649526354e-01 9.331037545951111e-07
2.687500000000000e-01 3.851613633226258e-01 -1.574266487325626e-06
2.718750000000000e-01 3.921056971417164e-01 2.625359287265114e-06
2.750000000000000e-01 3.991457618383991e-01 2.353511548571300e-06
2.781250000000000e-01 4.062832762134377e-01 2.683483212281066e-06
2.812500000000000e-01 4.135199828595055e-01 1.642962609452157e-06
2.843750000000000e-01 4.208576485866312e-01 1.479092574680132e-06
2.875000000000000e-01 4.282980648535585e-01 3.289616262851438e-06
2.906250000000000e-01 4.358430482051222e-01 5.720763085465308e-07
2.937500000000000e-01 4.434944407157500e-01 2.424022947181535e-06
2.968750000000000e-01 4.512541104391968e-01 1.605473107715910e-06
3.000000000000000e-01 4.591239518646220e-01 -4.784642587358385e-07
3.031250000000000e-01 4.671058863791195e-01 -3.679665676731529e-08
3.062500000000000e-01 4.752018627368176e-01 2.368625031345475e-06
3.093750000000000e-01 4.834138575346580e-01 5.243721290593597e-07
3.125000000000000e-01 4.917438756949728e-01 2.799558047942438e-06
3.156250000000000e-01 5.001939509549778e-01 -5.711302426221654e-07
3.187500000000000e-01 5.087661463633005e-01 2.115794570937792e-06
3.218750000000000e-01 5.174625547836644e-01 1.809921879384809e-06
3.250000000000000e-01 5.262852994058529e-01 2.179584675271396e-06
3.281250000000000e-01 5.352365342640750e-01 2.775993405033192e-06
3.312500000000000e-01 5.443184447628656e-01 2.605886786120553e-06
3.343750000000000e-01 5.535332482106405e-01 1.077658796515630e-06
3.375000000000000e-01 5.628831943610435e-01 1.095730907965670e-06
3.406250000000000e-01 5.723705659622137e-01 1.622789953997769e-06
3.437500000000000e-01 5.819976793141081e-01 1.517761838525329e-06
3.468750000000000e-01 5.917668848340161e-01 2.462174085057637e-06
3.500000000000000e-01 6.016805676304035e-01 1.996278287016326e-06
3.531250000000000e-01 6.117411480852264e-01 1.728438486903780e-06
3.562500000000000e-01 6.219510824448572e-01 6.829383814516111e-07
3.593750000000000e-01 6.323128634197650e-01 3.518611834196779e-06
3.625000000000000e-01 6.428290207931012e-01 1.928135847453452e-06
3.656250000000000e-01 6.535021220383342e-01 1.621662412371378e-06
3.687500000000000e-01 6.643347729460869e-01 2.218444131753306e-06
3.718750000000000e-01 6.753296182603294e-01 2.522695021369119e-06
3.750000000000000e-01 6.864893423240808e-01 2.259154218571742e-06
3.781250000000000e-01 6.978166697347804e-01 2.483531643575709e-06
3.812500000000000e-01 7.093143660094854e-01 2.792151437675776e-06
3.843750000000000e-01 7.209852382600603e-01 1.977022118042407e-06
3.875000000000000e-01 7.328321358785219e-01 2.873072552689477e-06
3.906250000000000e-01 7.448579512327029e-01 1.761468929518113e-06
3.937500000000000e-01 7.570656203724140e-01 1.972090964435228e-06
3.968750000000000e-01 7.694581237462648e-01 2.302056481449550e-06
4.000000000000000e-01 7.820384869293291e-01 2.493164048678184e-06
4.031250000000000e-01 7.948097813618253e-01 2.643346743236216e-06
4.062500000000000e-01 8.077751250989945e-01 3.838897700824622e-06
4.093750000000000e-01 8.209376835723596e-01 3.110920698456237e-06
4.125000000000000e-01 8.343006703625532e-01 2.636827524749099e-06
4.156250000000000e-01 8.478673479838968e-01 2.561242398367760e-06
4.187500000000000e-01 8.616410286809313e-01 2.412340567777438e-06
4.218750000000000e-01 8.756250752370857e-01 2.267781784297844e-06
4.250000000000000e-01 8.898229017956865e-01 3.365453380798117e-06
4.281250000000000e-01 9.042379746935050e-01 4.065438013589259e-06
4.312500000000000e-01 9.188738133070491e-01 2.796147476830641e-06
4.343750000000000e-01 9.337339909118028e-01 3.136957184820852e-06
4.375000000000000e-01 9.488221355546261e-01 3.034054345922940e-06
4.406250000000000e-01 9.641419309395265e-01 3.893924448473658e-06
4.437500000000000e-01 9.796971173270190e-01 2.928161192676564e-06
4.468750000000000e-01 9.954914924472941e-01 3.066912652972459e-06
4.500000000000000e-01 1.011528912427417e+00 3.500492537938135e-06
4.531250000000000e-01 1.027813292732786e+00 3.337621925176293e-06
4.562500000000000e-01 1.044348609123070e+00 4.559427420203571e-06
4.593750000000000e-01 1.061138898622882e+00 3.311563604250775e-06
4.625000000000000e-01 1.078188260507393e+00 4.397235167994510e-06
4.656250000000000e-01 1.095500857303154e+00 3.455431750821263e-06
4.687500000000000e-01 1.113080915804360e+00 3.638179949734349e-06
4.718750000000000e-01 1.130932728104805e+00 4.301260970009891e-06
4.750000000000000e-01 1.149060652645771e+00 3.514153659445807e-06
4.781250000000000e-01 1.167469115280130e+00 5.090779653258893e-06
4.812500000000000e-01 1.186162610352890e+00 3.918212762401897e-06
4.843750000000000e-01 1.205145701798475e+00 4.573188898492102e-06
4.875000000000000e-01 1.224423024254985e+00 4.385005983421294e-06
4.906250000000000e-01 1.243999284195726e+00 3.878318737098553e-06
4.937500000000000e-01 1.263879261078271e+00 5.391774675447610e-06
4.968750000000000e-01 1.284067808511348e+00 4.236459947880443e-06
5.000000000000000e-01 1.304569855439823e+00 5.598675710700796e-06
5.031250000000000e-01 1.325390407348082e+00 4.895548536841342e-06
5.062500000000000e-01 1.346534547482100e+00 4.321305098094375e-06
5.093750000000000e-01 1.368007438090487e+00 5.949592361568234e-06
5.125000000000001e-01 1.389814321684837e+00 4.397271756973383e-06
5.156250000000000e-01 1.411960522319654e+00 6.162120312119512e-06
5.187500000000000e-01 1.434451446892208e+00 5.903842888252482e-06
5.218750000000000e-01 1.457292586462593e+00 4.569018014570834e-06
5.250000000000000e-01 1.480489517594354e+00 6.803224206590060e-06
5.281250000000001e-01 1.504047903715979e+00 5.049881994757734e-06
5.312500000000000e-01 1.527973496503592e+00 6.492552758151113e-06
5.343750000000000e-01 1.552272137285215e+00 6.952293274150939e-06
5.375000000000000e-01 1.576949758466886e+00 4.809801436611066e-06
5.406250000000000e-01 1.602012384981041e+00 7.709325977732751e-06
5.437500000000001e-01 1.627466135757470e+00 6.384296146236156e-06
5.468750000000000e-01 1.653317225217225e+00 6.649708197252244e-06
5.500000000000000e-01 1.679571964789851e+00 7.709985864329626e-06
5.531250000000000e-01 1.706236764454286e+00 5.736487850118336e-06
5.562500000000000e-01 1.733318134303830e+00 8.987807529064759e-06
5.593750000000001e-01 1.760822686135563e+00 6.940888885330279e-06
5.625000000000000e-01 1.788757135064574e+00 6.841445139255839e-06
5.656250000000000e-01 1.817128301163438e+00 1.002019147690972e-05
5.687500000000000e-01 1.845943111127301e+00 6.100175123550877e-06
5.718750000000000e-01 1.875208599965003e+00 9.360091582256695e-06
5.750000000000001e-01 1.904931912716643e+00 9.529375221943160e-06
5.781250000000000e-01 1.935120306198011e+00 6.451679244065549e-06
5.812500000000000e-01 1.965781150772311e+00 1.178721771340185e-05
5.843750000000000e-01 1.996921932149593e+00 8.188241145320557e-06
5.875000000000000e-01 2.028550253214365e+00 8.438011300848825e-06
5.906250000000001e-01 2.060673835881802e+00 1.308987698806106e-05
5.937500000000000e-01 2.093300522983012e+00 7.153245649733156e-06
5.968750000000000e-01 2.126438280179837e+00 1.139407114765074e-05
6.000000000000001e-01 2.160095197909630e+00 1.320781031887262e-05
6.031250000000000e-01 2.194279493360494e+00 7.112095009046458e-06
6.062500000000001e-01 2.228999512477486e+00 1.452661285299821e-05
6.093750000000000e-01 2.264263732000228e+00 1.268403917821723e-05
6.125000000000000e-01 2.300080761532477e+00 8.113805775350916e-06
6.156250000000001e-01 2.336459345644116e+00 1.738203268532529e-05
6.187500000000000e-01 2.373408366006099e+00 1.215270500386433e-05
6.218750000000001e-01 2.410936843558884e+00 9.729969032535107e-06
6.250000000000000e-01 2.449053940714840e+00 2.005373081128699e-05
6.281250000000000e-01 2.487768963595221e+00 1.203887254513178e-05
6.312500000000001e-01 2.527091364302215e+00 1.150131408363850e-05
6.343750000000000e-01 2.567030743226622e+00 2.287332386192267e-05
6.375000000000001e-01 2.607596851391758e+00 1.257548031741443e-05
6.406250000000000e-01 2.648799592834118e+00 1.288437958198001e-05
6.437500000000000e-01 2.690649027021411e+00 2.622381628004222e-05
6.468750000000001e-01 2.733155371308524e+00 1.410092532826141e-05
6.500000000000000e-01 2.776329003432049e+00 1.343786353319142e-05
6.531250000000001e-01 2.820180464043967e+00 3.028298335850469e-05
6.562500000000000e-01 2.864720459285089e+00 1.737323936211117e-05
6.593750000000000e-01 2.909959863398929e+00 1.261000125450669e-05
6.625000000000001e-01 2.955909721386590e+00 3.448728802066240e-05
6.656250000000000e-01 3.002581251703353e+00 2.386174828359690e-05
6.687500000000001e-01 3.049985848997626e+00 1.054555083485533e-05
6.718750000000000e-01 3.098135086892879e+00 3.683503999827684e-05
6.750000000000000e-01 3.147040720813310e+00 3.540852975036049e-05
6.781250000000001e-01 3.196714690853871e+00 9.506631690293821e-06
6.812500000000000e-01 3.247169124695383e+00 3.325828723671962e-05
6.843750000000001e-01 3.298416340565477e+00 5.172606296066894e-05
6.875000000000000e-01 3.350468850246008e+00 1.667962459995582e-05
6.906250000000000e-01 3.403339362127777e+00 2.044677343641396e-05
6.937500000000001e-01 3.457040784313211e+00 6.440754798000582e-05
6.968750000000000e-01 3.511586227767823e+00 4.272875527650392e-05
7.000000000000001e-01 3.566989009521205e+00 6.815350080720623e-06
7.031250000000000e-01 3.623262655918307e+00 5.374628678598705e-05
7.062500000000000e-01 3.680420905921852e+00 8.465873191224665e-05
7.093750000000001e-01 3.738477714466631e+00 2.552655191986430e-05
7.125000000000000e-01 3.797447255866536e+00 1.344986572223350e-05
7.156250000000001e-01 3.857343927275175e+00 9.480398485222367e-05
7.187500000000000e-01 3.918182352200844e+00 1.020465466851126e-04
7.218750000000000e-01 3.979977384076828e+00 1.277680201718914e-05
7.250000000000001e-01 4.042744109887770e+00 2.234818987447919e-05
7.281250000000000e-01 4.106497853853101e+00 1.406189612519478e-04
7.312500000000001e-01 4.171254181168399e+00 1.425994727421476e-04
7.343750000000000e-01 4.237028901805528e+00 1.169755141740609e-05
7.375000000000000e-01 4.303838074372613e+00 6.601541362664123e-06
7.406250000000001e-01 4.371698010034643e+00 1.815526261131972e-04
7.437500000000000e-01 4.440625276495786e+00 2.476726111944512e-04
7.468750000000001e-01 4.510636702044332e+00 6.987260584101550e-05
7.500000000000000e-01 4.581749379661216e+00 -5.820471930970600e-05
7.531250000000000e-01 4.653980671193226e+00 1.303403054152237e-04
7.562500000000001e-01 4.727348211591802e+00 4.110542798251461e-04
7.593750000000000e-01 4.801869913218528e+00 3.613085422232354e-04
7.625000000000001e-01 4.877563970218381e+00 2.788112841761559e-06
7.656250000000000e-01 4.954448862961714e+00 -1.577260166116443e-04
7.687500000000000e-01 5.032543362556198e+00 2.139753876128918e-04
7.718750000000001e-01 5.111866535429675e+00 7.891648013941824e-04
7.750000000000000e-01 5.192437747985146e+00 8.991391367225635e-04
7.781250000000001e-01 5.274276671329015e+00 3.056845933494112e-04
7.812500000000000e-01 5.357403286073669e+00 -4.536576966750952e-04
7.843750000000000e-01 5.441837887215693e+00 -5.187297891054063e-04
7.875000000000001e-01 5.527601089090773e+00 4.920670703987828e-04
7.906250000000000e-01 5.614713830406605e+00 2.061228480960618e-03
7.937500000000001e-01 5.703197379355005e+00 3.049983535985819e-03
7.968750000000000e-01 5.793073338804412e+00 2.401004172790097e-03
8.000000000000000e-01 5.884363651574169e+00 -2.594672879950097e-04
8.031250000000001e-01 5.977090605791737e+00 -4.464543860120265e-03
8.062500000000000e-01 6.071276840334257e+00 -9.186355728327780e-03
8.093750000000001e-01 6.166945350355728e+00 -1.330416409006060e-02
8.125000000000000e-01 6.264119492901173e+00 -1.599348700024407e-02
8.156250000000000e-01 6.362822992609162e+00 -1.689971150806551e-02
8.187500000000001e-01 6.463079947504072e+00 -1.610509008854988e-02
8.218750000000000e-01 6.564914834879517e+00 -1.397888570271664e-02
8.250000000000001e-01 6.668352517274371e+00 -1.100498353144504e-02
8.281250000000000e-01 6.773418248542846e+00 -7.647460010043079e-03
8.312500000000000e-01 6.880137680020114e+00 -4.275477195322046e-03
8.343750000000001e-01 6.988536866784961e+00 -1.140467378334525e-03
8.375000000000000e-01 7.098642274021019e+00 1.614347046554943e-03
8.406250000000001e-01 7.210480783478133e+00 3.930965381894538e-03
8.437500000000000e-01 7.324079700035414e+00 5.810825434997898e-03
8.468750000000000e-01 7.439466758367605e+00 7.289549722687153e-03
8.500000000000001e-01 7.556670129716381e+00 8.414899768308136e-03
8.531250000000000e-01 7.675718428768239e+00 9.232565627720374e-03
8.562500000000001e-01 7.796640720640633e+00 9.782468891902908e-03
8.593750000000000e-01 7.919466527978115e+00 1.010176658357758e-02
8.625000000000000e-01 8.044225838160141e+00 1.022592745696274e-02
8.656250000000001e-01 8.170949110622363e+00 1.018184698584751e-02
8.687500000000000e-01 8.299667284293170e+00 9.975994891698580e-03
8.718750000000001e-01 8.430411785147284e+00 9.587101767307003e-03
8.750000000000000e-01 8.563214533878281e+00 8.971794272867177e-03
8.781250000000000e-01 8.698107953691880e+00 8.083267209428990e-03
8.812500000000001e-01 8.835124978221932e+00 6.895237579289697e-03
8.843750000000000e-01 8.974299059571019e+00 5.421087061746917e-03
8.875000000000001e-01 9.115664176477637e+00 3.721773353554845e-03
8.906250000000000e-01 9.259254842611947e+00 1.901509334542429e-03
8.937500000000000e-01 9.405106115002161e+00 9.379917550298434e-05
8.968750000000001e-01 9.553253602593529e+00 -1.558597146842212e-03
9.000000000000000e-01 9.703733474942130e+00 -2.926217255812264e-03
9.031250000000001e-01 9.856582471045494e+00 -3.914065496583138e-03
9.062500000000000e-01 1.001183790831228e+01 -4.476973605243343e-03
9.093750000000000e-01 1.016953769167313e+01 -4.625237818919178e-03
9.125000000000001e-01 1.032972032283505e+01 -4.418857922056872e-03
9.156250000000000e-01 1.049242490968134e+01 -3.952052458840387e-03
9.187500000000001e-01 1.065769117581972e+01 -3.332649514372280e-03
9.218750000000000e-01 1.082555947028058e+01 -2.662098058020143e-03
9.250000000000000e-01 1.099607077736805e+01 -2.020848515843571e-03
9.281250000000001e-01 1.116926672666618e+01 -1.461411192766248e-03
9.312500000000000e-01 1.134518960320255e+01 -1.008728653240696e-03
9.343750000000001e-01 1.152388235777201e+01 -6.656261935450711e-04
9.375000000000000e-01 1.170538861742293e+01 -4.204674851866328e-04
9.406250000000000e-01 1.188975269610854e+01 -2.545658821344471e-04
9.437500000000001e-01 1.207701960550600e+01 -1.478762731051509e-04
9.468750000000000e-01 1.226723506600578e+01 -8.249890849699325e-05
9.500000000000001e-01 1.246044551787411e+01 -4.424192706656730e-05
9.531250000000000e-01 1.265669813259115e+01 -2.282496359375580e-05
9.562500000000000e-01 1.285604082436773e+01 -1.133715349555950e-05
9.593750000000001e-01 1.305852226184337e+01 -5.425256765868565e-06
9.625000000000000e-01 1.326419187996850e+01 -2.502896027816618e-06
9.656250000000001e-01 1.347309989207381e+01 -1.113876601925689e-06
9.687500000000000e-01 1.368529730212962e+01 -4.784671002242716e-07
9.718750000000000e-01 1.390083591719824e+01 -1.984823035464922e-07
9.750000000000001e-01 1.411976836008246e+01 -7.955483227822357e-08
9.781250000000000e-01 1.434214808217320e+01 -3.082438151736077e-08
9.812500000000001e-01 1.456802937649935e+01 -1.155051295126881e-08
9.843750000000000e-01 1.479746739098328e+01 -4.187713309321873e-09
9.875000000000000e-01 1.503051814190487e+01 -1.469481619458575e-09
9.906250000000001e-01 1.526723852757770e+01 -4.995815628852496e-10
9.937500000000000e-01 1.550768634224049e+01 -1.635845856139437e-10
9.968750000000001e-01 1.575192029016732e+01 -5.442623314720026e-11
1.000000000000000e+00 1.600000000000000e+01 -9.252610779841958e-12
