0.000000000000000e+00 0.000000000000000e+00 0.000000000000000e+00
3.125000000000000e-03 3.369263549427258e-03 -2.795318733549033e-03
6.250000000000000e-03 6.739349689698711e-03 -3.995585603755921e-04
9.375000000000001e-03 1.011108121249049e-02 -1.376369273134293e-04
1.250000000000000e-02 1.348528131119160e-02 9.415607648163550e-05
1.562500000000000e-02 1.686277378188298e-02 -6.638437013480068e-05
1.875000000000000e-02 2.024438322446370e-02 -8.678962104907168e-05
2.187500000000000e-02 2.363093524397333e-02 -3.682351554458736e-05
2.500000000000000e-02 2.702325665215984e-02 -3.795795147171376e-05
2.812500000000000e-02 3.042217566934200e-02 -1.709451023614456e-05
3.125000000000000e-02 3.382852212661575e-02 3.696392586451128e-05
3.437500000000000e-02 3.724312766845378e-02 1.077262747339827e-05
3.750000000000001e-02 4.066682595574785e-02 -1.508128972368926e-06
4.062500000000000e-02 4.410045286934348e-02 3.148271507162025e-05
4.375000000000000e-02 4.754484671411652e-02 1.889969196032505e-05
4.687500000000000e-02 5.100084842364160e-02 4.223522145491169e-05
5.000000000000000e-02 5.446930176550237e-02 1.862068771326234e-05
5.312500000000001e-02 5.795105354729364e-02 3.753621500663863e-05
5.625000000000000e-02 6.144695382336569e-02 1.993973532766177e-05
5.937500000000000e-02 6.495785610236132e-02 4.284137120770535e-05
6.250000000000000e-02 6.848461755559625e-02 4.254701936554262e-05
6.562500000000000e-02 7.202809922633362e-02 1.180875133149039e-05
6.875000000000001e-02 7.558916624000402e-02 1.675852482626031e-05
7.187500000000001e-02 7.916868801542200e-02 4.369697739602400e-05
7.500000000000001e-02 8.276753847705080e-02 4.186892434376708e-05
7.812500000000000e-02 8.638659626836727e-02 4.566043238511528e-05
8.125000000000000e-02 9.002674496637868e-02 5.639882805900918e-05
8.437500000000001e-02 9.368887329734420e-02 4.858143632618048e-05
8.750000000000001e-02 9.737387535375355e-02 5.890592343442343e-05
9.062500000000001e-02 1.010826508126157e-01 3.656875767979859e-05
9.375000000000000e-02 1.048161051551108e-01 7.025311169058201e-05
9.687500000000000e-02 1.085751498876601e-01 5.322663395081675e-05
1.000000000000000e-01 1.123607027644654e-01 6.479724288729382e-05
1.031250000000000e-01 1.161736880115753e-01 5.903364290108091e-05
1.062500000000000e-01 1.200150365525305e-01 6.053938199712513e-05
1.093750000000000e-01 1.238856862356450e-01 5.199633568266852e-05
1.125000000000000e-01 1.277865820629775e-01 6.978352849167526e-05
1.156250000000000e-01 1.317186764210495e-01 6.532770695215282e-05
1.187500000000000e-01 1.356829293133661e-01 6.361615189370633e-05
1.218750000000000e-01 1.396803085947971e-01 7.010873584806477e-05
1.250000000000000e-01 1.437117902078738e-01 8.407736131209296e-05
1.281250000000000e-01 1.477783584210617e-01 8.462647127646195e-05
1.312500000000000e-01 1.518810060690650e-01 7.607288494285187e-05
1.343750000000000e-01 1.560207347952229e-01 8.751068057941746e-05
1.375000000000000e-01 1.601985552960564e-01 8.284873029573907e-05
1.406250000000000e-01 1.644154875680252e-01 8.831900562331081e-05
1.437500000000000e-01 1.686725611565558e-01 8.221753308491306e-05
1.468750000000000e-01 1.729708154074000e-01 8.889054363328974e-05
1.500000000000000e-01 1.773112997203869e-01 8.762997412284831e-05
1.531250000000000e-01 1.816950738056289e-01 9.917874305861865e-05
1.562500000000000e-01 1.861232079422458e-01 1.000648287197894e-04
1.593750000000000e-01 1.905967832396682e-01 1.010461531149087e-04
1.625000000000000e-01 1.951168919015860e-01 1.038008985257082e-04
1.656250000000000e-01 1.996846374926046e-01 1.061329952968848e-04
1.687500000000000e-01 2.043011352076760e-01 1.116124691907053e-04
1.718750000000000e-01 2.089675121443681e-01 1.114929962925050e-04
1.750000000000000e-01 2.136849075780412e-01 1.207587359526730e-04
1.781250000000000e-01 2.184544732399964e-01 1.075923180069037e-04
1.812500000000000e-01 2.232773735986666e-01 1.139329717499546e-04
1.843750000000000e-01 2.281547861439151e-01 1.213858754040750e-04
1.875000000000000e-01 2.330879016745160e-01 1.285385185244829e-04
1.906250000000000e-01 2.380779245888810e-01 1.223871661214237e-04
1.937500000000000e-01 2.431260731791094e-01 1.316641711224819e-04
1.968750000000000e-01 2.482335799284277e-01 1.358375935421860e-04
2.000000000000000e-01 2.534016918120952e-01 1.350793459559142e-04
2.031250000000000e-01 2.586316706018478e-01 1.398092197758679e-04
2.062500000000000e-01 2.639247931739538e-01 1.386625997976930e-04
2.093750000000000e-01 2.692823518209576e-01 1.441212508970652e-04
2.125000000000000e-01 2.747056545671873e-01 1.476678153046147e-04
2.156250000000000e-01 2.801960254881028e-01 1.523357975310627e-04
2.187500000000000e-01 2.857548050335636e-01 1.520913750833992e-04
2.218750000000000e-01 2.913833503550930e-01 1.592938353929049e-04
2.250000000000000e-01 2.970830356372213e-01 1.591679086175979e-04
2.281250000000000e-01 3.028552524329863e-01 1.627109740033068e-04
2.312500000000000e-01 3.087014100036755e-01 1.696220745037425e-04
2.343750000000000e-01 3.146229356628902e-01 1.708687052043310e-04
2.375000000000000e-01 3.206212751250189e-01 1.755002266978988e-04
2.406250000000000e-01 3.266978928582008e-01 1.765836149226477e-04
2.437500000000000e-01 3.328542724418705e-01 1.820255691772386e-04
2.468750000000000e-01 3.390919169289667e-01 1.825354003339029e-04
2.500000000000000e-01 3.454123492128958e-01 1.874685314232996e-04
2.531250000000000e-01 3.518171123993401e-01 1.937226697410871e-04
2.562500000000000e-01 3.583077701830001e-01 1.991037310922506e-04
2.593750000000000e-01 3.648859072293631e-01 2.013272124215779e-04
2.625000000000000e-01 3.715531295615936e-01 2.035011605944343e-04
2.656250000000000e-01 3.783110649526354e-01 2.083655450981867e-04
2.687500000000000e-01 3.851613633226258e-01 2.132106286317910e-04
2.718750000000000e-01 3.921056971417164e-01 2.171247547726446e-04
2.750000000000000e-01 3.991457618383991e-01 2.212071900353859e-04
2.781250000000000e-01 4.062832762134377e-01 2.264763088540967e-04
2.812500000000000e-01 4.135199828595055e-01 2.316704475857032e-04
2.843750000000000e-01 4.208576485866312e-01 2.356767891803706e-04
2.875000000000000e-01 4.282980648535585e-01 2.396015426080607e-04
2.906250000000000e-01 4.358430482051222e-01 2.445352776873705e-04
2.937500000000000e-01 4.434944407157500e-01 2.485032093267748e-04
2.968750000000000e-01 4.512541104391968e-01 2.553736968743559e-04
3.000000000000000e-01 4.591239518646220e-01 2.603690905211859e-04
3.031250000000000e-01 4.671058863791195e-01 2.658054476699476e-04
3.062500000000000e-01 4.752018627368176e-01 2.721089952039970e-04
3.093750000000000e-01 4.834138575346580e-01 2.748490372616726e-04
3.125000000000000e-01 4.917438756949728e-01 2.824666868893901e-04
3.156250000000000e-01 5.001939509549778e-01 2.865004184817414e-04
3.187500000000000e-01 5.087661463633005e-01 2.940438487949978e-04
3.218750000000000e-01 5.174625547836644e-01 3.003236381421074e-04
3.250000000000000e-01 5.262852994058529e-01 3.051545340561284e-04
3.281250000000000e-01 5.352365342640750e-01 3.128073215322846e-04
3.312500000000000e-01 5.443184447628656e-01 3.166402083642891e-04
3.343750000000000e-01 5.535332482106405e-01 3.259747269566090e-04
3.375000000000000e-01 5.628831943610435e-01 3.325708107883381e-04
3.406250000000000e-01 5.723705659622137e-01 3.388537100390724e-04
3.437500000000000e-01 5.819976793141081e-01 3.474520651808701e-04
3.468750000000000e-01 5.917668848340161e-01 3.517886833334638e-04
3.500000000000000e-01 6.016805676304035e-01 3.609779113395118e-04
3.531250000000000e-01 6.117411480852264e-01 3.692897299123306e-04
3.562500000000000e-01 6.219510824448572e-01 3.769897345370495e-04
3.593750000000000e-01 6.323128634197650e-01 3.851144398911036e-04
3.625000000000000e-01 6.428290207931012e-01 3.927297724647458e-04
3.656250000000000e-01 6.535021220383342e-01 4.017296939851019e-04
3.687500000000000e-01 6.643347729460869e-01 4.115029652572762e-04
3.718750000000000e-01 6.753296182603294e-01 4.203415083263081e-04
3.750000000000000e-01 6.864893423240808e-01 4.276478795077160e-04
3.781250000000000e-01 6.978166697347804e-01 4.394864990824661e-04
3.812500000000000e-01 7.093143660094854e-01 4.502458446183861e-04
3.843750000000000e-01 7.209852382600603e-01 4.580846325693620e-04
3.875000000000000e-01 7.328321358785219e-01 4.698600004435873e-04
3.906250000000000e-01 7.448579512327029e-01 4.806686400099196e-04
3.937500000000000e-01 7.570656203724140e-01 4.919910973192269e-04
3.968750000000000e-01 7.694581237462648e-01 5.033858049985354e-04
4.000000000000000e-01 7.820384869293291e-01 5.149931083804622e-04
4.031250000000000e-01 7.948097813618253e-01 5.280646037910808e-04
4.062500000000000e-01 8.077751250989945e-01 5.399568056203143e-04
4.093750000000000e-01 8.209376835723596e-01 5.535412189818620e-04
4.125000000000000e-01 8.343006703625532e-01 5.671508476319910e-04
4.156250000000000e-01 8.478673479838968e-01 5.805914738392109e-04
4.187500000000000e-01 8.616410286809313e-01 5.958104347837778e-04
4.218750000000000e-01 8.756250752370857e-01 6.099661781066516e-04
4.250000000000000e-01 8.898229017956865e-01 6.257485619020243e-04
4.281250000000000e-01 9.042379746935050e-01 6.417149695998349e-04
4.312500000000000e-01 9.188738133070491e-01 6.576055197114460e-04
4.343750000000000e-01 9.337339909118028e-01 6.752433133475784e-04
4.375000000000000e-01 9.488221355546261e-01 6.922041637240739e-04
4.406250000000000e-01 9.641419309395265e-01 7.103766161791890e-04
4.437500000000000e-01 9.796971173270190e-01 7.293552975962812e-04
4.468750000000000e-01 9.954914924472941e-01 7.478654113225575e-04
4.500000000000000e-01 1.011528912427417e+00 7.682445850696368e-04
4.531250000000000e-01 1.027813292732786e+00 7.882480801107944e-04
4.562500000000000e-01 1.044348609123070e+00 8.089070607366697e-04
4.593750000000000e-01 1.061138898622882e+00 8.308477017305951e-04
4.625000000000000e-01 1.078188260507393e+00 8.521646420787565e-04
4.656250000000000e-01 1.095500857303154e+00 8.747885912779608e-04
4.687500000000000e-01 1.113080915804360e+00 8.977680520256136e-04
4.718750000000000e-01 1.130932728104805e+00 9.202680173031156e-04
4.750000000000000e-01 1.149060652645771e+00 9.441154262746425e-04
4.781250000000000e-01 1.167469115280130e+00 9.672530874290946e-04
4.812500000000000e-01 1.186162610352890e+00 9.902640369769140e-04
4.843750000000000e-01 1.205145701798475e+00 1.013770052168230e-03
4.875000000000000e-01 1.224423024254985e+00 1.035752040808563e-03
4.906250000000000e-01 1.243999284195726e+00 1.057274703916320e-03
4.937500000000000e-01 1.263879261078271e+00 1.077862690031006e-03
4.968750000000000e-01 1.284067808511348e+00 1.095662355265619e-03
5.000000000000000e-01 1.304569855439823e+00 1.111803142783228e-03
5.031250000000000e-01 1.325390407348082e+00 1.124611254087276e-03
5.062500000000000e-01 1.346534547482100e+00 1.132550514681010e-03
5.093750000000000e-01 1.368007438090487e+00 1.136002373579736e-03
5.125000000000001e-01 1.389814321684837e+00 1.132353477040255e-03
5.156250000000000e-01 1.411960522319654e+00 1.119616137222600e-03
5.187500000000000e-01 1.434451446892208e+00 1.097107072136759e-03
5.218750000000000e-01 1.457292586462593e+00 1.060878507458709e-03
5.250000000000000e-01 1.480489517594354e+00 1.007858716038907e-03
5.281250000000001e-01 1.504047903715979e+00 9.353639357107900e-04
5.312500000000000e-01 1.527973496503592e+00 8.375417070942414e-04
5.343750000000000e-01 1.552272137285215e+00 7.088407266270630e-04
5.375000000000000e-01 1.576949758466886e+00 5.434447460923428e-04
5.406250000000000e-01 1.602012384981041e+00 3.319200914506874e-04
5.437500000000001e-01 1.627466135757470e+00 6.453476211449376e-05
5.468750000000000e-01 1.653317225217225e+00 -2.695821229938426e-04
5.500000000000000e-01 1.679571964789851e+00 -6.858357643057276e-04
5.531250000000000e-01 1.706236764454286e+00 -1.201367060313606e-03
5.562500000000000e-01 1.733318134303830e+00 -1.834848422303066e-03
5.593750000000001e-01 1.760822686135563e+00 -2.610218615196765e-03
5.625000000000000e-01 1.788757135064574e+00 -3.555055678268857e-03
5.656250000000000e-01 1.817128301163438e+00 -4.698949098719749e-03
5.687500000000000e-01 1.845943111127301e+00 -6.075793846224082e-03
5.718750000000000e-01 1.875208599965003e+00 -7.722067633804668e-03
5.750000000000001e-01 1.904931912716643e+00 -9.673249256399733e-03
5.781250000000000e-01 1.935120306198011e+00 -1.196293307173701e-02
5.812500000000000e-01 1.965781150772311e+00 -1.461811888132170e-02
5.843750000000000e-01 1.996921932149593e+00 -1.764814871252747e-02
5.875000000000000e-01 2.028550253214365e+00 -2.103437057525621e-02
5.906250000000001e-01 2.060673835881802e+00 -2.472083685555821e-02
5.937500000000000e-01 2.093300522983012e+00 -2.860426581916627e-02
5.968750000000000e-01 2.126438280179837e+00 -3.253073782336930e-02
6.000000000000001e-01 2.160095197909630e+00 -3.630499412340939e-02
6.031250000000000e-01 2.194279493360494e+00 -3.970874725805502e-02
6.062500000000001e-01 2.228999512477486e+00 -4.252330758957430e-02
6.093750000000000e-01 2.264263732000228e+00 -4.455839758060048e-02
6.125000000000000e-01 2.300080761532477e+00 -4.567547460899332e-02
6.156250000000001e-01 2.336459345644116e+00 -4.580291699292451e-02
6.187500000000000e-01 2.373408366006099e+00 -4.493672434097248e-02
6.218750000000001e-01 2.410936843558884e+00 -4.313539318721055e-02
6.250000000000000e-01 2.449053940714840e+00 -4.050733764581408e-02
6.281250000000000e-01 2.487768963595221e+00 -3.719336455264175e-02
6.312500000000001e-01 2.527091364302215e+00 -3.334969160147845e-02
6.343750000000000e-01 2.567030743226622e+00 -2.913392033535395e-02
6.375000000000001e-01 2.607596851391758e+00 -2.469601489212034e-02
6.406250000000000e-01 2.648799592834118e+00 -2.017028918228265e-02
6.437500000000000e-01 2.690649027021411e+00 -1.567096003644648e-02
6.468750000000001e-01 2.733155371308524e+00 -1.129074908319192e-02
6.500000000000000e-01 2.776329003432049e+00 -7.102114029556123e-03
6.531250000000001e-01 2.820180464043967e+00 -3.158797632671963e-03
6.562500000000000e-01 2.864720459285089e+00 5.027858903527029e-04
6.593750000000000e-01 2.909959863398929e+00 3.861180892314525e-03
6.625000000000001e-01 2.955909721386590e+00 6.907081217378807e-03
6.656250000000000e-01 3.002581251703353e+00 9.640217631147759e-03
6.687500000000001e-01 3.049985848997626e+00 1.206732862963775e-02
6.718750000000000e-01 3.098135086892879e+00 1.420052276981745e-02
6.750000000000000e-01 3.147040720813310e+00 1.605595737548169e-02
6.781250000000001e-01 3.196714690853871e+00 1.765200876048348e-02
6.812500000000000e-01 3.247169124695383e+00 1.900790392732921e-02
6.843750000000001e-01 3.298416340565477e+00 2.014282110210950e-02
6.875000000000000e-01 3.350468850246008e+00 2.107545252620791e-02
6.906250000000000e-01 3.403339362127777e+00 2.182372563922062e-02
6.937500000000001e-01 3.457040784313211e+00 2.240461839748070e-02
6.968750000000000e-01 3.511586227767823e+00 2.283372642033105e-02
7.000000000000001e-01 3.566989009521205e+00 2.312500551759116e-02
7.031250000000000e-01 3.623262655918307e+00 2.329073941322726e-02
7.062500000000000e-01 3.680420905921852e+00 2.334142906296168e-02
7.093750000000001e-01 3.738477714466631e+00 2.328600855147261e-02
7.125000000000000e-01 3.797447255866536e+00 2.313188726086377e-02
7.156250000000001e-01 3.857343927275175e+00 2.288495492139033e-02
7.187500000000000e-01 3.918182352200844e+00 2.254972305965977e-02
7.218750000000000e-01 3.979977384076828e+00 2.212916624440194e-02
7.250000000000001e-01 4.042744109887770e+00 2.162489371248201e-02
7.281250000000000e-01 4.106497853853101e+00 2.103702032431991e-02
7.312500000000001e-01 4.171254181168399e+00 2.036430986208822e-02
7.343750000000000e-01 4.237028901805528e+00 1.960415763490016e-02
7.375000000000000e-01 4.303838074372613e+00 1.875274104179415e-02
7.406250000000001e-01 4.371698010034643e+00 1.780514941151771e-02
7.437500000000000e-01 4.440625276495786e+00 1.675564915923143e-02
7.468750000000001e-01 4.510636702044332e+00 1.559807566364572e-02
7.500000000000000e-01 4.581749379661216e+00 1.432649245480869e-02
7.531250000000000e-01 4.653980671193226e+00 1.293621831401473e-02
7.562500000000001e-01 4.727348211591802e+00 1.142530441287343e-02
7.593750000000000e-01 4.801869913218528e+00 9.796400676642572e-03
7.625000000000001e-01 4.877563970218381e+00 8.058770885344171e-03
7.656250000000000e-01 4.954448862961714e+00 6.230042902170922e-03
7.687500000000000e-01 5.032543362556198e+00 4.337209707662068e-03
7.718750000000001e-01 5.111866535429675e+00 2.416476698085422e-03
7.750000000000000e-01 5.192437747985146e+00 5.117755710335367e-04
7.781250000000001e-01 5.274276671329015e+00 -1.327933828339734e-03
7.812500000000000e-01 5.357403286073669e+00 -3.052175584537366e-03
7.843750000000000e-01 5.441837887215693e+00 -4.612725179741115e-03
7.875000000000001e-01 5.527601089090773e+00 -5.967076314561087e-03
7.906250000000000e-01 5.614713830406605e+00 -7.081200727811441e-03
7.937500000000001e-01 5.703197379355005e+00 -7.931422019062811e-03
7.968750000000000e-01 5.793073338804412e+00 -8.505436908667703e-03
8.000000000000000e-01 5.884363651574169e+00 -8.802639178014170e-03
8.031250000000001e-01 5.977090605791737e+00 -8.833905392834801e-03
8.062500000000000e-01 6.071276840334257e+00 -8.620916803644262e-03
8.093750000000001e-01 6.166945350355728e+00 -8.194986387347081e-03
8.125000000000000e-01 6.264119492901173e+00 -7.595305252407732e-03
8.156250000000000e-01 6.362822992609162e+00 -6.866559677777049e-03
8.187500000000001e-01 6.463079947504072e+00 -6.055992653942531e-03
8.218750000000000e-01 6.564914834879517e+00 -5.210144287607046e-03
8.250000000000001e-01 6.668352517274371e+00 -4.371638322805352e-03
8.281250000000000e-01 6.773418248542846e+00 -3.576432696614750e-03
8.312500000000000e-01 6.880137680020114e+00 -2.851897744259190e-03
8.343750000000001e-01 6.988536866784961e+00 -2.215941359168000e-03
8.375000000000000e-01 7.098642274021019e+00 -1.677209489415300e-03
8.406250000000001e-01 7.210480783478133e+00 -1.236206390895613e-03
8.437500000000000e-01 7.324079700035414e+00 -8.870470589518117e-04
8.468750000000000e-01 7.439466758367605e+00 -6.194982096903497e-04
8.500000000000001e-01 7.556670129716381e+00 -4.209839025562983e-04
8.531250000000000e-01 7.675718428768239e+00 -2.783080925059856e-04
8.562500000000001e-01 7.796640720640633e+00 -1.789502548860248e-04
8.593750000000000e-01 7.919466527978115e+00 -1.118933527063886e-04
8.625000000000000e-01 8.044225838160141e+00 -6.802505553365898e-05
8.656250000000001e-01 8.170949110622363e+00 -4.020322636826539e-05
8.687500000000000e-01 8.299667284293170e+00 -2.309523054943194e-05
8.718750000000001e-01 8.430411785147284e+00 -1.289442804686743e-05
8.750000000000000e-01 8.563214533878281e+00 -6.996098714229089e-06
8.781250000000000e-01 8.698107953691880e+00 -3.688466878251644e-06
8.812500000000001e-01 8.835124978221932e+00 -1.889470242495551e-06
8.843750000000000e-01 8.974299059571019e+00 -9.403991860288118e-07
8.875000000000001e-01 9.115664176477637e+00 -4.547174686389259e-07
8.906250000000000e-01 9.259254842611947e+00 -2.136055159471176e-07
8.937500000000000e-01 9.405106115002161e+00 -9.747957906521449e-08
8.968750000000001e-01 9.553253602593529e+00 -4.321539451373143e-08
9.000000000000000e-01 9.703733474942130e+00 -1.861162621713853e-08
9.031250000000001e-01 9.856582471045494e+00 -7.786678654380095e-09
9.062500000000000e-01 1.001183790831228e+01 -3.164803886997955e-09
9.093750000000000e-01 1.016953769167313e+01 -1.249613372481539e-09
9.125000000000001e-01 1.032972032283505e+01 -4.793463393114047e-10
9.156250000000000e-01 1.049242490968134e+01 -1.786410553404574e-10
9.187500000000001e-01 1.065769117581972e+01 -6.468251046154175e-11
9.218750000000000e-01 1.082555947028058e+01 -2.275537477637050e-11
9.250000000000000e-01 1.099607077736805e+01 -7.778438614814583e-12
9.281250000000001e-01 1.116926672666618e+01 -2.583650334100029e-12
9.312500000000000e-01 1.134518960320255e+01 -8.339328551631605e-13
9.343750000000001e-01 1.152388235777201e+01 -2.615827386193633e-13
9.375000000000000e-01 1.170538861742293e+01 -7.974319511123451e-14
9.406250000000000e-01 1.188975269610854e+01 -2.362717463976890e-14
9.437500000000001e-01 1.207701960550600e+01 -6.804428246605034e-15
9.468750000000000e-01 1.226723506600578e+01 -1.904856057983826e-15
9.500000000000001e-01 1.246044551787411e+01 -5.183858689915861e-16
9.531250000000000e-01 1.265669813259115e+01 -1.371497758542930e-16
9.562500000000000e-01 1.285604082436773e+01 -3.527923095465502e-17
9.593750000000001e-01 1.305852226184337e+01 -8.823823408326865e-18
9.625000000000000e-01 1.326419187996850e+01 -2.146052210006379e-18
9.656250000000001e-01 1.347309989207381e+01 -5.075770846466079e-19
9.687500000000000e-01 1.368529730212962e+01 -1.167548075011855e-19
9.718750000000000e-01 1.390083591719824e+01 -2.612111059410459e-20
9.750000000000001e-01 1.411976836008246e+01 -5.684416307196731e-21
9.781250000000000e-01 1.434214808217320e+01 -1.203347129893592e-21
9.812500000000001e-01 1.456802937649935e+01 -2.478222789794630e-22
9.843750000000000e-01 1.479746739098328e+01 -4.965555271561007e-23
9.875000000000000e-01 1.503051814190487e+01 -9.680679027849048e-24
9.906250000000001e-01 1.526723852757770e+01 -1.836617025701279e-24
9.937500000000000e-01 1.550768634224049e+01 -3.383319995567414e-25
9.968750000000001e-01 1.575192029016732e+01 -6.422777265459297e-26
1.000000000000000e+00 1.600000000000000e+01 9.927018474093801e-27
