0.000000000000000e+00 0.000000000000000e+00 0.000000000000000e+00
3.125000000000000e-03 3.369263549427258e-03 -4.979839492167861e-03
6.250000000000000e-03 6.739349689698711e-03 -3.911972663746280e-04
9.375000000000001e-03 1.011108121249049e-02 -5.060642630822149e-04
1.250000000000000e-02 1.348528131119160e-02 8.830932665772418e-05
1.562500000000000e-02 1.686277378188298e-02 -1.962629964072055e-04
1.875000000000000e-02 2.024438322446370e-02 -5.665897014689312e-05
2.187500000000000e-02 2.363093524397333e-02 -5.686394328847756e-05
2.500000000000000e-02 2.702325665215984e-02 -1.169742945840606e-05
2.812500000000000e-02 3.042217566934200e-02 1.325537314450566e-05
3.125000000000000e-02 3.382852212661575e-02 -4.579447915238942e-05
3.437500000000000e-02 3.724312766845378e-02 2.253207411926347e-05
3.750000000000001e-02 4.066682595574785e-02 -7.400814741893184e-05
4.062500000000000e-02 4.410045286934348e-02 5.290882440753228e-05
4.375000000000000e-02 4.754484671411652e-02 -9.815182049788340e-05
4.687500000000000e-02 5.100084842364160e-02 6.375094275474774e-05
5.000000000000000e-02 5.446930176550237e-02 -8.702715448207829e-05
5.312500000000001e-02 5.795105354729364e-02 4.565840870607406e-05
5.625000000000000e-02 6.144695382336569e-02 -9.867572945561683e-05
5.937500000000000e-02 6.495785610236132e-02 6.084428011270200e-05
6.250000000000000e-02 6.848461755559625e-02 -1.080388346554267e-04
6.562500000000000e-02 7.202809922633362e-02 7.416436174507226e-05
6.875000000000001e-02 7.558916624000402e-02 -1.095735001685504e-04
7.187500000000001e-02 7.916868801542200e-02 9.634449928622112e-05
7.500000000000001e-02 8.276753847705080e-02 -9.894399421488257e-05
7.812500000000000e-02 8.638659626836727e-02 8.180614528768261e-05
8.125000000000000e-02 9.002674496637868e-02 -1.058270415639721e-04
8.437500000000001e-02 9.368887329734420e-02 9.660652398916428e-05
8.750000000000001e-02 9.737387535375355e-02 -9.761689032775673e-05
9.062500000000001e-02 1.010826508126157e-01 9.627319112537820e-05
9.375000000000000e-02 1.048161051551108e-01 -1.057894822531896e-04
9.687500000000000e-02 1.085751498876601e-01 9.814164406300442e-05
1.000000000000000e-01 1.123607027644654e-01 -1.093789499647104e-04
1.031250000000000e-01 1.161736880115753e-01 9.330189979849329e-05
1.062500000000000e-01 1.200150365525305e-01 -7.706747919400885e-05
1.093750000000000e-01 1.238856862356450e-01 9.298553801679160e-05
1.125000000000000e-01 1.277865820629775e-01 -8.466676385929817e-05
1.156250000000000e-01 1.317186764210495e-01 8.778171169605130e-05
1.187500000000000e-01 1.356829293133661e-01 -7.203272604923312e-05
1.218750000000000e-01 1.396803085947971e-01 8.173971417306381e-05
1.250000000000000e-01 1.437117902078738e-01 -7.243969874179831e-05
1.281250000000000e-01 1.477783584210617e-01 6.309754561584213e-05
1.312500000000000e-01 1.518810060690650e-01 -6.725747715479901e-05
1.343750000000000e-01 1.560207347952229e-01 6.616908523794613e-05
1.375000000000000e-01 1.601985552960564e-01 -4.355804341021654e-05
1.406250000000000e-01 1.644154875680252e-01 5.077526061691785e-05
1.437500000000000e-01 1.686725611565558e-01 -3.228368656920186e-05
1.468750000000000e-01 1.729708154074000e-01 3.879089134584897e-05
1.500000000000000e-01 1.773112997203869e-01 -2.891055563197390e-05
1.531250000000000e-01 1.816950738056289e-01 2.325296994163699e-05
1.562500000000000e-01 1.861232079422458e-01 -1.911161004021135e-05
1.593750000000000e-01 1.905967832396682e-01 1.692827270559858e-05
1.625000000000000e-01 1.951168919015860e-01 -4.786665165180177e-06
1.656250000000000e-01 1.996846374926046e-01 1.037878130818622e-07
1.687500000000000e-01 2.043011352076760e-01 3.354526723395536e-06
1.718750000000000e-01 2.089675121443681e-01 -7.940698473737135e-06
1.750000000000000e-01 2.136849075780412e-01 1.588448910502728e-05
1.781250000000000e-01 2.184544732399964e-01 -2.108648887431699e-05
1.812500000000000e-01 2.232773735986666e-01 2.017007057692806e-05
1.843750000000000e-01 2.281547861439151e-01 -2.861434772141470e-05
1.875000000000000e-01 2.330879016745160e-01 2.685265702444628e-05
1.906250000000000e-01 2.380779245888810e-01 -3.895348996925497e-05
1.937500000000000e-01 2.431260731791094e-01 2.985349075923965e-05
1.968750000000000e-01 2.482335799284277e-01 -3.518488113557684e-05
2.000000000000000e-01 2.534016918120952e-01 4.079864292451945e-05
2.031250000000000e-01 2.586316706018478e-01 -4.088079033454716e-05
2.062500000000000e-01 2.639247931739538e-01 3.901290745224561e-05
2.093750000000000e-01 2.692823518209576e-01 -3.901551854907147e-05
2.125000000000000e-01 2.747056545671873e-01 4.147907695416551e-05
2.156250000000000e-01 2.801960254881028e-01 -3.789931729592164e-05
2.187500000000000e-01 2.857548050335636e-01 3.750920610238904e-05
2.218750000000000e-01 2.913833503550930e-01 -3.687624500848232e-05
2.250000000000000e-01 2.970830356372213e-01 2.953401195383101e-05
2.281250000000000e-01 3.028552524329863e-01 -2.882078811726155e-05
2.312500000000000e-01 3.087014100036755e-01 2.649511214533992e-05
2.343750000000000e-01 3.146229356628902e-01 -2.278061514362387e-05
2.375000000000000e-01 3.206212751250189e-01 2.042661292801108e-05
2.406250000000000e-01 3.266978928582008e-01 -1.175233662742090e-05
2.437500000000000e-01 3.328542724418705e-01 1.019244201032111e-05
2.468750000000000e-01 3.390919169289667e-01 -5.795928908776872e-06
2.500000000000000e-01 3.454123492128958e-01 -7.101037007786598e-07
2.531250000000000e-01 3.518171123993401e-01 4.815081620138397e-06
2.562500000000000e-01 3.583077701830001e-01 -8.479803212556272e-06
2.593750000000000e-01 3.648859072293631e-01 1.114319964705643e-05
2.625000000000000e-01 3.715531295615936e-01 -1.563857208041227e-05
2.656250000000000e-01 3.783110649526354e-01 1.692863646509861e-05
2.687500000000000e-01 3.851613633226258e-01 -2.230208756166019e-05
2.718750000000000e-01 3.921056971417164e-01 2.144305039620154e-05
2.750000000000000e-01 3.991457618383991e-01 -2.627623532486583e-05
2.781250000000000e-01 4.062832762134377e-01 2.795675044641748e-05
2.812500000000000e-01 4.135199828595055e-01 -2.873224144930187e-05
2.843750000000000e-01 4.208576485866312e-01 2.582459504524111e-05
2.875000000000000e-01 4.282980648535585e-01 -2.378763556148042e-05
2.906250000000000e-01 4.358430482051222e-01 2.429247690825585e-05
2.937500000000000e-01 4.434944407157500e-01 -2.012400116339420e-05
2.968750000000000e-01 4.512541104391968e-01 1.959919549808029e-05
3.000000000000000e-01 4.591239518646220e-01 -1.348108224647120e-05
3.031250000000000e-01 4.671058863791195e-01 1.323486286246508e-05
3.062500000000000e-01 4.752018627368176e-01 -7.277305533354824e-06
3.093750000000000e-01 4.834138575346580e-01 4.342148487727082e-06
3.125000000000000e-01 4.917438756949728e-01 1.060223631675611e-06
3.156250000000000e-01 5.001939509549778e-01 -4.291137448985821e-06
3.187500000000000e-01 5.087661463633005e-01 7.915242593121701e-06
3.218750000000000e-01 5.174625547836644e-01 -1.165356360161749e-05
3.250000000000000e-01 5.262852994058529e-01 1.463927191498741e-05
3.281250000000000e-01 5.352365342640750e-01 -1.888629226201744e-05
3.312500000000000e-01 5.443184447628656e-01 1.864457633291733e-05
3.343750000000000e-01 5.535332482106405e-01 -2.169077629359456e-05
3.375000000000000e-01 5.628831943610435e-01 2.062379651905788e-05
3.406250000000000e-01 5.723705659622137e-01 -2.040598428640014e-05
3.437500000000000e-01 5.819976793141081e-01 1.899201545067416e-05
3.468750000000000e-01 5.917668848340161e-01 -1.608571940201736e-05
3.500000000000000e-01 6.016805676304035e-01 1.380534419703612e-05
3.531250000000000e-01 6.117411480852264e-01 -9.510046819466670e-06
3.562500000000000e-01 6.219510824448572e-01 5.816061528386913e-06
3.593750000000000e-01 6.323128634197650e-01 -1.635970422591535e-06
3.625000000000000e-01 6.428290207931012e-01 -7.399119972516654e-08
3.656250000000000e-01 6.535021220383342e-01 6.363341836217790e-06
3.687500000000000e-01 6.643347729460869e-01 -9.665443172867864e-06
3.718750000000000e-01 6.753296182603294e-01 1.264668545258907e-05
3.750000000000000e-01 6.864893423240808e-01 -1.622923134567588e-05
3.781250000000000e-01 6.978166697347804e-01 1.793191489349466e-05
3.812500000000000e-01 7.093143660094854e-01 -1.836155032163521e-05
3.843750000000000e-01 7.209852382600603e-01 1.800809481465750e-05
3.875000000000000e-01 7.328321358785219e-01 -1.506075180031142e-05
3.906250000000000e-01 7.448579512327029e-01 1.314156178635808e-05
3.937500000000000e-01 7.570656203724140e-01 -1.006147541612375e-05
3.968750000000000e-01 7.694581237462648e-01 6.728033043162868e-06
4.000000000000000e-01 7.820384869293291e-01 -1.718439552148486e-06
4.031250000000000e-01 7.948097813618253e-01 -2.146893338161869e-06
4.062500000000000e-01 8.077751250989945e-01 7.542317143600760e-06
4.093750000000000e-01 8.209376835723596e-01 -1.203010335543900e-05
4.125000000000000e-01 8.343006703625532e-01 1.460676015181387e-05
4.156250000000000e-01 8.478673479838968e-01 -1.614063090723516e-05
4.187500000000000e-01 8.616410286809313e-01 1.804686005019204e-05
4.218750000000000e-01 8.756250752370857e-01 -1.673310682308044e-05
4.250000000000000e-01 8.898229017956865e-01 1.463344581750270e-05
4.281250000000000e-01 9.042379746935050e-01 -1.036821786476583e-05
4.312500000000000e-01 9.188738133070491e-01 6.316454515158196e-06
4.343750000000000e-01 9.337339909118028e-01 -1.139428522427857e-06
4.375000000000000e-01 9.488221355546261e-01 -3.883338935187570e-06
4.406250000000000e-01 9.641419309395265e-01 9.939453225413308e-06
4.437500000000000e-01 9.796971173270190e-01 -1.341674711989447e-05
4.468750000000000e-01 9.954914924472941e-01 1.777627177583597e-05
4.500000000000000e-01 1.011528912427417e+00 -1.776960048156066e-05
4.531250000000000e-01 1.027813292732786e+00 1.731821215490797e-05
4.562500000000000e-01 1.044348609123070e+00 -1.406734713873659e-05
4.593750000000000e-01 1.061138898622882e+00 9.074458795755459e-06
4.625000000000000e-01 1.078188260507393e+00 -3.331268072041334e-06
4.656250000000000e-01 1.095500857303154e+00 -3.045859641045331e-06
4.687500000000000e-01 1.113080915804360e+00 1.076275732765393e-05
4.718750000000000e-01 1.130932728104805e+00 -1.478914647450306e-05
4.750000000000000e-01 1.149060652645771e+00 1.960939995727721e-05
4.781250000000000e-01 1.167469115280130e+00 -1.894558220822156e-05
4.812500000000000e-01 1.186162610352890e+00 1.669500836924049e-05
4.843750000000000e-01 1.205145701798475e+00 -1.182572353867400e-05
4.875000000000000e-01 1.224423024254985e+00 5.447072147669415e-06
4.906250000000000e-01 1.243999284195726e+00 3.891315530769910e-06
4.937500000000000e-01 1.263879261078271e+00 -1.114207389521398e-05
4.968750000000000e-01 1.284067808511348e+00 1.771934689952200e-05
5.000000000000000e-01 1.304569855439823e+00 -1.957411516920291e-05
5.031250000000000e-01 1.325390407348082e+00 2.039625534449015e-05
5.062500000000000e-01 1.346534547482100e+00 -1.511788916078533e-05
5.093750000000000e-01 1.368007438090487e+00 8.125090989784525e-06
5.125000000000001e-01 1.389814321684837e+00 1.683208515398008e-06
5.156250000000000e-01 1.411960522319654e+00 -1.008444383562780e-05
5.187500000000000e-01 1.434451446892208e+00 1.850845455461231e-05
5.218750000000000e-01 1.457292586462593e+00 -2.081523920063147e-05
5.250000000000000e-01 1.480489517594354e+00 2.101539147716153e-05
5.281250000000001e-01 1.504047903715979e+00 -1.432932799076464e-05
5.312500000000000e-01 1.527973496503592e+00 5.744163314541496e-06
5.343750000000000e-01 1.552272137285215e+00 5.968775620911925e-06
5.375000000000000e-01 1.576949758466886e+00 -1.485247206167568e-05
5.406250000000000e-01 1.602012384981041e+00 2.256443781287197e-05
5.437500000000001e-01 1.627466135757470e+00 -2.203154497648102e-05
5.468750000000000e-01 1.653317225217225e+00 1.813817106967018e-05
5.500000000000000e-01 1.679571964789851e+00 -6.746426280747586e-06
5.531250000000000e-01 1.706236764454286e+00 -4.950239883842075e-06
5.562500000000000e-01 1.733318134303830e+00 1.779837901402409e-05
5.593750000000001e-01 1.760822686135563e+00 -2.327018512406492e-05
5.625000000000000e-01 1.788757135064574e+00 2.444816796588851e-05
5.656250000000000e-01 1.817128301163438e+00 -1.509870759000167e-05
5.687500000000000e-01 1.845943111127301e+00 3.151677388477132e-06
5.718750000000000e-01 1.875208599965003e+00 1.254346488116259e-05
5.750000000000001e-01 1.904931912716643e+00 -2.202285009211289e-05
5.781250000000000e-01 1.935120306198011e+00 2.748972000995078e-05
5.812500000000000e-01 1.965781150772311e+00 -1.990351668399861e-05
5.843750000000000e-01 1.996921932149593e+00 7.400567769298108e-06
5.875000000000000e-01 2.028550253214365e+00 1.119824461055423e-05
5.906250000000001e-01 2.060673835881802e+00 -2.321139436789199e-05
5.937500000000000e-01 2.093300522983012e+00 3.009381123023522e-05
5.968750000000000e-01 2.126438280179837e+00 -2.120778417085093e-05
6.000000000000001e-01 2.160095197909630e+00 5.809084120200189e-06
6.031250000000000e-01 2.194279493360494e+00 1.638836014914230e-05
6.062500000000001e-01 2.228999512477486e+00 -2.833669959329886e-05
6.093750000000000e-01 2.264263732000228e+00 3.140748987813114e-05
6.125000000000000e-01 2.300080761532477e+00 -1.589878189586533e-05
6.156250000000001e-01 2.336459345644116e+00 -4.207711051463051e-06
6.187500000000000e-01 2.373408366006099e+00 2.739967482238950e-05
6.218750000000001e-01 2.410936843558884e+00 -3.349189056207244e-05
6.250000000000000e-01 2.449053940714840e+00 2.635186763466255e-05
6.281250000000000e-01 2.487768963595221e+00 1.194169287107593e-07
6.312500000000001e-01 2.527091364302215e+00 -2.343439734828165e-05
6.343750000000000e-01 2.567030743226622e+00 3.927926672458060e-05
6.375000000000001e-01 2.607596851391758e+00 -2.779984987998306e-05
6.406250000000000e-01 2.648799592834118e+00 3.686493493290416e-06
6.437500000000000e-01 2.690649027021411e+00 2.941378717603646e-05
6.468750000000001e-01 2.733155371308524e+00 -4.024886554388050e-05
6.500000000000000e-01 2.776329003432049e+00 3.063635709103026e-05
6.531250000000001e-01 2.820180464043967e+00 6.182742531916642e-06
6.562500000000000e-01 2.864720459285089e+00 -3.516144424773400e-05
6.593750000000000e-01 2.909959863398929e+00 4.696564075744082e-05
6.625000000000001e-01 2.955909721386590e+00 -1.855920618163499e-05
6.656250000000000e-01 3.002581251703353e+00 -1.932323486697425e-05
6.687500000000001e-01 3.049985848997626e+00 5.162736228344681e-05
6.718750000000000e-01 3.098135086892879e+00 -3.794752107671876e-05
6.750000000000000e-01 3.147040720813310e+00 -6.129822446881243e-07
6.781250000000001e-01 3.196714690853871e+00 4.911272495818714e-05
6.812500000000000e-01 3.247169124695383e+00 -5.088853133275934e-05
6.843750000000001e-01 3.298416340565477e+00 1.569312707478544e-05
6.875000000000000e-01 3.350468850246008e+00 4.508996807856637e-05
6.906250000000000e-01 3.403339362127777e+00 -5.968028006567565e-05
6.937500000000001e-01 3.457040784313211e+00 2.710103752234790e-05
6.968750000000000e-01 3.511586227767823e+00 4.451090166063464e-05
7.000000000000001e-01 3.566989009521205e+00 -6.709949188442496e-05
7.031250000000000e-01 3.623262655918307e+00 3.198585743458916e-05
7.062500000000000e-01 3.680420905921852e+00 5.122181435486098e-05
7.093750000000001e-01 3.738477714466631e+00 -7.441341117603412e-05
7.125000000000000e-01 3.797447255866536e+00 2.739948082907442e-05
7.156250000000001e-01 3.857343927275175e+00 6.792640552300019e-05
7.187500000000000e-01 3.918182352200844e+00 -7.877255816279522e-05
7.218750000000000e-01 3.979977384076828e+00 7.764590714428704e-06
7.250000000000001e-01 4.042744109887770e+00 9.389489425281965e-05
7.281250000000000e-01 4.106497853853101e+00 -7.037193687629179e-05
7.312500000000001e-01 4.171254181168399e+00 -3.332681397503616e-05
7.343750000000000e-01 4.237028901805528e+00 1.186134689234807e-04
7.375000000000000e-01 4.303838074372613e+00 -3.106217861624159e-05
7.406250000000001e-01 4.371698010034643e+00 -9.283825414901376e-05
7.437500000000000e-01 4.440625276495786e+00 1.126843154425159e-04
7.468750000000001e-01 4.510636702044332e+00 5.436767114438203e-05
7.500000000000000e-01 4.581749379661216e+00 -1.362329607449032e-04
7.531250000000000e-01 4.653980671193226e+00 3.296589980254480e-05
7.562500000000001e-01 4.727348211591802e+00 1.590974735078160e-04
7.593750000000000e-01 4.801869913218528e+00 -8.476826575952203e-05
7.625000000000001e-01 4.877563970218381e+00 -1.192710080880754e-04
7.656250000000000e-01 4.954448862961714e+00 1.659198395899400e-04
7.687500000000000e-01 5.032543362556198e+00 1.097561117138312e-04
7.718750000000001e-01 5.111866535429675e+00 -1.887744703136225e-04
7.750000000000000e-01 5.192437747985146e+00 -4.973817086053535e-05
7.781250000000001e-01 5.274276671329015e+00 2.581185940711217e-04
7.812500000000000e-01 5.357403286073669e+00 5.796880447368318e-05
7.843750000000000e-01 5.441837887215693e+00 -2.633760790330938e-04
7.875000000000001e-01 5.527601089090773e+00 -1.764016569423269e-05
7.906250000000000e-01 5.614713830406605e+00 3.474903171285539e-04
7.937500000000001e-01 5.703197379355005e+00 9.217166010830949e-05
7.968750000000000e-01 5.793073338804412e+00 -3.438841880879647e-04
8.000000000000000e-01 5.884363651574169e+00 -1.188878332656069e-04
8.031250000000001e-01 5.977090605791737e+00 4.322212842151122e-04
8.062500000000000e-01 6.071276840334257e+00 3.330182588733369e-04
8.093750000000001e-01 6.166945350355728e+00 -3.255687714759409e-04
8.125000000000000e-01 6.264119492901173e+00 -4.659703204869491e-04
8.156250000000000e-01 6.362822992609162e+00 2.374241851592301e-04
8.187500000000001e-01 6.463079947504072e+00 7.789912270827568e-04
8.218750000000000e-01 6.564914834879517e+00 2.930534001547965e-04
8.250000000000001e-01 6.668352517274371e+00 -6.480966037047914e-04
8.281250000000000e-01 6.773418248542846e+00 -7.547269329939566e-04
8.312500000000000e-01 6.880137680020114e+00 2.812454849022751e-04
8.343750000000001e-01 6.988536866784961e+00 1.335608947136265e-03
8.375000000000000e-01 7.098642274021019e+00 1.133933334420106e-03
8.406250000000001e-01 7.210480783478133e+00 -3.102821892433739e-04
8.437500000000000e-01 7.324079700035414e+00 -1.653879608225351e-03
8.468750000000000e-01 7.439466758367605e+00 -1.491332843710589e-03
8.500000000000001e-01 7.556670129716381e+00 3.856818364151634e-04
8.531250000000000e-01 7.675718428768239e+00 2.809928442654960e-03
8.562500000000001e-01 7.796640720640633e+00 4.110062312838110e-03
8.593750000000000e-01 7.919466527978115e+00 3.205582274312839e-03
8.625000000000000e-01 8.044225838160141e+00 1.512819566373892e-04
8.656250000000001e-01 8.170949110622363e+00 -4.056888702045998e-03
8.687500000000000e-01 8.299667284293170e+00 -8.091995419774877e-03
8.718750000000001e-01 8.430411785147284e+00 -1.088231167402134e-02
8.750000000000000e-01 8.563214533878281e+00 -1.191679081096798e-02
8.781250000000000e-01 8.698107953691880e+00 -1.124736632710095e-02
8.812500000000001e-01 8.835124978221932e+00 -9.298444457049060e-03
8.843750000000000e-01 8.974299059571019e+00 -6.623001764689283e-03
8.875000000000001e-01 9.115664176477637e+00 -3.714530011748648e-03
8.906250000000000e-01 9.259254842611947e+00 -9.237174705007315e-04
8.937500000000000e-01 9.405106115002161e+00 1.538122646299143e-03
8.968750000000001e-01 9.553253602593529e+00 3.563473199997363e-03
9.000000000000000e-01 9.703733474942130e+00 5.122941085894702e-03
9.031250000000001e-01 9.856582471045494e+00 6.252523126012409e-03
9.062500000000000e-01 1.001183790831228e+01 7.033672092554899e-03
9.093750000000000e-01 1.016953769167313e+01 7.555620142148589e-03
9.125000000000001e-01 1.032972032283505e+01 7.872677457926905e-03
9.156250000000000e-01 1.049242490968134e+01 7.979089242710985e-03
9.187500000000001e-01 1.065769117581972e+01 7.814515548374276e-03
9.218750000000000e-01 1.082555947028058e+01 7.296298683645831e-03
9.250000000000000e-01 1.099607077736805e+01 6.364141523698168e-03
9.281250000000001e-01 1.116926672666618e+01 5.020541541069914e-03
9.312500000000000e-01 1.134518960320255e+01 3.352951207355466e-03
9.343750000000001e-01 1.152388235777201e+01 1.528684782278517e-03
9.375000000000000e-01 1.170538861742293e+01 -2.380632918199046e-04
9.406250000000000e-01 1.188975269610854e+01 -1.737204127684299e-03
9.437500000000001e-01 1.207701960550600e+01 -2.813833377511365e-03
9.468750000000000e-01 1.226723506600578e+01 -3.401180761835763e-03
9.500000000000001e-01 1.246044551787411e+01 -3.525385422184878e-03
9.531250000000000e-01 1.265669813259115e+01 -3.284125631924536e-03
9.562500000000000e-01 1.285604082436773e+01 -2.810582948674225e-03
9.593750000000001e-01 1.305852226184337e+01 -2.237041948610610e-03
9.625000000000000e-01 1.326419187996850e+01 -1.668902984832065e-03
9.656250000000001e-01 1.347309989207381e+01 -1.173288048807642e-03
9.687500000000000e-01 1.368529730212962e+01 -7.804138173331900e-04
9.718750000000000e-01 1.390083591719824e+01 -4.926527961506907e-04
9.750000000000001e-01 1.411976836008246e+01 -2.959006358927492e-04
9.781250000000000e-01 1.434214808217320e+01 -1.694558760421375e-04
9.812500000000001e-01 1.456802937649935e+01 -9.269254316102462e-05
9.843750000000000e-01 1.479746739098328e+01 -4.851028113449803e-05
9.875000000000000e-01 1.503051814190487e+01 -2.431265062764989e-05
9.906250000000001e-01 1.526723852757770e+01 -1.170566519932890e-05
9.937500000000000e-01 1.550768634224049e+01 -5.371324719359404e-06
9.968750000000001e-01 1.575192029016732e+01 -2.446626196919458e-06
1.000000000000000e+00 1.600000000000000e+01 -9.021179643717750e-07
