0.000000000000000e+00 0.000000000000000e+00 0.000000000000000e+00
3.125000000000000e-03 3.369263549427258e-03 -7.891966399472693e-02
6.250000000000000e-03 6.739349689698711e-03 -3.916903661732641e-03
9.375000000000001e-03 1.011108121249049e-02 -1.460034880083028e-02
1.250000000000000e-02 1.348528131119160e-02 -8.529113610724526e-03
1.562500000000000e-02 1.686277378188298e-02 -1.411250999519368e-02
1.875000000000000e-02 2.024438322446370e-02 -1.338449274199343e-02
2.187500000000000e-02 2.363093524397333e-02 -1.720397473265756e-02
2.500000000000000e-02 2.702325665215984e-02 -1.794317718121054e-02
2.812500000000000e-02 3.042217566934200e-02 -2.117013241093642e-02
3.125000000000000e-02 3.382852212661575e-02 -2.253292078986622e-02
3.437500000000000e-02 3.724312766845378e-02 -2.538172557750511e-02
3.750000000000001e-02 4.066682595574785e-02 -2.707714175989539e-02
4.062500000000000e-02 4.410045286934348e-02 -2.974744377155469e-02
4.375000000000000e-02 4.754484671411652e-02 -3.157316764483990e-02
4.687500000000000e-02 5.100084842364160e-02 -3.414494571897181e-02
5.000000000000000e-02 5.446930176550237e-02 -3.606232178557198e-02
5.312500000000001e-02 5.795105354729364e-02 -3.860485220928041e-02
5.625000000000000e-02 6.144695382336569e-02 -4.058710714001321e-02
5.937500000000000e-02 6.495785610236132e-02 -4.301685694652801e-02
6.250000000000000e-02 6.848461755559625e-02 -4.504831161451382e-02
6.562500000000000e-02 7.202809922633362e-02 -4.745325697233509e-02
6.875000000000001e-02 7.558916624000402e-02 -4.954030919095961e-02
7.187500000000001e-02 7.916868801542200e-02 -5.188463448601580e-02
7.500000000000001e-02 8.276753847705080e-02 -5.398013956545770e-02
7.812500000000000e-02 8.638659626836727e-02 -5.629873654185669e-02
8.125000000000000e-02 9.002674496637868e-02 -5.839681990055818e-02
8.437500000000001e-02 9.368887329734420e-02 -6.070745963695907e-02
8.750000000000001e-02 9.737387535375355e-02 -6.280372459838164e-02
9.062500000000001e-02 1.010826508126157e-01 -6.508040096364683e-02
9.375000000000000e-02 1.048161051551108e-01 -6.717671016581143e-02
9.687500000000000e-02 1.085751498876601e-01 -6.940938362764554e-02
1.000000000000000e-01 1.123607027644654e-01 -7.150311581052644e-02
1.031250000000000e-01 1.161736880115753e-01 -7.371269092919759e-02
1.062500000000000e-01 1.200150365525305e-01 -7.579244799840788e-02
1.093750000000000e-01 1.238856862356450e-01 -7.796520516125474e-02
1.125000000000000e-01 1.277865820629775e-01 -8.001804398304832e-02
1.156250000000000e-01 1.317186764210495e-01 -8.215423238108954e-02
1.187500000000000e-01 1.356829293133661e-01 -8.418123345412400e-02
1.218750000000000e-01 1.396803085947971e-01 -8.627902955931110e-02
1.250000000000000e-01 1.437117902078738e-01 -8.827146848709085e-02
1.281250000000000e-01 1.477783584210617e-01 -9.031206655634220e-02
1.312500000000000e-01 1.518810060690650e-01 -9.225758841871101e-02
1.343750000000000e-01 1.560207347952229e-01 -9.425515779694989e-02
1.375000000000000e-01 1.601985552960564e-01 -9.615186625386757e-02
1.406250000000000e-01 1.644154875680252e-01 -9.808096395836900e-02
1.437500000000000e-01 1.686725611565558e-01 -9.992009437148590e-02
1.468750000000000e-01 1.729708154074000e-01 -1.017663739003434e-01
1.500000000000000e-01 1.773112997203869e-01 -1.035369129072585e-01
1.531250000000000e-01 1.816950738056289e-01 -1.053128842132223e-01
1.562500000000000e-01 1.861232079422458e-01 -1.069913587827394e-01
1.593750000000000e-01 1.905967832396682e-01 -1.086741705412002e-01
1.625000000000000e-01 1.951168919015860e-01 -1.102559067656327e-01
1.656250000000000e-01 1.996846374926046e-01 -1.118343614379040e-01
1.687500000000000e-01 2.043011352076760e-01 -1.133166777520862e-01
1.718750000000000e-01 2.089675121443681e-01 -1.147571131887830e-01
1.750000000000000e-01 2.136849075780412e-01 -1.161106191314640e-01
1.781250000000000e-01 2.184544732399964e-01 -1.174337471882812e-01
1.812500000000000e-01 2.232773735986666e-01 -1.186426735205826e-01
1.843750000000000e-01 2.281547861439151e-01 -1.198003979259469e-01
1.875000000000000e-01 2.330879016745160e-01 -1.208502201311377e-01
1.906250000000000e-01 2.380779245888810e-01 -1.218445409062465e-01
1.937500000000000e-01 2.431260731791094e-01 -1.227122966851505e-01
1.968750000000000e-01 2.482335799284277e-01 -1.235097795024409e-01
2.000000000000000e-01 2.534016918120952e-01 -1.241820255522685e-01
2.031250000000000e-01 2.586316706018478e-01 -1.247638827036362e-01
2.062500000000000e-01 2.639247931739538e-01 -1.252122020218236e-01
2.093750000000000e-01 2.692823518209576e-01 -1.255612602041279e-01
2.125000000000000e-01 2.747056545671873e-01 -1.257612372875943e-01
2.156250000000000e-01 2.801960254881028e-01 -1.258531852636277e-01
2.187500000000000e-01 2.857548050335636e-01 -1.257834339668451e-01
2.218750000000000e-01 2.913833503550930e-01 -1.255916428271382e-01
2.250000000000000e-01 2.970830356372213e-01 -1.252310014971858e-01
2.281250000000000e-01 3.028552524329863e-01 -1.247305372862611e-01
2.312500000000000e-01 3.087014100036755e-01 -1.240534386250964e-01
2.343750000000000e-01 3.146229356628902e-01 -1.232246332207787e-01
2.375000000000000e-01 3.206212751250189e-01 -1.222052826593864e-01
2.406250000000000e-01 3.266978928582008e-01 -1.210275019204951e-01
2.437500000000000e-01 3.328542724418705e-01 -1.196466371387861e-01
2.468750000000000e-01 3.390919169289667e-01 -1.180969266031073e-01
2.500000000000000e-01 3.454123492128958e-01 -1.163391931466272e-01
2.531250000000000e-01 3.518171123993401e-01 -1.144000310640474e-01
2.562500000000000e-01 3.583077701830001e-01 -1.122490732188996e-01
2.593750000000000e-01 3.648859072293631e-01 -1.099116710299022e-01
2.625000000000000e-01 3.715531295615936e-01 -1.073553138068874e-01
2.656250000000000e-01 3.783110649526354e-01 -1.046136878898059e-01
2.687500000000000e-01 3.851613633226258e-01 -1.016508254143985e-01
2.718750000000000e-01 3.921056971417164e-01 -9.850184026286374e-02
2.750000000000000e-01 3.991457618383991e-01 -9.513843516152026e-02
2.781250000000000e-01 4.062832762134377e-01 -9.159051449062061e-02
2.812500000000000e-01 4.135199828595055e-01 -8.783610665964851e-02
2.843750000000000e-01 4.208576485866312e-01 -8.390925767586109e-02
2.875000000000000e-01 4.282980648535585e-01 -7.978450339756409e-02
2.906250000000000e-01 4.358430482051222e-01 -7.550349120127139e-02
2.937500000000000e-01 4.434944407157500e-01 -7.104267546858942e-02
2.968750000000000e-01 4.512541104391968e-01 -6.644122661562506e-02
3.000000000000000e-01 4.591239518646220e-01 -6.168439784420164e-02
3.031250000000000e-01 4.671058863791195e-01 -5.681057055549167e-02
3.062500000000000e-01 4.752018627368176e-01 -5.180483788414442e-02
3.093750000000000e-01 4.834138575346580e-01 -4.671291950333802e-02
3.125000000000000e-01 4.917438756949728e-01 -4.151807091903186e-02
3.156250000000000e-01 5.001939509549778e-01 -3.626573554570396e-02
3.187500000000000e-01 5.087661463633005e-01 -3.094607810291551e-02
3.218750000000000e-01 5.174625547836644e-01 -2.560060058547426e-02
3.250000000000000e-01 5.262852994058529e-01 -2.022050958181647e-02
3.281250000000000e-01 5.352365342640750e-01 -1.485156245040445e-02
3.312500000000000e-01 5.443184447628656e-01 -9.481241550968796e-03
3.343750000000000e-01 5.535332482106405e-01 -4.154123280460598e-03
3.375000000000000e-01 5.628831943610435e-01 1.137816238241030e-03
3.406250000000000e-01 5.723705659622137e-01 6.356017989180834e-03
3.437500000000000e-01 5.819976793141081e-01 1.150861984080393e-02
3.468750000000000e-01 5.917668848340161e-01 1.655545935274221e-02
3.500000000000000e-01 6.016805676304035e-01 2.150899045813108e-02
3.531250000000000e-01 6.117411480852264e-01 2.633279528710554e-02
3.562500000000000e-01 6.219510824448572e-01 3.103595711997672e-02
3.593750000000000e-01 6.323128634197650e-01 3.558837226423912e-02
3.625000000000000e-01 6.428290207931012e-01 4.000138751608943e-02
3.656250000000000e-01 6.535021220383342e-01 4.424444020408135e-02
3.687500000000000e-01 6.643347729460869e-01 4.833177259340314e-02
3.718750000000000e-01 6.753296182603294e-01 5.223901224536573e-02
3.750000000000000e-01 6.864893423240808e-01 5.597756799543443e-02
3.781250000000000e-01 6.978166697347804e-01 5.952679537070120e-02
3.812500000000000e-01 7.093143660094854e-01 6.290213515313818e-02
3.843750000000000e-01 7.209852382600603e-01 6.608384261379718e-02
3.875000000000000e-01 7.328321358785219e-01 6.908656790767143e-02
3.906250000000000e-01 7.448579512327029e-01 7.189696940837290e-02
3.937500000000000e-01 7.570656203724140e-01 7.452931752546763e-02
3.968750000000000e-01 7.694581237462648e-01 7.697014652843447e-02
4.000000000000000e-01 7.820384869293291e-01 7.923623412873630e-02
4.031250000000000e-01 7.948097813618253e-01 8.131815106581065e-02
4.062500000000000e-01 8.077751250989945e-01 8.322972882607546e-02
4.093750000000000e-01 8.209376835723596e-01 8.496340825383429e-02
4.125000000000000e-01 8.343006703625532e-01 8.653559659357432e-02
4.156250000000000e-01 8.478673479838968e-01 8.793953141843554e-02
4.187500000000000e-01 8.616410286809313e-01 8.918913334944586e-02
4.218750000000000e-01 8.756250752370857e-01 9.028081015717027e-02
4.250000000000000e-01 8.898229017956865e-01 9.122936102051218e-02
4.281250000000000e-01 9.042379746935050e-01 9.203031968827961e-02
4.312500000000000e-01 9.188738133070491e-01 9.269723599499193e-02
4.343750000000000e-01 9.337339909118028e-01 9.322876513097274e-02
4.375000000000000e-01 9.488221355546261e-01 9.363792245070812e-02
4.406250000000000e-01 9.641419309395265e-01 9.392204770540952e-02
4.437500000000000e-01 9.796971173270190e-01 9.409362544720770e-02
4.468750000000000e-01 9.954914924472941e-01 9.415254535110212e-02
4.500000000000000e-01 1.011528912427417e+00 9.411018973910895e-02
4.531250000000000e-01 1.027813292732786e+00 9.396510725465929e-02
4.562500000000000e-01 1.044348609123070e+00 9.372823868106882e-02
4.593750000000000e-01 1.061138898622882e+00 9.340014030396339e-02
4.625000000000000e-01 1.078188260507393e+00 9.299075761222271e-02
4.656250000000000e-01 1.095500857303154e+00 9.249939489599625e-02
4.687500000000000e-01 1.113080915804360e+00 9.193520268287363e-02
4.718750000000000e-01 1.130932728104805e+00 9.129896876130832e-02
4.750000000000000e-01 1.149060652645771e+00 9.059939113815986e-02
4.781250000000000e-01 1.167469115280130e+00 8.983636258697822e-02
4.812500000000000e-01 1.186162610352890e+00 8.901720415926322e-02
4.843750000000000e-01 1.205145701798475e+00 8.814248603309494e-02
4.875000000000000e-01 1.224423024254985e+00 8.721969938097621e-02
4.906250000000000e-01 1.243999284195726e+00 8.624934139546146e-02
4.937500000000000e-01 1.263879261078271e+00 8.523721282549925e-02
4.968750000000000e-01 1.284067808511348e+00 8.418342954092678e-02
5.000000000000000e-01 1.304569855439823e+00 8.309395934148216e-02
5.031250000000000e-01 1.325390407348082e+00 8.196957894345681e-02
5.062500000000000e-01 1.346534547482100e+00 8.081519457856673e-02
5.093750000000000e-01 1.368007438090487e+00 7.963092876588888e-02
5.125000000000001e-01 1.389814321684837e+00 7.842094321239503e-02
5.156250000000000e-01 1.411960522319654e+00 7.718549776146590e-02
5.187500000000000e-01 1.434451446892208e+00 7.592865411093611e-02
5.218750000000000e-01 1.457292586462593e+00 7.465086899206148e-02
5.250000000000000e-01 1.480489517594354e+00 7.335517631902128e-02
5.281250000000001e-01 1.504047903715979e+00 7.204161220777368e-02
5.312500000000000e-01 1.527973496503592e+00 7.071270944495205e-02
5.343750000000000e-01 1.552272137285215e+00 6.936841532782539e-02
5.375000000000000e-01 1.576949758466886e+00 6.801100629030214e-02
5.406250000000000e-01 1.602012384981041e+00 6.664051414030651e-02
5.437500000000001e-01 1.627466135757470e+00 6.525846895413219e-02
5.468750000000000e-01 1.653317225217225e+00 6.386480475806584e-02
5.500000000000000e-01 1.679571964789851e+00 6.246042167365126e-02
5.531250000000000e-01 1.706236764454286e+00 6.104505213715281e-02
5.562500000000000e-01 1.733318134303830e+00 5.961926956557957e-02
5.593750000000001e-01 1.760822686135563e+00 5.818257480329530e-02
5.625000000000000e-01 1.788757135064574e+00 5.673515606125525e-02
5.656250000000000e-01 1.817128301163438e+00 5.527627062235895e-02
5.687500000000000e-01 1.845943111127301e+00 5.380558432292999e-02
5.718750000000000e-01 1.875208599965003e+00 5.232211229788787e-02
5.750000000000001e-01 1.904931912716643e+00 5.082501017227547e-02
5.781250000000000e-01 1.935120306198011e+00 4.931304164344532e-02
5.812500000000000e-01 1.965781150772311e+00 4.778493913138943e-02
5.843750000000000e-01 1.996921932149593e+00 4.623919327475431e-02
5.875000000000000e-01 2.028550253214365e+00 4.467418553366125e-02
5.906250000000001e-01 2.060673835881802e+00 4.308812606172671e-02
5.937500000000000e-01 2.093300522983012e+00 4.147910198556938e-02
5.968750000000000e-01 2.126438280179837e+00 3.984507545185422e-02
6.000000000000001e-01 2.160095197909630e+00 3.818391607070167e-02
6.031250000000000e-01 2.194279493360494e+00 3.649342874071740e-02
6.062500000000001e-01 2.228999512477486e+00 3.477139760759326e-02
6.093750000000000e-01 2.264263732000228e+00 3.301563941984521e-02
6.125000000000000e-01 2.300080761532477e+00 3.122407195469137e-02
6.156250000000001e-01 2.336459345644116e+00 2.939479795207274e-02
6.187500000000000e-01 2.373408366006099e+00 2.752620702391175e-02
6.218750000000001e-01 2.410936843558884e+00 2.561709675700680e-02
6.250000000000000e-01 2.449053940714840e+00 2.366681384118832e-02
6.281250000000000e-01 2.487768963595221e+00 2.167541478999942e-02
6.312500000000001e-01 2.527091364302215e+00 1.964384421811151e-02
6.343750000000000e-01 2.567030743226622e+00 1.757412642725455e-02
6.375000000000001e-01 2.607596851391758e+00 1.546956333483583e-02
6.406250000000000e-01 2.648799592834118e+00 1.333492866159519e-02
6.437500000000000e-01 2.690649027021411e+00 1.117664506365624e-02
6.468750000000001e-01 2.733155371308524e+00 9.002927989619927e-03
6.500000000000000e-01 2.776329003432049e+00 6.823878052179382e-03
6.531250000000001e-01 2.820180464043967e+00 4.651503281854409e-03
6.562500000000000e-01 2.864720459285089e+00 2.499654374823439e-03
6.593750000000000e-01 2.909959863398929e+00 3.838603275378292e-04
6.625000000000001e-01 2.955909721386590e+00 -1.678941355738999e-03
6.656250000000000e-01 3.002581251703353e+00 -3.670776915011013e-03
6.687500000000001e-01 3.049985848997626e+00 -5.573098333999796e-03
6.718750000000000e-01 3.098135086892879e+00 -7.367313054923231e-03
6.750000000000000e-01 3.147040720813310e+00 -9.035351978809621e-03
6.781250000000001e-01 3.196714690853871e+00 -1.056024212964564e-02
6.812500000000000e-01 3.247169124695383e+00 -1.192665014754295e-02
6.843750000000001e-01 3.298416340565477e+00 -1.312136661248234e-02
6.875000000000000e-01 3.350468850246008e+00 -1.413370842006743e-02
6.906250000000000e-01 3.403339362127777e+00 -1.495582576594662e-02
6.937500000000001e-01 3.457040784313211e+00 -1.558291013625422e-02
6.968750000000000e-01 3.511586227767823e+00 -1.601330841064720e-02
7.000000000000001e-01 3.566989009521205e+00 -1.624855439703253e-02
7.031250000000000e-01 3.623262655918307e+00 -1.629333196433559e-02
7.062500000000000e-01 3.680420905921852e+00 -1.615538317764132e-02
7.093750000000001e-01 3.738477714466631e+00 -1.584537088147768e-02
7.125000000000000e-01 3.797447255866536e+00 -1.537669903769765e-02
7.156250000000001e-01 3.857343927275175e+00 -1.476528728906410e-02
7.187500000000000e-01 3.918182352200844e+00 -1.402929042675631e-02
7.218750000000000e-01 3.979977384076828e+00 -1.318875038861996e-02
7.250000000000001e-01 4.042744109887770e+00 -1.226516941423158e-02
7.281250000000000e-01 4.106497853853101e+00 -1.128099860956069e-02
7.312500000000001e-01 4.171254181168399e+00 -1.025904602880678e-02
7.343750000000000e-01 4.237028901805528e+00 -9.221821038866092e-03
7.375000000000000e-01 4.303838074372613e+00 -8.190844945814861e-03
7.406250000000001e-01 4.371698010034643e+00 -7.185969002992174e-03
7.437500000000000e-01 4.440625276495786e+00 -6.224747552442438e-03
7.468750000000001e-01 4.510636702044332e+00 -5.321914500300963e-03
7.500000000000000e-01 4.581749379661216e+00 -4.489005067361467e-03
7.531250000000000e-01 4.653980671193226e+00 -3.734152528254171e-03
7.562500000000001e-01 4.727348211591802e+00 -3.062073277966144e-03
7.593750000000000e-01 4.801869913218528e+00 -2.474235534100930e-03
7.625000000000001e-01 4.877563970218381e+00 -1.969189939714064e-03
7.656250000000000e-01 4.954448862961714e+00 -1.543026576689953e-03
7.687500000000000e-01 5.032543362556198e+00 -1.189914033442128e-03
7.718750000000001e-01 5.111866535429675e+00 -9.026729114415790e-04
7.750000000000000e-01 5.192437747985146e+00 -6.733383405162037e-04
7.781250000000001e-01 5.274276671329015e+00 -4.936728066017011e-04
7.812500000000000e-01 5.357403286073669e+00 -3.556004841468554e-04
7.843750000000000e-01 5.441837887215693e+00 -2.515456910731975e-04
7.875000000000001e-01 5.527601089090773e+00 -1.746694673515429e-04
7.906250000000000e-01 5.614713830406605e+00 -1.190082922493644e-04
7.937500000000001e-01 5.703197379355005e+00 -7.952667157927059e-05
7.968750000000000e-01 5.793073338804412e+00 -5.210027853260836e-05
8.000000000000000e-01 5.884363651574169e+00 -3.344850093267003e-05
8.031250000000001e-01 5.977090605791737e+00 -2.103498220080239e-05
8.062500000000000e-01 6.071276840334257e+00 -1.295263588400120e-05
8.093750000000001e-01 6.166945350355728e+00 -7.806364253850233e-06
8.125000000000000e-01 6.264119492901173e+00 -4.603000939524389e-06
8.156250000000000e-01 6.362822992609162e+00 -2.654391629837687e-06
8.187500000000001e-01 6.463079947504072e+00 -1.496422202754691e-06
8.218750000000000e-01 6.564914834879517e+00 -8.244147137005206e-07
8.250000000000001e-01 6.668352517274371e+00 -4.436913691458902e-07
8.281250000000000e-01 6.773418248542846e+00 -2.331875155960482e-07
8.312500000000000e-01 6.880137680020114e+00 -1.196378239404140e-07
8.343750000000001e-01 6.988536866784961e+00 -5.989975390104031e-08
8.375000000000000e-01 7.098642274021019e+00 -2.925728937757143e-08
8.406250000000001e-01 7.210480783478133e+00 -1.393669356335986e-08
8.437500000000000e-01 7.324079700035414e+00 -6.472486459527763e-09
8.468750000000000e-01 7.439466758367605e+00 -2.929830699747182e-09
8.500000000000001e-01 7.556670129716381e+00 -1.292270132001009e-09
8.531250000000000e-01 7.675718428768239e+00 -5.552494927396939e-10
8.562500000000001e-01 7.796640720640633e+00 -2.323470006314963e-10
8.593750000000000e-01 7.919466527978115e+00 -9.466626719814362e-11
8.625000000000000e-01 8.044225838160141e+00 -3.754596329040504e-11
8.656250000000001e-01 8.170949110622363e+00 -1.449261877601335e-11
8.687500000000000e-01 8.299667284293170e+00 -5.443235684277526e-12
8.718750000000001e-01 8.430411785147284e+00 -1.988887784501776e-12
8.750000000000000e-01 8.563214533878281e+00 -7.068505961614784e-13
8.781250000000000e-01 8.698107953691880e+00 -2.443068048511304e-13
8.812500000000001e-01 8.835124978221932e+00 -8.210420948170898e-14
8.843750000000000e-01 8.974299059571019e+00 -2.682584486986693e-14
8.875000000000001e-01 9.115664176477637e+00 -8.520017283238643e-15
8.906250000000000e-01 9.259254842611947e+00 -2.630099797281487e-15
8.937500000000000e-01 9.405106115002161e+00 -7.890395908116511e-16
8.968750000000001e-01 9.553253602593529e+00 -2.300248254630186e-16
9.000000000000000e-01 9.703733474942130e+00 -6.515665484620786e-17
9.031250000000001e-01 9.856582471045494e+00 -1.793138981487514e-17
9.062500000000000e-01 1.001183790831228e+01 -4.794101018246743e-18
9.093750000000000e-01 1.016953769167313e+01 -1.245114492919918e-18
9.125000000000001e-01 1.032972032283505e+01 -3.141194465509267e-19
9.156250000000000e-01 1.049242490968134e+01 -7.697362232905847e-20
9.187500000000001e-01 1.065769117581972e+01 -1.832028292651548e-20
9.218750000000000e-01 1.082555947028058e+01 -4.234971288188873e-21
9.250000000000000e-01 1.099607077736805e+01 -9.507905688824551e-22
9.281250000000001e-01 1.116926672666618e+01 -2.073129580243356e-22
9.312500000000000e-01 1.134518960320255e+01 -4.390047292233752e-23
9.343750000000001e-01 1.152388235777201e+01 -9.028380459135025e-24
9.375000000000000e-01 1.170538861742293e+01 -1.803216067137921e-24
9.406250000000000e-01 1.188975269610854e+01 -3.497718077990130e-25
9.437500000000001e-01 1.207701960550600e+01 -6.589085954732087e-26
9.468750000000000e-01 1.226723506600578e+01 -1.205522570754481e-26
9.500000000000001e-01 1.246044551787411e+01 -2.142120543972906e-27
9.531250000000000e-01 1.265669813259115e+01 -3.696931840539473e-28
9.562500000000000e-01 1.285604082436773e+01 -6.196984898251853e-29
9.593750000000001e-01 1.305852226184337e+01 -1.008962785427296e-29
9.625000000000000e-01 1.326419187996850e+01 -1.595664217708471e-30
9.656250000000001e-01 1.347309989207381e+01 -2.451303095805161e-31
9.687500000000000e-01 1.368529730212962e+01 -3.658142689883694e-32
9.718750000000000e-01 1.390083591719824e+01 -5.303379862452719e-33
9.750000000000001e-01 1.411976836008246e+01 -7.469558309903392e-34
9.781250000000000e-01 1.434214808217320e+01 -1.022139148998663e-34
9.812500000000001e-01 1.456802937649935e+01 -1.359007855816310e-35
9.843750000000000e-01 1.479746739098328e+01 -1.755721852883617e-36
9.875000000000000e-01 1.503051814190487e+01 -2.204129427067796e-37
9.906250000000001e-01 1.526723852757770e+01 -2.689041055881211e-38
9.937500000000000e-01 1.550768634224049e+01 -3.185457932266735e-39
9.968750000000001e-01 1.575192029016732e+01 -3.863327015470757e-40
1.000000000000000e+00 1.600000000000000e+01 1.564102003684977e-40
