0.000000000000000e+00 0.000000000000000e+00 0.000000000000000e+00
3.125000000000000e-03 3.369263549427258e-03 -6.546552501703153e-02
6.250000000000000e-03 6.739349689698711e-03 -1.276431961796854e-04
9.375000000000001e-03 1.011108121249049e-02 -6.938694997395255e-03
1.250000000000000e-02 1.348528131119160e-02 4.357754857413693e-05
1.562500000000000e-02 1.686277378188298e-02 -2.519852390881722e-03
1.875000000000000e-02 2.024438322446370e-02 -4.609216575801421e-05
2.187500000000000e-02 2.363093524397333e-02 -1.209475529497603e-03
2.500000000000000e-02 2.702325665215984e-02 8.211622891642825e-06
2.812500000000000e-02 3.042217566934200e-02 -7.460780058209533e-04
3.125000000000000e-02 3.382852212661575e-02 3.903239225278598e-05
3.437500000000000e-02 3.724312766845378e-02 -5.081157045937238e-04
3.750000000000001e-02 4.066682595574785e-02 1.805439318076478e-05
4.062500000000000e-02 4.410045286934348e-02 -3.685676389751001e-04
4.375000000000000e-02 4.754484671411652e-02 -2.122071133074791e-05
4.687500000000000e-02 5.100084842364160e-02 -2.589409157137849e-04
5.000000000000000e-02 5.446930176550237e-02 1.346940385059698e-05
5.312500000000001e-02 5.795105354729364e-02 -2.038568087839231e-04
5.625000000000000e-02 6.144695382336569e-02 -1.303160215615093e-05
5.937500000000000e-02 6.495785610236132e-02 -1.583061909967001e-04
6.250000000000000e-02 6.848461755559625e-02 1.083637091471381e-05
6.562500000000000e-02 7.202809922633362e-02 -1.271905097513623e-04
6.875000000000001e-02 7.558916624000402e-02 2.094213040907437e-06
7.187500000000001e-02 7.916868801542200e-02 -1.003808883716318e-04
7.500000000000001e-02 8.276753847705080e-02 1.349200417661480e-06
7.812500000000000e-02 8.638659626836727e-02 -8.886530958581396e-05
8.125000000000000e-02 9.002674496637868e-02 2.261371536729681e-05
8.437500000000001e-02 9.368887329734420e-02 -6.375575306827380e-05
8.750000000000001e-02 9.737387535375355e-02 1.585044431935824e-05
9.062500000000001e-02 1.010826508126157e-01 -5.304997228584824e-05
9.375000000000000e-02 1.048161051551108e-01 1.277128911857342e-05
9.687500000000000e-02 1.085751498876601e-01 -4.046240450403945e-05
1.000000000000000e-01 1.123607027644654e-01 1.072920345332514e-05
1.031250000000000e-01 1.161736880115753e-01 -4.250217445221565e-05
1.062500000000000e-01 1.200150365525305e-01 1.644046862436439e-05
1.093750000000000e-01 1.238856862356450e-01 -3.197377268372150e-05
1.125000000000000e-01 1.277865820629775e-01 1.858739947978558e-05
1.156250000000000e-01 1.317186764210495e-01 -2.774807693292597e-05
1.187500000000000e-01 1.356829293133661e-01 1.786014199862450e-05
1.218750000000000e-01 1.396803085947971e-01 -2.707524999049399e-05
1.250000000000000e-01 1.437117902078738e-01 1.227481095426118e-05
1.281250000000000e-01 1.477783584210617e-01 -7.932051105647852e-06
1.312500000000000e-01 1.518810060690650e-01 2.463261224680570e-05
1.343750000000000e-01 1.560207347952229e-01 -1.062816315323016e-05
1.375000000000000e-01 1.601985552960564e-01 2.081100282016127e-05
1.406250000000000e-01 1.644154875680252e-01 -3.457768420253510e-06
1.437500000000000e-01 1.686725611565558e-01 2.571756782245979e-05
1.468750000000000e-01 1.729708154074000e-01 -5.339026323220513e-06
1.500000000000000e-01 1.773112997203869e-01 1.871102548882961e-05
1.531250000000000e-01 1.816950738056289e-01 2.503076747362268e-06
1.562500000000000e-01 1.861232079422458e-01 2.348374455123018e-05
1.593750000000000e-01 1.905967832396682e-01 6.110937808993132e-06
1.625000000000000e-01 1.951168919015860e-01 2.313253982005603e-05
1.656250000000000e-01 1.996846374926046e-01 5.985126708915591e-06
1.687500000000000e-01 2.043011352076760e-01 2.146590935464893e-05
1.718750000000000e-01 2.089675121443681e-01 7.587223442497090e-06
1.750000000000000e-01 2.136849075780412e-01 2.697041582169902e-05
1.781250000000000e-01 2.184544732399964e-01 1.663525651605057e-05
1.812500000000000e-01 2.232773735986666e-01 2.666253863066296e-05
1.843750000000000e-01 2.281547861439151e-01 1.579959728348840e-05
1.875000000000000e-01 2.330879016745160e-01 3.180624595400422e-05
1.906250000000000e-01 2.380779245888810e-01 1.845603282560541e-05
1.937500000000000e-01 2.431260731791094e-01 2.766750385243399e-05
1.968750000000000e-01 2.482335799284277e-01 1.948042072115165e-05
2.000000000000000e-01 2.534016918120952e-01 3.234941633036607e-05
2.031250000000000e-01 2.586316706018478e-01 2.089422639262834e-05
2.062500000000000e-01 2.639247931739538e-01 3.389684136664910e-05
2.093750000000000e-01 2.692823518209576e-01 2.236480893876245e-05
2.125000000000000e-01 2.747056545671873e-01 3.583958529022519e-05
2.156250000000000e-01 2.801960254881028e-01 2.632995430290676e-05
2.187500000000000e-01 2.857548050335636e-01 3.650097303445302e-05
2.218750000000000e-01 2.913833503550930e-01 2.796890966674248e-05
2.250000000000000e-01 2.970830356372213e-01 3.733357590313355e-05
2.281250000000000e-01 3.028552524329863e-01 3.039584082866241e-05
2.312500000000000e-01 3.087014100036755e-01 4.136593297491534e-05
2.343750000000000e-01 3.146229356628902e-01 3.138172934190527e-05
2.375000000000000e-01 3.206212751250189e-01 3.871526804871944e-05
2.406250000000000e-01 3.266978928582008e-01 3.625169409515364e-05
2.437500000000000e-01 3.328542724418705e-01 4.258119900316908e-05
2.468750000000000e-01 3.390919169289667e-01 3.642324544038502e-05
2.500000000000000e-01 3.454123492128958e-01 4.264124505840950e-05
2.531250000000000e-01 3.518171123993401e-01 3.988114540915816e-05
2.562500000000000e-01 3.583077701830001e-01 4.449214325687748e-05
2.593750000000000e-01 3.648859072293631e-01 4.190307325124863e-05
2.625000000000000e-01 3.715531295615936e-01 4.625146253000624e-05
2.656250000000000e-01 3.783110649526354e-01 4.386439727047523e-05
2.687500000000000e-01 3.851613633226258e-01 5.065026410779903e-05
2.718750000000000e-01 3.921056971417164e-01 4.564029169109364e-05
2.750000000000000e-01 3.991457618383991e-01 5.176804800504248e-05
2.781250000000000e-01 4.062832762134377e-01 4.747927481370509e-05
2.812500000000000e-01 4.135199828595055e-01 5.244806895698868e-05
2.843750000000000e-01 4.208576485866312e-01 4.862176745181742e-05
2.875000000000000e-01 4.282980648535585e-01 5.638649404571724e-05
2.906250000000000e-01 4.358430482051222e-01 5.252501004503512e-05
2.937500000000000e-01 4.434944407157500e-01 5.822771159629010e-05
2.968750000000000e-01 4.512541104391968e-01 5.564429646593389e-05
3.000000000000000e-01 4.591239518646220e-01 5.932124762875720e-05
3.031250000000000e-01 4.671058863791195e-01 5.671025554662695e-05
3.062500000000000e-01 4.752018627368176e-01 6.102789795219330e-05
3.093750000000000e-01 4.834138575346580e-01 6.097942310796768e-05
3.125000000000000e-01 4.917438756949728e-01 6.371628552904710e-05
3.156250000000000e-01 5.001939509549778e-01 6.295619211508855e-05
3.187500000000000e-01 5.087661463633005e-01 6.640226730500413e-05
3.218750000000000e-01 5.174625547836644e-01 6.598151217799334e-05
3.250000000000000e-01 5.262852994058529e-01 7.002318994064110e-05
3.281250000000000e-01 5.352365342640750e-01 6.788528737575303e-05
3.312500000000000e-01 5.443184447628656e-01 7.210182405404507e-05
3.343750000000000e-01 5.535332482106405e-01 7.051451740274764e-05
3.375000000000000e-01 5.628831943610435e-01 7.513954118222855e-05
3.406250000000000e-01 5.723705659622137e-01 7.418448885773438e-05
3.437500000000000e-01 5.819976793141081e-01 7.820327075667912e-05
3.468750000000000e-01 5.917668848340161e-01 7.761268078058379e-05
3.500000000000000e-01 6.016805676304035e-01 8.082276939952744e-05
3.531250000000000e-01 6.117411480852264e-01 8.062957614322189e-05
3.562500000000000e-01 6.219510824448572e-01 8.372712236754064e-05
3.593750000000000e-01 6.323128634197650e-01 8.417577813681463e-05
3.625000000000000e-01 6.428290207931012e-01 8.777785206407953e-05
3.656250000000000e-01 6.535021220383342e-01 8.785844049161401e-05
3.687500000000000e-01 6.643347729460869e-01 9.139111078854028e-05
3.718750000000000e-01 6.753296182603294e-01 9.118694926704967e-05
3.750000000000000e-01 6.864893423240808e-01 9.440895765475830e-05
3.781250000000000e-01 6.978166697347804e-01 9.539407096071960e-05
3.812500000000000e-01 7.093143660094854e-01 9.866085394559251e-05
3.843750000000000e-01 7.209852382600603e-01 9.980342069592957e-05
3.875000000000000e-01 7.328321358785219e-01 1.031419066753189e-04
3.906250000000000e-01 7.448579512327029e-01 1.033284990285052e-04
3.937500000000000e-01 7.570656203724140e-01 1.073482593254584e-04
3.968750000000000e-01 7.694581237462648e-01 1.080228432932234e-04
4.000000000000000e-01 7.820384869293291e-01 1.121530455661404e-04
4.031250000000000e-01 7.948097813618253e-01 1.133128450190276e-04
4.062500000000000e-01 8.077751250989945e-01 1.160874910950890e-04
4.093750000000000e-01 8.209376835723596e-01 1.182937602987709e-04
4.125000000000000e-01 8.343006703625532e-01 1.215233285021311e-04
4.156250000000000e-01 8.478673479838968e-01 1.236911357893148e-04
4.187500000000000e-01 8.616410286809313e-01 1.277035561240610e-04
4.218750000000000e-01 8.756250752370857e-01 1.285549049103896e-04
4.250000000000000e-01 8.898229017956865e-01 1.327374502447843e-04
4.281250000000000e-01 9.042379746935050e-01 1.355371325999026e-04
4.312500000000000e-01 9.188738133070491e-01 1.392845702997458e-04
4.343750000000000e-01 9.337339909118028e-01 1.411321233019663e-04
4.375000000000000e-01 9.488221355546261e-01 1.457228403006426e-04
4.406250000000000e-01 9.641419309395265e-01 1.485361194934867e-04
4.437500000000000e-01 9.796971173270190e-01 1.523687746136377e-04
4.468750000000000e-01 9.954914924472941e-01 1.556636951840034e-04
4.500000000000000e-01 1.011528912427417e+00 1.601218672278213e-04
4.531250000000000e-01 1.027813292732786e+00 1.633356427528413e-04
4.562500000000000e-01 1.044348609123070e+00 1.681579620029436e-04
4.593750000000000e-01 1.061138898622882e+00 1.716315496999314e-04
4.625000000000000e-01 1.078188260507393e+00 1.768241758575282e-04
4.656250000000000e-01 1.095500857303154e+00 1.806202360973766e-04
4.687500000000000e-01 1.113080915804360e+00 1.859894201323600e-04
4.718750000000000e-01 1.130932728104805e+00 1.903930689952966e-04
4.750000000000000e-01 1.149060652645771e+00 1.959049847703468e-04
4.781250000000000e-01 1.167469115280130e+00 2.008749754282468e-04
4.812500000000000e-01 1.186162610352890e+00 2.067902518809749e-04
4.843750000000000e-01 1.205145701798475e+00 2.120992381041146e-04
4.875000000000000e-01 1.224423024254985e+00 2.186978853362736e-04
4.906250000000000e-01 1.243999284195726e+00 2.243121160852448e-04
4.937500000000000e-01 1.263879261078271e+00 2.314979555170013e-04
4.968750000000000e-01 1.284067808511348e+00 2.378202223645818e-04
5.000000000000000e-01 1.304569855439823e+00 2.453126861447017e-04
5.031250000000000e-01 1.325390407348082e+00 2.525800559316581e-04
5.062500000000000e-01 1.346534547482100e+00 2.606471197687232e-04
5.093750000000000e-01 1.368007438090487e+00 2.685276573741799e-04
5.125000000000001e-01 1.389814321684837e+00 2.776429996712129e-04
5.156250000000000e-01 1.411960522319654e+00 2.861511165071492e-04
5.187500000000000e-01 1.434451446892208e+00 2.961289318298445e-04
5.218750000000000e-01 1.457292586462593e+00 3.057974311158650e-04
5.250000000000000e-01 1.480489517594354e+00 3.165548809416129e-04
5.281250000000001e-01 1.504047903715979e+00 3.274154066048115e-04
5.312500000000000e-01 1.527973496503592e+00 3.393972679825897e-04
5.343750000000000e-01 1.552272137285215e+00 3.514266585392665e-04
5.375000000000000e-01 1.576949758466886e+00 3.647852743837115e-04
5.406250000000000e-01 1.602012384981041e+00 3.782261492640319e-04
5.437500000000001e-01 1.627466135757470e+00 3.931601978668073e-04
5.468750000000000e-01 1.653317225217225e+00 4.082485153670196e-04
5.500000000000000e-01 1.679571964789851e+00 4.247918107259596e-04
5.531250000000000e-01 1.706236764454286e+00 4.420227302549879e-04
5.562500000000000e-01 1.733318134303830e+00 4.605368935628797e-04
5.593750000000001e-01 1.760822686135563e+00 4.796408942419181e-04
5.625000000000000e-01 1.788757135064574e+00 5.007437608320290e-04
5.656250000000000e-01 1.817128301163438e+00 5.223456149069756e-04
5.687500000000000e-01 1.845943111127301e+00 5.455475814414526e-04
5.718750000000000e-01 1.875208599965003e+00 5.700309719978652e-04
5.750000000000001e-01 1.904931912716643e+00 5.962777429809783e-04
5.781250000000000e-01 1.935120306198011e+00 6.232161097978337e-04
5.812500000000000e-01 1.965781150772311e+00 6.520751739644854e-04
5.843750000000000e-01 1.996921932149593e+00 6.820100858818162e-04
5.875000000000000e-01 2.028550253214365e+00 7.134419607998423e-04
5.906250000000001e-01 2.060673835881802e+00 7.452148910213834e-04
5.937500000000000e-01 2.093300522983012e+00 7.778348811323440e-04
5.968750000000000e-01 2.126438280179837e+00 8.103489527259960e-04
6.000000000000001e-01 2.160095197909630e+00 8.424830466838008e-04
6.031250000000000e-01 2.194279493360494e+00 8.716936476780411e-04
6.062500000000001e-01 2.228999512477486e+00 8.971537884717457e-04
6.093750000000000e-01 2.264263732000228e+00 9.166415053164859e-04
6.125000000000000e-01 2.300080761532477e+00 9.276333321095422e-04
6.156250000000001e-01 2.336459345644116e+00 9.240947159950591e-04
6.187500000000000e-01 2.373408366006099e+00 8.997331022171248e-04
6.218750000000001e-01 2.410936843558884e+00 8.462303867061031e-04
6.250000000000000e-01 2.449053940714840e+00 7.552372028074139e-04
6.281250000000000e-01 2.487768963595221e+00 6.123950821725548e-04
6.312500000000001e-01 2.527091364302215e+00 3.948942904040471e-04
6.343750000000000e-01 2.567030743226622e+00 6.987473382062420e-05
6.375000000000001e-01 2.607596851391758e+00 -3.968536199149032e-04
6.406250000000000e-01 2.648799592834118e+00 -1.039677001958159e-03
6.437500000000000e-01 2.690649027021411e+00 -1.903215245715086e-03
6.468750000000001e-01 2.733155371308524e+00 -3.066246014973278e-03
6.500000000000000e-01 2.776329003432049e+00 -4.654425487172886e-03
6.531250000000001e-01 2.820180464043967e+00 -6.820928906578767e-03
6.562500000000000e-01 2.864720459285089e+00 -9.687621128937963e-03
6.593750000000000e-01 2.909959863398929e+00 -1.326779004318123e-02
6.625000000000001e-01 2.955909721386590e+00 -1.741378851131557e-02
6.656250000000000e-01 3.002581251703353e+00 -2.181124041178866e-02
6.687500000000001e-01 3.049985848997626e+00 -2.603847582449130e-02
6.718750000000000e-01 3.098135086892879e+00 -2.965030521558396e-02
6.750000000000000e-01 3.147040720813310e+00 -3.227539255080569e-02
6.781250000000001e-01 3.196714690853871e+00 -3.367328114313509e-02
6.812500000000000e-01 3.247169124695383e+00 -3.376265772880824e-02
6.843750000000001e-01 3.298416340565477e+00 -3.260394650397538e-02
6.875000000000000e-01 3.350468850246008e+00 -3.036417118693941e-02
6.906250000000000e-01 3.403339362127777e+00 -2.727305830726720e-02
6.937500000000001e-01 3.457040784313211e+00 -2.357967435800087e-02
6.968750000000000e-01 3.511586227767823e+00 -1.952611387120834e-02
7.000000000000001e-01 3.566989009521205e+00 -1.532246389961669e-02
7.031250000000000e-01 3.623262655918307e+00 -1.114374883334636e-02
7.062500000000000e-01 3.680420905921852e+00 -7.120677668522913e-03
7.093750000000001e-01 3.738477714466631e+00 -3.348826796958468e-03
7.125000000000000e-01 3.797447255866536e+00 1.130614307116589e-04
7.156250000000001e-01 3.857343927275175e+00 3.230628433067812e-03
7.187500000000000e-01 3.918182352200844e+00 5.993678939308116e-03
7.218750000000000e-01 3.979977384076828e+00 8.405136976713233e-03
7.250000000000001e-01 4.042744109887770e+00 1.048115019677823e-02
7.281250000000000e-01 4.106497853853101e+00 1.224258561010791e-02
7.312500000000001e-01 4.171254181168399e+00 1.371584663282979e-02
7.343750000000000e-01 4.237028901805528e+00 1.492679992976362e-02
7.375000000000000e-01 4.303838074372613e+00 1.590240773218158e-02
7.406250000000001e-01 4.371698010034643e+00 1.666674643520314e-02
7.437500000000000e-01 4.440625276495786e+00 1.724294735194200e-02
7.468750000000001e-01 4.510636702044332e+00 1.765058096496671e-02
7.500000000000000e-01 4.581749379661216e+00 1.790735259285330e-02
7.531250000000000e-01 4.653980671193226e+00 1.802740268769921e-02
7.562500000000001e-01 4.727348211591802e+00 1.802262008622719e-02
7.593750000000000e-01 4.801869913218528e+00 1.790166118296138e-02
7.625000000000001e-01 4.877563970218381e+00 1.767078306631143e-02
7.656250000000000e-01 4.954448862961714e+00 1.733335818007048e-02
7.687500000000000e-01 5.032543362556198e+00 1.689036235608640e-02
7.718750000000001e-01 5.111866535429675e+00 1.634028889337774e-02
7.750000000000000e-01 5.192437747985146e+00 1.567942486212476e-02
7.781250000000001e-01 5.274276671329015e+00 1.490181013428027e-02
7.812500000000000e-01 5.357403286073669e+00 1.399934215468476e-02
7.843750000000000e-01 5.441837887215693e+00 1.296218707626304e-02
7.875000000000001e-01 5.527601089090773e+00 1.178012354549191e-02
7.906250000000000e-01 5.614713830406605e+00 1.044514827535973e-02
7.937500000000001e-01 5.703197379355005e+00 8.955277164986631e-03
7.968750000000000e-01 5.793073338804412e+00 7.318811841259572e-03
8.000000000000000e-01 5.884363651574169e+00 5.557891650313451e-03
8.031250000000001e-01 5.977090605791737e+00 3.710105639652807e-03
8.062500000000000e-01 6.071276840334257e+00 1.827400366939136e-03
8.093750000000001e-01 6.166945350355728e+00 -2.770281507638287e-05
8.125000000000000e-01 6.264119492901173e+00 -1.787800427816828e-03
8.156250000000000e-01 6.362822992609162e+00 -3.386993715093478e-03
8.187500000000001e-01 6.463079947504072e+00 -4.766790918612520e-03
8.218750000000000e-01 6.564914834879517e+00 -5.880758295570388e-03
8.250000000000001e-01 6.668352517274371e+00 -6.697677407215407e-03
8.281250000000000e-01 6.773418248542846e+00 -7.203334486835485e-03
8.312500000000000e-01 6.880137680020114e+00 -7.401152559326449e-03
8.343750000000001e-01 6.988536866784961e+00 -7.311739077581541e-03
8.375000000000000e-01 7.098642274021019e+00 -6.971243688733540e-03
8.406250000000001e-01 7.210480783478133e+00 -6.428381804380164e-03
8.437500000000000e-01 7.324079700035414e+00 -5.740152737585811e-03
8.468750000000000e-01 7.439466758367605e+00 -4.966603447528002e-03
8.500000000000001e-01 7.556670129716381e+00 -4.165309495754779e-03
8.531250000000000e-01 7.675718428768239e+00 -3.386410444212735e-03
8.562500000000001e-01 7.796640720640633e+00 -2.668966520640946e-03
8.593750000000000e-01 7.919466527978115e+00 -2.039117636211120e-03
8.625000000000000e-01 8.044225838160141e+00 -1.510126779816826e-03
8.656250000000001e-01 8.170949110622363e+00 -1.084008962594609e-03
8.687500000000000e-01 8.299667284293170e+00 -7.541909167435748e-04
8.718750000000001e-01 8.430411785147284e+00 -5.085639082595908e-04
8.750000000000000e-01 8.563214533878281e+00 -3.323680977322129e-04
8.781250000000000e-01 8.698107953691880e+00 -2.105248127318748e-04
8.812500000000001e-01 8.835124978221932e+00 -1.292422518157897e-04
8.843750000000000e-01 8.974299059571019e+00 -7.690173139830366e-05
8.875000000000001e-01 9.115664176477637e+00 -4.435235323892823e-05
8.906250000000000e-01 9.259254842611947e+00 -2.479531780786626e-05
8.937500000000000e-01 9.405106115002161e+00 -1.343764331422696e-05
8.968750000000001e-01 9.553253602593529e+00 -7.060068094837917e-06
9.000000000000000e-01 9.703733474942130e+00 -3.596354501351385e-06
9.031250000000001e-01 9.856582471045494e+00 -1.776325420596464e-06
9.062500000000000e-01 1.001183790831228e+01 -8.508056431575013e-07
9.093750000000000e-01 1.016953769167313e+01 -3.952116630690589e-07
9.125000000000001e-01 1.032972032283505e+01 -1.780600712772671e-07
9.156250000000000e-01 1.049242490968134e+01 -7.781948338281192e-08
9.187500000000001e-01 1.065769117581972e+01 -3.299470544572191e-08
9.218750000000000e-01 1.082555947028058e+01 -1.357327400648128e-08
9.250000000000000e-01 1.099607077736805e+01 -5.418271505607350e-09
9.281250000000001e-01 1.116926672666618e+01 -2.099059860499743e-09
9.312500000000000e-01 1.134518960320255e+01 -7.892771370555134e-10
9.343750000000001e-01 1.152388235777201e+01 -2.880898859131401e-10
9.375000000000000e-01 1.170538861742293e+01 -1.020877693638551e-10
9.406250000000000e-01 1.188975269610854e+01 -3.512531214504070e-11
9.437500000000001e-01 1.207701960550600e+01 -1.173602488847780e-11
9.468750000000000e-01 1.226723506600578e+01 -3.808287169486135e-12
9.500000000000001e-01 1.246044551787411e+01 -1.200326789135607e-12
9.531250000000000e-01 1.265669813259115e+01 -3.675221250984718e-13
9.562500000000000e-01 1.285604082436773e+01 -1.093287455725759e-13
9.593750000000001e-01 1.305852226184337e+01 -3.160126278697206e-14
9.625000000000000e-01 1.326419187996850e+01 -8.876577929188100e-15
9.656250000000001e-01 1.347309989207381e+01 -2.423310911436549e-15
9.687500000000000e-01 1.368529730212962e+01 -6.430518440192468e-16
9.718750000000000e-01 1.390083591719824e+01 -1.658847303448604e-16
9.750000000000001e-01 1.411976836008246e+01 -4.160448167464925e-17
9.781250000000000e-01 1.434214808217320e+01 -1.014603154521169e-17
9.812500000000001e-01 1.456802937649935e+01 -2.406152615183667e-18
9.843750000000000e-01 1.479746739098328e+01 -5.549693272173566e-19
9.875000000000000e-01 1.503051814190487e+01 -1.245024902136424e-19
9.906250000000001e-01 1.526723852757770e+01 -2.717380879928247e-20
9.937500000000000e-01 1.550768634224049e+01 -5.753280032271707e-21
9.968750000000001e-01 1.575192029016732e+01 -1.254197479939857e-21
1.000000000000000e+00 1.600000000000000e+01 9.936938148741844e-23
