0.000000000000000e+00 0.000000000000000e+00 0.000000000000000e+00
3.125000000000000e-03 3.369263549427258e-03 -6.574477088518320e-02
6.250000000000000e-03 6.739349689698711e-03 -4.309835429669020e-04
9.375000000000001e-03 1.011108121249049e-02 -6.989012745986327e-03
1.250000000000000e-02 1.348528131119160e-02 5.204307597872297e-05
1.562500000000000e-02 1.686277378188298e-02 -2.475070774854561e-03
1.875000000000000e-02 2.024438322446370e-02 -5.064605975815547e-05
2.187500000000000e-02 2.363093524397333e-02 -1.236087443126295e-03
2.500000000000000e-02 2.702325665215984e-02 2.004072676907925e-05
2.812500000000000e-02 3.042217566934200e-02 -7.651711884250264e-04
3.125000000000000e-02 3.382852212661575e-02 1.861000942895397e-05
3.437500000000000e-02 3.724312766845378e-02 -5.135423220773162e-04
3.750000000000001e-02 4.066682595574785e-02 8.979773363523733e-06
4.062500000000000e-02 4.410045286934348e-02 -3.381516874579882e-04
4.375000000000000e-02 4.754484671411652e-02 1.283444600156606e-05
4.687500000000000e-02 5.100084842364160e-02 -2.784388948460770e-04
5.000000000000000e-02 5.446930176550237e-02 -8.808713329852324e-06
5.312500000000001e-02 5.795105354729364e-02 -2.154837108019633e-04
5.625000000000000e-02 6.144695382336569e-02 -3.269207114980063e-06
5.937500000000000e-02 6.495785610236132e-02 -1.647008246893651e-04
6.250000000000000e-02 6.848461755559625e-02 4.648217439400409e-06
6.562500000000000e-02 7.202809922633362e-02 -1.353138667534855e-04
6.875000000000001e-02 7.558916624000402e-02 3.751105914853829e-06
7.187500000000001e-02 7.916868801542200e-02 -1.114245524057806e-04
7.500000000000001e-02 8.276753847705080e-02 -7.733600488682725e-06
7.812500000000000e-02 8.638659626836727e-02 -9.296196383039437e-05
8.125000000000000e-02 9.002674496637868e-02 1.190415701756069e-05
8.437500000000001e-02 9.368887329734420e-02 -7.517375882078678e-05
8.750000000000001e-02 9.737387535375355e-02 -7.558815356221896e-06
9.062500000000001e-02 1.010826508126157e-01 -7.200946206072427e-05
9.375000000000000e-02 1.048161051551108e-01 2.876130468316801e-06
9.687500000000000e-02 1.085751498876601e-01 -6.006978251070374e-05
1.000000000000000e-01 1.123607027644654e-01 3.653416182967511e-06
1.031250000000000e-01 1.161736880115753e-01 -4.241863429635870e-05
1.062500000000000e-01 1.200150365525305e-01 4.692256165426463e-06
1.093750000000000e-01 1.238856862356450e-01 -4.127021621470467e-05
1.125000000000000e-01 1.277865820629775e-01 7.140572066944798e-06
1.156250000000000e-01 1.317186764210495e-01 -3.583038863675915e-05
1.187500000000000e-01 1.356829293133661e-01 7.810969876502129e-06
1.218750000000000e-01 1.396803085947971e-01 -3.324054472394463e-05
1.250000000000000e-01 1.437117902078738e-01 -2.716283575300787e-06
1.281250000000000e-01 1.477783584210617e-01 -2.325106221059026e-05
1.312500000000000e-01 1.518810060690650e-01 5.825593556578145e-06
1.343750000000000e-01 1.560207347952229e-01 -2.682069570957977e-05
1.375000000000000e-01 1.601985552960564e-01 7.971869639466188e-06
1.406250000000000e-01 1.644154875680252e-01 -2.570822766715825e-05
1.437500000000000e-01 1.686725611565558e-01 1.414117848323923e-06
1.468750000000000e-01 1.729708154074000e-01 -1.733524118947959e-05
1.500000000000000e-01 1.773112997203869e-01 4.819913602188878e-06
1.531250000000000e-01 1.816950738056289e-01 -1.818408535453649e-05
1.562500000000000e-01 1.861232079422458e-01 4.666321662524137e-06
1.593750000000000e-01 1.905967832396682e-01 -1.508702216397005e-05
1.625000000000000e-01 1.951168919015860e-01 6.999784009751386e-06
1.656250000000000e-01 1.996846374926046e-01 -9.847281261795957e-06
1.687500000000000e-01 2.043011352076760e-01 9.506226115222129e-06
1.718750000000000e-01 2.089675121443681e-01 -8.790153821017901e-06
1.750000000000000e-01 2.136849075780412e-01 4.779908260251070e-06
1.781250000000000e-01 2.184544732399964e-01 -1.046120616527073e-05
1.812500000000000e-01 2.232773735986666e-01 3.696338179590916e-06
1.843750000000000e-01 2.281547861439151e-01 -6.620732791218715e-06
1.875000000000000e-01 2.330879016745160e-01 9.875401374299649e-06
1.906250000000000e-01 2.380779245888810e-01 -4.016998627727845e-06
1.937500000000000e-01 2.431260731791094e-01 6.389600406563069e-06
1.968750000000000e-01 2.482335799284277e-01 -5.074868936729061e-06
2.000000000000000e-01 2.534016918120952e-01 6.437077582486252e-06
2.031250000000000e-01 2.586316706018478e-01 -5.005096166151199e-06
2.062500000000000e-01 2.639247931739538e-01 7.217411727732521e-06
2.093750000000000e-01 2.692823518209576e-01 -7.995157127630567e-07
2.125000000000000e-01 2.747056545671873e-01 6.011456561782166e-06
2.156250000000000e-01 2.801960254881028e-01 4.078769119234769e-07
2.187500000000000e-01 2.857548050335636e-01 8.428078695345225e-06
2.218750000000000e-01 2.913833503550930e-01 -5.158421837468745e-07
2.250000000000000e-01 2.970830356372213e-01 1.020515373631547e-05
2.281250000000000e-01 3.028552524329863e-01 1.436917081662235e-06
2.312500000000000e-01 3.087014100036755e-01 7.569726066168786e-06
2.343750000000000e-01 3.146229356628902e-01 2.163869676116071e-06
2.375000000000000e-01 3.206212751250189e-01 9.409699311631173e-06
2.406250000000000e-01 3.266978928582008e-01 3.284624266018909e-06
2.437500000000000e-01 3.328542724418705e-01 9.504039187135544e-06
2.468750000000000e-01 3.390919169289667e-01 2.714233723680411e-06
2.500000000000000e-01 3.454123492128958e-01 1.116437324272913e-05
2.531250000000000e-01 3.518171123993401e-01 3.954393398613073e-06
2.562500000000000e-01 3.583077701830001e-01 1.155151712613900e-05
2.593750000000000e-01 3.648859072293631e-01 5.092389049917566e-06
2.625000000000000e-01 3.715531295615936e-01 9.747011118844823e-06
2.656250000000000e-01 3.783110649526354e-01 6.291468434304740e-06
2.687500000000000e-01 3.851613633226258e-01 1.099910205145939e-05
2.718750000000000e-01 3.921056971417164e-01 6.617912077363613e-06
2.750000000000000e-01 3.991457618383991e-01 1.269348267428086e-05
2.781250000000000e-01 4.062832762134377e-01 6.779196216178375e-06
2.812500000000000e-01 4.135199828595055e-01 1.124707906242173e-05
2.843750000000000e-01 4.208576485866312e-01 9.963434191220259e-06
2.875000000000000e-01 4.282980648535585e-01 1.341788053171554e-05
2.906250000000000e-01 4.358430482051222e-01 8.718363714436920e-06
2.937500000000000e-01 4.434944407157500e-01 1.159000537724029e-05
2.968750000000000e-01 4.512541104391968e-01 1.011106941000261e-05
3.000000000000000e-01 4.591239518646220e-01 1.338049246718485e-05
3.031250000000000e-01 4.671058863791195e-01 1.003653431714537e-05
3.062500000000000e-01 4.752018627368176e-01 1.325833837409587e-05
3.093750000000000e-01 4.834138575346580e-01 1.185180294117340e-05
3.125000000000000e-01 4.917438756949728e-01 1.498426675643746e-05
3.156250000000000e-01 5.001939509549778e-01 1.211904879438093e-05
3.187500000000000e-01 5.087661463633005e-01 1.616328343271307e-05
3.218750000000000e-01 5.174625547836644e-01 1.243214944538480e-05
3.250000000000000e-01 5.262852994058529e-01 1.549524183486329e-05
3.281250000000000e-01 5.352365342640750e-01 1.290118455248490e-05
3.312500000000000e-01 5.443184447628656e-01 1.576701832802246e-05
3.343750000000000e-01 5.535332482106405e-01 1.362769905054872e-05
3.375000000000000e-01 5.628831943610435e-01 1.766253583485721e-05
3.406250000000000e-01 5.723705659622137e-01 1.543192060727783e-05
3.437500000000000e-01 5.819976793141081e-01 1.741896719497716e-05
3.468750000000000e-01 5.917668848340161e-01 1.614740363148679e-05
3.500000000000000e-01 6.016805676304035e-01 1.759153584492298e-05
3.531250000000000e-01 6.117411480852264e-01 1.619176257570191e-05
3.562500000000000e-01 6.219510824448572e-01 1.864737992043230e-05
3.593750000000000e-01 6.323128634197650e-01 1.807041434409382e-05
3.625000000000000e-01 6.428290207931012e-01 1.894095628421517e-05
3.656250000000000e-01 6.535021220383342e-01 1.787911829434870e-05
3.687500000000000e-01 6.643347729460869e-01 2.045249993889318e-05
3.718750000000000e-01 6.753296182603294e-01 1.943807903397531e-05
3.750000000000000e-01 6.864893423240808e-01 2.153455392160369e-05
3.781250000000000e-01 6.978166697347804e-01 1.955127225045653e-05
3.812500000000000e-01 7.093143660094854e-01 2.182976450540604e-05
3.843750000000000e-01 7.209852382600603e-01 2.053437858327490e-05
3.875000000000000e-01 7.328321358785219e-01 2.266321597988641e-05
3.906250000000000e-01 7.448579512327029e-01 2.190585662248272e-05
3.937500000000000e-01 7.570656203724140e-01 2.359556425756940e-05
3.968750000000000e-01 7.694581237462648e-01 2.309246573306779e-05
4.000000000000000e-01 7.820384869293291e-01 2.435055656740258e-05
4.031250000000000e-01 7.948097813618253e-01 2.381954702492693e-05
4.062500000000000e-01 8.077751250989945e-01 2.515115430617455e-05
4.093750000000000e-01 8.209376835723596e-01 2.483616815161582e-05
4.125000000000000e-01 8.343006703625532e-01 2.658760894673337e-05
4.156250000000000e-01 8.478673479838968e-01 2.609879050320888e-05
4.187500000000000e-01 8.616410286809313e-01 2.773613438562190e-05
4.218750000000000e-01 8.756250752370857e-01 2.705734712497468e-05
4.250000000000000e-01 8.898229017956865e-01 2.838218503382728e-05
4.281250000000000e-01 9.042379746935050e-01 2.832620517029584e-05
4.312500000000000e-01 9.188738133070491e-01 2.978138638953917e-05
4.343750000000000e-01 9.337339909118028e-01 2.979296486432172e-05
4.375000000000000e-01 9.488221355546261e-01 3.134893558335062e-05
4.406250000000000e-01 9.641419309395265e-01 3.068757311423083e-05
4.437500000000000e-01 9.796971173270190e-01 3.237418613481269e-05
4.468750000000000e-01 9.954914924472941e-01 3.223570230531828e-05
4.500000000000000e-01 1.011528912427417e+00 3.376841131014964e-05
4.531250000000000e-01 1.027813292732786e+00 3.418930892529541e-05
4.562500000000000e-01 1.044348609123070e+00 3.489998570855358e-05
4.593750000000000e-01 1.061138898622882e+00 3.540241601272824e-05
4.625000000000000e-01 1.078188260507393e+00 3.675844904776947e-05
4.656250000000000e-01 1.095500857303154e+00 3.695211542872258e-05
4.687500000000000e-01 1.113080915804360e+00 3.897565427450006e-05
4.718750000000000e-01 1.130932728104805e+00 3.842626538759208e-05
4.750000000000000e-01 1.149060652645771e+00 3.992246954432781e-05
4.781250000000000e-01 1.167469115280130e+00 4.095124691699502e-05
4.812500000000000e-01 1.186162610352890e+00 4.216184454334282e-05
4.843750000000000e-01 1.205145701798475e+00 4.247334636925902e-05
4.875000000000000e-01 1.224423024254985e+00 4.396952351422349e-05
4.906250000000000e-01 1.243999284195726e+00 4.484659817492010e-05
4.937500000000000e-01 1.263879261078271e+00 4.624611701413588e-05
4.968750000000000e-01 1.284067808511348e+00 4.680240125496121e-05
5.000000000000000e-01 1.304569855439823e+00 4.867316022049188e-05
5.031250000000000e-01 1.325390407348082e+00 4.932388767803523e-05
5.062500000000000e-01 1.346534547482100e+00 5.096251124570817e-05
5.093750000000000e-01 1.368007438090487e+00 5.200915351814944e-05
5.125000000000001e-01 1.389814321684837e+00 5.362022796043260e-05
5.156250000000000e-01 1.411960522319654e+00 5.471487617703050e-05
5.187500000000000e-01 1.434451446892208e+00 5.658045947070422e-05
5.218750000000000e-01 1.457292586462593e+00 5.767413759354703e-05
5.250000000000000e-01 1.480489517594354e+00 5.964852835172468e-05
5.281250000000001e-01 1.504047903715979e+00 6.103594618843652e-05
5.312500000000000e-01 1.527973496503592e+00 6.294892144291745e-05
5.343750000000000e-01 1.552272137285215e+00 6.454183065565726e-05
5.375000000000000e-01 1.576949758466886e+00 6.674341031735317e-05
5.406250000000000e-01 1.602012384981041e+00 6.825735065706600e-05
5.437500000000001e-01 1.627466135757470e+00 7.074462582906291e-05
5.468750000000000e-01 1.653317225217225e+00 7.259800978101950e-05
5.500000000000000e-01 1.679571964789851e+00 7.493365597003480e-05
5.531250000000000e-01 1.706236764454286e+00 7.727319500734678e-05
5.562500000000000e-01 1.733318134303830e+00 7.988484389383796e-05
5.593750000000001e-01 1.760822686135563e+00 8.210572460482768e-05
5.625000000000000e-01 1.788757135064574e+00 8.530756580627095e-05
5.656250000000000e-01 1.817128301163438e+00 8.780113563019354e-05
5.687500000000000e-01 1.845943111127301e+00 9.091199220372592e-05
5.718750000000000e-01 1.875208599965003e+00 9.411989212640839e-05
5.750000000000001e-01 1.904931912716643e+00 9.754245982696621e-05
5.781250000000000e-01 1.935120306198011e+00 1.007701491773905e-04
5.812500000000000e-01 1.965781150772311e+00 1.048889916444381e-04
5.843750000000000e-01 1.996921932149593e+00 1.086175271882639e-04
5.875000000000000e-01 2.028550253214365e+00 1.128316292033608e-04
5.906250000000001e-01 2.060673835881802e+00 1.171842458318395e-04
5.937500000000000e-01 2.093300522983012e+00 1.221783884589663e-04
5.968750000000000e-01 2.126438280179837e+00 1.268962909644364e-04
6.000000000000001e-01 2.160095197909630e+00 1.322639745588917e-04
6.031250000000000e-01 2.194279493360494e+00 1.380514282602849e-04
6.062500000000001e-01 2.228999512477486e+00 1.443377888818900e-04
6.093750000000000e-01 2.264263732000228e+00 1.502538965637506e-04
6.125000000000000e-01 2.300080761532477e+00 1.574753248398332e-04
6.156250000000001e-01 2.336459345644116e+00 1.653524530969127e-04
6.187500000000000e-01 2.373408366006099e+00 1.730065339753305e-04
6.218750000000001e-01 2.410936843558884e+00 1.809068744522367e-04
6.250000000000000e-01 2.449053940714840e+00 1.912597154251913e-04
6.281250000000000e-01 2.487768963595221e+00 2.016240953641399e-04
6.312500000000001e-01 2.527091364302215e+00 2.110482577890895e-04
6.343750000000000e-01 2.567030743226622e+00 2.224538212120605e-04
6.375000000000001e-01 2.607596851391758e+00 2.375643984075019e-04
6.406250000000000e-01 2.648799592834118e+00 2.511419524608799e-04
6.437500000000000e-01 2.690649027021411e+00 2.630941599084998e-04
6.468750000000001e-01 2.733155371308524e+00 2.800871089509667e-04
6.500000000000000e-01 2.776329003432049e+00 3.028675510428514e-04
6.531250000000001e-01 2.820180464043967e+00 3.214802271764507e-04
6.562500000000000e-01 2.864720459285089e+00 3.362934896104667e-04
6.593750000000000e-01 2.909959863398929e+00 3.606516066861019e-04
6.625000000000001e-01 2.955909721386590e+00 3.969349215735609e-04
6.656250000000000e-01 3.002581251703353e+00 4.264358442455088e-04
6.687500000000001e-01 3.049985848997626e+00 4.428230587780784e-04
6.718750000000000e-01 3.098135086892879e+00 4.696120290945180e-04
6.750000000000000e-01 3.147040720813310e+00 5.255021371307693e-04
6.781250000000001e-01 3.196714690853871e+00 5.846975160309891e-04
6.812500000000000e-01 3.247169124695383e+00 6.083076655899440e-04
6.843750000000001e-01 3.298416340565477e+00 6.077639601913205e-04
6.875000000000000e-01 3.350468850246008e+00 6.445187303355648e-04
6.906250000000000e-01 3.403339362127777e+00 7.431028252450868e-04
6.937500000000001e-01 3.457040784313211e+00 8.313061275953481e-04
6.968750000000000e-01 3.511586227767823e+00 7.983911312089530e-04
7.000000000000001e-01 3.566989009521205e+00 6.255313305963013e-04
7.031250000000000e-01 3.623262655918307e+00 4.307685036078030e-04
7.062500000000000e-01 3.680420905921852e+00 3.520466478617135e-04
7.093750000000001e-01 3.738477714466631e+00 3.493073217608132e-04
7.125000000000000e-01 3.797447255866536e+00 1.047950988959463e-04
7.156250000000001e-01 3.857343927275175e+00 -8.779616995481242e-04
7.187500000000000e-01 3.918182352200844e+00 -3.023505935751096e-03
7.218750000000000e-01 3.979977384076828e+00 -6.441428831462597e-03
7.250000000000001e-01 4.042744109887770e+00 -1.082986876475518e-02
7.281250000000000e-01 4.106497853853101e+00 -1.556029887683980e-02
7.312500000000001e-01 4.171254181168399e+00 -1.988705407248866e-02
7.343750000000000e-01 4.237028901805528e+00 -2.315986254892927e-02
7.375000000000000e-01 4.303838074372613e+00 -2.497339141194389e-02
7.406250000000001e-01 4.371698010034643e+00 -2.520520101058592e-02
7.437500000000000e-01 4.440625276495786e+00 -2.397734799040559e-02
7.468750000000001e-01 4.510636702044332e+00 -2.157070681324275e-02
7.500000000000000e-01 4.581749379661216e+00 -1.833479854504469e-02
7.531250000000000e-01 4.653980671193226e+00 -1.461920898600646e-02
7.562500000000001e-01 4.727348211591802e+00 -1.072559840920546e-02
7.593750000000000e-01 4.801869913218528e+00 -6.891479564380148e-03
7.625000000000001e-01 4.877563970218381e+00 -3.282248402990560e-03
7.656250000000000e-01 4.954448862961714e+00 -2.888861751996075e-06
7.687500000000000e-01 5.032543362556198e+00 2.894538657678235e-03
7.718750000000001e-01 5.111866535429675e+00 5.393530165839064e-03
7.750000000000000e-01 5.192437747985146e+00 7.504863307000171e-03
7.781250000000001e-01 5.274276671329015e+00 9.253225990352021e-03
7.812500000000000e-01 5.357403286073669e+00 1.067272495582965e-02
7.843750000000000e-01 5.441837887215693e+00 1.179878427883762e-02
7.875000000000001e-01 5.527601089090773e+00 1.266701789071057e-02
7.906250000000000e-01 5.614713830406605e+00 1.330915096367438e-02
7.937500000000001e-01 5.703197379355005e+00 1.375360570639153e-02
7.968750000000000e-01 5.793073338804412e+00 1.402333089139743e-02
8.000000000000000e-01 5.884363651574169e+00 1.413644920608061e-02
8.031250000000001e-01 5.977090605791737e+00 1.410547352071487e-02
8.062500000000000e-01 6.071276840334257e+00 1.393856498806569e-02
8.093750000000001e-01 6.166945350355728e+00 1.363987316443763e-02
8.125000000000000e-01 6.264119492901173e+00 1.320978588233169e-02
8.156250000000000e-01 6.362822992609162e+00 1.264363099690361e-02
8.187500000000001e-01 6.463079947504072e+00 1.193034417161194e-02
8.218750000000000e-01 6.564914834879517e+00 1.105258531460398e-02
8.250000000000001e-01 6.668352517274371e+00 9.990311684504153e-03
8.281250000000000e-01 6.773418248542846e+00 8.728015507731160e-03
8.312500000000000e-01 6.880137680020114e+00 7.263927108999335e-03
8.343750000000001e-01 6.988536866784961e+00 5.617972049834678e-03
8.375000000000000e-01 7.098642274021019e+00 3.835446324912819e-03
8.406250000000001e-01 7.210480783478133e+00 1.984968315119636e-03
8.437500000000000e-01 7.324079700035414e+00 1.513972694280057e-04
8.468750000000000e-01 7.439466758367605e+00 -1.574114053793962e-03
8.500000000000001e-01 7.556670129716381e+00 -3.104507836414626e-03
8.531250000000000e-01 7.675718428768239e+00 -4.365947682720795e-03
8.562500000000001e-01 7.796640720640633e+00 -5.304934524853428e-03
8.593750000000000e-01 7.919466527978115e+00 -5.893211801447563e-03
8.625000000000000e-01 8.044225838160141e+00 -6.130263339027788e-03
8.656250000000001e-01 8.170949110622363e+00 -6.042994760420146e-03
8.687500000000000e-01 8.299667284293170e+00 -5.682210177323920e-03
8.718750000000001e-01 8.430411785147284e+00 -5.115966526826523e-03
8.750000000000000e-01 8.563214533878281e+00 -4.420662075780396e-03
8.781250000000000e-01 8.698107953691880e+00 -3.671414359134782e-03
8.812500000000001e-01 8.835124978221932e+00 -2.933546653943196e-03
8.843750000000000e-01 8.974299059571019e+00 -2.256692883132849e-03
8.875000000000001e-01 9.115664176477637e+00 -1.672280869528297e-03
8.906250000000000e-01 9.259254842611947e+00 -1.194267710275690e-03
8.937500000000000e-01 9.405106115002161e+00 -8.222922535728669e-04
8.968750000000001e-01 9.553253602593529e+00 -5.460675916454677e-04
9.000000000000000e-01 9.703733474942130e+00 -3.498793397402114e-04
9.031250000000001e-01 9.856582471045494e+00 -2.163678799718074e-04
9.062500000000000e-01 1.001183790831228e+01 -1.291864358900728e-04
9.093750000000000e-01 1.016953769167313e+01 -7.449624684164158e-05
9.125000000000001e-01 1.032972032283505e+01 -4.150360375134593e-05
9.156250000000000e-01 1.049242490968134e+01 -2.234645675407393e-05
9.187500000000001e-01 1.065769117581972e+01 -1.163154500328444e-05
9.218750000000000e-01 1.082555947028058e+01 -5.854682116744053e-06
9.250000000000000e-01 1.099607077736805e+01 -2.850588920722540e-06
9.281250000000001e-01 1.116926672666618e+01 -1.342938930072127e-06
9.312500000000000e-01 1.134518960320255e+01 -6.123366271920578e-07
9.343750000000001e-01 1.152388235777201e+01 -2.703057627361003e-07
9.375000000000000e-01 1.170538861742293e+01 -1.155492593366051e-07
9.406250000000000e-01 1.188975269610854e+01 -4.784521079848822e-08
9.437500000000001e-01 1.207701960550600e+01 -1.919459121712603e-08
9.468750000000000e-01 1.226723506600578e+01 -7.462683773464941e-09
9.500000000000001e-01 1.246044551787411e+01 -2.812488622666131e-09
9.531250000000000e-01 1.265669813259115e+01 -1.027701569691975e-09
9.562500000000000e-01 1.285604082436773e+01 -3.641849088894904e-10
9.593750000000001e-01 1.305852226184337e+01 -1.251846300402627e-10
9.625000000000000e-01 1.326419187996850e+01 -4.174909162125793e-11
9.656250000000001e-01 1.347309989207381e+01 -1.351139687371264e-11
9.687500000000000e-01 1.368529730212962e+01 -4.244225146568895e-12
9.718750000000000e-01 1.390083591719824e+01 -1.294275809995769e-12
9.750000000000001e-01 1.411976836008246e+01 -3.832379135329186e-13
9.781250000000000e-01 1.434214808217320e+01 -1.102056815977526e-13
9.812500000000001e-01 1.456802937649935e+01 -3.078306158927968e-14
9.843750000000000e-01 1.479746739098328e+01 -8.353504065052699e-15
9.875000000000000e-01 1.503051814190487e+01 -2.202630915234479e-15
9.906250000000001e-01 1.526723852757770e+01 -5.645508513816363e-16
9.937500000000000e-01 1.550768634224049e+01 -1.401098192901390e-16
9.968750000000001e-01 1.575192029016732e+01 -3.570722074883092e-17
1.000000000000000e+00 1.600000000000000e+01 -4.018040234215269e-19
