0.000000000000000e+00 0.000000000000000e+00 0.000000000000000e+00
3.125000000000000e-03 3.369263549427258e-03 -1.552399362601246e-03
6.250000000000000e-03 6.739349689698711e-03 4.264161982128664e-04
9.375000000000001e-03 1.011108121249049e-02 -3.359982532381064e-04
1.250000000000000e-02 1.348528131119160e-02 -9.610043986356254e-05
1.562500000000000e-02 1.686277378188298e-02 2.341120532265115e-05
1.875000000000000e-02 2.024438322446370e-02 8.416436147916443e-05
2.187500000000000e-02 2.363093524397333e-02 -4.575957090788859e-05
2.500000000000000e-02 2.702325665215984e-02 1.579991369169384e-05
2.812500000000000e-02 3.042217566934200e-02 -7.794594551511809e-06
3.125000000000000e-02 3.382852212661575e-02 2.935886620983083e-05
3.437500000000000e-02 3.724312766845378e-02 -1.838239607915297e-05
3.750000000000001e-02 4.066682595574785e-02 -1.112205691792686e-05
4.062500000000000e-02 4.410045286934348e-02 2.465263981542520e-06
4.375000000000000e-02 4.754484671411652e-02 -6.051822075266374e-06
4.687500000000000e-02 5.100084842364160e-02 -8.113986846146726e-07
5.000000000000000e-02 5.446930176550237e-02 2.117402919548461e-05
5.312500000000001e-02 5.795105354729364e-02 -2.826374301269831e-05
5.625000000000000e-02 6.144695382336569e-02 3.145664806810635e-05
5.937500000000000e-02 6.495785610236132e-02 -1.281237968079470e-05
6.250000000000000e-02 6.848461755559625e-02 4.686274995901384e-06
6.562500000000000e-02 7.202809922633362e-02 -2.652217487356555e-06
6.875000000000001e-02 7.558916624000402e-02 2.177539795350409e-05
7.187500000000001e-02 7.916868801542200e-02 -4.612420243294076e-06
7.500000000000001e-02 8.276753847705080e-02 1.651658923969778e-05
7.812500000000000e-02 8.638659626836727e-02 -1.053612955829232e-05
8.125000000000000e-02 9.002674496637868e-02 1.733482536019712e-05
8.437500000000001e-02 9.368887329734420e-02 -2.048657079733575e-05
8.750000000000001e-02 9.737387535375355e-02 7.601040050500740e-06
9.062500000000001e-02 1.010826508126157e-01 -1.533137332512598e-05
9.375000000000000e-02 1.048161051551108e-01 2.492060468560626e-06
9.687500000000000e-02 1.085751498876601e-01 -1.459529158807336e-05
1.000000000000000e-01 1.123607027644654e-01 -3.587603451837218e-06
1.031250000000000e-01 1.161736880115753e-01 -2.846421784188462e-06
1.062500000000000e-01 1.200150365525305e-01 2.827049236481614e-06
1.093750000000000e-01 1.238856862356450e-01 -1.623580622549078e-05
1.125000000000000e-01 1.277865820629775e-01 -7.276893318730237e-06
1.156250000000000e-01 1.317186764210495e-01 -4.351580013354895e-06
1.187500000000000e-01 1.356829293133661e-01 7.237044275065577e-06
1.218750000000000e-01 1.396803085947971e-01 -1.221834083811161e-05
1.250000000000000e-01 1.437117902078738e-01 7.653756154515041e-06
1.281250000000000e-01 1.477783584210617e-01 -1.562445540759052e-07
1.312500000000000e-01 1.518810060690650e-01 -4.268895583726117e-07
1.343750000000000e-01 1.560207347952229e-01 3.539298758396502e-06
1.375000000000000e-01 1.601985552960564e-01 9.298098031572792e-06
1.406250000000000e-01 1.644154875680252e-01 -3.511347466915233e-06
1.437500000000000e-01 1.686725611565558e-01 2.415485076057235e-06
1.468750000000000e-01 1.729708154074000e-01 -1.539323686577368e-06
1.500000000000000e-01 1.773112997203869e-01 2.875511353675482e-06
1.531250000000000e-01 1.816950738056289e-01 4.895315192701955e-06
1.562500000000000e-01 1.861232079422458e-01 -7.155500179539522e-06
1.593750000000000e-01 1.905967832396682e-01 2.445802377029302e-06
1.625000000000000e-01 1.951168919015860e-01 -1.633930958203348e-06
1.656250000000000e-01 1.996846374926046e-01 7.921329588948579e-06
1.687500000000000e-01 2.043011352076760e-01 3.130913034312277e-06
1.718750000000000e-01 2.089675121443681e-01 5.167927910049786e-06
1.750000000000000e-01 2.136849075780412e-01 -9.678908507653874e-07
1.781250000000000e-01 2.184544732399964e-01 2.148472556754138e-06
1.812500000000000e-01 2.232773735986666e-01 -8.301588224752938e-06
1.843750000000000e-01 2.281547861439151e-01 -2.510702115587124e-06
1.875000000000000e-01 2.330879016745160e-01 -4.211078211860049e-06
1.906250000000000e-01 2.380779245888810e-01 2.700384496400191e-06
1.937500000000000e-01 2.431260731791094e-01 1.532673685274831e-06
1.968750000000000e-01 2.482335799284277e-01 -2.461993250759487e-06
2.000000000000000e-01 2.534016918120952e-01 -2.731918744318219e-06
2.031250000000000e-01 2.586316706018478e-01 3.458596362277832e-06
2.062500000000000e-01 2.639247931739538e-01 -1.230128683750406e-06
2.093750000000000e-01 2.692823518209576e-01 2.349824954606212e-06
2.125000000000000e-01 2.747056545671873e-01 -2.183583457382650e-06
2.156250000000000e-01 2.801960254881028e-01 2.087527879187755e-06
2.187500000000000e-01 2.857548050335636e-01 5.338722927015931e-07
2.218750000000000e-01 2.913833503550930e-01 5.704209177901327e-07
2.250000000000000e-01 2.970830356372213e-01 3.685413645845273e-06
2.281250000000000e-01 3.028552524329863e-01 9.150909819999638e-07
2.312500000000000e-01 3.087014100036755e-01 3.497829022869982e-06
2.343750000000000e-01 3.146229356628902e-01 1.995528794710037e-06
2.375000000000000e-01 3.206212751250189e-01 4.495851940996353e-06
2.406250000000000e-01 3.266978928582008e-01 -1.409127632154554e-06
2.437500000000000e-01 3.328542724418705e-01 2.214172791017915e-06
2.468750000000000e-01 3.390919169289667e-01 -1.317735128224242e-06
2.500000000000000e-01 3.454123492128958e-01 1.685434799576891e-07
2.531250000000000e-01 3.518171123993401e-01 -8.539620085868016e-07
2.562500000000000e-01 3.583077701830001e-01 -7.302320596433089e-07
2.593750000000000e-01 3.648859072293631e-01 5.679847624478106e-07
2.625000000000000e-01 3.715531295615936e-01 1.772368347262794e-06
2.656250000000000e-01 3.783110649526354e-01 -1.264951817145055e-06
2.687500000000000e-01 3.851613633226258e-01 2.307068836467509e-06
2.718750000000000e-01 3.921056971417164e-01 -2.010612986852087e-07
2.750000000000000e-01 3.991457618383991e-01 2.420442364602781e-06
2.781250000000000e-01 4.062832762134377e-01 2.172242901998233e-07
2.812500000000000e-01 4.135199828595055e-01 1.399199527155282e-06
2.843750000000000e-01 4.208576485866312e-01 3.165965469073615e-06
2.875000000000000e-01 4.282980648535585e-01 8.468714156848219e-07
2.906250000000000e-01 4.358430482051222e-01 3.056331159483917e-06
2.937500000000000e-01 4.434944407157500e-01 1.056163015131245e-06
2.968750000000000e-01 4.512541104391968e-01 6.317229324285998e-07
3.000000000000000e-01 4.591239518646220e-01 2.198929041551343e-06
3.031250000000000e-01 4.671058863791195e-01 3.846910568807029e-07
3.062500000000000e-01 4.752018627368176e-01 -5.938797073715098e-07
3.093750000000000e-01 4.834138575346580e-01 7.468126606067854e-07
3.125000000000000e-01 4.917438756949728e-01 1.600464164972143e-06
3.156250000000000e-01 5.001939509549778e-01 2.604362904459653e-06
3.187500000000000e-01 5.087661463633005e-01 2.222200959354832e-07
3.218750000000000e-01 5.174625547836644e-01 1.437117275630122e-06
3.250000000000000e-01 5.262852994058529e-01 1.520672157065669e-06
3.281250000000000e-01 5.352365342640750e-01 2.091521701929279e-06
3.312500000000000e-01 5.443184447628656e-01 1.849665322047997e-06
3.343750000000000e-01 5.535332482106405e-01 2.016328921481128e-06
3.375000000000000e-01 5.628831943610435e-01 1.374871082452693e-06
3.406250000000000e-01 5.723705659622137e-01 1.709613797133358e-06
3.437500000000000e-01 5.819976793141081e-01 1.402144713066621e-06
3.468750000000000e-01 5.917668848340161e-01 1.744577003127576e-06
3.500000000000000e-01 6.016805676304035e-01 2.024890354491817e-06
3.531250000000000e-01 6.117411480852264e-01 1.164823319533670e-06
3.562500000000000e-01 6.219510824448572e-01 1.524276149559659e-06
3.593750000000000e-01 6.323128634197650e-01 1.485485882390094e-06
3.625000000000000e-01 6.428290207931012e-01 3.283519095194333e-06
3.656250000000000e-01 6.535021220383342e-01 1.040712955527110e-06
3.687500000000000e-01 6.643347729460869e-01 1.117275011031273e-06
3.718750000000000e-01 6.753296182603294e-01 1.993538154683530e-06
3.750000000000000e-01 6.864893423240808e-01 2.645729680652566e-06
3.781250000000000e-01 6.978166697347804e-01 1.402683977059406e-06
3.812500000000000e-01 7.093143660094854e-01 2.838882880495078e-06
3.843750000000000e-01 7.209852382600603e-01 2.386804632141760e-06
3.875000000000000e-01 7.328321358785219e-01 2.178994761764592e-06
3.906250000000000e-01 7.448579512327029e-01 2.582425345430698e-06
3.937500000000000e-01 7.570656203724140e-01 1.162502015763648e-06
3.968750000000000e-01 7.694581237462648e-01 2.013306127597519e-06
4.000000000000000e-01 7.820384869293291e-01 1.861278873342318e-06
4.031250000000000e-01 7.948097813618253e-01 2.595055219227675e-06
4.062500000000000e-01 8.077751250989945e-01 2.448336001798036e-06
4.093750000000000e-01 8.209376835723596e-01 3.527531251291884e-06
4.125000000000000e-01 8.343006703625532e-01 2.670804012086623e-06
4.156250000000000e-01 8.478673479838968e-01 2.258956367431722e-06
4.187500000000000e-01 8.616410286809313e-01 2.447257258971384e-06
4.218750000000000e-01 8.756250752370857e-01 1.931716566136630e-06
4.250000000000000e-01 8.898229017956865e-01 2.229261799205984e-06
4.281250000000000e-01 9.042379746935050e-01 2.637758523914213e-06
4.312500000000000e-01 9.188738133070491e-01 3.786197246912549e-06
4.343750000000000e-01 9.337339909118028e-01 2.586234079620585e-06
4.375000000000000e-01 9.488221355546261e-01 2.887237503487132e-06
4.406250000000000e-01 9.641419309395265e-01 2.796453285500406e-06
4.437500000000000e-01 9.796971173270190e-01 3.644121035115391e-06
4.468750000000000e-01 9.954914924472941e-01 2.946228160366900e-06
4.500000000000000e-01 1.011528912427417e+00 2.465397239120087e-06
4.531250000000000e-01 1.027813292732786e+00 3.302680361948373e-06
4.562500000000000e-01 1.044348609123070e+00 2.872749738867105e-06
4.593750000000000e-01 1.061138898622882e+00 4.044347632565186e-06
4.625000000000000e-01 1.078188260507393e+00 3.125187903237647e-06
4.656250000000000e-01 1.095500857303154e+00 3.660571279079564e-06
4.687500000000000e-01 1.113080915804360e+00 3.447426235527953e-06
4.718750000000000e-01 1.130932728104805e+00 2.976656344867676e-06
4.750000000000000e-01 1.149060652645771e+00 4.053948872849946e-06
4.781250000000000e-01 1.167469115280130e+00 3.142845720110407e-06
4.812500000000000e-01 1.186162610352890e+00 4.569746655209684e-06
4.843750000000000e-01 1.205145701798475e+00 3.863476383976345e-06
4.875000000000000e-01 1.224423024254985e+00 3.847590122695961e-06
4.906250000000000e-01 1.243999284195726e+00 4.392135024804970e-06
4.937500000000000e-01 1.263879261078271e+00 3.126979506088736e-06
4.968750000000000e-01 1.284067808511348e+00 4.896966914218712e-06
5.000000000000000e-01 1.304569855439823e+00 4.031681260917239e-06
5.031250000000000e-01 1.325390407348082e+00 4.513384865045392e-06
5.062500000000000e-01 1.346534547482100e+00 5.134314903747106e-06
5.093750000000000e-01 1.368007438090487e+00 3.437710922138514e-06
5.125000000000001e-01 1.389814321684837e+00 5.554135845335366e-06
5.156250000000000e-01 1.411960522319654e+00 4.173417066853355e-06
5.187500000000000e-01 1.434451446892208e+00 5.075029516123598e-06
5.218750000000000e-01 1.457292586462593e+00 6.023132559518573e-06
5.250000000000000e-01 1.480489517594354e+00 3.508470398624522e-06
5.281250000000001e-01 1.504047903715979e+00 6.464613430970185e-06
5.312500000000000e-01 1.527973496503592e+00 4.749745272610023e-06
5.343750000000000e-01 1.552272137285215e+00 5.257080979770844e-06
5.375000000000000e-01 1.576949758466886e+00 7.294580950289342e-06
5.406250000000000e-01 1.602012384981041e+00 3.626344276534497e-06
5.437500000000001e-01 1.627466135757470e+00 7.034977914164776e-06
5.468750000000000e-01 1.653317225217225e+00 6.126019796476939e-06
5.500000000000000e-01 1.679571964789851e+00 5.349525899301962e-06
5.531250000000000e-01 1.706236764454286e+00 7.960849585459940e-06
5.562500000000000e-01 1.733318134303830e+00 4.513843341755870e-06
5.593750000000001e-01 1.760822686135563e+00 8.119190360280862e-06
5.625000000000000e-01 1.788757135064574e+00 7.081484068353259e-06
5.656250000000000e-01 1.817128301163438e+00 5.053247693102608e-06
5.687500000000000e-01 1.845943111127301e+00 1.004332073727022e-05
5.718750000000000e-01 1.875208599965003e+00 5.348122077060482e-06
5.750000000000001e-01 1.904931912716643e+00 7.742753481758577e-06
5.781250000000000e-01 1.935120306198011e+00 9.970690261875132e-06
5.812500000000000e-01 1.965781150772311e+00 4.735874752991142e-06
5.843750000000000e-01 1.996921932149593e+00 1.091826186661770e-05
5.875000000000000e-01 2.028550253214365e+00 8.377888050752505e-06
5.906250000000001e-01 2.060673835881802e+00 6.090425354779272e-06
5.937500000000000e-01 2.093300522983012e+00 1.310432302088389e-05
5.968750000000000e-01 2.126438280179837e+00 6.553767430176845e-06
6.000000000000001e-01 2.160095197909630e+00 8.974622549462543e-06
6.031250000000000e-01 2.194279493360494e+00 1.385569956209548e-05
6.062500000000001e-01 2.228999512477486e+00 5.540182279379066e-06
6.093750000000000e-01 2.264263732000228e+00 1.240174423149163e-05
6.125000000000000e-01 2.300080761532477e+00 1.363140268954469e-05
6.156250000000001e-01 2.336459345644116e+00 5.586210250005614e-06
6.187500000000000e-01 2.373408366006099e+00 1.577337350737143e-05
6.218750000000001e-01 2.410936843558884e+00 1.315018133801319e-05
6.250000000000000e-01 2.449053940714840e+00 6.403992217517668e-06
6.281250000000000e-01 2.487768963595221e+00 1.891579200019566e-05
6.312500000000001e-01 2.527091364302215e+00 1.298075476237920e-05
6.343750000000000e-01 2.567030743226622e+00 7.415324113090800e-06
6.375000000000001e-01 2.607596851391758e+00 2.204517345630351e-05
6.406250000000000e-01 2.648799592834118e+00 1.359445970961200e-05
6.437500000000000e-01 2.690649027021411e+00 8.128133407841210e-06
6.468750000000001e-01 2.733155371308524e+00 2.538569916040714e-05
6.500000000000000e-01 2.776329003432049e+00 1.550244909798492e-05
6.531250000000001e-01 2.820180464043967e+00 7.971945850172331e-06
6.562500000000000e-01 2.864720459285089e+00 2.883216438684440e-05
6.593750000000000e-01 2.909959863398929e+00 1.961847299276830e-05
6.625000000000001e-01 2.955909721386590e+00 6.758890392058375e-06
6.656250000000000e-01 3.002581251703353e+00 3.148098974236419e-05
6.687500000000001e-01 3.049985848997626e+00 2.731140212018713e-05
6.718750000000000e-01 3.098135086892879e+00 5.174873475969212e-06
6.750000000000000e-01 3.147040720813310e+00 3.090482776518980e-05
6.781250000000001e-01 3.196714690853871e+00 3.961483292907232e-05
6.812500000000000e-01 3.247169124695383e+00 6.739050184485302e-06
6.843750000000001e-01 3.298416340565477e+00 2.348797827066017e-05
6.875000000000000e-01 3.350468850246008e+00 5.413386271426824e-05
6.906250000000000e-01 3.403339362127777e+00 1.921744245091457e-05
6.937500000000001e-01 3.457040784313211e+00 8.659104547898721e-06
6.968750000000000e-01 3.511586227767823e+00 5.978552192589217e-05
7.000000000000001e-01 3.566989009521205e+00 5.055818490133567e-05
7.031250000000000e-01 3.623262655918307e+00 2.994458411947780e-07
7.062500000000000e-01 3.680420905921852e+00 3.837577124171194e-05
7.093750000000001e-01 3.738477714466631e+00 8.859826143968164e-05
7.125000000000000e-01 3.797447255866536e+00 3.289314380157458e-05
7.156250000000001e-01 3.857343927275175e+00 -3.072287777911937e-06
7.187500000000000e-01 3.918182352200844e+00 7.924782187018097e-05
7.218750000000000e-01 3.979977384076828e+00 1.134149895862526e-04
7.250000000000001e-01 4.042744109887770e+00 1.869732745511910e-05
7.281250000000000e-01 4.106497853853101e+00 -3.474320285726488e-06
7.312500000000001e-01 4.171254181168399e+00 1.213439230066893e-04
7.343750000000000e-01 4.237028901805528e+00 1.597762361851547e-04
7.375000000000000e-01 4.303838074372613e+00 2.302798894872604e-05
7.406250000000001e-01 4.371698010034643e+00 -2.685187815755964e-05
7.437500000000000e-01 4.440625276495786e+00 1.452568788525244e-04
7.468750000000001e-01 4.510636702044332e+00 2.624152551452272e-04
7.500000000000000e-01 4.581749379661216e+00 1.025897106222325e-04
7.531250000000000e-01 4.653980671193226e+00 -8.102965204542904e-05
7.562500000000001e-01 4.727348211591802e+00 5.989118601090333e-05
7.593750000000000e-01 4.801869913218528e+00 3.811451614931909e-04
7.625000000000001e-01 4.877563970218381e+00 4.100013115345099e-04
7.656250000000000e-01 4.954448862961714e+00 5.114454949840275e-05
7.687500000000000e-01 5.032543362556198e+00 -2.072859938324624e-04
7.718750000000001e-01 5.111866535429675e+00 8.439995002911270e-05
7.750000000000000e-01 5.192437747985146e+00 7.066334282584658e-04
7.781250000000001e-01 5.274276671329015e+00 9.563779219857008e-04
7.812500000000000e-01 5.357403286073669e+00 4.460682845877291e-04
7.843750000000000e-01 5.441837887215693e+00 -3.962527583655328e-04
7.875000000000001e-01 5.527601089090773e+00 -6.666602223666404e-04
7.906250000000000e-01 5.614713830406605e+00 1.816626395998735e-04
7.937500000000001e-01 5.703197379355005e+00 1.786752098324084e-03
7.968750000000000e-01 5.793073338804412e+00 3.044810876379441e-03
8.000000000000000e-01 5.884363651574169e+00 2.799952775700917e-03
8.031250000000001e-01 5.977090605791737e+00 5.188796357366632e-04
8.062500000000000e-01 6.071276840334257e+00 -3.461732590829325e-03
8.093750000000001e-01 6.166945350355728e+00 -8.162844723058803e-03
8.125000000000000e-01 6.264119492901173e+00 -1.243241928752276e-02
8.156250000000000e-01 6.362822992609162e+00 -1.537060417042537e-02
8.187500000000001e-01 6.463079947504072e+00 -1.654387010171869e-02
8.218750000000000e-01 6.564914834879517e+00 -1.597866140809367e-02
8.250000000000001e-01 6.668352517274371e+00 -1.401867849390595e-02
8.281250000000000e-01 6.773418248542846e+00 -1.114643135760892e-02
8.312500000000000e-01 6.880137680020114e+00 -7.838321268156251e-03
8.343750000000001e-01 6.988536866784961e+00 -4.480443458644741e-03
8.375000000000000e-01 7.098642274021019e+00 -1.340058546820540e-03
8.406250000000001e-01 7.210480783478133e+00 1.427766727717387e-03
8.437500000000000e-01 7.324079700035414e+00 3.758173872740046e-03
8.468750000000000e-01 7.439466758367605e+00 5.649717770791941e-03
8.500000000000001e-01 7.556670129716381e+00 7.137041703759757e-03
8.531250000000000e-01 7.675718428768239e+00 8.267215232346553e-03
8.562500000000001e-01 7.796640720640633e+00 9.085454734447631e-03
8.593750000000000e-01 7.919466527978115e+00 9.632422147366964e-03
8.625000000000000e-01 8.044225838160141e+00 9.947500499718369e-03
8.656250000000001e-01 8.170949110622363e+00 1.006826966332606e-02
8.687500000000000e-01 8.299667284293170e+00 1.002139879937682e-02
8.718750000000001e-01 8.430411785147284e+00 9.809792939258545e-03
8.750000000000000e-01 8.563214533878281e+00 9.406911330663478e-03
8.781250000000000e-01 8.698107953691880e+00 8.765522225925382e-03
8.812500000000001e-01 8.835124978221932e+00 7.839090827409908e-03
8.843750000000000e-01 8.974299059571019e+00 6.606456735532953e-03
8.875000000000001e-01 9.115664176477637e+00 5.089793697285014e-03
8.906250000000000e-01 9.259254842611947e+00 3.360369229623582e-03
8.937500000000000e-01 9.405106115002161e+00 1.532015502574787e-03
8.968750000000001e-01 9.553253602593529e+00 -2.548157677672061e-04
9.000000000000000e-01 9.703733474942130e+00 -1.854821556729005e-03
9.031250000000001e-01 9.856582471045494e+00 -3.141623669468660e-03
9.062500000000000e-01 1.001183790831228e+01 -4.029056635607623e-03
9.093750000000000e-01 1.016953769167313e+01 -4.485068984471355e-03
9.125000000000001e-01 1.032972032283505e+01 -4.534477832507045e-03
9.156250000000000e-01 1.049242490968134e+01 -4.249782317826693e-03
9.187500000000001e-01 1.065769117581972e+01 -3.732907117399748e-03
9.218750000000000e-01 1.082555947028058e+01 -3.093385736529849e-03
9.250000000000000e-01 1.099607077736805e+01 -2.428948481034742e-03
9.281250000000001e-01 1.116926672666618e+01 -1.812789954117275e-03
9.312500000000000e-01 1.134518960320255e+01 -1.288980016395184e-03
9.343750000000001e-01 1.152388235777201e+01 -8.748539184437602e-04
9.375000000000000e-01 1.170538861742293e+01 -5.676771201126671e-04
9.406250000000000e-01 1.188975269610854e+01 -3.526424438212270e-04
9.437500000000001e-01 1.207701960550600e+01 -2.099692927673706e-04
9.468750000000000e-01 1.226723506600578e+01 -1.199585935621442e-04
9.500000000000001e-01 1.246044551787411e+01 -6.582395985022852e-05
9.531250000000000e-01 1.265669813259115e+01 -3.472163242198242e-05
9.562500000000000e-01 1.285604082436773e+01 -1.762119541098651e-05
9.593750000000001e-01 1.305852226184337e+01 -8.610306952435272e-06
9.625000000000000e-01 1.326419187996850e+01 -4.053735905725542e-06
9.656250000000001e-01 1.347309989207381e+01 -1.840054001691872e-06
9.687500000000000e-01 1.368529730212962e+01 -8.057682753356644e-07
9.718750000000000e-01 1.390083591719824e+01 -3.405992653163850e-07
9.750000000000001e-01 1.411976836008246e+01 -1.390482522908502e-07
9.781250000000000e-01 1.434214808217320e+01 -5.485248634632940e-08
9.812500000000001e-01 1.456802937649935e+01 -2.091912835351857e-08
9.843750000000000e-01 1.479746739098328e+01 -7.716280733166862e-09
9.875000000000000e-01 1.503051814190487e+01 -2.753841575912723e-09
9.906250000000001e-01 1.526723852757770e+01 -9.519294342893870e-10
9.937500000000000e-01 1.550768634224049e+01 -3.168038407101400e-10
9.968750000000001e-01 1.575192029016732e+01 -1.070371974103704e-10
1.000000000000000e+00 1.600000000000000e+01 -1.920692535722649e-11
