0.000000000000000e+00 0.000000000000000e+00 0.000000000000000e+00
3.125000000000000e-03 3.369263549427258e-03 -2.146860657747256e-03
6.250000000000000e-03 6.739349689698711e-03 1.045467829624258e-04
9.375000000000001e-03 1.011108121249049e-02 -1.893984063821125e-04
1.250000000000000e-02 1.348528131119160e-02 -1.442689800011833e-06
1.562500000000000e-02 1.686277378188298e-02 -6.689754547145337e-05
1.875000000000000e-02 2.024438322446370e-02 -2.533295611537011e-05
2.187500000000000e-02 2.363093524397333e-02 -2.449931027475246e-05
2.500000000000000e-02 2.702325665215984e-02 7.717128525427360e-05
2.812500000000000e-02 3.042217566934200e-02 1.650784735244959e-06
3.125000000000000e-02 3.382852212661575e-02 4.102251394438689e-05
3.437500000000000e-02 3.724312766845378e-02 5.324841204714185e-05
3.750000000000001e-02 4.066682595574785e-02 3.157941353482581e-05
4.062500000000000e-02 4.410045286934348e-02 3.738861782873099e-05
4.375000000000000e-02 4.754484671411652e-02 4.437752225460574e-05
4.687500000000000e-02 5.100084842364160e-02 8.390997989454165e-05
5.000000000000000e-02 5.446930176550237e-02 8.184612655600206e-05
5.312500000000001e-02 5.795105354729364e-02 6.170062163405294e-05
5.625000000000000e-02 6.144695382336569e-02 9.327724048173493e-05
5.937500000000000e-02 6.495785610236132e-02 6.972920479801546e-05
6.250000000000000e-02 6.848461755559625e-02 8.199947818063638e-05
6.562500000000000e-02 7.202809922633362e-02 1.037445270992504e-04
6.875000000000001e-02 7.558916624000402e-02 1.025443898958615e-04
7.187500000000001e-02 7.916868801542200e-02 1.025708154608962e-04
7.500000000000001e-02 8.276753847705080e-02 1.151811911246735e-04
7.812500000000000e-02 8.638659626836727e-02 1.054981886181507e-04
8.125000000000000e-02 9.002674496637868e-02 1.281762451351588e-04
8.437500000000001e-02 9.368887329734420e-02 1.232050464707109e-04
8.750000000000001e-02 9.737387535375355e-02 1.268807105684542e-04
9.062500000000001e-02 1.010826508126157e-01 1.379921648768979e-04
9.375000000000000e-02 1.048161051551108e-01 1.500116920321695e-04
9.687500000000000e-02 1.085751498876601e-01 1.393188965584989e-04
1.000000000000000e-01 1.123607027644654e-01 1.530872666957129e-04
1.031250000000000e-01 1.161736880115753e-01 1.529201701437640e-04
1.062500000000000e-01 1.200150365525305e-01 1.639854885124214e-04
1.093750000000000e-01 1.238856862356450e-01 1.673806364422249e-04
1.125000000000000e-01 1.277865820629775e-01 1.613585653985695e-04
1.156250000000000e-01 1.317186764210495e-01 1.813223169567342e-04
1.187500000000000e-01 1.356829293133661e-01 1.824206142488024e-04
1.218750000000000e-01 1.396803085947971e-01 1.883363564397704e-04
1.250000000000000e-01 1.437117902078738e-01 1.978816312022185e-04
1.281250000000000e-01 1.477783584210617e-01 1.995762554122992e-04
1.312500000000000e-01 1.518810060690650e-01 2.033753443082558e-04
1.343750000000000e-01 1.560207347952229e-01 2.186652271243290e-04
1.375000000000000e-01 1.601985552960564e-01 2.198544834110403e-04
1.406250000000000e-01 1.644154875680252e-01 2.150041137106024e-04
1.437500000000000e-01 1.686725611565558e-01 2.216497542699436e-04
1.468750000000000e-01 1.729708154074000e-01 2.368715147018260e-04
1.500000000000000e-01 1.773112997203869e-01 2.504539043122537e-04
1.531250000000000e-01 1.816950738056289e-01 2.438246784875752e-04
1.562500000000000e-01 1.861232079422458e-01 2.563798099410818e-04
1.593750000000000e-01 1.905967832396682e-01 2.620166532707356e-04
1.625000000000000e-01 1.951168919015860e-01 2.709382363319297e-04
1.656250000000000e-01 1.996846374926046e-01 2.678086177069739e-04
1.687500000000000e-01 2.043011352076760e-01 2.783892751429737e-04
1.718750000000000e-01 2.089675121443681e-01 2.839471131490972e-04
1.750000000000000e-01 2.136849075780412e-01 2.890067761414656e-04
1.781250000000000e-01 2.184544732399964e-01 3.015221385515137e-04
1.812500000000000e-01 2.232773735986666e-01 3.068360511509848e-04
1.843750000000000e-01 2.281547861439151e-01 3.167427305069346e-04
1.875000000000000e-01 2.330879016745160e-01 3.207946709034853e-04
1.906250000000000e-01 2.380779245888810e-01 3.299076598038059e-04
1.937500000000000e-01 2.431260731791094e-01 3.293154443764654e-04
1.968750000000000e-01 2.482335799284277e-01 3.410955761928749e-04
2.000000000000000e-01 2.534016918120952e-01 3.508573220860844e-04
2.031250000000000e-01 2.586316706018478e-01 3.573596000949102e-04
2.062500000000000e-01 2.639247931739538e-01 3.686772726134026e-04
2.093750000000000e-01 2.692823518209576e-01 3.737401431282183e-04
2.125000000000000e-01 2.747056545671873e-01 3.819253683723135e-04
2.156250000000000e-01 2.801960254881028e-01 3.842806087942401e-04
2.187500000000000e-01 2.857548050335636e-01 4.027454690071184e-04
2.218750000000000e-01 2.913833503550930e-01 4.056459600032586e-04
2.250000000000000e-01 2.970830356372213e-01 4.114866534854099e-04
2.281250000000000e-01 3.028552524329863e-01 4.211016442577342e-04
2.312500000000000e-01 3.087014100036755e-01 4.313704964264971e-04
2.343750000000000e-01 3.146229356628902e-01 4.442768998566668e-04
2.375000000000000e-01 3.206212751250189e-01 4.482624739894503e-04
2.406250000000000e-01 3.266978928582008e-01 4.601329009753273e-04
2.437500000000000e-01 3.328542724418705e-01 4.663190399934996e-04
2.468750000000000e-01 3.390919169289667e-01 4.778937308837526e-04
2.500000000000000e-01 3.454123492128958e-01 4.872706807622073e-04
2.531250000000000e-01 3.518171123993401e-01 4.970389656037877e-04
2.562500000000000e-01 3.583077701830001e-01 5.099119857369945e-04
2.593750000000000e-01 3.648859072293631e-01 5.163387505618018e-04
2.625000000000000e-01 3.715531295615936e-01 5.296256322460455e-04
2.656250000000000e-01 3.783110649526354e-01 5.365496884591762e-04
2.687500000000000e-01 3.851613633226258e-01 5.485690326111898e-04
2.718750000000000e-01 3.921056971417164e-01 5.607192834818609e-04
2.750000000000000e-01 3.991457618383991e-01 5.713908514963519e-04
2.781250000000000e-01 4.062832762134377e-01 5.844043033812764e-04
2.812500000000000e-01 4.135199828595055e-01 5.944063645243585e-04
2.843750000000000e-01 4.208576485866312e-01 6.057892694743478e-04
2.875000000000000e-01 4.282980648535585e-01 6.175782198905088e-04
2.906250000000000e-01 4.358430482051222e-01 6.304596581354030e-04
2.937500000000000e-01 4.434944407157500e-01 6.435890383230517e-04
2.968750000000000e-01 4.512541104391968e-01 6.560973505657891e-04
3.000000000000000e-01 4.591239518646220e-01 6.678982176150034e-04
3.031250000000000e-01 4.671058863791195e-01 6.813061917402736e-04
3.062500000000000e-01 4.752018627368176e-01 6.946568566596244e-04
3.093750000000000e-01 4.834138575346580e-01 7.090522598978866e-04
3.125000000000000e-01 4.917438756949728e-01 7.249544022378035e-04
3.156250000000000e-01 5.001939509549778e-01 7.351098900969938e-04
3.187500000000000e-01 5.087661463633005e-01 7.509639942466058e-04
3.218750000000000e-01 5.174625547836644e-01 7.657867544351698e-04
3.250000000000000e-01 5.262852994058529e-01 7.799200358383047e-04
3.281250000000000e-01 5.352365342640750e-01 7.975965801778503e-04
3.312500000000000e-01 5.443184447628656e-01 8.098480208410425e-04
3.343750000000000e-01 5.535332482106405e-01 8.262000042833703e-04
3.375000000000000e-01 5.628831943610435e-01 8.440527443685812e-04
3.406250000000000e-01 5.723705659622137e-01 8.582732836939045e-04
3.437500000000000e-01 5.819976793141081e-01 8.741423232622865e-04
3.468750000000000e-01 5.917668848340161e-01 8.913724429372101e-04
3.500000000000000e-01 6.016805676304035e-01 9.093924087125295e-04
3.531250000000000e-01 6.117411480852264e-01 9.241962564991472e-04
3.562500000000000e-01 6.219510824448572e-01 9.416750536995334e-04
3.593750000000000e-01 6.323128634197650e-01 9.596440868049680e-04
3.625000000000000e-01 6.428290207931012e-01 9.757912664614188e-04
3.656250000000000e-01 6.535021220383342e-01 9.939754860709500e-04
3.687500000000000e-01 6.643347729460869e-01 1.010614207547921e-03
3.718750000000000e-01 6.753296182603294e-01 1.028125493939959e-03
3.750000000000000e-01 6.864893423240808e-01 1.045630606024747e-03
3.781250000000000e-01 6.978166697347804e-01 1.061801532553387e-03
3.812500000000000e-01 7.093143660094854e-01 1.079564155255848e-03
3.843750000000000e-01 7.209852382600603e-01 1.095145195573272e-03
3.875000000000000e-01 7.328321358785219e-01 1.111372784014392e-03
3.906250000000000e-01 7.448579512327029e-01 1.127056353283816e-03
3.937500000000000e-01 7.570656203724140e-01 1.140952212205696e-03
3.968750000000000e-01 7.694581237462648e-01 1.155562646859393e-03
4.000000000000000e-01 7.820384869293291e-01 1.167732395478772e-03
4.031250000000000e-01 7.948097813618253e-01 1.179084109477138e-03
4.062500000000000e-01 8.077751250989945e-01 1.189491701135995e-03
4.093750000000000e-01 8.209376835723596e-01 1.196565958661703e-03
4.125000000000000e-01 8.343006703625532e-01 1.203016776237944e-03
4.156250000000000e-01 8.478673479838968e-01 1.205887623523336e-03
4.187500000000000e-01 8.616410286809313e-01 1.205601784950887e-03
4.218750000000000e-01 8.756250752370857e-01 1.202797492364823e-03
4.250000000000000e-01 8.898229017956865e-01 1.194422196041399e-03
4.281250000000000e-01 9.042379746935050e-01 1.182086325470068e-03
4.312500000000000e-01 9.188738133070491e-01 1.164151393242155e-03
4.343750000000000e-01 9.337339909118028e-01 1.138538327377523e-03
4.375000000000000e-01 9.488221355546261e-01 1.106645735910423e-03
4.406250000000000e-01 9.641419309395265e-01 1.064922925667859e-03
4.437500000000000e-01 9.796971173270190e-01 1.012808968353322e-03
4.468750000000000e-01 9.954914924472941e-01 9.497623016869551e-04
4.500000000000000e-01 1.011528912427417e+00 8.717318421842137e-04
4.531250000000000e-01 1.027813292732786e+00 7.783251150515842e-04
4.562500000000000e-01 1.044348609123070e+00 6.669421330452818e-04
4.593750000000000e-01 1.061138898622882e+00 5.331101550762467e-04
4.625000000000000e-01 1.078188260507393e+00 3.757657176463975e-04
4.656250000000000e-01 1.095500857303154e+00 1.899348306168910e-04
4.687500000000000e-01 1.113080915804360e+00 -2.928297162845478e-05
4.718750000000000e-01 1.130932728104805e+00 -2.849772304148294e-04
4.750000000000000e-01 1.149060652645771e+00 -5.844062748259123e-04
4.781250000000000e-01 1.167469115280130e+00 -9.340298277293818e-04
4.812500000000000e-01 1.186162610352890e+00 -1.339686334760637e-03
4.843750000000000e-01 1.205145701798475e+00 -1.811537100025445e-03
4.875000000000000e-01 1.224423024254985e+00 -2.358522049851375e-03
4.906250000000000e-01 1.243999284195726e+00 -2.990184208329054e-03
4.937500000000000e-01 1.263879261078271e+00 -3.720194174671378e-03
4.968750000000000e-01 1.284067808511348e+00 -4.561177938432797e-03
5.000000000000000e-01 1.304569855439823e+00 -5.526801343725999e-03
5.031250000000000e-01 1.325390407348082e+00 -6.634612629061560e-03
5.062500000000000e-01 1.346534547482100e+00 -7.901003431240070e-03
5.093750000000000e-01 1.368007438090487e+00 -9.342845142598446e-03
5.125000000000001e-01 1.389814321684837e+00 -1.097979800836679e-02
5.156250000000000e-01 1.411960522319654e+00 -1.282918645079128e-02
5.187500000000000e-01 1.434451446892208e+00 -1.490622825836723e-02
5.218750000000000e-01 1.457292586462593e+00 -1.722544252990321e-02
5.250000000000000e-01 1.480489517594354e+00 -1.979493295859951e-02
5.281250000000001e-01 1.504047903715979e+00 -2.261429927976122e-02
5.312500000000000e-01 1.527973496503592e+00 -2.567519471131736e-02
5.343750000000000e-01 1.552272137285215e+00 -2.895543551078468e-02
5.375000000000000e-01 1.576949758466886e+00 -3.241450938799657e-02
5.406250000000000e-01 1.602012384981041e+00 -3.599442907869107e-02
5.437500000000001e-01 1.627466135757470e+00 -3.961696695913219e-02
5.468750000000000e-01 1.653317225217225e+00 -4.318221032527038e-02
5.500000000000000e-01 1.679571964789851e+00 -4.657392391718065e-02
5.531250000000000e-01 1.706236764454286e+00 -4.966637169461839e-02
5.562500000000000e-01 1.733318134303830e+00 -5.232864437424566e-02
5.593750000000001e-01 1.760822686135563e+00 -5.443626451776769e-02
5.625000000000000e-01 1.788757135064574e+00 -5.588182605979221e-02
5.656250000000000e-01 1.817128301163438e+00 -5.658439920327569e-02
5.687500000000000e-01 1.845943111127301e+00 -5.649303102246904e-02
5.718750000000000e-01 1.875208599965003e+00 -5.559417965308631e-02
5.750000000000001e-01 1.904931912716643e+00 -5.391069118194861e-02
5.781250000000000e-01 1.935120306198011e+00 -5.149682740855011e-02
5.812500000000000e-01 1.965781150772311e+00 -4.843204550724031e-02
5.843750000000000e-01 1.996921932149593e+00 -4.481492173150316e-02
5.875000000000000e-01 2.028550253214365e+00 -4.075566576717877e-02
5.906250000000001e-01 2.060673835881802e+00 -3.636640801435952e-02
5.937500000000000e-01 2.093300522983012e+00 -3.175669351156712e-02
5.968750000000000e-01 2.126438280179837e+00 -2.702949783325636e-02
6.000000000000001e-01 2.160095197909630e+00 -2.227816039805337e-02
6.031250000000000e-01 2.194279493360494e+00 -1.758283920591561e-02
6.062500000000001e-01 2.228999512477486e+00 -1.301040019826064e-02
6.093750000000000e-01 2.264263732000228e+00 -8.615514317816991e-03
6.125000000000000e-01 2.300080761532477e+00 -4.440977135955434e-03
6.156250000000001e-01 2.336459345644116e+00 -5.177710739512826e-04
6.187500000000000e-01 2.373408366006099e+00 3.133912109647524e-03
6.218750000000001e-01 2.410936843558884e+00 6.502112757753706e-03
6.250000000000000e-01 2.449053940714840e+00 9.581640985047360e-03
6.281250000000000e-01 2.487768963595221e+00 1.237328501288198e-02
6.312500000000001e-01 2.527091364302215e+00 1.488332949242705e-02
6.343750000000000e-01 2.567030743226622e+00 1.712175323422929e-02
6.375000000000001e-01 2.607596851391758e+00 1.910078582145978e-02
6.406250000000000e-01 2.648799592834118e+00 2.083400437282188e-02
6.437500000000000e-01 2.690649027021411e+00 2.233623438470714e-02
6.468750000000001e-01 2.733155371308524e+00 2.362312232884597e-02
6.500000000000000e-01 2.776329003432049e+00 2.471063565247913e-02
6.531250000000001e-01 2.820180464043967e+00 2.561421521488328e-02
6.562500000000000e-01 2.864720459285089e+00 2.634833307806333e-02
6.593750000000000e-01 2.909959863398929e+00 2.692657188172270e-02
6.625000000000001e-01 2.955909721386590e+00 2.736177023337495e-02
6.656250000000000e-01 3.002581251703353e+00 2.766592769929050e-02
6.687500000000001e-01 3.049985848997626e+00 2.785015282452202e-02
6.718750000000000e-01 3.098135086892879e+00 2.792441303963841e-02
6.750000000000000e-01 3.147040720813310e+00 2.789734615730507e-02
6.781250000000001e-01 3.196714690853871e+00 2.777645746895539e-02
6.812500000000000e-01 3.247169124695383e+00 2.756804962774879e-02
6.843750000000001e-01 3.298416340565477e+00 2.727740964134417e-02
6.875000000000000e-01 3.350468850246008e+00 2.690889355506210e-02
6.906250000000000e-01 3.403339362127777e+00 2.646579535554708e-02
6.937500000000001e-01 3.457040784313211e+00 2.595054034169795e-02
6.968750000000000e-01 3.511586227767823e+00 2.536444793414263e-02
7.000000000000001e-01 3.566989009521205e+00 2.470793174945952e-02
7.031250000000000e-01 3.623262655918307e+00 2.398035143239434e-02
7.062500000000000e-01 3.680420905921852e+00 2.318015760065870e-02
7.093750000000001e-01 3.738477714466631e+00 2.230486417549767e-02
7.125000000000000e-01 3.797447255866536e+00 2.135117295892191e-02
7.156250000000001e-01 3.857343927275175e+00 2.031506846569053e-02
7.187500000000000e-01 3.918182352200844e+00 1.919201851527963e-02
7.218750000000000e-01 3.979977384076828e+00 1.797724576566941e-02
7.250000000000001e-01 4.042744109887770e+00 1.666614004485950e-02
7.281250000000000e-01 4.106497853853101e+00 1.525484054136852e-02
7.312500000000001e-01 4.171254181168399e+00 1.374103630739721e-02
7.343750000000000e-01 4.237028901805528e+00 1.212499464479402e-02
7.375000000000000e-01 4.303838074372613e+00 1.041077215742702e-02
7.406250000000001e-01 4.371698010034643e+00 8.607477954696545e-03
7.437500000000000e-01 4.440625276495786e+00 6.730376829205686e-03
7.468750000000001e-01 4.510636702044332e+00 4.801573111211579e-03
7.500000000000000e-01 4.581749379661216e+00 2.850034291496822e-03
7.531250000000000e-01 4.653980671193226e+00 9.108056169291934e-04
7.562500000000001e-01 4.727348211591802e+00 -9.765859574518002e-04
7.593750000000000e-01 4.801869913218528e+00 -2.770378863413183e-03
7.625000000000001e-01 4.877563970218381e+00 -4.429187953957455e-03
7.656250000000000e-01 4.954448862961714e+00 -5.914635353649712e-03
7.687500000000000e-01 5.032543362556198e+00 -7.193683543146622e-03
7.718750000000001e-01 5.111866535429675e+00 -8.240449069604115e-03
7.750000000000000e-01 5.192437747985146e+00 -9.037405415319869e-03
7.781250000000001e-01 5.274276671329015e+00 -9.576004322960954e-03
7.812500000000000e-01 5.357403286073669e+00 -9.856819730817810e-03
7.843750000000000e-01 5.441837887215693e+00 -9.889330546532120e-03
7.875000000000001e-01 5.527601089090773e+00 -9.691416063769389e-03
7.906250000000000e-01 5.614713830406605e+00 -9.288570255080101e-03
7.937500000000001e-01 5.703197379355005e+00 -8.712786499643792e-03
7.968750000000000e-01 5.793073338804412e+00 -8.001053509495037e-03
8.000000000000000e-01 5.884363651574169e+00 -7.193447687211394e-03
8.031250000000001e-01 5.977090605791737e+00 -6.330894530672752e-03
8.062500000000000e-01 6.071276840334257e+00 -5.452771517495446e-03
8.093750000000001e-01 6.166945350355728e+00 -4.594600984383613e-03
8.125000000000000e-01 6.264119492901173e+00 -3.786105740418656e-03
8.156250000000000e-01 6.362822992609162e+00 -3.049861998578877e-03
8.187500000000001e-01 6.463079947504072e+00 -2.400693037763819e-03
8.218750000000000e-01 6.564914834879517e+00 -1.845827214266287e-03
8.250000000000001e-01 6.668352517274371e+00 -1.385725798391837e-03
8.281250000000000e-01 6.773418248542846e+00 -1.015396153620339e-03
8.312500000000000e-01 6.880137680020114e+00 -7.259599722561457e-04
8.343750000000001e-01 6.988536866784961e+00 -5.062475742298046e-04
8.375000000000000e-01 7.098642274021019e+00 -3.442292672990033e-04
8.406250000000001e-01 7.210480783478133e+00 -2.281581120303034e-04
8.437500000000000e-01 7.324079700035414e+00 -1.473680470948273e-04
8.468750000000000e-01 7.439466758367605e+00 -9.273278513903616e-05
8.500000000000001e-01 7.556670129716381e+00 -5.683506331641126e-05
8.531250000000000e-01 7.675718428768239e+00 -3.391955689264106e-05
8.562500000000001e-01 7.796640720640633e+00 -1.970786679985393e-05
8.593750000000000e-01 7.919466527978115e+00 -1.114542395586214e-05
8.625000000000000e-01 8.044225838160141e+00 -6.133945701206161e-06
8.656250000000001e-01 8.170949110622363e+00 -3.284696394156885e-06
8.687500000000000e-01 8.299667284293170e+00 -1.711176169523700e-06
8.718750000000001e-01 8.430411785147284e+00 -8.671155926830964e-07
8.750000000000000e-01 8.563214533878281e+00 -4.273530496418523e-07
8.781250000000000e-01 8.698107953691880e+00 -2.048211604210059e-07
8.812500000000001e-01 8.835124978221932e+00 -9.545470716466692e-08
8.843750000000000e-01 8.974299059571019e+00 -4.325298384844716e-08
8.875000000000001e-01 9.115664176477637e+00 -1.905450956192269e-08
8.906250000000000e-01 9.259254842611947e+00 -8.160449113852505e-09
8.937500000000000e-01 9.405106115002161e+00 -3.397356209080485e-09
8.968750000000001e-01 9.553253602593529e+00 -1.374862537362376e-09
9.000000000000000e-01 9.703733474942130e+00 -5.408204318506429e-10
9.031250000000001e-01 9.856582471045494e+00 -2.067810470946890e-10
9.062500000000000e-01 1.001183790831228e+01 -7.684646963077080e-11
9.093750000000000e-01 1.016953769167313e+01 -2.775796758561932e-11
9.125000000000001e-01 1.032972032283505e+01 -9.745407811673096e-12
9.156250000000000e-01 1.049242490968134e+01 -3.325537704526610e-12
9.187500000000001e-01 1.065769117581972e+01 -1.103003199604492e-12
9.218750000000000e-01 1.082555947028058e+01 -3.555909358403214e-13
9.250000000000000e-01 1.099607077736805e+01 -1.114273609825934e-13
9.281250000000001e-01 1.116926672666618e+01 -3.393990263914211e-14
9.312500000000000e-01 1.134518960320255e+01 -1.004891533200255e-14
9.343750000000001e-01 1.152388235777201e+01 -2.892222325735482e-15
9.375000000000000e-01 1.170538861742293e+01 -8.092146536189333e-16
9.406250000000000e-01 1.188975269610854e+01 -2.201063507385893e-16
9.437500000000001e-01 1.207701960550600e+01 -5.820452605744449e-17
9.468750000000000e-01 1.226723506600578e+01 -1.496429076406232e-17
9.500000000000001e-01 1.246044551787411e+01 -3.740690069836852e-18
9.531250000000000e-01 1.265669813259115e+01 -9.092129139276714e-19
9.562500000000000e-01 1.285604082436773e+01 -2.148922660911671e-19
9.593750000000001e-01 1.305852226184337e+01 -4.939024943967823e-20
9.625000000000000e-01 1.326419187996850e+01 -1.103955633427560e-20
9.656250000000001e-01 1.347309989207381e+01 -2.399813182606142e-21
9.687500000000000e-01 1.368529730212962e+01 -5.073933436548102e-22
9.718750000000000e-01 1.390083591719824e+01 -1.043470807796991e-22
9.750000000000001e-01 1.411976836008246e+01 -2.087426864848734e-23
9.781250000000000e-01 1.434214808217320e+01 -4.062237870825140e-24
9.812500000000001e-01 1.456802937649935e+01 -7.690784798188184e-25
9.843750000000000e-01 1.479746739098328e+01 -1.416627583563771e-25
9.875000000000000e-01 1.503051814190487e+01 -2.538917134158880e-26
9.906250000000001e-01 1.526723852757770e+01 -4.427920304924698e-27
9.937500000000000e-01 1.550768634224049e+01 -7.500659719199675e-28
9.968750000000001e-01 1.575192029016732e+01 -1.308964023300114e-28
1.000000000000000e+00 1.600000000000000e+01 2.622810357921763e-29
