0.000000000000000e+00 0.000000000000000e+00 1.338502100251344e-04
3.125000000000000e-03 3.369263549427258e-03 1.338502100251326e-04
6.250000000000000e-03 6.739349689698711e-03 8.158671111255647e-05
9.375000000000001e-03 1.011108121249049e-02 -4.130894204971621e-05
1.250000000000000e-02 1.348528131119160e-02 8.566239510328749e-06
1.562500000000000e-02 1.686277378188298e-02 1.728318575597324e-05
1.875000000000000e-02 2.024438322446370e-02 2.970740562228236e-05
2.187500000000000e-02 2.363093524397333e-02 -4.799888217907623e-05
2.500000000000000e-02 2.702325665215984e-02 4.578562254857220e-06
2.812500000000000e-02 3.042217566934200e-02 4.111154697381098e-05
3.125000000000000e-02 3.382852212661575e-02 1.795880507974832e-05
3.437500000000000e-02 3.724312766845378e-02 2.061457453332895e-05
3.750000000000001e-02 4.066682595574785e-02 -1.844294732618742e-07
4.062500000000000e-02 4.410045286934348e-02 -3.428957404520767e-06
4.375000000000000e-02 4.754484671411652e-02 1.702102474305069e-06
4.687500000000000e-02 5.100084842364160e-02 3.867336311961654e-05
5.000000000000000e-02 5.446930176550237e-02 1.592068931243826e-05
5.312500000000001e-02 5.795105354729364e-02 1.649885502513471e-06
5.625000000000000e-02 6.144695382336569e-02 -3.016216738960789e-06
5.937500000000000e-02 6.495785610236132e-02 8.141471368365352e-07
6.250000000000000e-02 6.848461755559625e-02 4.407792228737228e-07
6.562500000000000e-02 7.202809922633362e-02 7.732380854548334e-06
6.875000000000001e-02 7.558916624000402e-02 -6.270261214088351e-06
7.187500000000001e-02 7.916868801542200e-02 -1.512533185347216e-05
7.500000000000001e-02 8.276753847705080e-02 -1.220634297626766e-05
7.812500000000000e-02 8.638659626836727e-02 -1.153006662403929e-05
8.125000000000000e-02 9.002674496637868e-02 -7.997586232803448e-06
8.437500000000001e-02 9.368887329734420e-02 4.632196867961305e-06
8.750000000000001e-02 9.737387535375355e-02 2.946487020049953e-07
9.062500000000001e-02 1.010826508126157e-01 1.181602474013030e-06
9.375000000000000e-02 1.048161051551108e-01 -2.878382154388972e-06
9.687500000000000e-02 1.085751498876601e-01 -1.363342735646639e-06
1.000000000000000e-01 1.123607027644654e-01 1.886296502961987e-07
1.031250000000000e-01 1.161736880115753e-01 -1.034174611544214e-05
1.062500000000000e-01 1.200150365525305e-01 9.565247822564622e-06
1.093750000000000e-01 1.238856862356450e-01 -2.107461239680233e-08
1.125000000000000e-01 1.277865820629775e-01 -3.357174615402038e-06
1.156250000000000e-01 1.317186764210495e-01 -7.960983931969129e-06
1.187500000000000e-01 1.356829293133661e-01 5.509981485157482e-06
1.218750000000000e-01 1.396803085947971e-01 8.108129819241705e-06
1.250000000000000e-01 1.437117902078738e-01 -5.979419383694378e-06
1.281250000000000e-01 1.477783584210617e-01 -3.728459568816808e-06
1.312500000000000e-01 1.518810060690650e-01 -3.560698284955669e-06
1.343750000000000e-01 1.560207347952229e-01 -5.994834305957654e-06
1.375000000000000e-01 1.601985552960564e-01 2.968069755564250e-06
1.406250000000000e-01 1.644154875680252e-01 1.555540809499063e-06
1.437500000000000e-01 1.686725611565558e-01 2.096437334074489e-07
1.468750000000000e-01 1.729708154074000e-01 -2.425819868813402e-07
1.500000000000000e-01 1.773112997203869e-01 6.627458082739652e-06
1.531250000000000e-01 1.816950738056289e-01 4.640871699268736e-06
1.562500000000000e-01 1.861232079422458e-01 9.051894814161148e-07
1.593750000000000e-01 1.905967832396682e-01 3.159936491581512e-06
1.625000000000000e-01 1.951168919015860e-01 1.464580179822203e-06
1.656250000000000e-01 1.996846374926046e-01 -3.966666866572105e-06
1.687500000000000e-01 2.043011352076760e-01 -4.171496159726729e-06
1.718750000000000e-01 2.089675121443681e-01 2.246366309698875e-06
1.750000000000000e-01 2.136849075780412e-01 -3.154046248322383e-06
1.781250000000000e-01 2.184544732399964e-01 -3.410088120990872e-06
1.812500000000000e-01 2.232773735986666e-01 -7.795053931268905e-07
1.843750000000000e-01 2.281547861439151e-01 -8.046907463373579e-07
1.875000000000000e-01 2.330879016745160e-01 -2.755470359774963e-07
1.906250000000000e-01 2.380779245888810e-01 2.201575207690606e-06
1.937500000000000e-01 2.431260731791094e-01 -9.198722168755693e-06
1.968750000000000e-01 2.482335799284277e-01 -8.703414938212471e-07
2.000000000000000e-01 2.534016918120952e-01 -2.949619564313568e-09
2.031250000000000e-01 2.586316706018478e-01 1.314547954829368e-06
2.062500000000000e-01 2.639247931739538e-01 -7.993332615575596e-07
2.093750000000000e-01 2.692823518209576e-01 -1.918916495469584e-08
2.125000000000000e-01 2.747056545671873e-01 -2.023487315785431e-06
2.156250000000000e-01 2.801960254881028e-01 -2.140462836430811e-06
2.187500000000000e-01 2.857548050335636e-01 -6.119115496602704e-07
2.218750000000000e-01 2.913833503550930e-01 3.092255939773537e-06
2.250000000000000e-01 2.970830356372213e-01 3.414542726382360e-07
2.281250000000000e-01 3.028552524329863e-01 -2.209017040066661e-06
2.312500000000000e-01 3.087014100036755e-01 3.482346572826029e-06
2.343750000000000e-01 3.146229356628902e-01 1.788414662876505e-06
2.375000000000000e-01 3.206212751250189e-01 2.122962201055752e-06
2.406250000000000e-01 3.266978928582008e-01 -1.663311303515762e-06
2.437500000000000e-01 3.328542724418705e-01 2.306969960979626e-07
2.468750000000000e-01 3.390919169289667e-01 -4.432102227231957e-06
2.500000000000000e-01 3.454123492128958e-01 1.772038185436085e-07
2.531250000000000e-01 3.518171123993401e-01 -1.630847527137182e-06
2.562500000000000e-01 3.583077701830001e-01 4.602310520337849e-07
2.593750000000000e-01 3.648859072293631e-01 -1.713011133755131e-06
2.625000000000000e-01 3.715531295615936e-01 1.738907608326899e-06
2.656250000000000e-01 3.783110649526354e-01 -1.753295812946512e-06
2.687500000000000e-01 3.851613633226258e-01 -9.131797231531229e-08
2.718750000000000e-01 3.921056971417164e-01 -1.475516771407723e-06
2.750000000000000e-01 3.991457618383991e-01 -1.731886657108091e-06
2.781250000000000e-01 4.062832762134377e-01 -5.063991415376211e-07
2.812500000000000e-01 4.135199828595055e-01 -7.775854645802661e-07
2.843750000000000e-01 4.208576485866312e-01 3.583015856998771e-07
2.875000000000000e-01 4.282980648535585e-01 -1.009683577297874e-06
2.906250000000000e-01 4.358430482051222e-01 -1.729691824812408e-07
2.937500000000000e-01 4.434944407157500e-01 -1.390717433717737e-06
2.968750000000000e-01 4.512541104391968e-01 3.094877882844083e-06
3.000000000000000e-01 4.591239518646220e-01 -3.436326844283727e-06
3.031250000000000e-01 4.671058863791195e-01 2.459214164194213e-06
3.062500000000000e-01 4.752018627368176e-01 -2.477715075180598e-06
3.093750000000000e-01 4.834138575346580e-01 6.666400351754839e-07
3.125000000000000e-01 4.917438756949728e-01 -2.571947149159383e-06
3.156250000000000e-01 5.001939509549778e-01 -1.656133800651313e-07
3.187500000000000e-01 5.087661463633005e-01 -9.489678079803596e-07
3.218750000000000e-01 5.174625547836644e-01 -2.153268247107940e-07
3.250000000000000e-01 5.262852994058529e-01 -9.589186013254764e-08
3.281250000000000e-01 5.352365342640750e-01 -9.503300626362159e-07
3.312500000000000e-01 5.443184447628656e-01 -2.772934415844594e-07
3.343750000000000e-01 5.535332482106405e-01 -2.361997241519546e-06
3.375000000000000e-01 5.628831943610435e-01 1.972786494348163e-06
3.406250000000000e-01 5.723705659622137e-01 -3.099027290361711e-06
3.437500000000000e-01 5.819976793141081e-01 2.763844322108804e-06
3.468750000000000e-01 5.917668848340161e-01 -4.232530231928241e-06
3.500000000000000e-01 6.016805676304035e-01 1.840824580499956e-06
3.531250000000000e-01 6.117411480852264e-01 -2.499041937420535e-06
3.562500000000000e-01 6.219510824448572e-01 6.374927458033162e-07
3.593750000000000e-01 6.323128634197650e-01 -2.200765562985189e-07
3.625000000000000e-01 6.428290207931012e-01 -6.742519560879323e-07
3.656250000000000e-01 6.535021220383342e-01 1.112911908991131e-08
3.687500000000000e-01 6.643347729460869e-01 -1.786891924680002e-06
3.718750000000000e-01 6.753296182603294e-01 9.931349278815138e-07
3.750000000000000e-01 6.864893423240808e-01 -3.268845724439654e-06
3.781250000000000e-01 6.978166697347804e-01 2.754471474386370e-06
3.812500000000000e-01 7.093143660094854e-01 -5.030118126602722e-06
3.843750000000000e-01 7.209852382600603e-01 1.303222793809692e-06
3.875000000000000e-01 7.328321358785219e-01 -2.873809022337411e-06
3.906250000000000e-01 7.448579512327029e-01 1.842788844584458e-06
3.937500000000000e-01 7.570656203724140e-01 -1.530008748645984e-06
3.968750000000000e-01 7.694581237462648e-01 -1.041971554182454e-06
4.000000000000000e-01 7.820384869293291e-01 1.080434346602005e-06
4.031250000000000e-01 7.948097813618253e-01 -2.399532133034367e-06
4.062500000000000e-01 8.077751250989945e-01 1.631238917998361e-06
4.093750000000000e-01 8.209376835723596e-01 -4.664661958378473e-06
4.125000000000000e-01 8.343006703625532e-01 2.519488235175746e-06
4.156250000000000e-01 8.478673479838968e-01 -4.824267901808865e-06
4.187500000000000e-01 8.616410286809313e-01 1.915123343053700e-06
4.218750000000000e-01 8.756250752370857e-01 -2.037882415341605e-06
4.250000000000000e-01 8.898229017956865e-01 -5.638534856735388e-08
4.281250000000000e-01 9.042379746935050e-01 5.881548916386743e-07
4.312500000000000e-01 9.188738133070491e-01 -2.612331062375869e-06
4.343750000000000e-01 9.337339909118028e-01 1.537654071685866e-06
4.375000000000000e-01 9.488221355546261e-01 -5.107631832528379e-06
4.406250000000000e-01 9.641419309395265e-01 2.785208905760922e-06
4.437500000000000e-01 9.796971173270190e-01 -4.776291918882748e-06
4.468750000000000e-01 9.954914924472941e-01 1.786509485867131e-06
4.500000000000000e-01 1.011528912427417e+00 -1.878995245171032e-06
4.531250000000000e-01 1.027813292732786e+00 -1.297787594618846e-06
4.562500000000000e-01 1.044348609123070e+00 1.955216780345868e-07
4.593750000000000e-01 1.061138898622882e+00 -3.642880251449850e-06
4.625000000000000e-01 1.078188260507393e+00 3.257612419134005e-06
4.656250000000000e-01 1.095500857303154e+00 -5.453985607644480e-06
4.687500000000000e-01 1.113080915804360e+00 2.184829690825764e-06
4.718750000000000e-01 1.130932728104805e+00 -4.221410391428460e-06
4.750000000000000e-01 1.149060652645771e+00 1.818763978260009e-07
4.781250000000000e-01 1.167469115280130e+00 -3.505203931564027e-07
4.812500000000000e-01 1.186162610352890e+00 -3.603836430051684e-06
4.843750000000000e-01 1.205145701798475e+00 2.785672014043282e-06
4.875000000000000e-01 1.224423024254985e+00 -6.130663655415793e-06
4.906250000000000e-01 1.243999284195726e+00 2.986226598265699e-06
4.937500000000000e-01 1.263879261078271e+00 -4.880791250689168e-06
4.968750000000000e-01 1.284067808511348e+00 -1.461981514524426e-07
5.000000000000000e-01 1.304569855439823e+00 -1.421878702812145e-07
5.031250000000000e-01 1.325390407348082e+00 -4.680157582857440e-06
5.062500000000000e-01 1.346534547482100e+00 3.574109888436062e-06
5.093750000000000e-01 1.368007438090487e+00 -7.055952205509630e-06
5.125000000000001e-01 1.389814321684837e+00 2.592664161976735e-06
5.156250000000000e-01 1.411960522319654e+00 -3.946213495372669e-06
5.187500000000000e-01 1.434451446892208e+00 -2.360535808737871e-06
5.218750000000000e-01 1.457292586462593e+00 2.027784454409346e-06
5.250000000000000e-01 1.480489517594354e+00 -7.212674583054429e-06
5.281250000000001e-01 1.504047903715979e+00 4.015980872947300e-06
5.312500000000000e-01 1.527973496503592e+00 -6.617065794054102e-06
5.343750000000000e-01 1.552272137285215e+00 -2.115414817795521e-07
5.375000000000000e-01 1.576949758466886e+00 -9.195655554292835e-08
5.406250000000000e-01 1.602012384981041e+00 -6.882676330589343e-06
5.437500000000001e-01 1.627466135757470e+00 4.747235617521995e-06
5.468750000000000e-01 1.653317225217225e+00 -8.688133702678082e-06
5.500000000000000e-01 1.679571964789851e+00 9.562621764484608e-07
5.531250000000000e-01 1.706236764454286e+00 -1.008714008286335e-06
5.562500000000000e-01 1.733318134303830e+00 -7.652551989311090e-06
5.593750000000001e-01 1.760822686135563e+00 5.413632703317300e-06
5.625000000000000e-01 1.788757135064574e+00 -9.791314348249140e-06
5.656250000000000e-01 1.817128301163438e+00 4.684997913658826e-07
5.687500000000000e-01 1.845943111127301e+00 -8.356851180713288e-08
5.718750000000000e-01 1.875208599965003e+00 -9.680836062995986e-06
5.750000000000001e-01 1.904931912716643e+00 5.601088681217845e-06
5.781250000000000e-01 1.935120306198011e+00 -9.385553186708923e-06
5.812500000000000e-01 1.965781150772311e+00 -1.748668227900961e-06
5.843750000000000e-01 1.996921932149593e+00 1.913439246797074e-06
5.875000000000000e-01 2.028550253214365e+00 -1.265658461286853e-05
5.906250000000001e-01 2.060673835881802e+00 5.715204351874382e-06
5.937500000000000e-01 2.093300522983012e+00 -7.211640516692762e-06
5.968750000000000e-01 2.126438280179837e+00 -7.627499517023221e-06
6.000000000000001e-01 2.160095197909630e+00 6.404126154949995e-06
6.031250000000000e-01 2.194279493360494e+00 -1.459316736337610e-05
6.062500000000001e-01 2.228999512477486e+00 1.033439820619659e-06
6.093750000000000e-01 2.264263732000228e+00 1.600973389909619e-07
6.125000000000000e-01 2.300080761532477e+00 -1.595725777750699e-05
6.156250000000001e-01 2.336459345644116e+00 7.662185106412947e-06
6.187500000000000e-01 2.373408366006099e+00 -9.096856046804556e-06
6.218750000000001e-01 2.410936843558884e+00 -1.164900055612912e-05
6.250000000000000e-01 2.449053940714840e+00 9.482689145139066e-06
6.281250000000000e-01 2.487768963595221e+00 -1.740030687554757e-05
6.312500000000001e-01 2.527091364302215e+00 -4.575499200068589e-06
6.343750000000000e-01 2.567030743226622e+00 6.810588388256262e-06
6.375000000000001e-01 2.607596851391758e+00 -2.290444910664428e-05
6.406250000000000e-01 2.648799592834118e+00 2.531788555813776e-06
6.437500000000000e-01 2.690649027021411e+00 1.625129231482418e-06
6.468750000000001e-01 2.733155371308524e+00 -2.583208157452264e-05
6.500000000000000e-01 2.776329003432049e+00 8.277910446068085e-06
6.531250000000001e-01 2.820180464043967e+00 -4.064667775566315e-06
6.562500000000000e-01 2.864720459285089e+00 -2.765562898968640e-05
6.593750000000000e-01 2.909959863398929e+00 1.247806928791056e-05
6.625000000000001e-01 2.955909721386590e+00 -8.718264412716425e-06
6.656250000000000e-01 3.002581251703353e+00 -3.010905884056853e-05
6.687500000000001e-01 3.049985848997626e+00 1.551905521620388e-05
6.718750000000000e-01 3.098135086892879e+00 -1.107823645615421e-05
6.750000000000000e-01 3.147040720813310e+00 -3.483978076717400e-05
6.781250000000001e-01 3.196714690853871e+00 1.735085286854379e-05
6.812500000000000e-01 3.247169124695383e+00 -9.557975356382655e-06
6.843750000000001e-01 3.298416340565477e+00 -4.288344568847959e-05
6.875000000000000e-01 3.350468850246008e+00 1.644264053933013e-05
6.906250000000000e-01 3.403339362127777e+00 -1.895644825406970e-06
6.937500000000001e-01 3.457040784313211e+00 -5.358031703207506e-05
6.968750000000000e-01 3.511586227767823e+00 8.441839271514634e-06
7.000000000000001e-01 3.566989009521205e+00 1.385215022169397e-05
7.031250000000000e-01 3.623262655918307e+00 -6.170671114664723e-05
7.062500000000000e-01 3.680420905921852e+00 -1.388359279132303e-05
7.093750000000001e-01 3.738477714466631e+00 3.453717103314918e-05
7.125000000000000e-01 3.797447255866536e+00 -5.427190469711323e-05
7.156250000000001e-01 3.857343927275175e+00 -5.494157446079438e-05
7.187500000000000e-01 3.918182352200844e+00 4.272336085030798e-05
7.218750000000000e-01 3.979977384076828e+00 -1.434395531999573e-05
7.250000000000001e-01 4.042744109887770e+00 -9.844369842999180e-05
7.281250000000000e-01 4.106497853853101e+00 3.279753185045421e-06
7.312500000000001e-01 4.171254181168399e+00 5.041168916390355e-05
7.343750000000000e-01 4.237028901805528e+00 -8.827989375796428e-05
7.375000000000000e-01 4.303838074372613e+00 -9.728984741960306e-05
7.406250000000001e-01 4.371698010034643e+00 5.966493726159721e-05
7.437500000000000e-01 4.440625276495786e+00 2.357987326974122e-05
7.468750000000001e-01 4.510636702044332e+00 -1.545447735679861e-04
7.500000000000000e-01 4.581749379661216e+00 -8.865102970189213e-05
7.531250000000000e-01 4.653980671193226e+00 1.031965610995918e-04
7.562500000000001e-01 4.727348211591802e+00 6.827176545899292e-06
7.593750000000000e-01 4.801869913218528e+00 -2.220813428854746e-04
7.625000000000001e-01 4.877563970218381e+00 -1.262378545104035e-04
7.656250000000000e-01 4.954448862961714e+00 1.416304833556143e-04
7.687500000000000e-01 5.032543362556198e+00 5.938052503686755e-05
7.718750000000001e-01 5.111866535429675e+00 -2.835717337316893e-04
7.750000000000000e-01 5.192437747985146e+00 -2.891938783173575e-04
7.781250000000001e-01 5.274276671329015e+00 1.031417101132545e-04
7.812500000000000e-01 5.357403286073669e+00 2.490062677151124e-04
7.843750000000000e-01 5.441837887215693e+00 -1.693908278109382e-04
7.875000000000001e-01 5.527601089090773e+00 -5.800585597830337e-04
7.906250000000000e-01 5.614713830406605e+00 -3.363274520303067e-04
7.937500000000001e-01 5.703197379355005e+00 3.015390413282201e-04
7.968750000000000e-01 5.793073338804412e+00 4.474075259838672e-04
8.000000000000000e-01 5.884363651574169e+00 -2.447537450808432e-04
8.031250000000001e-01 5.977090605791737e+00 -1.067001359467779e-03
8.062500000000000e-01 6.071276840334257e+00 -1.032510783589725e-03
8.093750000000001e-01 6.166945350355728e+00 -6.098681098298580e-06
8.125000000000000e-01 6.264119492901173e+00 1.064144576330497e-03
8.156250000000000e-01 6.362822992609162e+00 1.009009636647751e-03
8.187500000000001e-01 6.463079947504072e+00 -4.937859381584925e-04
8.218750000000000e-01 6.564914834879517e+00 -2.589637519224434e-03
8.250000000000001e-01 6.668352517274371e+00 -3.824408917114347e-03
8.281250000000000e-01 6.773418248542846e+00 -3.072805211037031e-03
8.312500000000000e-01 6.880137680020114e+00 -1.459981487187463e-04
8.343750000000001e-01 6.988536866784961e+00 4.210965254297298e-03
8.375000000000000e-01 7.098642274021019e+00 8.776004671705322e-03
8.406250000000001e-01 7.210480783478133e+00 1.240574239582169e-02
8.437500000000000e-01 7.324079700035414e+00 1.440425271657835e-02
8.468750000000000e-01 7.439466758367605e+00 1.461115757599490e-02
8.500000000000001e-01 7.556670129716381e+00 1.328033626203342e-02
8.531250000000000e-01 7.675718428768239e+00 1.088036852090606e-02
8.562500000000001e-01 7.796640720640633e+00 7.917620537818746e-03
8.593750000000000e-01 7.919466527978115e+00 4.821988873353273e-03
8.625000000000000e-01 8.044225838160141e+00 1.894379517991745e-03
8.656250000000001e-01 8.170949110622363e+00 -6.970770508025362e-04
8.687500000000000e-01 8.299667284293170e+00 -2.887146224884511e-03
8.718750000000001e-01 8.430411785147284e+00 -4.670729281114628e-03
8.750000000000000e-01 8.563214533878281e+00 -6.069754123517161e-03
8.781250000000000e-01 8.698107953691880e+00 -7.120453408097902e-03
8.812500000000001e-01 8.835124978221932e+00 -7.872802602981035e-03
8.843750000000000e-01 8.974299059571019e+00 -8.385016549006310e-03
8.875000000000001e-01 9.115664176477637e+00 -8.705094071468441e-03
8.906250000000000e-01 9.259254842611947e+00 -8.848200977384287e-03
8.937500000000000e-01 9.405106115002161e+00 -8.786091337050333e-03
8.968750000000001e-01 9.553253602593529e+00 -8.457922238704183e-03
9.000000000000000e-01 9.703733474942130e+00 -7.798201749253155e-03
9.031250000000001e-01 9.856582471045494e+00 -6.769303839548342e-03
9.062500000000000e-01 1.001183790831228e+01 -5.386307051243979e-03
9.093750000000000e-01 1.016953769167313e+01 -3.727301258934599e-03
9.125000000000001e-01 1.032972032283505e+01 -1.927285769772002e-03
9.156250000000000e-01 1.049242490968134e+01 -1.570666229603412e-04
9.187500000000001e-01 1.065769117581972e+01 1.408518577349023e-03
9.218750000000000e-01 1.082555947028058e+01 2.625413313569903e-03
9.250000000000000e-01 1.099607077736805e+01 3.408489781942267e-03
9.281250000000001e-01 1.116926672666618e+01 3.744673495068612e-03
9.312500000000000e-01 1.134518960320255e+01 3.687718180313655e-03
9.343750000000001e-01 1.152388235777201e+01 3.337776230773773e-03
9.375000000000000e-01 1.170538861742293e+01 2.813667886423152e-03
9.406250000000000e-01 1.188975269610854e+01 2.226829216613460e-03
9.437500000000001e-01 1.207701960550600e+01 1.663486969301486e-03
9.468750000000000e-01 1.226723506600578e+01 1.177437217496266e-03
9.500000000000001e-01 1.246044551787411e+01 7.919806807076072e-04
9.531250000000000e-01 1.265669813259115e+01 5.074203559002604e-04
9.562500000000000e-01 1.285604082436773e+01 3.102715558608886e-04
9.593750000000001e-01 1.305852226184337e+01 1.813662849311540e-04
9.625000000000000e-01 1.326419187996850e+01 1.014934557440063e-04
9.656250000000001e-01 1.347309989207381e+01 5.444276197898343e-05
9.687500000000000e-01 1.368529730212962e+01 2.802582012727095e-05
9.718750000000000e-01 1.390083591719824e+01 1.385926078052637e-05
9.750000000000001e-01 1.411976836008246e+01 6.590107453782260e-06
9.781250000000000e-01 1.434214808217320e+01 3.015704201060652e-06
9.812500000000001e-01 1.456802937649935e+01 1.329137928580221e-06
9.843750000000000e-01 1.479746739098328e+01 5.646320129134569e-07
9.875000000000000e-01 1.503051814190487e+01 2.313114257550635e-07
9.906250000000001e-01 1.526723852757770e+01 9.154707041536552e-08
9.937500000000000e-01 1.550768634224049e+01 3.476691372199378e-08
9.968750000000001e-01 1.575192029016732e+01 1.337571492736358e-08
1.000000000000000e+00 1.600000000000000e+01 3.546466594205930e-09
