0.000000000000000e+00 0.000000000000000e+00 4.558868418210427e-04
3.125000000000000e-03 3.369263549427258e-03 4.558868418210431e-04
6.250000000000000e-03 6.739349689698711e-03 -1.429370154603776e-05
9.375000000000001e-03 1.011108121249049e-02 -7.021343405433669e-05
1.250000000000000e-02 1.348528131119160e-02 6.304655493618012e-06
1.562500000000000e-02 1.686277378188298e-02 4.379060525056261e-05
1.875000000000000e-02 2.024438322446370e-02 -1.298499190719106e-05
2.187500000000000e-02 2.363093524397333e-02 6.707968211061251e-05
2.500000000000000e-02 2.702325665215984e-02 -1.991684804552723e-05
2.812500000000000e-02 3.042217566934200e-02 -1.236829449191437e-05
3.125000000000000e-02 3.382852212661575e-02 -3.033964335619399e-05
3.437500000000000e-02 3.724312766845378e-02 1.510725954901323e-06
3.750000000000001e-02 4.066682595574785e-02 1.003287642610475e-05
4.062500000000000e-02 4.410045286934348e-02 1.775513367723533e-05
4.375000000000000e-02 4.754484671411652e-02 -8.270630055467226e-06
4.687500000000000e-02 5.100084842364160e-02 -7.239801944479304e-06
5.000000000000000e-02 5.446930176550237e-02 1.275395674356577e-06
5.312500000000001e-02 5.795105354729364e-02 4.124323275623721e-06
5.625000000000000e-02 6.144695382336569e-02 -1.108871267024304e-06
5.937500000000000e-02 6.495785610236132e-02 3.254789446295209e-06
6.250000000000000e-02 6.848461755559625e-02 -8.838428352242136e-06
6.562500000000000e-02 7.202809922633362e-02 -4.716334244958352e-06
6.875000000000001e-02 7.558916624000402e-02 -4.782185059943645e-07
7.187500000000001e-02 7.916868801542200e-02 1.115233604365583e-05
7.500000000000001e-02 8.276753847705080e-02 2.192610568419867e-06
7.812500000000000e-02 8.638659626836727e-02 4.745958868955037e-06
8.125000000000000e-02 9.002674496637868e-02 -4.686465701758554e-06
8.437500000000001e-02 9.368887329734420e-02 -6.926404709458252e-06
8.750000000000001e-02 9.737387535375355e-02 -4.606132926964991e-06
9.062500000000001e-02 1.010826508126157e-01 -6.498259685903180e-06
9.375000000000000e-02 1.048161051551108e-01 3.868646787599644e-06
9.687500000000000e-02 1.085751498876601e-01 -1.193931591375076e-06
1.000000000000000e-01 1.123607027644654e-01 4.268418324153436e-06
1.031250000000000e-01 1.161736880115753e-01 7.031607815221152e-06
1.062500000000000e-01 1.200150365525305e-01 -4.535016582088682e-06
1.093750000000000e-01 1.238856862356450e-01 -2.468007827286342e-06
1.125000000000000e-01 1.277865820629775e-01 4.991609525990182e-06
1.156250000000000e-01 1.317186764210495e-01 -4.710872624960458e-07
1.187500000000000e-01 1.356829293133661e-01 -2.676022473020053e-08
1.218750000000000e-01 1.396803085947971e-01 -1.586753165956302e-05
1.250000000000000e-01 1.437117902078738e-01 4.724137412528587e-06
1.281250000000000e-01 1.477783584210617e-01 -2.653638734299122e-06
1.312500000000000e-01 1.518810060690650e-01 3.689858654454260e-06
1.343750000000000e-01 1.560207347952229e-01 -9.886245775888927e-07
1.375000000000000e-01 1.601985552960564e-01 1.687003548452140e-06
1.406250000000000e-01 1.644154875680252e-01 -3.434220382357853e-06
1.437500000000000e-01 1.686725611565558e-01 3.476417249677358e-06
1.468750000000000e-01 1.729708154074000e-01 -4.445270962130655e-06
1.500000000000000e-01 1.773112997203869e-01 -7.188567436265324e-07
1.531250000000000e-01 1.816950738056289e-01 -3.956415813105185e-06
1.562500000000000e-01 1.861232079422458e-01 2.660782846051943e-06
1.593750000000000e-01 1.905967832396682e-01 -1.888692985221805e-06
1.625000000000000e-01 1.951168919015860e-01 -1.704136782568862e-06
1.656250000000000e-01 1.996846374926046e-01 2.386973570756942e-06
1.687500000000000e-01 2.043011352076760e-01 -1.084416000693253e-06
1.718750000000000e-01 2.089675121443681e-01 1.952048511080696e-07
1.750000000000000e-01 2.136849075780412e-01 -3.171433582515823e-06
1.781250000000000e-01 2.184544732399964e-01 4.202064152846011e-06
1.812500000000000e-01 2.232773735986666e-01 -2.753020167454729e-06
1.843750000000000e-01 2.281547861439151e-01 1.465341145878072e-06
1.875000000000000e-01 2.330879016745160e-01 -4.539595852052609e-06
1.906250000000000e-01 2.380779245888810e-01 -1.734693227687357e-07
1.937500000000000e-01 2.431260731791094e-01 -2.907522674292651e-08
1.968750000000000e-01 2.482335799284277e-01 1.272648695403057e-06
2.000000000000000e-01 2.534016918120952e-01 -4.486252136333668e-06
2.031250000000000e-01 2.586316706018478e-01 1.611818138989569e-06
2.062500000000000e-01 2.639247931739538e-01 -2.794086325200486e-06
2.093750000000000e-01 2.692823518209576e-01 2.887543560274891e-06
2.125000000000000e-01 2.747056545671873e-01 -3.490210188015874e-06
2.156250000000000e-01 2.801960254881028e-01 4.888124484528256e-06
2.187500000000000e-01 2.857548050335636e-01 -2.844096286569291e-06
2.218750000000000e-01 2.913833503550930e-01 -3.324994654090599e-07
2.250000000000000e-01 2.970830356372213e-01 -1.921837061941315e-06
2.281250000000000e-01 3.028552524329863e-01 1.391580529368309e-07
2.312500000000000e-01 3.087014100036755e-01 -1.074700737543165e-06
2.343750000000000e-01 3.146229356628902e-01 -2.164824351573502e-06
2.375000000000000e-01 3.206212751250189e-01 -5.722788501187477e-09
2.406250000000000e-01 3.266978928582008e-01 -1.688033848192212e-06
2.437500000000000e-01 3.328542724418705e-01 2.213384127874131e-06
2.468750000000000e-01 3.390919169289667e-01 -3.574771496146851e-06
2.500000000000000e-01 3.454123492128958e-01 2.239727394718471e-06
2.531250000000000e-01 3.518171123993401e-01 -3.155486482719759e-06
2.562500000000000e-01 3.583077701830001e-01 2.956967928300658e-06
2.593750000000000e-01 3.648859072293631e-01 -2.976419124202715e-06
2.625000000000000e-01 3.715531295615936e-01 4.567575063045240e-07
2.656250000000000e-01 3.783110649526354e-01 -3.244294222526906e-06
2.687500000000000e-01 3.851613633226258e-01 2.441745403020523e-06
2.718750000000000e-01 3.921056971417164e-01 -2.755185188270350e-06
2.750000000000000e-01 3.991457618383991e-01 2.180630083210025e-06
2.781250000000000e-01 4.062832762134377e-01 -1.409096147262646e-06
2.812500000000000e-01 4.135199828595055e-01 -1.217223576152666e-07
2.843750000000000e-01 4.208576485866312e-01 -2.771067787314469e-06
2.875000000000000e-01 4.282980648535585e-01 1.021760405742827e-07
2.906250000000000e-01 4.358430482051222e-01 -6.064052185634003e-08
2.937500000000000e-01 4.434944407157500e-01 -2.887779953506860e-06
2.968750000000000e-01 4.512541104391968e-01 8.432004662598122e-07
3.000000000000000e-01 4.591239518646220e-01 -2.978802415881671e-06
3.031250000000000e-01 4.671058863791195e-01 3.417453880397782e-06
3.062500000000000e-01 4.752018627368176e-01 -4.062194168532215e-06
3.093750000000000e-01 4.834138575346580e-01 1.871955328348492e-06
3.125000000000000e-01 4.917438756949728e-01 -3.673160505228618e-06
3.156250000000000e-01 5.001939509549778e-01 1.859564256681297e-06
3.187500000000000e-01 5.087661463633005e-01 -2.796064215534621e-06
3.218750000000000e-01 5.174625547836644e-01 2.225684671663853e-06
3.250000000000000e-01 5.262852994058529e-01 -1.614886594518658e-06
3.281250000000000e-01 5.352365342640750e-01 -2.555760103919857e-08
3.312500000000000e-01 5.443184447628656e-01 -1.847264056658772e-06
3.343750000000000e-01 5.535332482106405e-01 -9.571615431143557e-07
3.375000000000000e-01 5.628831943610435e-01 5.590807428476946e-07
3.406250000000000e-01 5.723705659622137e-01 -3.790381320773826e-06
3.437500000000000e-01 5.819976793141081e-01 1.955830292027632e-06
3.468750000000000e-01 5.917668848340161e-01 -3.553996038283745e-06
3.500000000000000e-01 6.016805676304035e-01 2.540918840055357e-06
3.531250000000000e-01 6.117411480852264e-01 -4.034404342698489e-06
3.562500000000000e-01 6.219510824448572e-01 2.043754877611792e-06
3.593750000000000e-01 6.323128634197650e-01 -3.168505903013996e-06
3.625000000000000e-01 6.428290207931012e-01 1.749715292373493e-06
3.656250000000000e-01 6.535021220383342e-01 -1.386851408371159e-06
3.687500000000000e-01 6.643347729460869e-01 -4.760247062082398e-07
3.718750000000000e-01 6.753296182603294e-01 -2.960498685781140e-07
3.750000000000000e-01 6.864893423240808e-01 -2.620349781394682e-06
3.781250000000000e-01 6.978166697347804e-01 8.841979360110933e-07
3.812500000000000e-01 7.093143660094854e-01 -3.646789686104890e-06
3.843750000000000e-01 7.209852382600603e-01 2.205404243535628e-06
3.875000000000000e-01 7.328321358785219e-01 -4.683371929522353e-06
3.906250000000000e-01 7.448579512327029e-01 2.663636498914353e-06
3.937500000000000e-01 7.570656203724140e-01 -3.137056648675301e-06
3.968750000000000e-01 7.694581237462648e-01 9.901613670589609e-07
4.000000000000000e-01 7.820384869293291e-01 -1.563668517058534e-06
4.031250000000000e-01 7.948097813618253e-01 -1.021843126207291e-06
4.062500000000000e-01 8.077751250989945e-01 4.923230074196830e-08
4.093750000000000e-01 8.209376835723596e-01 -3.206546705117968e-06
4.125000000000000e-01 8.343006703625532e-01 1.717489810783696e-06
4.156250000000000e-01 8.478673479838968e-01 -4.457386913886531e-06
4.187500000000000e-01 8.616410286809313e-01 2.653707056583337e-06
4.218750000000000e-01 8.756250752370857e-01 -4.097701388647270e-06
4.250000000000000e-01 8.898229017956865e-01 1.525308675239290e-06
4.281250000000000e-01 9.042379746935050e-01 -2.254148837677456e-06
4.312500000000000e-01 9.188738133070491e-01 -8.766852516531252e-07
4.343750000000000e-01 9.337339909118028e-01 -2.155630792792618e-07
4.375000000000000e-01 9.488221355546261e-01 -3.241918243450766e-06
4.406250000000000e-01 9.641419309395265e-01 2.036682118069226e-06
4.437500000000000e-01 9.796971173270190e-01 -4.876996630919674e-06
4.468750000000000e-01 9.954914924472941e-01 2.646337692478294e-06
4.500000000000000e-01 1.011528912427417e+00 -4.329617933887436e-06
4.531250000000000e-01 1.027813292732786e+00 6.139945565618057e-07
4.562500000000000e-01 1.044348609123070e+00 -2.005127310774880e-06
4.593750000000000e-01 1.061138898622882e+00 -1.596552090024385e-06
4.625000000000000e-01 1.078188260507393e+00 1.321242924111845e-06
4.656250000000000e-01 1.095500857303154e+00 -5.058585632679063e-06
4.687500000000000e-01 1.113080915804360e+00 2.704372640447700e-06
4.718750000000000e-01 1.130932728104805e+00 -5.468354837040101e-06
4.750000000000000e-01 1.149060652645771e+00 1.900410433641736e-06
4.781250000000000e-01 1.167469115280130e+00 -3.069582678035391e-06
4.812500000000000e-01 1.186162610352890e+00 -1.708194302515772e-06
4.843750000000000e-01 1.205145701798475e+00 1.066499435880989e-06
4.875000000000000e-01 1.224423024254985e+00 -5.476359756695177e-06
4.906250000000000e-01 1.243999284195726e+00 3.341417975212381e-06
4.937500000000000e-01 1.263879261078271e+00 -6.275618342629536e-06
4.968750000000000e-01 1.284067808511348e+00 1.629508283064811e-06
5.000000000000000e-01 1.304569855439823e+00 -2.656777254873798e-06
5.031250000000000e-01 1.325390407348082e+00 -3.082637810111778e-06
5.062500000000000e-01 1.346534547482100e+00 2.219796017672303e-06
5.093750000000000e-01 1.368007438090487e+00 -6.949974821633503e-06
5.125000000000001e-01 1.389814321684837e+00 3.487693554069421e-06
5.156250000000000e-01 1.411960522319654e+00 -5.854934268824814e-06
5.187500000000000e-01 1.434451446892208e+00 -4.041955990556758e-07
5.218750000000000e-01 1.457292586462593e+00 -2.943435271059488e-07
5.250000000000000e-01 1.480489517594354e+00 -6.185152902901029e-06
5.281250000000001e-01 1.504047903715979e+00 3.888960828264621e-06
5.312500000000000e-01 1.527973496503592e+00 -7.875243478731180e-06
5.343750000000000e-01 1.552272137285215e+00 1.734026000412611e-06
5.375000000000000e-01 1.576949758466886e+00 -2.690071732441751e-06
5.406250000000000e-01 1.602012384981041e+00 -5.453281296038999e-06
5.437500000000001e-01 1.627466135757470e+00 3.970151731718287e-06
5.468750000000000e-01 1.653317225217225e+00 -9.392429970336703e-06
5.500000000000000e-01 1.679571964789851e+00 2.751658899659185e-06
5.531250000000000e-01 1.706236764454286e+00 -3.875858086058990e-06
5.562500000000000e-01 1.733318134303830e+00 -5.701998306320169e-06
5.593750000000001e-01 1.760822686135563e+00 4.270105087924286e-06
5.625000000000000e-01 1.788757135064574e+00 -1.064038885537598e-05
5.656250000000000e-01 1.817128301163438e+00 2.783316115724917e-06
5.687500000000000e-01 1.845943111127301e+00 -3.632148356941791e-06
5.718750000000000e-01 1.875208599965003e+00 -7.519999195715250e-06
5.750000000000001e-01 1.904931912716643e+00 5.265229518845493e-06
5.781250000000000e-01 1.935120306198011e+00 -1.163384037973631e-05
5.812500000000000e-01 1.965781150772311e+00 1.313824022123337e-06
5.843750000000000e-01 1.996921932149593e+00 -1.343384998769332e-06
5.875000000000000e-01 2.028550253214365e+00 -1.146660176162328e-05
5.906250000000001e-01 2.060673835881802e+00 6.686369240504260e-06
5.937500000000000e-01 2.093300522983012e+00 -1.080367133901578e-05
5.968750000000000e-01 2.126438280179837e+00 -3.965292874573448e-06
6.000000000000001e-01 2.160095197909630e+00 3.997312933636638e-06
6.031250000000000e-01 2.194279493360494e+00 -1.574148676637482e-05
6.062500000000001e-01 2.228999512477486e+00 4.528452827027268e-06
6.093750000000000e-01 2.264263732000228e+00 -4.523032169118013e-06
6.125000000000000e-01 2.300080761532477e+00 -1.372456353074087e-05
6.156250000000001e-01 2.336459345644116e+00 8.721016337493243e-06
6.187500000000000e-01 2.373408366006099e+00 -1.382290187300577e-05
6.218750000000001e-01 2.410936843558884e+00 -6.991790081691547e-06
6.250000000000000e-01 2.449053940714840e+00 7.293241389352160e-06
6.281250000000000e-01 2.487768963595221e+00 -2.031294525968283e-05
6.312500000000001e-01 2.527091364302215e+00 8.429191285306416e-07
6.343750000000000e-01 2.567030743226622e+00 1.883894613138151e-06
6.375000000000001e-01 2.607596851391758e+00 -2.319719709186148e-05
6.406250000000000e-01 2.648799592834118e+00 7.350378540867245e-06
6.437500000000000e-01 2.690649027021411e+00 -5.069579733333243e-06
6.468750000000001e-01 2.733155371308524e+00 -2.364392268257619e-05
6.500000000000000e-01 2.776329003432049e+00 1.189447140642588e-05
6.531250000000001e-01 2.820180464043967e+00 -1.174441530447542e-05
6.562500000000000e-01 2.864720459285089e+00 -2.351897406659065e-05
6.593750000000000e-01 2.909959863398929e+00 1.505399480909748e-05
6.625000000000001e-01 2.955909721386590e+00 -1.711524996988244e-05
6.656250000000000e-01 3.002581251703353e+00 -2.468288029386403e-05
6.687500000000001e-01 3.049985848997626e+00 1.775440179267915e-05
6.718750000000000e-01 3.098135086892879e+00 -2.042044522792364e-05
6.750000000000000e-01 3.147040720813310e+00 -2.882248183865204e-05
6.781250000000001e-01 3.196714690853871e+00 2.045697058094514e-05
6.812500000000000e-01 3.247169124695383e+00 -2.029127505144417e-05
6.843750000000001e-01 3.298416340565477e+00 -3.739584630620422e-05
6.875000000000000e-01 3.350468850246008e+00 2.204589898659332e-05
6.906250000000000e-01 3.403339362127777e+00 -1.411304121377321e-05
6.937500000000001e-01 3.457040784313211e+00 -5.067274109659141e-05
6.968750000000000e-01 3.511586227767823e+00 1.830051353726981e-05
7.000000000000001e-01 3.566989009521205e+00 1.548930713473059e-06
7.031250000000000e-01 3.623262655918307e+00 -6.480809593984687e-05
7.062500000000000e-01 3.680420905921852e+00 6.355901592962785e-07
7.093750000000001e-01 3.738477714466631e+00 2.659515754211972e-05
7.125000000000000e-01 3.797447255866536e+00 -6.688942249302393e-05
7.156250000000001e-01 3.857343927275175e+00 -3.985003374239495e-05
7.187500000000000e-01 3.918182352200844e+00 4.659754128493868e-05
7.218750000000000e-01 3.979977384076828e+00 -3.512952969987891e-05
7.250000000000001e-01 4.042744109887770e+00 -9.419752637151741e-05
7.281250000000000e-01 4.106497853853101e+00 2.303796645687271e-05
7.312500000000001e-01 4.171254181168399e+00 3.548615367008752e-05
7.343750000000000e-01 4.237028901805528e+00 -1.070839816100832e-04
7.375000000000000e-01 4.303838074372613e+00 -7.616579862081248e-05
7.406250000000001e-01 4.371698010034643e+00 7.291773987518009e-05
7.437500000000000e-01 4.440625276495786e+00 -5.905965749545938e-06
7.468750000000001e-01 4.510636702044332e+00 -1.664120128490304e-04
7.500000000000000e-01 4.581749379661216e+00 -5.565974598185074e-05
7.531250000000000e-01 4.653980671193226e+00 1.112336918479575e-04
7.562500000000001e-01 4.727348211591802e+00 -3.418030155777939e-05
7.593750000000000e-01 4.801869913218528e+00 -2.348218460930341e-04
7.625000000000001e-01 4.877563970218381e+00 -8.267548174376501e-05
7.656250000000000e-01 4.954448862961714e+00 1.586512261627895e-04
7.687500000000000e-01 5.032543362556198e+00 8.260589557091140e-06
7.718750000000001e-01 5.111866535429675e+00 -3.195050166335027e-04
7.750000000000000e-01 5.192437747985146e+00 -2.438651188884040e-04
7.781250000000001e-01 5.274276671329015e+00 1.578500814260888e-04
7.812500000000000e-01 5.357403286073669e+00 2.141266832249589e-04
7.843750000000000e-01 5.441837887215693e+00 -2.566023136020148e-04
7.875000000000001e-01 5.527601089090773e+00 -5.923699382236713e-04
7.906250000000000e-01 5.614713830406605e+00 -2.449304505657420e-04
7.937500000000001e-01 5.703197379355005e+00 3.740733746493492e-04
7.968750000000000e-01 5.793073338804412e+00 3.855336697150290e-04
8.000000000000000e-01 5.884363651574169e+00 -3.933253864054025e-04
8.031250000000001e-01 5.977090605791737e+00 -1.136653328755002e-03
8.062500000000000e-01 6.071276840334257e+00 -9.277718816968365e-04
8.093750000000001e-01 6.166945350355728e+00 1.844380228796200e-04
8.125000000000000e-01 6.264119492901173e+00 1.144896805321836e-03
8.156250000000000e-01 6.362822992609162e+00 8.572463315491242e-04
8.187500000000001e-01 6.463079947504072e+00 -8.164742975943954e-04
8.218750000000000e-01 6.564914834879517e+00 -2.876839296553219e-03
8.250000000000001e-01 6.668352517274371e+00 -3.862170260575698e-03
8.281250000000000e-01 6.773418248542846e+00 -2.765404945216777e-03
8.312500000000000e-01 6.880137680020114e+00 4.464734060400617e-04
8.343750000000001e-01 6.988536866784961e+00 4.921822592595232e-03
8.375000000000000e-01 7.098642274021019e+00 9.417469929960278e-03
8.406250000000001e-01 7.210480783478133e+00 1.284195581424929e-02
8.437500000000000e-01 7.324079700035414e+00 1.457973982066311e-02
8.468750000000000e-01 7.439466758367605e+00 1.454305950427604e-02
8.500000000000001e-01 7.556670129716381e+00 1.302924447873878e-02
8.531250000000000e-01 7.675718428768239e+00 1.052046950663697e-02
8.562500000000001e-01 7.796640720640633e+00 7.516327386241396e-03
8.593750000000000e-01 7.919466527978115e+00 4.428737939066197e-03
8.625000000000000e-01 8.044225838160141e+00 1.539458313348568e-03
8.656250000000001e-01 8.170949110622363e+00 -1.000354518740092e-03
8.687500000000000e-01 8.299667284293170e+00 -3.135821181912999e-03
8.718750000000001e-01 8.430411785147284e+00 -4.867865690430323e-03
8.750000000000000e-01 8.563214533878281e+00 -6.220570304077260e-03
8.781250000000000e-01 8.698107953691880e+00 -7.231933737617503e-03
8.812500000000001e-01 8.835124978221932e+00 -7.952581166026134e-03
8.843750000000000e-01 8.974299059571019e+00 -8.440207331337801e-03
8.875000000000001e-01 9.115664176477637e+00 -8.739804321692130e-03
8.906250000000000e-01 9.259254842611947e+00 -8.862143334270637e-03
8.937500000000000e-01 9.405106115002161e+00 -8.774879700258663e-03
8.968750000000001e-01 9.553253602593529e+00 -8.415467240274917e-03
9.000000000000000e-01 9.703733474942130e+00 -7.719917412694102e-03
9.031250000000001e-01 9.856582471045494e+00 -6.654922385673370e-03
9.062500000000000e-01 1.001183790831228e+01 -5.241350374064467e-03
9.093750000000000e-01 1.016953769167313e+01 -3.562939313827328e-03
9.125000000000001e-01 1.032972032283505e+01 -1.758689760653792e-03
9.156250000000000e-01 1.049242490968134e+01 -6.674879549921455e-07
9.187500000000001e-01 1.065769117581972e+01 1.538208795750402e-03
9.218750000000000e-01 1.082555947028058e+01 2.718575165219017e-03
9.250000000000000e-01 1.099607077736805e+01 3.461583474630247e-03
9.281250000000001e-01 1.116926672666618e+01 3.760428375468125e-03
9.312500000000000e-01 1.134518960320255e+01 3.673662482988102e-03
9.343750000000001e-01 1.152388235777201e+01 3.303911967365423e-03
9.375000000000000e-01 1.170538861742293e+01 2.770077241893484e-03
9.406250000000000e-01 1.188975269610854e+01 2.181860635174858e-03
9.437500000000001e-01 1.207701960550600e+01 1.622833865360046e-03
9.468750000000000e-01 1.226723506600578e+01 1.144070400440899e-03
9.500000000000001e-01 1.246044551787411e+01 7.666639954295471e-04
9.531250000000000e-01 1.265669813259115e+01 4.894723978414772e-04
9.562500000000000e-01 1.285604082436773e+01 2.982988600490577e-04
9.593750000000001e-01 1.305852226184337e+01 1.738136382056145e-04
9.625000000000000e-01 1.326419187996850e+01 9.697119209626234e-05
9.656250000000001e-01 1.347309989207381e+01 5.186508601463497e-05
9.687500000000000e-01 1.368529730212962e+01 2.662384422470401e-05
9.718750000000000e-01 1.390083591719824e+01 1.313023488630851e-05
9.750000000000001e-01 1.411976836008246e+01 6.227065598652893e-06
9.781250000000000e-01 1.434214808217320e+01 2.842321988776182e-06
9.812500000000001e-01 1.456802937649935e+01 1.249626667212351e-06
9.843750000000000e-01 1.479746739098328e+01 5.295787154004567e-07
9.875000000000000e-01 1.503051814190487e+01 2.164431174356542e-07
9.906250000000001e-01 1.526723852757770e+01 8.546393307036570e-08
9.937500000000000e-01 1.550768634224049e+01 3.237922104975630e-08
9.968750000000001e-01 1.575192029016732e+01 1.240945435590576e-08
1.000000000000000e+00 1.600000000000000e+01 3.226065781163400e-09
