0.000000000000000e+00 0.000000000000000e+00 7.146932156176971e-04
3.125000000000000e-03 3.369263549427258e-03 7.146932156176966e-04
6.250000000000000e-03 6.739349689698711e-03 -4.235115473324809e-04
9.375000000000001e-03 1.011108121249049e-02 -5.129703403723717e-04
1.250000000000000e-02 1.348528131119160e-02 -2.682285140705918e-04
1.562500000000000e-02 1.686277378188298e-02 -2.690846768073801e-04
1.875000000000000e-02 2.024438322446370e-02 -2.583986951829189e-04
2.187500000000000e-02 2.363093524397333e-02 -1.913405754959849e-04
2.500000000000000e-02 2.702325665215984e-02 -2.630667807053549e-04
2.812500000000000e-02 3.042217566934200e-02 -2.242767651587148e-04
3.125000000000000e-02 3.382852212661575e-02 -2.691149260885309e-04
3.437500000000000e-02 3.724312766845378e-02 -2.473293825794328e-04
3.750000000000001e-02 4.066682595574785e-02 -2.556650984864568e-04
4.062500000000000e-02 4.410045286934348e-02 -2.459478184262002e-04
4.375000000000000e-02 4.754484671411652e-02 -2.713962538240444e-04
4.687500000000000e-02 5.100084842364160e-02 -2.389779198322683e-04
5.000000000000000e-02 5.446930176550237e-02 -2.438911915904154e-04
5.312500000000001e-02 5.795105354729364e-02 -2.599352850437123e-04
5.625000000000000e-02 6.144695382336569e-02 -2.369472270530927e-04
5.937500000000000e-02 6.495785610236132e-02 -2.510198144547112e-04
6.250000000000000e-02 6.848461755559625e-02 -2.541557493673137e-04
6.562500000000000e-02 7.202809922633362e-02 -2.427469410128617e-04
6.875000000000001e-02 7.558916624000402e-02 -2.720192100535800e-04
7.187500000000001e-02 7.916868801542200e-02 -2.546806818368117e-04
7.500000000000001e-02 8.276753847705080e-02 -2.508987600869164e-04
7.812500000000000e-02 8.638659626836727e-02 -2.593311349646128e-04
8.125000000000000e-02 9.002674496637868e-02 -2.470705198471162e-04
8.437500000000001e-02 9.368887329734420e-02 -2.468769904685537e-04
8.750000000000001e-02 9.737387535375355e-02 -2.523247065949909e-04
9.062500000000001e-02 1.010826508126157e-01 -2.734924597008621e-04
9.375000000000000e-02 1.048161051551108e-01 -2.511974388632727e-04
9.687500000000000e-02 1.085751498876601e-01 -2.525520501414188e-04
1.000000000000000e-01 1.123607027644654e-01 -2.443933402328721e-04
1.031250000000000e-01 1.161736880115753e-01 -2.550419356687030e-04
1.062500000000000e-01 1.200150365525305e-01 -2.544085497912514e-04
1.093750000000000e-01 1.238856862356450e-01 -2.507212663776552e-04
1.125000000000000e-01 1.277865820629775e-01 -2.467873550402750e-04
1.156250000000000e-01 1.317186764210495e-01 -2.549904534563010e-04
1.187500000000000e-01 1.356829293133661e-01 -2.527614329876460e-04
1.218750000000000e-01 1.396803085947971e-01 -2.589729952147117e-04
1.250000000000000e-01 1.437117902078738e-01 -2.556231788546342e-04
1.281250000000000e-01 1.477783584210617e-01 -2.581107038421494e-04
1.312500000000000e-01 1.518810060690650e-01 -2.516447942709644e-04
1.343750000000000e-01 1.560207347952229e-01 -2.465525680535202e-04
1.375000000000000e-01 1.601985552960564e-01 -2.546988692173018e-04
1.406250000000000e-01 1.644154875680252e-01 -2.508425876044248e-04
1.437500000000000e-01 1.686725611565558e-01 -2.620625425559244e-04
1.468750000000000e-01 1.729708154074000e-01 -2.517973487433343e-04
1.500000000000000e-01 1.773112997203869e-01 -2.565492621650022e-04
1.531250000000000e-01 1.816950738056289e-01 -2.537523468048695e-04
1.562500000000000e-01 1.861232079422458e-01 -2.506553377840806e-04
1.593750000000000e-01 1.905967832396682e-01 -2.569897528468406e-04
1.625000000000000e-01 1.951168919015860e-01 -2.567675812576167e-04
1.656250000000000e-01 1.996846374926046e-01 -2.491347795415942e-04
1.687500000000000e-01 2.043011352076760e-01 -2.607698351036872e-04
1.718750000000000e-01 2.089675121443681e-01 -2.523468736438768e-04
1.750000000000000e-01 2.136849075780412e-01 -2.555377334477129e-04
1.781250000000000e-01 2.184544732399964e-01 -2.593936645250909e-04
1.812500000000000e-01 2.232773735986666e-01 -2.544456233324127e-04
1.843750000000000e-01 2.281547861439151e-01 -2.532222421191600e-04
1.875000000000000e-01 2.330879016745160e-01 -2.535961282328556e-04
1.906250000000000e-01 2.380779245888810e-01 -2.606080950317701e-04
1.937500000000000e-01 2.431260731791094e-01 -2.580953500346437e-04
1.968750000000000e-01 2.482335799284277e-01 -2.585439025700968e-04
2.000000000000000e-01 2.534016918120952e-01 -2.547301363876095e-04
2.031250000000000e-01 2.586316706018478e-01 -2.599831440307894e-04
2.062500000000000e-01 2.639247931739538e-01 -2.552117672574581e-04
2.093750000000000e-01 2.692823518209576e-01 -2.601496968081401e-04
2.125000000000000e-01 2.747056545671873e-01 -2.558045564261912e-04
2.156250000000000e-01 2.801960254881028e-01 -2.576522970543463e-04
2.187500000000000e-01 2.857548050335636e-01 -2.574942983733994e-04
2.218750000000000e-01 2.913833503550930e-01 -2.565078421685516e-04
2.250000000000000e-01 2.970830356372213e-01 -2.596976651141485e-04
2.281250000000000e-01 3.028552524329863e-01 -2.587803005846212e-04
2.312500000000000e-01 3.087014100036755e-01 -2.594604852428685e-04
2.343750000000000e-01 3.146229356628902e-01 -2.579590322963399e-04
2.375000000000000e-01 3.206212751250189e-01 -2.636408004642347e-04
2.406250000000000e-01 3.266978928582008e-01 -2.618971027093881e-04
2.437500000000000e-01 3.328542724418705e-01 -2.611342457507191e-04
2.468750000000000e-01 3.390919169289667e-01 -2.557150759885398e-04
2.500000000000000e-01 3.454123492128958e-01 -2.626356358167435e-04
2.531250000000000e-01 3.518171123993401e-01 -2.603138874566098e-04
2.562500000000000e-01 3.583077701830001e-01 -2.600827220635659e-04
2.593750000000000e-01 3.648859072293631e-01 -2.626570139598527e-04
2.625000000000000e-01 3.715531295615936e-01 -2.634644391702291e-04
2.656250000000000e-01 3.783110649526354e-01 -2.652638671664878e-04
2.687500000000000e-01 3.851613633226258e-01 -2.635392814052239e-04
2.718750000000000e-01 3.921056971417164e-01 -2.658420022886900e-04
2.750000000000000e-01 3.991457618383991e-01 -2.617701563528274e-04
2.781250000000000e-01 4.062832762134377e-01 -2.658092403905831e-04
2.812500000000000e-01 4.135199828595055e-01 -2.629233471845830e-04
2.843750000000000e-01 4.208576485866312e-01 -2.651217938410968e-04
2.875000000000000e-01 4.282980648535585e-01 -2.660155789960294e-04
2.906250000000000e-01 4.358430482051222e-01 -2.672724151942877e-04
2.937500000000000e-01 4.434944407157500e-01 -2.680401883063262e-04
2.968750000000000e-01 4.512541104391968e-01 -2.669817249203975e-04
3.000000000000000e-01 4.591239518646220e-01 -2.698488371352972e-04
3.031250000000000e-01 4.671058863791195e-01 -2.665202223412758e-04
3.062500000000000e-01 4.752018627368176e-01 -2.699721665055584e-04
3.093750000000000e-01 4.834138575346580e-01 -2.703090959712337e-04
3.125000000000000e-01 4.917438756949728e-01 -2.717642584670852e-04
3.156250000000000e-01 5.001939509549778e-01 -2.693354370352846e-04
3.187500000000000e-01 5.087661463633005e-01 -2.712302045269440e-04
3.218750000000000e-01 5.174625547836644e-01 -2.748472955440167e-04
3.250000000000000e-01 5.262852994058529e-01 -2.736751247262613e-04
3.281250000000000e-01 5.352365342640750e-01 -2.753143541097610e-04
3.312500000000000e-01 5.443184447628656e-01 -2.735015853366409e-04
3.343750000000000e-01 5.535332482106405e-01 -2.762508642352380e-04
3.375000000000000e-01 5.628831943610435e-01 -2.759857404844947e-04
3.406250000000000e-01 5.723705659622137e-01 -2.772357311861638e-04
3.437500000000000e-01 5.819976793141081e-01 -2.790285160586055e-04
3.468750000000000e-01 5.917668848340161e-01 -2.793547170529803e-04
3.500000000000000e-01 6.016805676304035e-01 -2.813739440359642e-04
3.531250000000000e-01 6.117411480852264e-01 -2.810715678129834e-04
3.562500000000000e-01 6.219510824448572e-01 -2.824628328836592e-04
3.593750000000000e-01 6.323128634197650e-01 -2.829775781436474e-04
3.625000000000000e-01 6.428290207931012e-01 -2.845365809070497e-04
3.656250000000000e-01 6.535021220383342e-01 -2.861306511732472e-04
3.687500000000000e-01 6.643347729460869e-01 -2.873024820543767e-04
3.718750000000000e-01 6.753296182603294e-01 -2.885632356889456e-04
3.750000000000000e-01 6.864893423240808e-01 -2.893672921094403e-04
3.781250000000000e-01 6.978166697347804e-01 -2.902861606069929e-04
3.812500000000000e-01 7.093143660094854e-01 -2.921564039269893e-04
3.843750000000000e-01 7.209852382600603e-01 -2.940434136108515e-04
3.875000000000000e-01 7.328321358785219e-01 -2.953305096812696e-04
3.906250000000000e-01 7.448579512327029e-01 -2.977333333137252e-04
3.937500000000000e-01 7.570656203724140e-01 -2.975959157877240e-04
3.968750000000000e-01 7.694581237462648e-01 -2.997673895235262e-04
4.000000000000000e-01 7.820384869293291e-01 -3.018944683134149e-04
4.031250000000000e-01 7.948097813618253e-01 -3.031024390899991e-04
4.062500000000000e-01 8.077751250989945e-01 -3.065861772132887e-04
4.093750000000000e-01 8.209376835723596e-01 -3.066528037991242e-04
4.125000000000000e-01 8.343006703625532e-01 -3.091841993831748e-04
4.156250000000000e-01 8.478673479838968e-01 -3.117320004912434e-04
4.187500000000000e-01 8.616410286809313e-01 -3.132831985164499e-04
4.218750000000000e-01 8.756250752370857e-01 -3.169669042596938e-04
4.250000000000000e-01 8.898229017956865e-01 -3.176132874795389e-04
4.281250000000000e-01 9.042379746935050e-01 -3.198533898000784e-04
4.312500000000000e-01 9.188738133070491e-01 -3.238624294210543e-04
4.343750000000000e-01 9.337339909118028e-01 -3.264602928164935e-04
4.375000000000000e-01 9.488221355546261e-01 -3.280850491250035e-04
4.406250000000000e-01 9.641419309395265e-01 -3.308776237220824e-04
4.437500000000000e-01 9.796971173270190e-01 -3.351737494231794e-04
4.468750000000000e-01 9.954914924472941e-01 -3.372821849267533e-04
4.500000000000000e-01 1.011528912427417e+00 -3.405682078902880e-04
4.531250000000000e-01 1.027813292732786e+00 -3.444125434827691e-04
4.562500000000000e-01 1.044348609123070e+00 -3.473753419594136e-04
4.593750000000000e-01 1.061138898622882e+00 -3.515363367621778e-04
4.625000000000000e-01 1.078188260507393e+00 -3.549147740129715e-04
4.656250000000000e-01 1.095500857303154e+00 -3.591432912248252e-04
4.687500000000000e-01 1.113080915804360e+00 -3.633972796549820e-04
4.718750000000000e-01 1.130932728104805e+00 -3.672970117713510e-04
4.750000000000000e-01 1.149060652645771e+00 -3.724377733617238e-04
4.781250000000000e-01 1.167469115280130e+00 -3.767102182794844e-04
4.812500000000000e-01 1.186162610352890e+00 -3.818442090575666e-04
4.843750000000000e-01 1.205145701798475e+00 -3.872853978168886e-04
4.875000000000000e-01 1.224423024254985e+00 -3.922065304367433e-04
4.906250000000000e-01 1.243999284195726e+00 -3.984618224567674e-04
4.937500000000000e-01 1.263879261078271e+00 -4.041164954696971e-04
4.968750000000000e-01 1.284067808511348e+00 -4.102856747460012e-04
5.000000000000000e-01 1.304569855439823e+00 -4.172853174128555e-04
5.031250000000000e-01 1.325390407348082e+00 -4.236537245157625e-04
5.062500000000000e-01 1.346534547482100e+00 -4.312387568684814e-04
5.093750000000000e-01 1.368007438090487e+00 -4.388902175175372e-04
5.125000000000001e-01 1.389814321684837e+00 -4.465481866450773e-04
5.156250000000000e-01 1.411960522319654e+00 -4.554175020353311e-04
5.187500000000000e-01 1.434451446892208e+00 -4.639961306682733e-04
5.218750000000000e-01 1.457292586462593e+00 -4.733230568863212e-04
5.250000000000000e-01 1.480489517594354e+00 -4.834434424517777e-04
5.281250000000001e-01 1.504047903715979e+00 -4.934755848153431e-04
5.312500000000000e-01 1.527973496503592e+00 -5.047165381521237e-04
5.343750000000000e-01 1.552272137285215e+00 -5.163065286274281e-04
5.375000000000000e-01 1.576949758466886e+00 -5.283173963390571e-04
5.406250000000000e-01 1.602012384981041e+00 -5.416859698663782e-04
5.437500000000001e-01 1.627466135757470e+00 -5.551554928513147e-04
5.468750000000000e-01 1.653317225217225e+00 -5.696258657949459e-04
5.500000000000000e-01 1.679571964789851e+00 -5.854993881955715e-04
5.531250000000000e-01 1.706236764454286e+00 -6.014736592993542e-04
5.562500000000000e-01 1.733318134303830e+00 -6.189159088106146e-04
5.593750000000001e-01 1.760822686135563e+00 -6.378522988368819e-04
5.625000000000000e-01 1.788757135064574e+00 -6.570605466633309e-04
5.656250000000000e-01 1.817128301163438e+00 -6.780116722646865e-04
5.687500000000000e-01 1.845943111127301e+00 -7.006805571920726e-04
5.718750000000000e-01 1.875208599965003e+00 -7.240279259764398e-04
5.750000000000001e-01 1.904931912716643e+00 -7.492303247554255e-04
5.781250000000000e-01 1.935120306198011e+00 -7.763325778337672e-04
5.812500000000000e-01 1.965781150772311e+00 -8.046769589596804e-04
5.843750000000000e-01 1.996921932149593e+00 -8.349903738627977e-04
5.875000000000000e-01 2.028550253214365e+00 -8.670964940509968e-04
5.906250000000001e-01 2.060673835881802e+00 -9.008151156346162e-04
5.937500000000000e-01 2.093300522983012e+00 -9.368020945243044e-04
5.968750000000000e-01 2.126438280179837e+00 -9.742136029839739e-04
6.000000000000001e-01 2.160095197909630e+00 -1.012470954999201e-03
6.031250000000000e-01 2.194279493360494e+00 -1.052532445150319e-03
6.062500000000001e-01 2.228999512477486e+00 -1.093505560746312e-03
6.093750000000000e-01 2.264263732000228e+00 -1.133198184336053e-03
6.125000000000000e-01 2.300080761532477e+00 -1.170943017974310e-03
6.156250000000001e-01 2.336459345644116e+00 -1.205789607813555e-03
6.187500000000000e-01 2.373408366006099e+00 -1.234940665670712e-03
6.218750000000001e-01 2.410936843558884e+00 -1.254365004737305e-03
6.250000000000000e-01 2.449053940714840e+00 -1.257718691443890e-03
6.281250000000000e-01 2.487768963595221e+00 -1.237101292908821e-03
6.312500000000001e-01 2.527091364302215e+00 -1.185741696470566e-03
6.343750000000000e-01 2.567030743226622e+00 -1.093770229906640e-03
6.375000000000001e-01 2.607596851391758e+00 -9.394461950790949e-04
6.406250000000000e-01 2.648799592834118e+00 -6.891275974297321e-04
6.437500000000000e-01 2.690649027021411e+00 -3.074624941060079e-04
6.468750000000001e-01 2.733155371308524e+00 2.363396969092473e-04
6.500000000000000e-01 2.776329003432049e+00 9.792935854051419e-04
6.531250000000001e-01 2.820180464043967e+00 1.992947353298361e-03
6.562500000000000e-01 2.864720459285089e+00 3.408540333924329e-03
6.593750000000000e-01 2.909959863398929e+00 5.406781443734904e-03
6.625000000000001e-01 2.955909721386590e+00 8.156197125356158e-03
6.656250000000000e-01 3.002581251703353e+00 1.172285884062771e-02
6.687500000000001e-01 3.049985848997626e+00 1.599814755381097e-02
6.718750000000000e-01 3.098135086892879e+00 2.068433043616533e-02
6.750000000000000e-01 3.147040720813310e+00 2.534495873188464e-02
6.781250000000001e-01 3.196714690853871e+00 2.949962015353111e-02
6.812500000000000e-01 3.247169124695383e+00 3.272765976540187e-02
6.843750000000001e-01 3.298416340565477e+00 3.474309602453760e-02
6.875000000000000e-01 3.350468850246008e+00 3.542604649518759e-02
6.906250000000000e-01 3.403339362127777e+00 3.481109157273976e-02
6.937500000000001e-01 3.457040784313211e+00 3.305041584533405e-02
6.968750000000000e-01 3.511586227767823e+00 3.036748400629402e-02
7.000000000000001e-01 3.566989009521205e+00 2.701306434265494e-02
7.031250000000000e-01 3.623262655918307e+00 2.323159755382371e-02
7.062500000000000e-01 3.680420905921852e+00 1.923941705640788e-02
7.093750000000001e-01 3.738477714466631e+00 1.521461139948355e-02
7.125000000000000e-01 3.797447255866536e+00 1.129441764392873e-02
7.156250000000001e-01 3.857343927275175e+00 7.577336785446368e-03
7.187500000000000e-01 3.918182352200844e+00 4.127748567033974e-03
7.218750000000000e-01 3.979977384076828e+00 9.818412983414982e-04
7.250000000000001e-01 4.042744109887770e+00 -1.845742206936569e-03
7.281250000000000e-01 4.106497853853101e+00 -4.355934106888947e-03
7.312500000000001e-01 4.171254181168399e+00 -6.560228366257866e-03
7.343750000000000e-01 4.237028901805528e+00 -8.476855184948232e-03
7.375000000000000e-01 4.303838074372613e+00 -1.012774491926227e-02
7.406250000000001e-01 4.371698010034643e+00 -1.153629927566069e-02
7.437500000000000e-01 4.440625276495786e+00 -1.272556981193667e-02
7.468750000000001e-01 4.510636702044332e+00 -1.371706522793489e-02
7.500000000000000e-01 4.581749379661216e+00 -1.453009757621810e-02
7.531250000000000e-01 4.653980671193226e+00 -1.518134539740655e-02
7.562500000000001e-01 4.727348211591802e+00 -1.568482219476848e-02
7.593750000000000e-01 4.801869913218528e+00 -1.605184711015001e-02
7.625000000000001e-01 4.877563970218381e+00 -1.629103300429702e-02
7.656250000000000e-01 4.954448862961714e+00 -1.640834536649159e-02
7.687500000000000e-01 5.032543362556198e+00 -1.640698446769163e-02
7.718750000000001e-01 5.111866535429675e+00 -1.628751679266979e-02
7.750000000000000e-01 5.192437747985146e+00 -1.604790701093202e-02
7.781250000000001e-01 5.274276671329015e+00 -1.568368802735170e-02
7.812500000000000e-01 5.357403286073669e+00 -1.518791468605055e-02
7.843750000000000e-01 5.441837887215693e+00 -1.455112540069982e-02
7.875000000000001e-01 5.527601089090773e+00 -1.376156469255385e-02
7.906250000000000e-01 5.614713830406605e+00 -1.280633018423754e-02
7.937500000000001e-01 5.703197379355005e+00 -1.167392130667407e-02
7.968750000000000e-01 5.793073338804412e+00 -1.035823430102172e-02
8.000000000000000e-01 5.884363651574169e+00 -8.863307505420616e-03
8.031250000000001e-01 5.977090605791737e+00 -7.207550447519069e-03
8.062500000000000e-01 6.071276840334257e+00 -5.426056826104989e-03
8.093750000000001e-01 6.166945350355728e+00 -3.570047633978247e-03
8.125000000000000e-01 6.264119492901173e+00 -1.703331142845477e-03
8.156250000000000e-01 6.362822992609162e+00 1.034640894218212e-04
8.187500000000001e-01 6.463079947504072e+00 1.779602631164701e-03
8.218750000000000e-01 6.564914834879517e+00 3.260618599908000e-03
8.250000000000001e-01 6.668352517274371e+00 4.493494284573612e-03
8.281250000000000e-01 6.773418248542846e+00 5.440338451248343e-03
8.312500000000000e-01 6.880137680020114e+00 6.080656528727696e-03
8.343750000000001e-01 6.988536866784961e+00 6.412394347757691e-03
8.375000000000000e-01 7.098642274021019e+00 6.451790170023249e-03
8.406250000000001e-01 7.210480783478133e+00 6.231888390882194e-03
8.437500000000000e-01 7.324079700035414e+00 5.799546222237302e-03
8.468750000000000e-01 7.439466758367605e+00 5.210973614092002e-03
8.500000000000001e-01 7.556670129716381e+00 4.526209019655916e-03
8.531250000000000e-01 7.675718428768239e+00 3.803279826152559e-03
8.562500000000001e-01 7.796640720640633e+00 3.092961581929824e-03
8.593750000000000e-01 7.919466527978115e+00 2.434954525361693e-03
8.625000000000000e-01 8.044225838160141e+00 1.855971956605629e-03
8.656250000000001e-01 8.170949110622363e+00 1.369800524051374e-03
8.687500000000000e-01 8.299667284293170e+00 9.789911772285470e-04
8.718750000000001e-01 8.430411785147284e+00 6.775820076264196e-04
8.750000000000000e-01 8.563214533878281e+00 4.541846403695838e-04
8.781250000000000e-01 8.698107953691880e+00 2.948615205536010e-04
8.812500000000001e-01 8.835124978221932e+00 1.854168142999901e-04
8.843750000000000e-01 8.974299059571019e+00 1.129428720439945e-04
8.875000000000001e-01 9.115664176477637e+00 6.664747679861276e-05
8.906250000000000e-01 9.259254842611947e+00 3.810336094670277e-05
8.937500000000000e-01 9.405106115002161e+00 2.110765195066931e-05
8.968750000000001e-01 9.553253602593529e+00 1.133074994101529e-05
9.000000000000000e-01 9.703733474942130e+00 5.894770563580865e-06
9.031250000000001e-01 9.856582471045494e+00 2.972447970257655e-06
9.062500000000000e-01 1.001183790831228e+01 1.452955152108971e-06
9.093750000000000e-01 1.016953769167313e+01 6.885474803209919e-07
9.125000000000001e-01 1.032972032283505e+01 3.163835333390591e-07
9.156250000000000e-01 1.049242490968134e+01 1.409768771539124e-07
9.187500000000001e-01 1.065769117581972e+01 6.092459360566722e-08
9.218750000000000e-01 1.082555947028058e+01 2.553910066710322e-08
9.250000000000000e-01 1.099607077736805e+01 1.038591573581704e-08
9.281250000000001e-01 1.116926672666618e+01 4.097968819772700e-09
9.312500000000000e-01 1.134518960320255e+01 1.569046530728673e-09
9.343750000000001e-01 1.152388235777201e+01 5.830490101504248e-10
9.375000000000000e-01 1.170538861742293e+01 2.102979679634117e-10
9.406250000000000e-01 1.188975269610854e+01 7.363502163570663e-11
9.437500000000001e-01 1.207701960550600e+01 2.503291290725386e-11
9.468750000000000e-01 1.226723506600578e+01 8.263688522985319e-12
9.500000000000001e-01 1.246044551787411e+01 2.649290631986832e-12
9.531250000000000e-01 1.265669813259115e+01 8.249648146539082e-13
9.562500000000000e-01 1.285604082436773e+01 2.495444437160955e-13
9.593750000000001e-01 1.305852226184337e+01 7.333696689358180e-14
9.625000000000000e-01 1.326419187996850e+01 2.094188721968050e-14
9.656250000000001e-01 1.347309989207381e+01 5.811404759722969e-15
9.687500000000000e-01 1.368529730212962e+01 1.567374506811806e-15
9.718750000000000e-01 1.390083591719824e+01 4.109074090734282e-16
9.750000000000001e-01 1.411976836008246e+01 1.047242277244397e-16
9.781250000000000e-01 1.434214808217320e+01 2.594980384245688e-17
9.812500000000001e-01 1.456802937649935e+01 6.252528329714446e-18
9.843750000000000e-01 1.479746739098328e+01 1.465083235506583e-18
9.875000000000000e-01 1.503051814190487e+01 3.338878005415738e-19
9.906250000000001e-01 1.526723852757770e+01 7.402608959811475e-20
9.937500000000000e-01 1.550768634224049e+01 1.592235017366623e-20
9.968750000000001e-01 1.575192029016732e+01 3.557743956641310e-21
1.000000000000000e+00 1.600000000000000e+01 -1.503021371962973e-22
