0.000000000000000e+00 0.000000000000000e+00 -9.975373439372022e-04
3.125000000000000e-03 3.369263549427258e-03 -9.975373439372031e-04
6.250000000000000e-03 6.739349689698711e-03 4.075843365654051e-05
9.375000000000001e-03 1.011108121249049e-02 1.597645941830507e-04
1.250000000000000e-02 1.348528131119160e-02 -1.326447758680249e-04
1.562500000000000e-02 1.686277378188298e-02 -4.547171198808529e-05
1.875000000000000e-02 2.024438322446370e-02 -4.691673934791737e-05
2.187500000000000e-02 2.363093524397333e-02 -7.785423507720722e-05
2.500000000000000e-02 2.702325665215984e-02 -4.581616890099105e-05
2.812500000000000e-02 3.042217566934200e-02 -1.439347003767804e-05
3.125000000000000e-02 3.382852212661575e-02 -4.224096160064077e-05
3.437500000000000e-02 3.724312766845378e-02 -1.655943575064783e-05
3.750000000000001e-02 4.066682595574785e-02 -5.716205015974870e-05
4.062500000000000e-02 4.410045286934348e-02 -5.258063236635046e-05
4.375000000000000e-02 4.754484671411652e-02 -5.371700681697617e-05
4.687500000000000e-02 5.100084842364160e-02 -2.296584714969834e-05
5.000000000000000e-02 5.446930176550237e-02 -3.193459543153394e-05
5.312500000000001e-02 5.795105354729364e-02 -2.722820459903056e-05
5.625000000000000e-02 6.144695382336569e-02 -1.930433294929686e-05
5.937500000000000e-02 6.495785610236132e-02 -3.125206951917147e-05
6.250000000000000e-02 6.848461755559625e-02 -4.008922697724683e-05
6.562500000000000e-02 7.202809922633362e-02 -2.798663685287327e-05
6.875000000000001e-02 7.558916624000402e-02 -5.836073787060152e-05
7.187500000000001e-02 7.916868801542200e-02 -2.471539762090613e-05
7.500000000000001e-02 8.276753847705080e-02 -3.461491797694012e-05
7.812500000000000e-02 8.638659626836727e-02 -3.160876438739424e-05
8.125000000000000e-02 9.002674496637868e-02 -4.258395509396848e-05
8.437500000000001e-02 9.368887329734420e-02 -3.383373363867984e-05
8.750000000000001e-02 9.737387535375355e-02 -4.116808614851344e-05
9.062500000000001e-02 1.010826508126157e-01 -4.280977039838949e-05
9.375000000000000e-02 1.048161051551108e-01 -2.589643413800978e-05
9.687500000000000e-02 1.085751498876601e-01 -4.119717097228690e-05
1.000000000000000e-01 1.123607027644654e-01 -3.003929307559019e-05
1.031250000000000e-01 1.161736880115753e-01 -3.662086409236773e-05
1.062500000000000e-01 1.200150365525305e-01 -4.307519300784040e-05
1.093750000000000e-01 1.238856862356450e-01 -4.966881971787726e-05
1.125000000000000e-01 1.277865820629775e-01 -3.741822875076422e-05
1.156250000000000e-01 1.317186764210495e-01 -2.964500106549453e-05
1.187500000000000e-01 1.356829293133661e-01 -3.667595372296248e-05
1.218750000000000e-01 1.396803085947971e-01 -4.245729340262525e-05
1.250000000000000e-01 1.437117902078738e-01 -3.205515895175366e-05
1.281250000000000e-01 1.477783584210617e-01 -4.508643903453610e-05
1.312500000000000e-01 1.518810060690650e-01 -3.408724913039841e-05
1.343750000000000e-01 1.560207347952229e-01 -3.105962814187895e-05
1.375000000000000e-01 1.601985552960564e-01 -3.806452711437728e-05
1.406250000000000e-01 1.644154875680252e-01 -3.940995767626518e-05
1.437500000000000e-01 1.686725611565558e-01 -2.867392948708949e-05
1.468750000000000e-01 1.729708154074000e-01 -3.404316328500616e-05
1.500000000000000e-01 1.773112997203869e-01 -3.225680826395741e-05
1.531250000000000e-01 1.816950738056289e-01 -3.507476027208643e-05
1.562500000000000e-01 1.861232079422458e-01 -3.820597861409302e-05
1.593750000000000e-01 1.905967832396682e-01 -3.869668657639580e-05
1.625000000000000e-01 1.951168919015860e-01 -3.850425306753452e-05
1.656250000000000e-01 1.996846374926046e-01 -4.165820640415614e-05
1.687500000000000e-01 2.043011352076760e-01 -3.438769571111779e-05
1.718750000000000e-01 2.089675121443681e-01 -3.271099820587668e-05
1.750000000000000e-01 2.136849075780412e-01 -4.120099615369526e-05
1.781250000000000e-01 2.184544732399964e-01 -3.864548686267169e-05
1.812500000000000e-01 2.232773735986666e-01 -3.981896849526522e-05
1.843750000000000e-01 2.281547861439151e-01 -3.913621523626402e-05
1.875000000000000e-01 2.330879016745160e-01 -3.607571089266069e-05
1.906250000000000e-01 2.380779245888810e-01 -3.442783122464750e-05
1.937500000000000e-01 2.431260731791094e-01 -3.728225122637773e-05
1.968750000000000e-01 2.482335799284277e-01 -3.557382187511083e-05
2.000000000000000e-01 2.534016918120952e-01 -3.859516867832382e-05
2.031250000000000e-01 2.586316706018478e-01 -3.577392943908108e-05
2.062500000000000e-01 2.639247931739538e-01 -3.595765018510967e-05
2.093750000000000e-01 2.692823518209576e-01 -3.203003334766963e-05
2.125000000000000e-01 2.747056545671873e-01 -3.876625475949306e-05
2.156250000000000e-01 2.801960254881028e-01 -3.982024569632535e-05
2.187500000000000e-01 2.857548050335636e-01 -3.591929039760010e-05
2.218750000000000e-01 2.913833503550930e-01 -3.541331692256818e-05
2.250000000000000e-01 2.970830356372213e-01 -3.868269227591761e-05
2.281250000000000e-01 3.028552524329863e-01 -3.633439449568008e-05
2.312500000000000e-01 3.087014100036755e-01 -3.760973073986604e-05
2.343750000000000e-01 3.146229356628902e-01 -4.116905928803124e-05
2.375000000000000e-01 3.206212751250189e-01 -3.883074243639778e-05
2.406250000000000e-01 3.266978928582008e-01 -4.039211432262672e-05
2.437500000000000e-01 3.328542724418705e-01 -3.686719016087071e-05
2.468750000000000e-01 3.390919169289667e-01 -3.464824072469393e-05
2.500000000000000e-01 3.454123492128958e-01 -3.458780800192391e-05
2.531250000000000e-01 3.518171123993401e-01 -3.710328368496692e-05
2.562500000000000e-01 3.583077701830001e-01 -3.840253874208650e-05
2.593750000000000e-01 3.648859072293631e-01 -3.564116270347157e-05
2.625000000000000e-01 3.715531295615936e-01 -3.518863544445311e-05
2.656250000000000e-01 3.783110649526354e-01 -3.990862286024783e-05
2.687500000000000e-01 3.851613633226258e-01 -3.696185965250186e-05
2.718750000000000e-01 3.921056971417164e-01 -3.778933267796901e-05
2.750000000000000e-01 3.991457618383991e-01 -3.919502238515971e-05
2.781250000000000e-01 4.062832762134377e-01 -3.865316163249648e-05
2.812500000000000e-01 4.135199828595055e-01 -3.964132950298392e-05
2.843750000000000e-01 4.208576485866312e-01 -3.824606562005844e-05
2.875000000000000e-01 4.282980648535585e-01 -3.691559226339838e-05
2.906250000000000e-01 4.358430482051222e-01 -3.798128300977862e-05
2.937500000000000e-01 4.434944407157500e-01 -3.707088069381944e-05
2.968750000000000e-01 4.512541104391968e-01 -3.716757251386287e-05
3.000000000000000e-01 4.591239518646220e-01 -3.795364532776551e-05
3.031250000000000e-01 4.671058863791195e-01 -3.653343301663043e-05
3.062500000000000e-01 4.752018627368176e-01 -3.891419610015064e-05
3.093750000000000e-01 4.834138575346580e-01 -3.973377737404751e-05
3.125000000000000e-01 4.917438756949728e-01 -3.868338897199157e-05
3.156250000000000e-01 5.001939509549778e-01 -3.860387419024113e-05
3.187500000000000e-01 5.087661463633005e-01 -3.951737316182264e-05
3.218750000000000e-01 5.174625547836644e-01 -3.892595892949918e-05
3.250000000000000e-01 5.262852994058529e-01 -3.842243104037825e-05
3.281250000000000e-01 5.352365342640750e-01 -3.716241649077943e-05
3.312500000000000e-01 5.443184447628656e-01 -3.830396891059380e-05
3.343750000000000e-01 5.535332482106405e-01 -3.904289647682770e-05
3.375000000000000e-01 5.628831943610435e-01 -3.857724949455066e-05
3.406250000000000e-01 5.723705659622137e-01 -3.931787195116586e-05
3.437500000000000e-01 5.819976793141081e-01 -3.988495285512178e-05
3.468750000000000e-01 5.917668848340161e-01 -3.892408864137801e-05
3.500000000000000e-01 6.016805676304035e-01 -3.920137256161342e-05
3.531250000000000e-01 6.117411480852264e-01 -3.994785164516323e-05
3.562500000000000e-01 6.219510824448572e-01 -3.886790520633446e-05
3.593750000000000e-01 6.323128634197650e-01 -4.038690953909290e-05
3.625000000000000e-01 6.428290207931012e-01 -3.992952273192620e-05
3.656250000000000e-01 6.535021220383342e-01 -3.969874405835854e-05
3.687500000000000e-01 6.643347729460869e-01 -3.927127957998370e-05
3.718750000000000e-01 6.753296182603294e-01 -4.005066152118537e-05
3.750000000000000e-01 6.864893423240808e-01 -3.988714553557219e-05
3.781250000000000e-01 6.978166697347804e-01 -4.016477765125856e-05
3.812500000000000e-01 7.093143660094854e-01 -4.157618039100095e-05
3.843750000000000e-01 7.209852382600603e-01 -4.102867173589929e-05
3.875000000000000e-01 7.328321358785219e-01 -4.072344765849867e-05
3.906250000000000e-01 7.448579512327029e-01 -3.937388997800110e-05
3.937500000000000e-01 7.570656203724140e-01 -4.118995376423431e-05
3.968750000000000e-01 7.694581237462648e-01 -4.106310660283465e-05
4.000000000000000e-01 7.820384869293291e-01 -4.160737097678556e-05
4.031250000000000e-01 7.948097813618253e-01 -4.162539158278511e-05
4.062500000000000e-01 8.077751250989945e-01 -4.161296043865248e-05
4.093750000000000e-01 8.209376835723596e-01 -4.278679786975242e-05
4.125000000000000e-01 8.343006703625532e-01 -4.138380519384662e-05
4.156250000000000e-01 8.478673479838968e-01 -4.251266829790796e-05
4.187500000000000e-01 8.616410286809313e-01 -4.170594783371536e-05
4.218750000000000e-01 8.756250752370857e-01 -4.263466557266355e-05
4.250000000000000e-01 8.898229017956865e-01 -4.313216690361667e-05
4.281250000000000e-01 9.042379746935050e-01 -4.295598457754853e-05
4.312500000000000e-01 9.188738133070491e-01 -4.395241136951556e-05
4.343750000000000e-01 9.337339909118028e-01 -4.291836201108651e-05
4.375000000000000e-01 9.488221355546261e-01 -4.392500533629424e-05
4.406250000000000e-01 9.641419309395265e-01 -4.356280793447077e-05
4.437500000000000e-01 9.796971173270190e-01 -4.431790616719945e-05
4.468750000000000e-01 9.954914924472941e-01 -4.509974841276627e-05
4.500000000000000e-01 1.011528912427417e+00 -4.471722275592917e-05
4.531250000000000e-01 1.027813292732786e+00 -4.546813778129433e-05
4.562500000000000e-01 1.044348609123070e+00 -4.497259920666193e-05
4.593750000000000e-01 1.061138898622882e+00 -4.544896472748010e-05
4.625000000000000e-01 1.078188260507393e+00 -4.625686974789567e-05
4.656250000000000e-01 1.095500857303154e+00 -4.664314978363900e-05
4.687500000000000e-01 1.113080915804360e+00 -4.690748404907859e-05
4.718750000000000e-01 1.130932728104805e+00 -4.722927925748291e-05
4.750000000000000e-01 1.149060652645771e+00 -4.707470117885129e-05
4.781250000000000e-01 1.167469115280130e+00 -4.780735625585028e-05
4.812500000000000e-01 1.186162610352890e+00 -4.884729746589755e-05
4.843750000000000e-01 1.205145701798475e+00 -4.844478420156215e-05
4.875000000000000e-01 1.224423024254985e+00 -4.948635779710802e-05
4.906250000000000e-01 1.243999284195726e+00 -4.921472879355155e-05
4.937500000000000e-01 1.263879261078271e+00 -4.990999423559537e-05
4.968750000000000e-01 1.284067808511348e+00 -5.175409010755853e-05
5.000000000000000e-01 1.304569855439823e+00 -5.049994221252841e-05
5.031250000000000e-01 1.325390407348082e+00 -5.135850753228289e-05
5.062500000000000e-01 1.346534547482100e+00 -5.266717988800638e-05
5.093750000000000e-01 1.368007438090487e+00 -5.284864174522786e-05
5.125000000000001e-01 1.389814321684837e+00 -5.351913481187514e-05
5.156250000000000e-01 1.411960522319654e+00 -5.372570460133166e-05
5.187500000000000e-01 1.434451446892208e+00 -5.506775110011428e-05
5.218750000000000e-01 1.457292586462593e+00 -5.545746814987968e-05
5.250000000000000e-01 1.480489517594354e+00 -5.590829265682606e-05
5.281250000000001e-01 1.504047903715979e+00 -5.726977845230321e-05
5.312500000000000e-01 1.527973496503592e+00 -5.748384658489871e-05
5.343750000000000e-01 1.552272137285215e+00 -5.859671479525209e-05
5.375000000000000e-01 1.576949758466886e+00 -5.949219955300919e-05
5.406250000000000e-01 1.602012384981041e+00 -6.009207558736302e-05
5.437500000000001e-01 1.627466135757470e+00 -6.140770145904645e-05
5.468750000000000e-01 1.653317225217225e+00 -6.210315205942270e-05
5.500000000000000e-01 1.679571964789851e+00 -6.324589901781873e-05
5.531250000000000e-01 1.706236764454286e+00 -6.437169763186222e-05
5.562500000000000e-01 1.733318134303830e+00 -6.535829716138445e-05
5.593750000000001e-01 1.760822686135563e+00 -6.673291301628426e-05
5.625000000000000e-01 1.788757135064574e+00 -6.774228775579549e-05
5.656250000000000e-01 1.817128301163438e+00 -6.925152530531028e-05
5.687500000000000e-01 1.845943111127301e+00 -7.054966184850582e-05
5.718750000000000e-01 1.875208599965003e+00 -7.177767373838893e-05
5.750000000000001e-01 1.904931912716643e+00 -7.373958116939906e-05
5.781250000000000e-01 1.935120306198011e+00 -7.490018256411312e-05
5.812500000000000e-01 1.965781150772311e+00 -7.660078531753632e-05
5.843750000000000e-01 1.996921932149593e+00 -7.887442070779750e-05
5.875000000000000e-01 2.028550253214365e+00 -8.002172740976193e-05
5.906250000000001e-01 2.060673835881802e+00 -8.225045313905921e-05
5.937500000000000e-01 2.093300522983012e+00 -8.482231373979529e-05
5.968750000000000e-01 2.126438280179837e+00 -8.611722041327810e-05
6.000000000000001e-01 2.160095197909630e+00 -8.879409913682497e-05
6.031250000000000e-01 2.194279493360494e+00 -9.187012550233315e-05
6.062500000000001e-01 2.228999512477486e+00 -9.346913798152975e-05
6.093750000000000e-01 2.264263732000228e+00 -9.639489634103521e-05
6.125000000000000e-01 2.300080761532477e+00 -1.002955957573527e-04
6.156250000000001e-01 2.336459345644116e+00 -1.024106280422541e-04
6.187500000000000e-01 2.373408366006099e+00 -1.052407819065824e-04
6.218750000000001e-01 2.410936843558884e+00 -1.103137924248732e-04
6.250000000000000e-01 2.449053940714840e+00 -1.135715735400999e-04
6.281250000000000e-01 2.487768963595221e+00 -1.158493544325565e-04
6.312500000000001e-01 2.527091364302215e+00 -1.219563697515348e-04
6.343750000000000e-01 2.567030743226622e+00 -1.276231163368134e-04
6.375000000000001e-01 2.607596851391758e+00 -1.292968432870649e-04
6.406250000000000e-01 2.648799592834118e+00 -1.351086707702302e-04
6.437500000000000e-01 2.690649027021411e+00 -1.447951592304048e-04
6.468750000000001e-01 2.733155371308524e+00 -1.478511928800320e-04
6.500000000000000e-01 2.776329003432049e+00 -1.506451265380163e-04
6.531250000000001e-01 2.820180464043967e+00 -1.635753217651347e-04
6.562500000000000e-01 2.864720459285089e+00 -1.736360724149709e-04
6.593750000000000e-01 2.909959863398929e+00 -1.733806127542092e-04
6.625000000000001e-01 2.955909721386590e+00 -1.822005010505670e-04
6.656250000000000e-01 3.002581251703353e+00 -2.032673224390843e-04
6.687500000000001e-01 3.049985848997626e+00 -2.117169386968788e-04
6.718750000000000e-01 3.098135086892879e+00 -2.091808472636898e-04
6.750000000000000e-01 3.147040720813310e+00 -2.266597485940531e-04
6.781250000000001e-01 3.196714690853871e+00 -2.593287466435996e-04
6.812500000000000e-01 3.247169124695383e+00 -2.688035050171808e-04
6.843750000000001e-01 3.298416340565477e+00 -2.608397269256521e-04
6.875000000000000e-01 3.350468850246008e+00 -2.849759900065324e-04
6.906250000000000e-01 3.403339362127777e+00 -3.410427956538231e-04
6.937500000000001e-01 3.457040784313211e+00 -3.660045066512362e-04
6.968750000000000e-01 3.511586227767823e+00 -3.445800991466380e-04
7.000000000000001e-01 3.566989009521205e+00 -3.539456365628087e-04
7.031250000000000e-01 3.623262655918307e+00 -4.437996662921334e-04
7.062500000000000e-01 3.680420905921852e+00 -5.368841211175889e-04
7.093750000000001e-01 3.738477714466631e+00 -5.297208563512354e-04
7.125000000000000e-01 3.797447255866536e+00 -4.626646751769053e-04
7.156250000000001e-01 3.857343927275175e+00 -4.968993902399513e-04
7.187500000000000e-01 3.918182352200844e+00 -6.978933914834959e-04
7.218750000000000e-01 3.979977384076828e+00 -9.073685330536033e-04
7.250000000000001e-01 4.042744109887770e+00 -8.950321619992941e-04
7.281250000000000e-01 4.106497853853101e+00 -6.377635829989437e-04
7.312500000000001e-01 4.171254181168399e+00 -4.055576221359378e-04
7.343750000000000e-01 4.237028901805528e+00 -5.262271848549642e-04
7.375000000000000e-01 4.303838074372613e+00 -1.025977141698359e-03
7.406250000000001e-01 4.371698010034643e+00 -1.464664798579908e-03
7.437500000000000e-01 4.440625276495786e+00 -1.113373657723158e-03
7.468750000000001e-01 4.510636702044332e+00 6.510357397349955e-04
7.500000000000000e-01 4.581749379661216e+00 3.998583066881251e-03
7.531250000000000e-01 4.653980671193226e+00 8.542834195518595e-03
7.562500000000001e-01 4.727348211591802e+00 1.349827478591796e-02
7.593750000000000e-01 4.801869913218528e+00 1.797434128637634e-02
7.625000000000001e-01 4.877563970218381e+00 2.125000519298725e-02
7.656250000000000e-01 4.954448862961714e+00 2.292759880212046e-02
7.687500000000000e-01 5.032543362556198e+00 2.295030241828259e-02
7.718750000000001e-01 5.111866535429675e+00 2.152374679294147e-02
7.750000000000000e-01 5.192437747985146e+00 1.900092742740773e-02
7.781250000000001e-01 5.274276671329015e+00 1.577640733763092e-02
7.812500000000000e-01 5.357403286073669e+00 1.221224861975117e-02
7.843750000000000e-01 5.441837887215693e+00 8.599109226036806e-03
7.875000000000001e-01 5.527601089090773e+00 5.144797018383380e-03
7.906250000000000e-01 5.614713830406605e+00 1.980036041013774e-03
7.937500000000001e-01 5.703197379355005e+00 -8.273848734724632e-04
7.968750000000000e-01 5.793073338804412e+00 -3.255931220332038e-03
8.000000000000000e-01 5.884363651574169e+00 -5.314328575632339e-03
8.031250000000001e-01 5.977090605791737e+00 -7.028593677832994e-03
8.062500000000000e-01 6.071276840334257e+00 -8.432755948624537e-03
8.093750000000001e-01 6.166945350355728e+00 -9.562869675852889e-03
8.125000000000000e-01 6.264119492901173e+00 -1.045310385565439e-02
8.156250000000000e-01 6.362822992609162e+00 -1.113283501436913e-02
8.187500000000001e-01 6.463079947504072e+00 -1.162496718691026e-02
8.218750000000000e-01 6.564914834879517e+00 -1.194600870491302e-02
8.250000000000001e-01 6.668352517274371e+00 -1.210743196476377e-02
8.281250000000000e-01 6.773418248542846e+00 -1.211676280003886e-02
8.312500000000000e-01 6.880137680020114e+00 -1.197636854747382e-02
8.343750000000001e-01 6.988536866784961e+00 -1.168015273386718e-02
8.375000000000000e-01 7.098642274021019e+00 -1.121060823173323e-02
8.406250000000001e-01 7.210480783478133e+00 -1.054008232243359e-02
8.437500000000000e-01 7.324079700035414e+00 -9.638303644961599e-03
8.468750000000000e-01 7.439466758367605e+00 -8.484836586240134e-03
8.500000000000001e-01 7.556670129716381e+00 -7.082000283148375e-03
8.531250000000000e-01 7.675718428768239e+00 -5.463238087247671e-03
8.562500000000001e-01 7.796640720640633e+00 -3.693962437442242e-03
8.593750000000000e-01 7.919466527978115e+00 -1.865073183483919e-03
8.625000000000000e-01 8.044225838160141e+00 -8.166327176442450e-05
8.656250000000001e-01 8.170949110622363e+00 1.550028888379439e-03
8.687500000000000e-01 8.299667284293170e+00 2.935151951899746e-03
8.718750000000001e-01 8.430411785147284e+00 4.000992654504849e-03
8.750000000000000e-01 8.563214533878281e+00 4.705105681394053e-03
8.781250000000000e-01 8.698107953691880e+00 5.039866550893274e-03
8.812500000000001e-01 8.835124978221932e+00 5.032427519389926e-03
8.843750000000000e-01 8.974299059571019e+00 4.739574859516917e-03
8.875000000000001e-01 9.115664176477637e+00 4.238108217181012e-03
8.906250000000000e-01 9.259254842611947e+00 3.612611561323899e-03
8.937500000000000e-01 9.405106115002161e+00 2.943239836286025e-03
8.968750000000001e-01 9.553253602593529e+00 2.296037479014746e-03
9.000000000000000e-01 9.703733474942130e+00 1.717402350155342e-03
9.031250000000001e-01 9.856582471045494e+00 1.233026287367401e-03
9.062500000000000e-01 1.001183790831228e+01 8.504906188953864e-04
9.093750000000000e-01 1.016953769167313e+01 5.640299773941997e-04
9.125000000000001e-01 1.032972032283505e+01 3.598930160963088e-04
9.156250000000000e-01 1.049242490968134e+01 2.210855237074880e-04
9.187500000000001e-01 1.065769117581972e+01 1.308337277734133e-04
9.218750000000000e-01 1.082555947028058e+01 7.462631652399252e-05
9.250000000000000e-01 1.099607077736805e+01 4.104908812382435e-05
9.281250000000001e-01 1.116926672666618e+01 2.178553895354959e-05
9.312500000000000e-01 1.134518960320255e+01 1.116065020538302e-05
9.343750000000001e-01 1.152388235777201e+01 5.521540361014734e-06
9.375000000000000e-01 1.170538861742293e+01 2.639153457993826e-06
9.406250000000000e-01 1.188975269610854e+01 1.219209536928614e-06
9.437500000000001e-01 1.207701960550600e+01 5.445894957072026e-07
9.468750000000000e-01 1.226723506600578e+01 2.352870364502330e-07
9.500000000000001e-01 1.246044551787411e+01 9.835997549023733e-08
9.531250000000000e-01 1.265669813259115e+01 3.979953300036267e-08
9.562500000000000e-01 1.285604082436773e+01 1.559258754575580e-08
9.593750000000001e-01 1.305852226184337e+01 5.916636959524426e-09
9.625000000000000e-01 1.326419187996850e+01 2.175097452437872e-09
9.656250000000001e-01 1.347309989207381e+01 7.749168635013509e-10
9.687500000000000e-01 1.368529730212962e+01 2.676238869466628e-10
9.718750000000000e-01 1.390083591719824e+01 8.961986356398917e-11
9.750000000000001e-01 1.411976836008246e+01 2.910752815796078e-11
9.781250000000000e-01 1.434214808217320e+01 9.171407108233422e-12
9.812500000000001e-01 1.456802937649935e+01 2.804143529043028e-12
9.843750000000000e-01 1.479746739098328e+01 8.321459745604764e-13
9.875000000000000e-01 1.503051814190487e+01 2.397285185187163e-13
9.906250000000001e-01 1.526723852757770e+01 6.708286399314044e-14
9.937500000000000e-01 1.550768634224049e+01 1.815706584432241e-14
9.968750000000001e-01 1.575192029016732e+01 5.074157807101978e-15
1.000000000000000e+00 1.600000000000000e+01 3.985947364746534e-16
