0.000000000000000e+00 0.000000000000000e+00 -8.785898800636291e-04
3.125000000000000e-03 3.369263549427258e-03 -8.785898800636289e-04
6.250000000000000e-03 6.739349689698711e-03 -1.234627055150745e-04
9.375000000000001e-03 1.011108121249049e-02 -1.170477358341590e-05
1.250000000000000e-02 1.348528131119160e-02 -1.019396163958022e-04
1.562500000000000e-02 1.686277378188298e-02 -1.390589562275208e-04
1.875000000000000e-02 2.024438322446370e-02 -2.776939114326857e-05
2.187500000000000e-02 2.363093524397333e-02 1.685656395859474e-06
2.500000000000000e-02 2.702325665215984e-02 -6.397674405007935e-05
2.812500000000000e-02 3.042217566934200e-02 -6.460799178947632e-05
3.125000000000000e-02 3.382852212661575e-02 -7.055405079830593e-05
3.437500000000000e-02 3.724312766845378e-02 -5.771468365063087e-05
3.750000000000001e-02 4.066682595574785e-02 -4.270100268149450e-05
4.062500000000000e-02 4.410045286934348e-02 -3.722332698849890e-05
4.375000000000000e-02 4.754484671411652e-02 -7.841353428928601e-05
4.687500000000000e-02 5.100084842364160e-02 -5.409651294979740e-05
5.000000000000000e-02 5.446930176550237e-02 -5.935343908827378e-05
5.312500000000001e-02 5.795105354729364e-02 -5.926266447502881e-05
5.625000000000000e-02 6.144695382336569e-02 -5.204705464630517e-05
5.937500000000000e-02 6.495785610236132e-02 -4.614278412119611e-05
6.250000000000000e-02 6.848461755559625e-02 -5.344896344058684e-05
6.562500000000000e-02 7.202809922633362e-02 -5.131101142350493e-05
6.875000000000001e-02 7.558916624000402e-02 -6.060718144572308e-05
7.187500000000001e-02 7.916868801542200e-02 -5.686282103621965e-05
7.500000000000001e-02 8.276753847705080e-02 -5.473129120017246e-05
7.812500000000000e-02 8.638659626836727e-02 -5.501923789820082e-05
8.125000000000000e-02 9.002674496637868e-02 -5.854147247859473e-05
8.437500000000001e-02 9.368887329734420e-02 -5.153374705978282e-05
8.750000000000001e-02 9.737387535375355e-02 -5.350926164866360e-05
9.062500000000001e-02 1.010826508126157e-01 -6.694341633176361e-05
9.375000000000000e-02 1.048161051551108e-01 -6.066652793789833e-05
9.687500000000000e-02 1.085751498876601e-01 -4.949291216940683e-05
1.000000000000000e-01 1.123607027644654e-01 -5.578808002467393e-05
1.031250000000000e-01 1.161736880115753e-01 -6.204703740438842e-05
1.062500000000000e-01 1.200150365525305e-01 -5.576624923545317e-05
1.093750000000000e-01 1.238856862356450e-01 -5.866863759366554e-05
1.125000000000000e-01 1.277865820629775e-01 -5.464574494955436e-05
1.156250000000000e-01 1.317186764210495e-01 -5.803404169745419e-05
1.187500000000000e-01 1.356829293133661e-01 -5.268706729965404e-05
1.218750000000000e-01 1.396803085947971e-01 -6.062295724953492e-05
1.250000000000000e-01 1.437117902078738e-01 -5.929687485039034e-05
1.281250000000000e-01 1.477783584210617e-01 -6.022588029000149e-05
1.312500000000000e-01 1.518810060690650e-01 -5.386385005920571e-05
1.343750000000000e-01 1.560207347952229e-01 -4.997655053448704e-05
1.375000000000000e-01 1.601985552960564e-01 -5.114523315138648e-05
1.406250000000000e-01 1.644154875680252e-01 -5.168263272605721e-05
1.437500000000000e-01 1.686725611565558e-01 -5.559825701277790e-05
1.468750000000000e-01 1.729708154074000e-01 -5.970353324282287e-05
1.500000000000000e-01 1.773112997203869e-01 -6.043962867795082e-05
1.531250000000000e-01 1.816950738056289e-01 -5.947476293197625e-05
1.562500000000000e-01 1.861232079422458e-01 -5.400149871364782e-05
1.593750000000000e-01 1.905967832396682e-01 -5.868125577025094e-05
1.625000000000000e-01 1.951168919015860e-01 -5.726100036324794e-05
1.656250000000000e-01 1.996846374926046e-01 -5.330145390576649e-05
1.687500000000000e-01 2.043011352076760e-01 -5.695551976204702e-05
1.718750000000000e-01 2.089675121443681e-01 -6.074830020634044e-05
1.750000000000000e-01 2.136849075780412e-01 -5.797951370081097e-05
1.781250000000000e-01 2.184544732399964e-01 -5.319533637416442e-05
1.812500000000000e-01 2.232773735986666e-01 -5.976518586121499e-05
1.843750000000000e-01 2.281547861439151e-01 -5.473508685579611e-05
1.875000000000000e-01 2.330879016745160e-01 -5.693069511477518e-05
1.906250000000000e-01 2.380779245888810e-01 -5.769924055952212e-05
1.937500000000000e-01 2.431260731791094e-01 -5.394940389144113e-05
1.968750000000000e-01 2.482335799284277e-01 -5.468922070168438e-05
2.000000000000000e-01 2.534016918120952e-01 -5.785903334448326e-05
2.031250000000000e-01 2.586316706018478e-01 -5.622845726884734e-05
2.062500000000000e-01 2.639247931739538e-01 -5.735025408042682e-05
2.093750000000000e-01 2.692823518209576e-01 -5.543452964811550e-05
2.125000000000000e-01 2.747056545671873e-01 -5.794448165443327e-05
2.156250000000000e-01 2.801960254881028e-01 -5.794058086122377e-05
2.187500000000000e-01 2.857548050335636e-01 -5.757844719744889e-05
2.218750000000000e-01 2.913833503550930e-01 -5.836713228402045e-05
2.250000000000000e-01 2.970830356372213e-01 -5.698273518485438e-05
2.281250000000000e-01 3.028552524329863e-01 -5.951319133200659e-05
2.312500000000000e-01 3.087014100036755e-01 -5.687788917877728e-05
2.343750000000000e-01 3.146229356628902e-01 -5.751804015484009e-05
2.375000000000000e-01 3.206212751250189e-01 -5.622345783665836e-05
2.406250000000000e-01 3.266978928582008e-01 -5.641602199549176e-05
2.437500000000000e-01 3.328542724418705e-01 -5.721380971856061e-05
2.468750000000000e-01 3.390919169289667e-01 -5.607791154966689e-05
2.500000000000000e-01 3.454123492128958e-01 -5.657319661053066e-05
2.531250000000000e-01 3.518171123993401e-01 -5.942789421264790e-05
2.562500000000000e-01 3.583077701830001e-01 -5.685394305868779e-05
2.593750000000000e-01 3.648859072293631e-01 -5.770266702990396e-05
2.625000000000000e-01 3.715531295615936e-01 -5.834440959348233e-05
2.656250000000000e-01 3.783110649526354e-01 -5.782405182822878e-05
2.687500000000000e-01 3.851613633226258e-01 -5.991725356833223e-05
2.718750000000000e-01 3.921056971417164e-01 -5.855723633348411e-05
2.750000000000000e-01 3.991457618383991e-01 -5.749242297961699e-05
2.781250000000000e-01 4.062832762134377e-01 -5.709631008055696e-05
2.812500000000000e-01 4.135199828595055e-01 -5.755765038548288e-05
2.843750000000000e-01 4.208576485866312e-01 -5.718288053677246e-05
2.875000000000000e-01 4.282980648535585e-01 -5.882733626381244e-05
2.906250000000000e-01 4.358430482051222e-01 -5.870558098199385e-05
2.937500000000000e-01 4.434944407157500e-01 -5.788448702696622e-05
2.968750000000000e-01 4.512541104391968e-01 -5.799183423951182e-05
3.000000000000000e-01 4.591239518646220e-01 -5.985533401688665e-05
3.031250000000000e-01 4.671058863791195e-01 -5.991616669151987e-05
3.062500000000000e-01 4.752018627368176e-01 -5.824070471214772e-05
3.093750000000000e-01 4.834138575346580e-01 -5.921484162828073e-05
3.125000000000000e-01 4.917438756949728e-01 -5.896871980662822e-05
3.156250000000000e-01 5.001939509549778e-01 -5.864040041379857e-05
3.187500000000000e-01 5.087661463633005e-01 -5.886497542891791e-05
3.218750000000000e-01 5.174625547836644e-01 -5.932516200541153e-05
3.250000000000000e-01 5.262852994058529e-01 -5.926280347721421e-05
3.281250000000000e-01 5.352365342640750e-01 -5.993641581904080e-05
3.312500000000000e-01 5.443184447628656e-01 -6.009352146665132e-05
3.343750000000000e-01 5.535332482106405e-01 -5.938639882626433e-05
3.375000000000000e-01 5.628831943610435e-01 -6.025196502445737e-05
3.406250000000000e-01 5.723705659622137e-01 -5.997832955029396e-05
3.437500000000000e-01 5.819976793141081e-01 -6.001529123248804e-05
3.468750000000000e-01 5.917668848340161e-01 -6.097740596397058e-05
3.500000000000000e-01 6.016805676304035e-01 -6.073558903387172e-05
3.531250000000000e-01 6.117411480852264e-01 -6.039623713988752e-05
3.562500000000000e-01 6.219510824448572e-01 -6.054325705877261e-05
3.593750000000000e-01 6.323128634197650e-01 -6.095588330146192e-05
3.625000000000000e-01 6.428290207931012e-01 -6.074777459115197e-05
3.656250000000000e-01 6.535021220383342e-01 -6.173383927076219e-05
3.687500000000000e-01 6.643347729460869e-01 -6.228631122366604e-05
3.718750000000000e-01 6.753296182603294e-01 -6.190025854467254e-05
3.750000000000000e-01 6.864893423240808e-01 -6.161072653203275e-05
3.781250000000000e-01 6.978166697347804e-01 -6.151805601343818e-05
3.812500000000000e-01 7.093143660094854e-01 -6.257093214936719e-05
3.843750000000000e-01 7.209852382600603e-01 -6.240948471840687e-05
3.875000000000000e-01 7.328321358785219e-01 -6.291834731806315e-05
3.906250000000000e-01 7.448579512327029e-01 -6.304084627486996e-05
3.937500000000000e-01 7.570656203724140e-01 -6.336511227410168e-05
3.968750000000000e-01 7.694581237462648e-01 -6.396285197657240e-05
4.000000000000000e-01 7.820384869293291e-01 -6.345408003011760e-05
4.031250000000000e-01 7.948097813618253e-01 -6.417324981015559e-05
4.062500000000000e-01 8.077751250989945e-01 -6.394290326800501e-05
4.093750000000000e-01 8.209376835723596e-01 -6.467451485313667e-05
4.125000000000000e-01 8.343006703625532e-01 -6.505511359469706e-05
4.156250000000000e-01 8.478673479838968e-01 -6.519699876812940e-05
4.187500000000000e-01 8.616410286809313e-01 -6.588421730760910e-05
4.218750000000000e-01 8.756250752370857e-01 -6.546259361802723e-05
4.250000000000000e-01 8.898229017956865e-01 -6.631760737070102e-05
4.281250000000000e-01 9.042379746935050e-01 -6.628042377553297e-05
4.312500000000000e-01 9.188738133070491e-01 -6.695619437619574e-05
4.343750000000000e-01 9.337339909118028e-01 -6.773388678229518e-05
4.375000000000000e-01 9.488221355546261e-01 -6.752554915915575e-05
4.406250000000000e-01 9.641419309395265e-01 -6.844106500794886e-05
4.437500000000000e-01 9.796971173270190e-01 -6.820997265689351e-05
4.468750000000000e-01 9.954914924472941e-01 -6.883533050398513e-05
4.500000000000000e-01 1.011528912427417e+00 -6.968304822957667e-05
4.531250000000000e-01 1.027813292732786e+00 -6.984088106450099e-05
4.562500000000000e-01 1.044348609123070e+00 -7.070702930970723e-05
4.593750000000000e-01 1.061138898622882e+00 -7.076645078828041e-05
4.625000000000000e-01 1.078188260507393e+00 -7.127621737824273e-05
4.656250000000000e-01 1.095500857303154e+00 -7.218335838794413e-05
4.687500000000000e-01 1.113080915804360e+00 -7.260157953419204e-05
4.718750000000000e-01 1.130932728104805e+00 -7.333423410860597e-05
4.750000000000000e-01 1.149060652645771e+00 -7.376502126412917e-05
4.781250000000000e-01 1.167469115280130e+00 -7.418725233577883e-05
4.812500000000000e-01 1.186162610352890e+00 -7.529263974211929e-05
4.843750000000000e-01 1.205145701798475e+00 -7.616989067772607e-05
4.875000000000000e-01 1.224423024254985e+00 -7.639274887397013e-05
4.906250000000000e-01 1.243999284195726e+00 -7.708695096145008e-05
4.937500000000000e-01 1.263879261078271e+00 -7.830470448959134e-05
4.968750000000000e-01 1.284067808511348e+00 -7.906834899632888e-05
5.000000000000000e-01 1.304569855439823e+00 -7.960899499767984e-05
5.031250000000000e-01 1.325390407348082e+00 -8.070535668598692e-05
5.062500000000000e-01 1.346534547482100e+00 -8.173133050000927e-05
5.093750000000000e-01 1.368007438090487e+00 -8.247326010687580e-05
5.125000000000001e-01 1.389814321684837e+00 -8.366244865508471e-05
5.156250000000000e-01 1.411960522319654e+00 -8.468780502405628e-05
5.187500000000000e-01 1.434451446892208e+00 -8.567556138726492e-05
5.218750000000000e-01 1.457292586462593e+00 -8.703442573843644e-05
5.250000000000000e-01 1.480489517594354e+00 -8.802909135524041e-05
5.281250000000001e-01 1.504047903715979e+00 -8.935563700469635e-05
5.312500000000000e-01 1.527973496503592e+00 -9.079486817642436e-05
5.343750000000000e-01 1.552272137285215e+00 -9.191698144160455e-05
5.375000000000000e-01 1.576949758466886e+00 -9.357709500365191e-05
5.406250000000000e-01 1.602012384981041e+00 -9.506369443540512e-05
5.437500000000001e-01 1.627466135757470e+00 -9.645317913587209e-05
5.468750000000000e-01 1.653317225217225e+00 -9.838149107169174e-05
5.500000000000000e-01 1.679571964789851e+00 -9.995850966655182e-05
5.531250000000000e-01 1.706236764454286e+00 -1.017050585694081e-04
5.562500000000000e-01 1.733318134303830e+00 -1.038451797376010e-04
5.593750000000001e-01 1.760822686135563e+00 -1.056708675332661e-04
5.625000000000000e-01 1.788757135064574e+00 -1.077780727129198e-04
5.656250000000000e-01 1.817128301163438e+00 -1.101793681509645e-04
5.687500000000000e-01 1.845943111127301e+00 -1.123655595388970e-04
5.718750000000000e-01 1.875208599965003e+00 -1.148194433163087e-04
5.750000000000001e-01 1.904931912716643e+00 -1.175487011642438e-04
5.781250000000000e-01 1.935120306198011e+00 -1.202228115734106e-04
5.812500000000000e-01 1.965781150772311e+00 -1.230193273110169e-04
5.843750000000000e-01 1.996921932149593e+00 -1.262141111870836e-04
5.875000000000000e-01 2.028550253214365e+00 -1.295001856292406e-04
5.906250000000001e-01 2.060673835881802e+00 -1.327080606973984e-04
5.937500000000000e-01 2.093300522983012e+00 -1.364333595131884e-04
5.968750000000000e-01 2.126438280179837e+00 -1.405356262847353e-04
6.000000000000001e-01 2.160095197909630e+00 -1.442654460538514e-04
6.031250000000000e-01 2.194279493360494e+00 -1.485499219274295e-04
6.062500000000001e-01 2.228999512477486e+00 -1.537060093703125e-04
6.093750000000000e-01 2.264263732000228e+00 -1.582992478320375e-04
6.125000000000000e-01 2.300080761532477e+00 -1.630514822850852e-04
6.156250000000001e-01 2.336459345644116e+00 -1.694682979859348e-04
6.187500000000000e-01 2.373408366006099e+00 -1.755796091138387e-04
6.218750000000001e-01 2.410936843558884e+00 -1.808076777794918e-04
6.250000000000000e-01 2.449053940714840e+00 -1.882055980846081e-04
6.281250000000000e-01 2.487768963595221e+00 -1.969088378199054e-04
6.312500000000001e-01 2.527091364302215e+00 -2.034075752535769e-04
6.343750000000000e-01 2.567030743226622e+00 -2.108393737275958e-04
6.375000000000001e-01 2.607596851391758e+00 -2.225024599750414e-04
6.406250000000000e-01 2.648799592834118e+00 -2.329798047838897e-04
6.437500000000000e-01 2.690649027021411e+00 -2.401502716435998e-04
6.468750000000001e-01 2.733155371308524e+00 -2.522586556082137e-04
6.500000000000000e-01 2.776329003432049e+00 -2.697708505656347e-04
6.531250000000001e-01 2.820180464043967e+00 -2.819136268208842e-04
6.562500000000000e-01 2.864720459285089e+00 -2.905529653841004e-04
6.593750000000000e-01 2.909959863398929e+00 -3.100874081541839e-04
6.625000000000001e-01 2.955909721386590e+00 -3.367993333124473e-04
6.656250000000000e-01 3.002581251703353e+00 -3.522389436540452e-04
6.687500000000001e-01 3.049985848997626e+00 -3.615644591356153e-04
6.718750000000000e-01 3.098135086892879e+00 -3.902190612822847e-04
6.750000000000000e-01 3.147040720813310e+00 -4.349140831100404e-04
6.781250000000001e-01 3.196714690853871e+00 -4.617308393865891e-04
6.812500000000000e-01 3.247169124695383e+00 -4.670327712643980e-04
6.843750000000001e-01 3.298416340565477e+00 -4.958543795416591e-04
6.875000000000000e-01 3.350468850246008e+00 -5.706189304817976e-04
6.906250000000000e-01 3.403339362127777e+00 -6.412953539025461e-04
6.937500000000001e-01 3.457040784313211e+00 -6.514823717903539e-04
6.968750000000000e-01 3.511586227767823e+00 -6.353845052490339e-04
7.000000000000001e-01 3.566989009521205e+00 -6.913930611210412e-04
7.031250000000000e-01 3.623262655918307e+00 -8.447222673497226e-04
7.062500000000000e-01 3.680420905921852e+00 -9.776506096422744e-04
7.093750000000001e-01 3.738477714466631e+00 -9.420179330976482e-04
7.125000000000000e-01 3.797447255866536e+00 -7.415782721334524e-04
7.156250000000001e-01 3.857343927275175e+00 -5.703037009397087e-04
7.187500000000000e-01 3.918182352200844e+00 -6.274493762755233e-04
7.218750000000000e-01 3.979977384076828e+00 -8.593830708035042e-04
7.250000000000001e-01 4.042744109887770e+00 -8.573600632886027e-04
7.281250000000000e-01 4.106497853853101e+00 -1.529272438717853e-05
7.312500000000001e-01 4.171254181168399e+00 2.153418642362977e-03
7.343750000000000e-01 4.237028901805528e+00 5.741965736048928e-03
7.375000000000000e-01 4.303838074372613e+00 1.037045485578266e-02
7.406250000000001e-01 4.371698010034643e+00 1.532165011272208e-02
7.437500000000000e-01 4.440625276495786e+00 1.978468835163543e-02
7.468750000000001e-01 4.510636702044332e+00 2.309627435923347e-02
7.500000000000000e-01 4.581749379661216e+00 2.487378340370130e-02
7.531250000000000e-01 4.653980671193226e+00 2.504234265551929e-02
7.562500000000001e-01 4.727348211591802e+00 2.376950374970091e-02
7.593750000000000e-01 4.801869913218528e+00 2.136858090124627e-02
7.625000000000001e-01 4.877563970218381e+00 1.820493828880455e-02
7.656250000000000e-01 4.954448862961714e+00 1.462511155033050e-02
7.687500000000000e-01 5.032543362556198e+00 1.091994392728357e-02
7.718750000000001e-01 5.111866535429675e+00 7.305793648484892e-03
7.750000000000000e-01 5.192437747985146e+00 3.929595138134219e-03
7.781250000000001e-01 5.274276671329015e+00 8.755614694979223e-04
7.812500000000000e-01 5.357403286073669e+00 -1.817251900808075e-03
7.843750000000000e-01 5.441837887215693e+00 -4.144427701332619e-03
7.875000000000001e-01 5.527601089090773e+00 -6.121160748401046e-03
7.906250000000000e-01 5.614713830406605e+00 -7.775555431768807e-03
7.937500000000001e-01 5.703197379355005e+00 -9.139411558770464e-03
7.968750000000000e-01 5.793073338804412e+00 -1.024600541705777e-02
8.000000000000000e-01 5.884363651574169e+00 -1.112559743899921e-02
8.031250000000001e-01 5.977090605791737e+00 -1.180524658944061e-02
8.062500000000000e-01 6.071276840334257e+00 -1.230626063156268e-02
8.093750000000001e-01 6.166945350355728e+00 -1.264462232727102e-02
8.125000000000000e-01 6.264119492901173e+00 -1.283067330513211e-02
8.156250000000000e-01 6.362822992609162e+00 -1.287067021188882e-02
8.187500000000001e-01 6.463079947504072e+00 -1.276689129022162e-02
8.218750000000000e-01 6.564914834879517e+00 -1.251675513876645e-02
8.250000000000001e-01 6.668352517274371e+00 -1.211041260307802e-02
8.281250000000000e-01 6.773418248542846e+00 -1.152945858002969e-02
8.312500000000000e-01 6.880137680020114e+00 -1.074905544588421e-02
8.343750000000001e-01 6.988536866784961e+00 -9.744922725350670e-03
8.375000000000000e-01 7.098642274021019e+00 -8.503781848154290e-03
8.406250000000001e-01 7.210480783478133e+00 -7.033771476396586e-03
8.437500000000000e-01 7.324079700035414e+00 -5.370863694775659e-03
8.468750000000000e-01 7.439466758367605e+00 -3.578930594337421e-03
8.500000000000001e-01 7.556670129716381e+00 -1.743621050721029e-03
8.531250000000000e-01 7.675718428768239e+00 3.780568999984232e-05
8.562500000000001e-01 7.796640720640633e+00 1.667971758488767e-03
8.593750000000000e-01 7.919466527978115e+00 3.060126358088311e-03
8.625000000000000e-01 8.044225838160141e+00 4.147084954781075e-03
8.656250000000001e-01 8.170949110622363e+00 4.887899513674178e-03
8.687500000000000e-01 8.299667284293170e+00 5.271804723191328e-03
8.718750000000001e-01 8.430411785147284e+00 5.318786106028088e-03
8.750000000000000e-01 8.563214533878281e+00 5.076229091251479e-03
8.781250000000000e-01 8.698107953691880e+00 4.611755345198892e-03
8.812500000000001e-01 8.835124978221932e+00 4.003320209156979e-03
8.843750000000000e-01 8.974299059571019e+00 3.328462473969441e-03
8.875000000000001e-01 9.115664176477637e+00 2.654851839809650e-03
8.906250000000000e-01 9.259254842611947e+00 2.033846216222821e-03
8.937500000000000e-01 9.405106115002161e+00 1.497849441251482e-03
8.968750000000001e-01 9.553253602593529e+00 1.061231651342867e-03
9.000000000000000e-01 9.703733474942130e+00 7.238009640810378e-04
9.031250000000001e-01 9.856582471045494e+00 4.754891430250102e-04
9.062500000000000e-01 1.001183790831228e+01 3.010230254492149e-04
9.093750000000000e-01 1.016953769167313e+01 1.837412302709976e-04
9.125000000000001e-01 1.032972032283505e+01 1.081831455280881e-04
9.156250000000000e-01 1.049242490968134e+01 6.146772240172446e-05
9.187500000000001e-01 1.065769117581972e+01 3.371701270808238e-05
9.218750000000000e-01 1.082555947028058e+01 1.786231761835920e-05
9.250000000000000e-01 1.099607077736805e+01 9.142787340166844e-06
9.281250000000001e-01 1.116926672666618e+01 4.523040039734121e-06
9.312500000000000e-01 1.134518960320255e+01 2.163446464250113e-06
9.343750000000001e-01 1.152388235777201e+01 1.000859316569066e-06
9.375000000000000e-01 1.170538861742293e+01 4.479742033438996e-07
9.406250000000000e-01 1.188975269610854e+01 1.940541478127198e-07
9.437500000000001e-01 1.207701960550600e+01 8.137947291581423e-08
9.468750000000000e-01 1.226723506600578e+01 3.304884767976690e-08
9.500000000000001e-01 1.246044551787411e+01 1.300080960009113e-08
9.531250000000000e-01 1.265669813259115e+01 4.955369603671364e-09
9.562500000000000e-01 1.285604082436773e+01 1.830578030845104e-09
9.593750000000001e-01 1.305852226184337e+01 6.555685651329671e-10
9.625000000000000e-01 1.326419187996850e+01 2.276528867490952e-10
9.656250000000001e-01 1.347309989207381e+01 7.667562932564243e-11
9.687500000000000e-01 1.368529730212962e+01 2.505366716054651e-11
9.718750000000000e-01 1.390083591719824e+01 7.943509573033294e-12
9.750000000000001e-01 1.411976836008246e+01 2.444415431394902e-12
9.781250000000000e-01 1.434214808217320e+01 7.302144647672658e-13
9.812500000000001e-01 1.456802937649935e+01 2.118005698873007e-13
9.843750000000000e-01 1.479746739098328e+01 5.966113544807113e-14
9.875000000000000e-01 1.503051814190487e+01 1.632369568052558e-14
9.906250000000001e-01 1.526723852757770e+01 4.340293840243335e-15
9.937500000000000e-01 1.550768634224049e+01 1.117154536492735e-15
9.968750000000001e-01 1.575192029016732e+01 2.973894239248831e-16
1.000000000000000e+00 1.600000000000000e+01 1.528727727397385e-17
