0.000000000000000e+00 0.000000000000000e+00 -1.556175891335009e-03
3.125000000000000e-03 3.369263549427258e-03 -1.556175891335010e-03
6.250000000000000e-03 6.739349689698711e-03 -7.840103283436507e-04
9.375000000000001e-03 1.011108121249049e-02 -6.845902719000090e-04
1.250000000000000e-02 1.348528131119160e-02 -8.501285283363354e-04
1.562500000000000e-02 1.686277378188298e-02 -8.833537378541682e-04
1.875000000000000e-02 2.024438322446370e-02 -8.031787543582138e-04
2.187500000000000e-02 2.363093524397333e-02 -7.916644442638985e-04
2.500000000000000e-02 2.702325665215984e-02 -7.784143608163122e-04
2.812500000000000e-02 3.042217566934200e-02 -7.733561446597836e-04
3.125000000000000e-02 3.382852212661575e-02 -7.594078672242843e-04
3.437500000000000e-02 3.724312766845378e-02 -8.115224408260126e-04
3.750000000000001e-02 4.066682595574785e-02 -7.766643774214687e-04
4.062500000000000e-02 4.410045286934348e-02 -7.610164268102237e-04
4.375000000000000e-02 4.754484671411652e-02 -8.045829353235831e-04
4.687500000000000e-02 5.100084842364160e-02 -7.800711915419039e-04
5.000000000000000e-02 5.446930176550237e-02 -7.908594708853122e-04
5.312500000000001e-02 5.795105354729364e-02 -8.079962482441561e-04
5.625000000000000e-02 6.144695382336569e-02 -7.802649185894520e-04
5.937500000000000e-02 6.495785610236132e-02 -8.012870414726308e-04
6.250000000000000e-02 6.848461755559625e-02 -7.944632269307735e-04
6.562500000000000e-02 7.202809922633362e-02 -7.798146961092183e-04
6.875000000000001e-02 7.558916624000402e-02 -8.054724250216331e-04
7.187500000000001e-02 7.916868801542200e-02 -8.028478632349599e-04
7.500000000000001e-02 8.276753847705080e-02 -7.881184629465145e-04
7.812500000000000e-02 8.638659626836727e-02 -7.787395782803184e-04
8.125000000000000e-02 9.002674496637868e-02 -7.929841985606880e-04
8.437500000000001e-02 9.368887329734420e-02 -7.873087365931386e-04
8.750000000000001e-02 9.737387535375355e-02 -7.782035473367913e-04
9.062500000000001e-02 1.010826508126157e-01 -7.793099080075300e-04
9.375000000000000e-02 1.048161051551108e-01 -7.987073698520031e-04
9.687500000000000e-02 1.085751498876601e-01 -7.990944103950285e-04
1.000000000000000e-01 1.123607027644654e-01 -7.952750220572367e-04
1.031250000000000e-01 1.161736880115753e-01 -7.992655028110693e-04
1.062500000000000e-01 1.200150365525305e-01 -7.999092836633363e-04
1.093750000000000e-01 1.238856862356450e-01 -7.953889528567969e-04
1.125000000000000e-01 1.277865820629775e-01 -7.952679182476009e-04
1.156250000000000e-01 1.317186764210495e-01 -7.951685227166129e-04
1.187500000000000e-01 1.356829293133661e-01 -7.903088717972274e-04
1.218750000000000e-01 1.396803085947971e-01 -7.998103928049765e-04
1.250000000000000e-01 1.437117902078738e-01 -7.930996178060718e-04
1.281250000000000e-01 1.477783584210617e-01 -7.884778394163547e-04
1.312500000000000e-01 1.518810060690650e-01 -7.927025415688596e-04
1.343750000000000e-01 1.560207347952229e-01 -8.043407957568433e-04
1.375000000000000e-01 1.601985552960564e-01 -7.988308153377961e-04
1.406250000000000e-01 1.644154875680252e-01 -7.955710318217563e-04
1.437500000000000e-01 1.686725611565558e-01 -7.962719369971979e-04
1.468750000000000e-01 1.729708154074000e-01 -8.023924860546803e-04
1.500000000000000e-01 1.773112997203869e-01 -8.048636374077951e-04
1.531250000000000e-01 1.816950738056289e-01 -8.027518323317038e-04
1.562500000000000e-01 1.861232079422458e-01 -8.006607197996592e-04
1.593750000000000e-01 1.905967832396682e-01 -7.991201748821731e-04
1.625000000000000e-01 1.951168919015860e-01 -7.983395335067963e-04
1.656250000000000e-01 1.996846374926046e-01 -7.930484508875576e-04
1.687500000000000e-01 2.043011352076760e-01 -8.053903891604750e-04
1.718750000000000e-01 2.089675121443681e-01 -8.051937940258344e-04
1.750000000000000e-01 2.136849075780412e-01 -8.047011864605539e-04
1.781250000000000e-01 2.184544732399964e-01 -8.065066075450505e-04
1.812500000000000e-01 2.232773735986666e-01 -8.074355447962803e-04
1.843750000000000e-01 2.281547861439151e-01 -8.029416080391743e-04
1.875000000000000e-01 2.330879016745160e-01 -8.120652358963165e-04
1.906250000000000e-01 2.380779245888810e-01 -8.106883450604827e-04
1.937500000000000e-01 2.431260731791094e-01 -8.032115137760539e-04
1.968750000000000e-01 2.482335799284277e-01 -8.105418753328825e-04
2.000000000000000e-01 2.534016918120952e-01 -8.100516981921367e-04
2.031250000000000e-01 2.586316706018478e-01 -8.134793978873639e-04
2.062500000000000e-01 2.639247931739538e-01 -8.114129857572137e-04
2.093750000000000e-01 2.692823518209576e-01 -8.144987968389025e-04
2.125000000000000e-01 2.747056545671873e-01 -8.133669654928497e-04
2.156250000000000e-01 2.801960254881028e-01 -8.173285566471280e-04
2.187500000000000e-01 2.857548050335636e-01 -8.160469643875721e-04
2.218750000000000e-01 2.913833503550930e-01 -8.176852182071303e-04
2.250000000000000e-01 2.970830356372213e-01 -8.200110001901591e-04
2.281250000000000e-01 3.028552524329863e-01 -8.190807009110254e-04
2.312500000000000e-01 3.087014100036755e-01 -8.220494303825445e-04
2.343750000000000e-01 3.146229356628902e-01 -8.215025623612457e-04
2.375000000000000e-01 3.206212751250189e-01 -8.253776341317971e-04
2.406250000000000e-01 3.266978928582008e-01 -8.211541315739823e-04
2.437500000000000e-01 3.328542724418705e-01 -8.284023838195147e-04
2.468750000000000e-01 3.390919169289667e-01 -8.286374492979661e-04
2.500000000000000e-01 3.454123492128958e-01 -8.306575873566228e-04
2.531250000000000e-01 3.518171123993401e-01 -8.343532936386056e-04
2.562500000000000e-01 3.583077701830001e-01 -8.332646103334039e-04
2.593750000000000e-01 3.648859072293631e-01 -8.334645688420266e-04
2.625000000000000e-01 3.715531295615936e-01 -8.323972002797510e-04
2.656250000000000e-01 3.783110649526354e-01 -8.414189777001134e-04
2.687500000000000e-01 3.851613633226258e-01 -8.404296170924178e-04
2.718750000000000e-01 3.921056971417164e-01 -8.426078839066832e-04
2.750000000000000e-01 3.991457618383991e-01 -8.432786677654327e-04
2.781250000000000e-01 4.062832762134377e-01 -8.467800832952202e-04
2.812500000000000e-01 4.135199828595055e-01 -8.492936007219676e-04
2.843750000000000e-01 4.208576485866312e-01 -8.486109357043699e-04
2.875000000000000e-01 4.282980648535585e-01 -8.535491123029608e-04
2.906250000000000e-01 4.358430482051222e-01 -8.531714649331763e-04
2.937500000000000e-01 4.434944407157500e-01 -8.593138557014990e-04
2.968750000000000e-01 4.512541104391968e-01 -8.603503195013265e-04
3.000000000000000e-01 4.591239518646220e-01 -8.634513154230833e-04
3.031250000000000e-01 4.671058863791195e-01 -8.665313245706356e-04
3.062500000000000e-01 4.752018627368176e-01 -8.669576738582559e-04
3.093750000000000e-01 4.834138575346580e-01 -8.717845150195970e-04
3.125000000000000e-01 4.917438756949728e-01 -8.731606403215832e-04
3.156250000000000e-01 5.001939509549778e-01 -8.782081790581124e-04
3.187500000000000e-01 5.087661463633005e-01 -8.810833910495828e-04
3.218750000000000e-01 5.174625547836644e-01 -8.843968613764671e-04
3.250000000000000e-01 5.262852994058529e-01 -8.877686420949710e-04
3.281250000000000e-01 5.352365342640750e-01 -8.902240658882996e-04
3.312500000000000e-01 5.443184447628656e-01 -8.950955229028453e-04
3.343750000000000e-01 5.535332482106405e-01 -8.988868266272700e-04
3.375000000000000e-01 5.628831943610435e-01 -9.034328389240453e-04
3.406250000000000e-01 5.723705659622137e-01 -9.075958801434118e-04
3.437500000000000e-01 5.819976793141081e-01 -9.110026099686255e-04
3.468750000000000e-01 5.917668848340161e-01 -9.147646745142718e-04
3.500000000000000e-01 6.016805676304035e-01 -9.208382341359865e-04
3.531250000000000e-01 6.117411480852264e-01 -9.252747589512779e-04
3.562500000000000e-01 6.219510824448572e-01 -9.309068386408578e-04
3.593750000000000e-01 6.323128634197650e-01 -9.363296611855798e-04
3.625000000000000e-01 6.428290207931012e-01 -9.394944914611064e-04
3.656250000000000e-01 6.535021220383342e-01 -9.471594544802876e-04
3.687500000000000e-01 6.643347729460869e-01 -9.523117240898003e-04
3.718750000000000e-01 6.753296182603294e-01 -9.585542760637992e-04
3.750000000000000e-01 6.864893423240808e-01 -9.652361242358744e-04
3.781250000000000e-01 6.978166697347804e-01 -9.694104216692970e-04
3.812500000000000e-01 7.093143660094854e-01 -9.788175937158938e-04
3.843750000000000e-01 7.209852382600603e-01 -9.861346451699167e-04
3.875000000000000e-01 7.328321358785219e-01 -9.915035405561675e-04
3.906250000000000e-01 7.448579512327029e-01 -9.992743147452367e-04
3.937500000000000e-01 7.570656203724140e-01 -1.008277386722901e-03
3.968750000000000e-01 7.694581237462648e-01 -1.016777168681443e-03
4.000000000000000e-01 7.820384869293291e-01 -1.023842202473211e-03
4.031250000000000e-01 7.948097813618253e-01 -1.033782679825505e-03
4.062500000000000e-01 8.077751250989945e-01 -1.043015721558558e-03
4.093750000000000e-01 8.209376835723596e-01 -1.052077332137208e-03
4.125000000000000e-01 8.343006703625532e-01 -1.062890546306721e-03
4.156250000000000e-01 8.478673479838968e-01 -1.072646870828948e-03
4.187500000000000e-01 8.616410286809313e-01 -1.084089464258368e-03
4.218750000000000e-01 8.756250752370857e-01 -1.095279694083180e-03
4.250000000000000e-01 8.898229017956865e-01 -1.106861364994436e-03
4.281250000000000e-01 9.042379746935050e-01 -1.119846584840224e-03
4.312500000000000e-01 9.188738133070491e-01 -1.131981715351917e-03
4.343750000000000e-01 9.337339909118028e-01 -1.145902130791119e-03
4.375000000000000e-01 9.488221355546261e-01 -1.159806138162974e-03
4.406250000000000e-01 9.641419309395265e-01 -1.174017233208455e-03
4.437500000000000e-01 9.796971173270190e-01 -1.189894063319121e-03
4.468750000000000e-01 9.954914924472941e-01 -1.205150859408891e-03
4.500000000000000e-01 1.011528912427417e+00 -1.222032571386026e-03
4.531250000000000e-01 1.027813292732786e+00 -1.239478859921691e-03
4.562500000000000e-01 1.044348609123070e+00 -1.256972831755059e-03
4.593750000000000e-01 1.061138898622882e+00 -1.276398179330190e-03
4.625000000000000e-01 1.078188260507393e+00 -1.295588600975798e-03
4.656250000000000e-01 1.095500857303154e+00 -1.315968132200285e-03
4.687500000000000e-01 1.113080915804360e+00 -1.337690255056722e-03
4.718750000000000e-01 1.130932728104805e+00 -1.359262138347420e-03
4.750000000000000e-01 1.149060652645771e+00 -1.382730414948400e-03
4.781250000000000e-01 1.167469115280130e+00 -1.406733514460282e-03
4.812500000000000e-01 1.186162610352890e+00 -1.431212255091471e-03
4.843750000000000e-01 1.205145701798475e+00 -1.457579725580446e-03
4.875000000000000e-01 1.224423024254985e+00 -1.483947290401542e-03
4.906250000000000e-01 1.243999284195726e+00 -1.511443495399567e-03
4.937500000000000e-01 1.263879261078271e+00 -1.540330224530376e-03
4.968750000000000e-01 1.284067808511348e+00 -1.569007115226144e-03
5.000000000000000e-01 1.304569855439823e+00 -1.599055400530621e-03
5.031250000000000e-01 1.325390407348082e+00 -1.629683629128273e-03
5.062500000000000e-01 1.346534547482100e+00 -1.659843926624091e-03
5.093750000000000e-01 1.368007438090487e+00 -1.690954250029868e-03
5.125000000000001e-01 1.389814321684837e+00 -1.721514245497444e-03
5.156250000000000e-01 1.411960522319654e+00 -1.750897587983923e-03
5.187500000000000e-01 1.434451446892208e+00 -1.779917391104659e-03
5.218750000000000e-01 1.457292586462593e+00 -1.806542191856018e-03
5.250000000000000e-01 1.480489517594354e+00 -1.830139456783052e-03
5.281250000000001e-01 1.504047903715979e+00 -1.850574745895534e-03
5.312500000000000e-01 1.527973496503592e+00 -1.865140331254306e-03
5.343750000000000e-01 1.552272137285215e+00 -1.872669912496213e-03
5.375000000000000e-01 1.576949758466886e+00 -1.871717054183116e-03
5.406250000000000e-01 1.602012384981041e+00 -1.858221508192578e-03
5.437500000000001e-01 1.627466135757470e+00 -1.829499588838400e-03
5.468750000000000e-01 1.653317225217225e+00 -1.782119155195656e-03
5.500000000000000e-01 1.679571964789851e+00 -1.709534673348254e-03
5.531250000000000e-01 1.706236764454286e+00 -1.605763148901308e-03
5.562500000000000e-01 1.733318134303830e+00 -1.463855991718284e-03
5.593750000000001e-01 1.760822686135563e+00 -1.272994088585428e-03
5.625000000000000e-01 1.788757135064574e+00 -1.021245265610525e-03
5.656250000000000e-01 1.817128301163438e+00 -6.947110453091774e-04
5.687500000000000e-01 1.845943111127301e+00 -2.748329773080029e-04
5.718750000000000e-01 1.875208599965003e+00 2.599046859264028e-04
5.750000000000001e-01 1.904931912716643e+00 9.344943206407657e-04
5.781250000000000e-01 1.935120306198011e+00 1.780731127976099e-03
5.812500000000000e-01 1.965781150772311e+00 2.835331145254938e-03
5.843750000000000e-01 1.996921932149593e+00 4.138357796439710e-03
5.875000000000000e-01 2.028550253214365e+00 5.735452362735983e-03
5.906250000000001e-01 2.060673835881802e+00 7.677248177481010e-03
5.937500000000000e-01 2.093300522983012e+00 1.001388775197148e-02
5.968750000000000e-01 2.126438280179837e+00 1.278940921400495e-02
6.000000000000001e-01 2.160095197909630e+00 1.603087477327709e-02
6.031250000000000e-01 2.194279493360494e+00 1.972999547607848e-02
6.062500000000001e-01 2.228999512477486e+00 2.382492878006084e-02
6.093750000000000e-01 2.264263732000228e+00 2.818982988203442e-02
6.125000000000000e-01 2.300080761532477e+00 3.263333937968776e-02
6.156250000000001e-01 2.336459345644116e+00 3.691159560326646e-02
6.187500000000000e-01 2.373408366006099e+00 4.075809347899371e-02
6.218750000000001e-01 2.410936843558884e+00 4.392035668249516e-02
6.250000000000000e-01 2.449053940714840e+00 4.619454964792433e-02
6.281250000000000e-01 2.487768963595221e+00 4.744747842883120e-02
6.312500000000001e-01 2.527091364302215e+00 4.762895516152765e-02
6.343750000000000e-01 2.567030743226622e+00 4.676787696071895e-02
6.375000000000001e-01 2.607596851391758e+00 4.495732337353334e-02
6.406250000000000e-01 2.648799592834118e+00 4.233432757172258e-02
6.437500000000000e-01 2.690649027021411e+00 3.906015835461186e-02
6.468750000000001e-01 2.733155371308524e+00 3.530396646172315e-02
6.500000000000000e-01 2.776329003432049e+00 3.122808531198802e-02
6.531250000000001e-01 2.820180464043967e+00 2.697880403098056e-02
6.562500000000000e-01 2.864720459285089e+00 2.268144463304250e-02
6.593750000000000e-01 2.909959863398929e+00 1.843934024208460e-02
6.625000000000001e-01 2.955909721386590e+00 1.433372685102067e-02
6.656250000000000e-01 3.002581251703353e+00 1.042466210043364e-02
6.687500000000001e-01 3.049985848997626e+00 6.753440196333682e-03
6.718750000000000e-01 3.098135086892879e+00 3.345765090487380e-03
6.750000000000000e-01 3.147040720813310e+00 2.150563077789234e-04
6.781250000000001e-01 3.196714690853871e+00 -2.635163843886592e-03
6.812500000000000e-01 3.247169124695383e+00 -5.209126229081392e-03
6.843750000000001e-01 3.298416340565477e+00 -7.516905241534096e-03
6.875000000000000e-01 3.350468850246008e+00 -9.572167417702082e-03
6.906250000000000e-01 3.403339362127777e+00 -1.139048653056942e-02
6.937500000000001e-01 3.457040784313211e+00 -1.298825470877249e-02
6.968750000000000e-01 3.511586227767823e+00 -1.438204410710038e-02
7.000000000000001e-01 3.566989009521205e+00 -1.558809932200914e-02
7.031250000000000e-01 3.623262655918307e+00 -1.662196080283752e-02
7.062500000000000e-01 3.680420905921852e+00 -1.749794870842305e-02
7.093750000000001e-01 3.738477714466631e+00 -1.822882263140439e-02
7.125000000000000e-01 3.797447255866536e+00 -1.882574801884171e-02
7.156250000000001e-01 3.857343927275175e+00 -1.929815738401478e-02
7.187500000000000e-01 3.918182352200844e+00 -1.965392106218767e-02
7.218750000000000e-01 3.979977384076828e+00 -1.989936289263089e-02
7.250000000000001e-01 4.042744109887770e+00 -2.003922903372650e-02
7.281250000000000e-01 4.106497853853101e+00 -2.007679550335723e-02
7.312500000000001e-01 4.171254181168399e+00 -2.001370872782147e-02
7.343750000000000e-01 4.237028901805528e+00 -1.985011272072850e-02
7.375000000000000e-01 4.303838074372613e+00 -1.958452853027715e-02
7.406250000000001e-01 4.371698010034643e+00 -1.921396796679781e-02
7.437500000000000e-01 4.440625276495786e+00 -1.873393588204833e-02
7.468750000000001e-01 4.510636702044332e+00 -1.813858268174285e-02
7.500000000000000e-01 4.581749379661216e+00 -1.742086890817605e-02
7.531250000000000e-01 4.653980671193226e+00 -1.657289785596335e-02
7.562500000000001e-01 4.727348211591802e+00 -1.558648547562910e-02
7.593750000000000e-01 4.801869913218528e+00 -1.445416315361521e-02
7.625000000000001e-01 4.877563970218381e+00 -1.317073587976992e-02
7.656250000000000e-01 4.954448862961714e+00 -1.173539461804536e-02
7.687500000000000e-01 5.032543362556198e+00 -1.015413964310727e-02
7.718750000000001e-01 5.111866535429675e+00 -8.442042569656638e-03
7.750000000000000e-01 5.192437747985146e+00 -6.624751097303941e-03
7.781250000000001e-01 5.274276671329015e+00 -4.738707977402805e-03
7.812500000000000e-01 5.357403286073669e+00 -2.829811436187622e-03
7.843750000000000e-01 5.441837887215693e+00 -9.506091396601736e-04
7.875000000000001e-01 5.527601089090773e+00 8.435360077940299e-04
7.906250000000000e-01 5.614713830406605e+00 2.498662034917621e-03
7.937500000000001e-01 5.703197379355005e+00 3.966153009781420e-03
7.968750000000000e-01 5.793073338804412e+00 5.205935375934534e-03
8.000000000000000e-01 5.884363651574169e+00 6.188716161756395e-03
8.031250000000001e-01 5.977090605791737e+00 6.897298003721920e-03
8.062500000000000e-01 6.071276840334257e+00 7.327135192542656e-03
8.093750000000001e-01 6.166945350355728e+00 7.486283694769217e-03
8.125000000000000e-01 6.264119492901173e+00 7.394791975405000e-03
8.156250000000000e-01 6.362822992609162e+00 7.083466033300899e-03
8.187500000000001e-01 6.463079947504072e+00 6.591903864003737e-03
8.218750000000000e-01 6.564914834879517e+00 5.965768996027715e-03
8.250000000000001e-01 6.668352517274371e+00 5.253437652781939e-03
8.281250000000000e-01 6.773418248542846e+00 4.502342474143550e-03
8.312500000000000e-01 6.880137680020114e+00 3.755469006680780e-03
8.343750000000001e-01 6.988536866784961e+00 3.048483589700717e-03
8.375000000000000e-01 7.098642274021019e+00 2.407870527746144e-03
8.406250000000001e-01 7.210480783478133e+00 1.850264148018566e-03
8.437500000000000e-01 7.324079700035414e+00 1.382936484063592e-03
8.468750000000000e-01 7.439466758367605e+00 1.005206334702825e-03
8.500000000000001e-01 7.556670129716381e+00 7.104152885105826e-04
8.531250000000000e-01 7.675718428768239e+00 4.880876346415454e-04
8.562500000000001e-01 7.796640720640633e+00 3.259429927945741e-04
8.593750000000000e-01 7.919466527978115e+00 2.115337966641188e-04
8.625000000000000e-01 8.044225838160141e+00 1.333995252533553e-04
8.656250000000001e-01 8.170949110622363e+00 8.173603626944485e-05
8.687500000000000e-01 8.299667284293170e+00 4.865328585789434e-05
8.718750000000001e-01 8.430411785147284e+00 2.813265402112021e-05
8.750000000000000e-01 8.563214533878281e+00 1.580067649401785e-05
8.781250000000000e-01 8.698107953691880e+00 8.619445715275829e-06
8.812500000000001e-01 8.835124978221932e+00 4.566667557408254e-06
8.843750000000000e-01 8.974299059571019e+00 2.349734569457031e-06
8.875000000000001e-01 9.115664176477637e+00 1.174155109443815e-06
8.906250000000000e-01 9.259254842611947e+00 5.697862545733500e-07
8.937500000000000e-01 9.405106115002161e+00 2.685191331622457e-07
8.968750000000001e-01 9.553253602593529e+00 1.228899278300452e-07
9.000000000000000e-01 9.703733474942130e+00 5.461851756249443e-08
9.031250000000001e-01 9.856582471045494e+00 2.357514399594458e-08
9.062500000000000e-01 1.001183790831228e+01 9.882596830304111e-09
9.093750000000000e-01 1.016953769167313e+01 4.023504142328428e-09
9.125000000000001e-01 1.032972032283505e+01 1.591004865897862e-09
9.156250000000000e-01 1.049242490968134e+01 6.110710172209984e-10
9.187500000000001e-01 1.065769117581972e+01 2.279746768682696e-10
9.218750000000000e-01 1.082555947028058e+01 8.261898621973791e-11
9.250000000000000e-01 1.099607077736805e+01 2.908685658793048e-11
9.281250000000001e-01 1.116926672666618e+01 9.948653631293653e-12
9.312500000000000e-01 1.134518960320255e+01 3.306060088167214e-12
9.343750000000001e-01 1.152388235777201e+01 1.067494488922424e-12
9.375000000000000e-01 1.170538861742293e+01 3.349343242076626e-13
9.406250000000000e-01 1.188975269610854e+01 1.021231950069541e-13
9.437500000000001e-01 1.207701960550600e+01 3.026162833768123e-14
9.468750000000000e-01 1.226723506600578e+01 8.715584473420298e-15
9.500000000000001e-01 1.246044551787411e+01 2.439893352260171e-15
9.531250000000000e-01 1.265669813259115e+01 6.639717159461107e-16
9.562500000000000e-01 1.285604082436773e+01 1.756578118834865e-16
9.593750000000001e-01 1.305852226184337e+01 4.518139312972043e-17
9.625000000000000e-01 1.326419187996850e+01 1.129955725618343e-17
9.656250000000001e-01 1.347309989207381e+01 2.747948092799744e-18
9.687500000000000e-01 1.368529730212962e+01 6.498852968131444e-19
9.718750000000000e-01 1.390083591719824e+01 1.494795930845727e-19
9.750000000000001e-01 1.411976836008246e+01 3.344106532735621e-20
9.781250000000000e-01 1.434214808217320e+01 7.277250543683349e-21
9.812500000000001e-01 1.456802937649935e+01 1.540563450959404e-21
9.843750000000000e-01 1.479746739098328e+01 3.172874728850050e-22
9.875000000000000e-01 1.503051814190487e+01 6.358020302159314e-23
9.906250000000001e-01 1.526723852757770e+01 1.239829530812269e-23
9.937500000000000e-01 1.550768634224049e+01 2.347677430814793e-24
9.968750000000001e-01 1.575192029016732e+01 4.624278295975534e-25
1.000000000000000e+00 1.600000000000000e+01 -4.927327816855524e-26
