0.000000000000000e+00 0.000000000000000e+00 -1.624612098955898e-03
3.125000000000000e-03 3.369263549427258e-03 -1.624612098955898e-03
6.250000000000000e-03 6.739349689698711e-03 -1.804559916839365e-03
9.375000000000001e-03 1.011108121249049e-02 -1.850871494070486e-03
1.250000000000000e-02 1.348528131119160e-02 -1.699310075757645e-03
1.562500000000000e-02 1.686277378188298e-02 -1.660437842717594e-03
1.875000000000000e-02 2.024438322446370e-02 -1.719331644472060e-03
2.187500000000000e-02 2.363093524397333e-02 -1.712884840356701e-03
2.500000000000000e-02 2.702325665215984e-02 -1.727209751752343e-03
2.812500000000000e-02 3.042217566934200e-02 -1.735741925510318e-03
3.125000000000000e-02 3.382852212661575e-02 -1.730064408901261e-03
3.437500000000000e-02 3.724312766845378e-02 -1.708161239172730e-03
3.750000000000001e-02 4.066682595574785e-02 -1.725691937004324e-03
4.062500000000000e-02 4.410045286934348e-02 -1.724694678380924e-03
4.375000000000000e-02 4.754484671411652e-02 -1.722788026634766e-03
4.687500000000000e-02 5.100084842364160e-02 -1.716504731130334e-03
5.000000000000000e-02 5.446930176550237e-02 -1.712699880225497e-03
5.312500000000001e-02 5.795105354729364e-02 -1.724509523509667e-03
5.625000000000000e-02 6.144695382336569e-02 -1.714451290554427e-03
5.937500000000000e-02 6.495785610236132e-02 -1.711777956800873e-03
6.250000000000000e-02 6.848461755559625e-02 -1.725953149578223e-03
6.562500000000000e-02 7.202809922633362e-02 -1.741030550386182e-03
6.875000000000001e-02 7.558916624000402e-02 -1.720419555565389e-03
7.187500000000001e-02 7.916868801542200e-02 -1.715889803735292e-03
7.500000000000001e-02 8.276753847705080e-02 -1.720255343733047e-03
7.812500000000000e-02 8.638659626836727e-02 -1.714372151349818e-03
8.125000000000000e-02 9.002674496637868e-02 -1.723440064642890e-03
8.437500000000001e-02 9.368887329734420e-02 -1.736324517987058e-03
8.750000000000001e-02 9.737387535375355e-02 -1.727264543401540e-03
9.062500000000001e-02 1.010826508126157e-01 -1.723364070251936e-03
9.375000000000000e-02 1.048161051551108e-01 -1.717753888654489e-03
9.687500000000000e-02 1.085751498876601e-01 -1.727003268583494e-03
1.000000000000000e-01 1.123607027644654e-01 -1.732575571115911e-03
1.031250000000000e-01 1.161736880115753e-01 -1.720780295560331e-03
1.062500000000000e-01 1.200150365525305e-01 -1.729169362573714e-03
1.093750000000000e-01 1.238856862356450e-01 -1.731410058390022e-03
1.125000000000000e-01 1.277865820629775e-01 -1.730445760027447e-03
1.156250000000000e-01 1.317186764210495e-01 -1.729263868502130e-03
1.187500000000000e-01 1.356829293133661e-01 -1.734278482337299e-03
1.218750000000000e-01 1.396803085947971e-01 -1.732647157764027e-03
1.250000000000000e-01 1.437117902078738e-01 -1.735379556189760e-03
1.281250000000000e-01 1.477783584210617e-01 -1.734752554653170e-03
1.312500000000000e-01 1.518810060690650e-01 -1.736694233515129e-03
1.343750000000000e-01 1.560207347952229e-01 -1.742200030293150e-03
1.375000000000000e-01 1.601985552960564e-01 -1.737495517004820e-03
1.406250000000000e-01 1.644154875680252e-01 -1.740337508234232e-03
1.437500000000000e-01 1.686725611565558e-01 -1.740140595790715e-03
1.468750000000000e-01 1.729708154074000e-01 -1.738846102376671e-03
1.500000000000000e-01 1.773112997203869e-01 -1.746744048971079e-03
1.531250000000000e-01 1.816950738056289e-01 -1.753333095013207e-03
1.562500000000000e-01 1.861232079422458e-01 -1.742620701147751e-03
1.593750000000000e-01 1.905967832396682e-01 -1.749434419744018e-03
1.625000000000000e-01 1.951168919015860e-01 -1.754983951394802e-03
1.656250000000000e-01 1.996846374926046e-01 -1.754276389695151e-03
1.687500000000000e-01 2.043011352076760e-01 -1.752046635574690e-03
1.718750000000000e-01 2.089675121443681e-01 -1.750932849857767e-03
1.750000000000000e-01 2.136849075780412e-01 -1.758289328471475e-03
1.781250000000000e-01 2.184544732399964e-01 -1.760320970001330e-03
1.812500000000000e-01 2.232773735986666e-01 -1.763595033257774e-03
1.843750000000000e-01 2.281547861439151e-01 -1.764097296106201e-03
1.875000000000000e-01 2.330879016745160e-01 -1.769939331160688e-03
1.906250000000000e-01 2.380779245888810e-01 -1.768601377355330e-03
1.937500000000000e-01 2.431260731791094e-01 -1.770498104594224e-03
1.968750000000000e-01 2.482335799284277e-01 -1.773411632090817e-03
2.000000000000000e-01 2.534016918120952e-01 -1.774748581340384e-03
2.031250000000000e-01 2.586316706018478e-01 -1.778333473786690e-03
2.062500000000000e-01 2.639247931739538e-01 -1.781484774716494e-03
2.093750000000000e-01 2.692823518209576e-01 -1.787339418336557e-03
2.125000000000000e-01 2.747056545671873e-01 -1.786675524747449e-03
2.156250000000000e-01 2.801960254881028e-01 -1.792325955437125e-03
2.187500000000000e-01 2.857548050335636e-01 -1.792627693922701e-03
2.218750000000000e-01 2.913833503550930e-01 -1.795193326547487e-03
2.250000000000000e-01 2.970830356372213e-01 -1.798720430959311e-03
2.281250000000000e-01 3.028552524329863e-01 -1.804606662346879e-03
2.312500000000000e-01 3.087014100036755e-01 -1.808447663792839e-03
2.343750000000000e-01 3.146229356628902e-01 -1.806898294791439e-03
2.375000000000000e-01 3.206212751250189e-01 -1.815179449564371e-03
2.406250000000000e-01 3.266978928582008e-01 -1.819625879442198e-03
2.437500000000000e-01 3.328542724418705e-01 -1.823997190084268e-03
2.468750000000000e-01 3.390919169289667e-01 -1.825374992807589e-03
2.500000000000000e-01 3.454123492128958e-01 -1.829869679570239e-03
2.531250000000000e-01 3.518171123993401e-01 -1.835922252459171e-03
2.562500000000000e-01 3.583077701830001e-01 -1.839579738776778e-03
2.593750000000000e-01 3.648859072293631e-01 -1.846217698169362e-03
2.625000000000000e-01 3.715531295615936e-01 -1.849347808990018e-03
2.656250000000000e-01 3.783110649526354e-01 -1.856183117739157e-03
2.687500000000000e-01 3.851613633226258e-01 -1.859640138715160e-03
2.718750000000000e-01 3.921056971417164e-01 -1.865106438531256e-03
2.750000000000000e-01 3.991457618383991e-01 -1.871560556623649e-03
2.781250000000000e-01 4.062832762134377e-01 -1.876593626962417e-03
2.812500000000000e-01 4.135199828595055e-01 -1.884645411504510e-03
2.843750000000000e-01 4.208576485866312e-01 -1.889975401836693e-03
2.875000000000000e-01 4.282980648535585e-01 -1.896467774075755e-03
2.906250000000000e-01 4.358430482051222e-01 -1.902847745887897e-03
2.937500000000000e-01 4.434944407157500e-01 -1.909311784493722e-03
2.968750000000000e-01 4.512541104391968e-01 -1.917226015889249e-03
3.000000000000000e-01 4.591239518646220e-01 -1.924832098278290e-03
3.031250000000000e-01 4.671058863791195e-01 -1.932811448664105e-03
3.062500000000000e-01 4.752018627368176e-01 -1.940265444881994e-03
3.093750000000000e-01 4.834138575346580e-01 -1.948033638491507e-03
3.125000000000000e-01 4.917438756949728e-01 -1.956835801137863e-03
3.156250000000000e-01 5.001939509549778e-01 -1.966376987104793e-03
3.187500000000000e-01 5.087661463633005e-01 -1.975081036256689e-03
3.218750000000000e-01 5.174625547836644e-01 -1.985314996097621e-03
3.250000000000000e-01 5.262852994058529e-01 -1.993523287422617e-03
3.281250000000000e-01 5.352365342640750e-01 -2.003354753422961e-03
3.312500000000000e-01 5.443184447628656e-01 -2.015520726682631e-03
3.343750000000000e-01 5.535332482106405e-01 -2.025249640895668e-03
3.375000000000000e-01 5.628831943610435e-01 -2.037098497234122e-03
3.406250000000000e-01 5.723705659622137e-01 -2.048042529238556e-03
3.437500000000000e-01 5.819976793141081e-01 -2.059324225065882e-03
3.468750000000000e-01 5.917668848340161e-01 -2.073508963353634e-03
3.500000000000000e-01 6.016805676304035e-01 -2.084972719259196e-03
3.531250000000000e-01 6.117411480852264e-01 -2.097525096046367e-03
3.562500000000000e-01 6.219510824448572e-01 -2.111935658073304e-03
3.593750000000000e-01 6.323128634197650e-01 -2.126502499008914e-03
3.625000000000000e-01 6.428290207931012e-01 -2.140003680185480e-03
3.656250000000000e-01 6.535021220383342e-01 -2.154617396303408e-03
3.687500000000000e-01 6.643347729460869e-01 -2.170967586434685e-03
3.718750000000000e-01 6.753296182603294e-01 -2.186276172757975e-03
3.750000000000000e-01 6.864893423240808e-01 -2.202583883846997e-03
3.781250000000000e-01 6.978166697347804e-01 -2.219646401706216e-03
3.812500000000000e-01 7.093143660094854e-01 -2.236538450386050e-03
3.843750000000000e-01 7.209852382600603e-01 -2.254770324755115e-03
3.875000000000000e-01 7.328321358785219e-01 -2.272520930160635e-03
3.906250000000000e-01 7.448579512327029e-01 -2.291490622694595e-03
3.937500000000000e-01 7.570656203724140e-01 -2.310593360859616e-03
3.968750000000000e-01 7.694581237462648e-01 -2.329923856242592e-03
4.000000000000000e-01 7.820384869293291e-01 -2.350249657504743e-03
4.031250000000000e-01 7.948097813618253e-01 -2.370318375457777e-03
4.062500000000000e-01 8.077751250989945e-01 -2.391088745565562e-03
4.093750000000000e-01 8.209376835723596e-01 -2.412254045548028e-03
4.125000000000000e-01 8.343006703625532e-01 -2.433036183064596e-03
4.156250000000000e-01 8.478673479838968e-01 -2.454804690539837e-03
4.187500000000000e-01 8.616410286809313e-01 -2.475822614244046e-03
4.218750000000000e-01 8.756250752370857e-01 -2.497179432920528e-03
4.250000000000000e-01 8.898229017956865e-01 -2.518397248374775e-03
4.281250000000000e-01 9.042379746935050e-01 -2.538806600870685e-03
4.312500000000000e-01 9.188738133070491e-01 -2.559127695582445e-03
4.343750000000000e-01 9.337339909118028e-01 -2.578427448264064e-03
4.375000000000000e-01 9.488221355546261e-01 -2.596359275088514e-03
4.406250000000000e-01 9.641419309395265e-01 -2.613500471488394e-03
4.437500000000000e-01 9.796971173270190e-01 -2.628040906614520e-03
4.468750000000000e-01 9.954914924472941e-01 -2.640782582070381e-03
4.500000000000000e-01 1.011528912427417e+00 -2.650606413960179e-03
4.531250000000000e-01 1.027813292732786e+00 -2.656613446096691e-03
4.562500000000000e-01 1.044348609123070e+00 -2.658728321014651e-03
4.593750000000000e-01 1.061138898622882e+00 -2.655554726215984e-03
4.625000000000000e-01 1.078188260507393e+00 -2.645785807636154e-03
4.656250000000000e-01 1.095500857303154e+00 -2.629139068872440e-03
4.687500000000000e-01 1.113080915804360e+00 -2.602895702107380e-03
4.718750000000000e-01 1.130932728104805e+00 -2.566190146704261e-03
4.750000000000000e-01 1.149060652645771e+00 -2.516883200974897e-03
4.781250000000000e-01 1.167469115280130e+00 -2.452113507630598e-03
4.812500000000000e-01 1.186162610352890e+00 -2.369528738997501e-03
4.843750000000000e-01 1.205145701798475e+00 -2.265946458852976e-03
4.875000000000000e-01 1.224423024254985e+00 -2.136693021480339e-03
4.906250000000000e-01 1.243999284195726e+00 -1.978289853589245e-03
4.937500000000000e-01 1.263879261078271e+00 -1.784841244938273e-03
4.968750000000000e-01 1.284067808511348e+00 -1.550051484497763e-03
5.000000000000000e-01 1.304569855439823e+00 -1.267240757053477e-03
5.031250000000000e-01 1.325390407348082e+00 -9.277298842491942e-04
5.062500000000000e-01 1.346534547482100e+00 -5.214336198646656e-04
5.093750000000000e-01 1.368007438090487e+00 -3.777733423891880e-05
5.125000000000001e-01 1.389814321684837e+00 5.366720640921770e-04
5.156250000000000e-01 1.411960522319654e+00 1.216954120965650e-03
5.187500000000000e-01 1.434451446892208e+00 2.019324639985226e-03
5.218750000000000e-01 1.457292586462593e+00 2.963523844292683e-03
5.250000000000000e-01 1.480489517594354e+00 4.070759339539681e-03
5.281250000000001e-01 1.504047903715979e+00 5.364246628099113e-03
5.312500000000000e-01 1.527973496503592e+00 6.868963067570003e-03
5.343750000000000e-01 1.552272137285215e+00 8.612397687799374e-03
5.375000000000000e-01 1.576949758466886e+00 1.061999321997077e-02
5.406250000000000e-01 1.602012384981041e+00 1.291818758050062e-02
5.437500000000001e-01 1.627466135757470e+00 1.552773407393724e-02
5.468750000000000e-01 1.653317225217225e+00 1.846460643358437e-02
5.500000000000000e-01 1.679571964789851e+00 2.173127177486016e-02
5.531250000000000e-01 1.706236764454286e+00 2.531850162360336e-02
5.562500000000000e-01 1.733318134303830e+00 2.919098078037461e-02
5.593750000000001e-01 1.760822686135563e+00 3.329153730399796e-02
5.625000000000000e-01 1.788757135064574e+00 3.752881218585001e-02
5.656250000000000e-01 1.817128301163438e+00 4.178740858964768e-02
5.687500000000000e-01 1.845943111127301e+00 4.591972842462272e-02
5.718750000000000e-01 1.875208599965003e+00 4.976802748835772e-02
5.750000000000001e-01 1.904931912716643e+00 5.316322699126393e-02
5.781250000000000e-01 1.935120306198011e+00 5.595211924200368e-02
5.812500000000000e-01 1.965781150772311e+00 5.799993069999733e-02
5.843750000000000e-01 1.996921932149593e+00 5.921449213142702e-02
5.875000000000000e-01 2.028550253214365e+00 5.954315947064890e-02
5.906250000000001e-01 2.060673835881802e+00 5.898270473352830e-02
5.937500000000000e-01 2.093300522983012e+00 5.757066910683821e-02
5.968750000000000e-01 2.126438280179837e+00 5.538152356479372e-02
6.000000000000001e-01 2.160095197909630e+00 5.251573165094362e-02
6.031250000000000e-01 2.194279493360494e+00 4.908799410227045e-02
6.062500000000001e-01 2.228999512477486e+00 4.522210981536426e-02
6.093750000000000e-01 2.264263732000228e+00 4.103746304856449e-02
6.125000000000000e-01 2.300080761532477e+00 3.665010650414915e-02
6.156250000000001e-01 2.336459345644116e+00 3.216045698112142e-02
6.187500000000000e-01 2.373408366006099e+00 2.766037534845073e-02
6.218750000000001e-01 2.410936843558884e+00 2.322280719825533e-02
6.250000000000000e-01 2.449053940714840e+00 1.891113527388334e-02
6.281250000000000e-01 2.487768963595221e+00 1.477044745298962e-02
6.312500000000001e-01 2.527091364302215e+00 1.083804291480735e-02
6.343750000000000e-01 2.567030743226622e+00 7.136242374393175e-03
6.375000000000001e-01 2.607596851391758e+00 3.682092996480635e-03
6.406250000000000e-01 2.648799592834118e+00 4.810315876324911e-04
6.437500000000000e-01 2.690649027021411e+00 -2.464204918790955e-03
6.468750000000001e-01 2.733155371308524e+00 -5.158999428891915e-03
6.500000000000000e-01 2.776329003432049e+00 -7.609316341681974e-03
6.531250000000001e-01 2.820180464043967e+00 -9.826597696036915e-03
6.562500000000000e-01 2.864720459285089e+00 -1.182134558585772e-02
6.593750000000000e-01 2.909959863398929e+00 -1.360755147680341e-02
6.625000000000001e-01 2.955909721386590e+00 -1.519734082414887e-02
6.656250000000000e-01 3.002581251703353e+00 -1.660489543882260e-02
6.687500000000001e-01 3.049985848997626e+00 -1.784214148793568e-02
6.718750000000000e-01 3.098135086892879e+00 -1.892216379867459e-02
6.750000000000000e-01 3.147040720813310e+00 -1.985555005464864e-02
6.781250000000001e-01 3.196714690853871e+00 -2.065342007185153e-02
6.812500000000000e-01 3.247169124695383e+00 -2.132452954088872e-02
6.843750000000001e-01 3.298416340565477e+00 -2.187776606907423e-02
6.875000000000000e-01 3.350468850246008e+00 -2.231998538972380e-02
6.906250000000000e-01 3.403339362127777e+00 -2.265785630643894e-02
6.937500000000001e-01 3.457040784313211e+00 -2.289623011787413e-02
6.968750000000000e-01 3.511586227767823e+00 -2.303945867877166e-02
7.000000000000001e-01 3.566989009521205e+00 -2.309026505394306e-02
7.031250000000000e-01 3.623262655918307e+00 -2.305062398307230e-02
7.062500000000000e-01 3.680420905921852e+00 -2.292111076395847e-02
7.093750000000001e-01 3.738477714466631e+00 -2.270139031769583e-02
7.125000000000000e-01 3.797447255866536e+00 -2.238991464252898e-02
7.156250000000001e-01 3.857343927275175e+00 -2.198414604048610e-02
7.187500000000000e-01 3.918182352200844e+00 -2.148047068620604e-02
7.218750000000000e-01 3.979977384076828e+00 -2.087433610804652e-02
7.250000000000001e-01 4.042744109887770e+00 -2.016033563775965e-02
7.281250000000000e-01 4.106497853853101e+00 -1.933243101378064e-02
7.312500000000001e-01 4.171254181168399e+00 -1.838426659848276e-02
7.343750000000000e-01 4.237028901805528e+00 -1.730967287248000e-02
7.375000000000000e-01 4.303838074372613e+00 -1.610340602474901e-02
7.406250000000001e-01 4.371698010034643e+00 -1.476218758133697e-02
7.437500000000000e-01 4.440625276495786e+00 -1.328604141146471e-02
7.468750000000001e-01 4.510636702044332e+00 -1.167983365235350e-02
7.500000000000000e-01 4.581749379661216e+00 -9.954800907113375e-03
7.531250000000000e-01 4.653980671193226e+00 -8.129758995029357e-03
7.562500000000001e-01 4.727348211591802e+00 -6.231661309342432e-03
7.593750000000000e-01 4.801869913218528e+00 -4.295250379397143e-03
7.625000000000001e-01 4.877563970218381e+00 -2.361707833149835e-03
7.656250000000000e-01 4.954448862961714e+00 -4.764118967422004e-04
7.687500000000000e-01 5.032543362556198e+00 1.313904802641428e-03
7.718750000000001e-01 5.111866535429675e+00 2.964196981781867e-03
7.750000000000000e-01 5.192437747985146e+00 4.433945507783744e-03
7.781250000000001e-01 5.274276671329015e+00 5.689485774270068e-03
7.812500000000000e-01 5.357403286073669e+00 6.705670592877582e-03
7.843750000000000e-01 5.441837887215693e+00 7.466866092383214e-03
7.875000000000001e-01 5.527601089090773e+00 7.967382439142431e-03
7.906250000000000e-01 5.614713830406605e+00 8.211467229415421e-03
7.937500000000001e-01 5.703197379355005e+00 8.212944862001316e-03
7.968750000000000e-01 5.793073338804412e+00 7.994506070930335e-03
8.000000000000000e-01 5.884363651574169e+00 7.586586681685079e-03
8.031250000000001e-01 5.977090605791737e+00 7.025763255409427e-03
8.062500000000000e-01 6.071276840334257e+00 6.352649662841547e-03
8.093750000000001e-01 6.166945350355728e+00 5.609386243670133e-03
8.125000000000000e-01 6.264119492901173e+00 4.836933065841401e-03
8.156250000000000e-01 6.362822992609162e+00 4.072466146217936e-03
8.187500000000001e-01 6.463079947504072e+00 3.347197330796960e-03
8.218750000000000e-01 6.564914834879517e+00 2.684884916716080e-03
8.250000000000001e-01 6.668352517274371e+00 2.101187683730564e-03
8.281250000000000e-01 6.773418248542846e+00 1.603871697454078e-03
8.312500000000000e-01 6.880137680020114e+00 1.193744092142761e-03
8.343750000000001e-01 6.988536866784961e+00 8.660914021208296e-04
8.375000000000000e-01 7.098642274021019e+00 6.123579797049788e-04
8.406250000000001e-01 7.210480783478133e+00 4.218126099744306e-04
8.437500000000000e-01 7.324079700035414e+00 2.830057193902422e-04
8.468750000000000e-01 7.439466758367605e+00 1.848958735290856e-04
8.500000000000001e-01 7.556670129716381e+00 1.176025116591943e-04
8.531250000000000e-01 7.675718428768239e+00 7.280658499463662e-05
8.562500000000001e-01 7.796640720640633e+00 4.386348264220501e-05
8.593750000000000e-01 7.919466527978115e+00 2.571189439356437e-05
8.625000000000000e-01 8.044225838160141e+00 1.466189502485941e-05
8.656250000000001e-01 8.170949110622363e+00 8.132126245918326e-06
8.687500000000000e-01 8.299667284293170e+00 4.386471011981618e-06
8.718750000000001e-01 8.430411785147284e+00 2.300746874162033e-06
8.750000000000000e-01 8.563214533878281e+00 1.173318864332095e-06
8.781250000000000e-01 8.698107953691880e+00 5.817197779381346e-07
8.812500000000001e-01 8.835124978221932e+00 2.803655071128667e-07
8.843750000000000e-01 8.974299059571019e+00 1.313457288188976e-07
8.875000000000001e-01 9.115664176477637e+00 5.980817647755310e-08
8.906250000000000e-01 9.259254842611947e+00 2.646888917467425e-08
8.937500000000000e-01 9.405106115002161e+00 1.138474116206939e-08
8.968750000000001e-01 9.553253602593529e+00 4.758924350845320e-09
9.000000000000000e-01 9.703733474942130e+00 1.933225138388036e-09
9.031250000000001e-01 9.856582471045494e+00 7.631984747569996e-10
9.062500000000000e-01 1.001183790831228e+01 2.927998183710553e-10
9.093750000000000e-01 1.016953769167313e+01 1.091647263451800e-10
9.125000000000001e-01 1.032972032283505e+01 3.955259323179490e-11
9.156250000000000e-01 1.049242490968134e+01 1.392689454797247e-11
9.187500000000001e-01 1.065769117581972e+01 4.765718471660335e-12
9.218750000000000e-01 1.082555947028058e+01 1.584921037758554e-12
9.250000000000000e-01 1.099607077736805e+01 5.122766030916322e-13
9.281250000000001e-01 1.116926672666618e+01 1.609286961970049e-13
9.312500000000000e-01 1.134518960320255e+01 4.913724053282253e-14
9.343750000000001e-01 1.152388235777201e+01 1.458324536196716e-14
9.375000000000000e-01 1.170538861742293e+01 4.207102473564287e-15
9.406250000000000e-01 1.188975269610854e+01 1.179826605728729e-15
9.437500000000001e-01 1.207701960550600e+01 3.216484072369237e-16
9.468750000000000e-01 1.226723506600578e+01 8.525027931088466e-17
9.500000000000001e-01 1.246044551787411e+01 2.196774517464877e-17
9.531250000000000e-01 1.265669813259115e+01 5.503961935343927e-18
9.562500000000000e-01 1.285604082436773e+01 1.340884783339762e-18
9.593750000000001e-01 1.305852226184337e+01 3.176582829854720e-19
9.625000000000000e-01 1.326419187996850e+01 7.318276882092359e-20
9.656250000000001e-01 1.347309989207381e+01 1.639703287417200e-20
9.687500000000000e-01 1.368529730212962e+01 3.573204353851605e-21
9.718750000000000e-01 1.390083591719824e+01 7.573828135179869e-22
9.750000000000001e-01 1.411976836008246e+01 1.561591017160481e-22
9.781250000000000e-01 1.434214808217320e+01 3.132153541919101e-23
9.812500000000001e-01 1.456802937649935e+01 6.111848790058872e-24
9.843750000000000e-01 1.479746739098328e+01 1.160342508774333e-24
9.875000000000000e-01 1.503051814190487e+01 2.143450550654706e-25
9.906250000000001e-01 1.526723852757770e+01 3.853130890984665e-26
9.937500000000000e-01 1.550768634224049e+01 6.728264647162762e-27
9.968750000000001e-01 1.575192029016732e+01 1.222989024367356e-27
1.000000000000000e+00 1.600000000000000e+01 -1.771156030438285e-28
