0.000000000000000e+00 0.000000000000000e+00 -1.509590307984359e-03
3.125000000000000e-03 3.369263549427258e-03 -1.509590307984359e-03
6.250000000000000e-03 6.739349689698711e-03 -9.840381685293786e-04
9.375000000000001e-03 1.011108121249049e-02 -1.070787565179506e-03
1.250000000000000e-02 1.348528131119160e-02 -9.923146409498975e-04
1.562500000000000e-02 1.686277378188298e-02 -1.029387909966204e-03
1.875000000000000e-02 2.024438322446370e-02 -9.307802185335779e-04
2.187500000000000e-02 2.363093524397333e-02 -9.941180073820180e-04
2.500000000000000e-02 2.702325665215984e-02 -9.826217903850334e-04
2.812500000000000e-02 3.042217566934200e-02 -1.006563402111857e-03
3.125000000000000e-02 3.382852212661575e-02 -9.845857350578178e-04
3.437500000000000e-02 3.724312766845378e-02 -9.750856639790035e-04
3.750000000000001e-02 4.066682595574785e-02 -9.821108407212311e-04
4.062500000000000e-02 4.410045286934348e-02 -1.024492514293760e-03
4.375000000000000e-02 4.754484671411652e-02 -9.714910585222750e-04
4.687500000000000e-02 5.100084842364160e-02 -9.946622105841162e-04
5.000000000000000e-02 5.446930176550237e-02 -9.935123777701951e-04
5.312500000000001e-02 5.795105354729364e-02 -9.740518982798884e-04
5.625000000000000e-02 6.144695382336569e-02 -1.011003647096599e-03
5.937500000000000e-02 6.495785610236132e-02 -1.004901209934121e-03
6.250000000000000e-02 6.848461755559625e-02 -9.844649049965020e-04
6.562500000000000e-02 7.202809922633362e-02 -9.895106078897800e-04
6.875000000000001e-02 7.558916624000402e-02 -1.006466615511523e-03
7.187500000000001e-02 7.916868801542200e-02 -9.951325145598042e-04
7.500000000000001e-02 8.276753847705080e-02 -9.938602938619442e-04
7.812500000000000e-02 8.638659626836727e-02 -9.818859976658805e-04
8.125000000000000e-02 9.002674496637868e-02 -1.003030704283525e-03
8.437500000000001e-02 9.368887329734420e-02 -9.801884050668354e-04
8.750000000000001e-02 9.737387535375355e-02 -9.961596572939293e-04
9.062500000000001e-02 1.010826508126157e-01 -9.939721649760078e-04
9.375000000000000e-02 1.048161051551108e-01 -1.003050658904801e-03
9.687500000000000e-02 1.085751498876601e-01 -1.002679762364839e-03
1.000000000000000e-01 1.123607027644654e-01 -9.981357567088755e-04
1.031250000000000e-01 1.161736880115753e-01 -1.006823224720596e-03
1.062500000000000e-01 1.200150365525305e-01 -9.931225752047622e-04
1.093750000000000e-01 1.238856862356450e-01 -9.995336703263631e-04
1.125000000000000e-01 1.277865820629775e-01 -1.001410535688008e-03
1.156250000000000e-01 1.317186764210495e-01 -9.896953345202087e-04
1.187500000000000e-01 1.356829293133661e-01 -9.943769579318471e-04
1.218750000000000e-01 1.396803085947971e-01 -1.013313301891549e-03
1.250000000000000e-01 1.437117902078738e-01 -9.938630518556272e-04
1.281250000000000e-01 1.477783584210617e-01 -9.974862434728314e-04
1.312500000000000e-01 1.518810060690650e-01 -9.970040846292360e-04
1.343750000000000e-01 1.560207347952229e-01 -1.004262201120977e-03
1.375000000000000e-01 1.601985552960564e-01 -1.010420660328931e-03
1.406250000000000e-01 1.644154875680252e-01 -1.006999016344034e-03
1.437500000000000e-01 1.686725611565558e-01 -1.003181867584129e-03
1.468750000000000e-01 1.729708154074000e-01 -1.008280966883592e-03
1.500000000000000e-01 1.773112997203869e-01 -1.003643577078808e-03
1.531250000000000e-01 1.816950738056289e-01 -1.002223652759567e-03
1.562500000000000e-01 1.861232079422458e-01 -1.009801237111555e-03
1.593750000000000e-01 1.905967832396682e-01 -1.002231516694958e-03
1.625000000000000e-01 1.951168919015860e-01 -1.009623896886590e-03
1.656250000000000e-01 1.996846374926046e-01 -1.007068116231492e-03
1.687500000000000e-01 2.043011352076760e-01 -1.011990061481387e-03
1.718750000000000e-01 2.089675121443681e-01 -1.015638413671853e-03
1.750000000000000e-01 2.136849075780412e-01 -1.014743939320976e-03
1.781250000000000e-01 2.184544732399964e-01 -1.013455652756043e-03
1.812500000000000e-01 2.232773735986666e-01 -1.017414249401912e-03
1.843750000000000e-01 2.281547861439151e-01 -1.015505554622472e-03
1.875000000000000e-01 2.330879016745160e-01 -1.011661968003106e-03
1.906250000000000e-01 2.380779245888810e-01 -1.014345833940795e-03
1.937500000000000e-01 2.431260731791094e-01 -1.016820287567251e-03
1.968750000000000e-01 2.482335799284277e-01 -1.023266588347040e-03
2.000000000000000e-01 2.534016918120952e-01 -1.021084891330438e-03
2.031250000000000e-01 2.586316706018478e-01 -1.022280253215025e-03
2.062500000000000e-01 2.639247931739538e-01 -1.025685620247220e-03
2.093750000000000e-01 2.692823518209576e-01 -1.026114679870607e-03
2.125000000000000e-01 2.747056545671873e-01 -1.024486955569570e-03
2.156250000000000e-01 2.801960254881028e-01 -1.027593510208633e-03
2.187500000000000e-01 2.857548050335636e-01 -1.028956205512909e-03
2.218750000000000e-01 2.913833503550930e-01 -1.029349848852824e-03
2.250000000000000e-01 2.970830356372213e-01 -1.033016311271289e-03
2.281250000000000e-01 3.028552524329863e-01 -1.035058609921931e-03
2.312500000000000e-01 3.087014100036755e-01 -1.036078997654941e-03
2.343750000000000e-01 3.146229356628902e-01 -1.037577514892018e-03
2.375000000000000e-01 3.206212751250189e-01 -1.040154097167560e-03
2.406250000000000e-01 3.266978928582008e-01 -1.041217520153829e-03
2.437500000000000e-01 3.328542724418705e-01 -1.042514785107634e-03
2.468750000000000e-01 3.390919169289667e-01 -1.047139470793741e-03
2.500000000000000e-01 3.454123492128958e-01 -1.047675446234667e-03
2.531250000000000e-01 3.518171123993401e-01 -1.045178058097027e-03
2.562500000000000e-01 3.583077701830001e-01 -1.051015662772411e-03
2.593750000000000e-01 3.648859072293631e-01 -1.055863553989749e-03
2.625000000000000e-01 3.715531295615936e-01 -1.058859832607855e-03
2.656250000000000e-01 3.783110649526354e-01 -1.058072308421042e-03
2.687500000000000e-01 3.851613633226258e-01 -1.060715477759044e-03
2.718750000000000e-01 3.921056971417164e-01 -1.064633081805107e-03
2.750000000000000e-01 3.991457618383991e-01 -1.066013161360424e-03
2.781250000000000e-01 4.062832762134377e-01 -1.070130234221489e-03
2.812500000000000e-01 4.135199828595055e-01 -1.071832343554735e-03
2.843750000000000e-01 4.208576485866312e-01 -1.077441072303266e-03
2.875000000000000e-01 4.282980648535585e-01 -1.078676186927949e-03
2.906250000000000e-01 4.358430482051222e-01 -1.082625887726984e-03
2.937500000000000e-01 4.434944407157500e-01 -1.085115828249050e-03
2.968750000000000e-01 4.512541104391968e-01 -1.087107251047193e-03
3.000000000000000e-01 4.591239518646220e-01 -1.093479170404567e-03
3.031250000000000e-01 4.671058863791195e-01 -1.094834441829715e-03
3.062500000000000e-01 4.752018627368176e-01 -1.102029776430886e-03
3.093750000000000e-01 4.834138575346580e-01 -1.104294721908718e-03
3.125000000000000e-01 4.917438756949728e-01 -1.108164627349208e-03
3.156250000000000e-01 5.001939509549778e-01 -1.113055729460721e-03
3.187500000000000e-01 5.087661463633005e-01 -1.115520563464408e-03
3.218750000000000e-01 5.174625547836644e-01 -1.123028845048420e-03
3.250000000000000e-01 5.262852994058529e-01 -1.126036343955697e-03
3.281250000000000e-01 5.352365342640750e-01 -1.132452971007515e-03
3.312500000000000e-01 5.443184447628656e-01 -1.136504797790315e-03
3.343750000000000e-01 5.535332482106405e-01 -1.140540130628626e-03
3.375000000000000e-01 5.628831943610435e-01 -1.148208301779382e-03
3.406250000000000e-01 5.723705659622137e-01 -1.152805103043300e-03
3.437500000000000e-01 5.819976793141081e-01 -1.160147643235328e-03
3.468750000000000e-01 5.917668848340161e-01 -1.165849921036144e-03
3.500000000000000e-01 6.016805676304035e-01 -1.170834070071332e-03
3.531250000000000e-01 6.117411480852264e-01 -1.177806340201052e-03
3.562500000000000e-01 6.219510824448572e-01 -1.185745091040977e-03
3.593750000000000e-01 6.323128634197650e-01 -1.192778694912502e-03
3.625000000000000e-01 6.428290207931012e-01 -1.199871210604371e-03
3.656250000000000e-01 6.535021220383342e-01 -1.207560838833494e-03
3.687500000000000e-01 6.643347729460869e-01 -1.214632086205660e-03
3.718750000000000e-01 6.753296182603294e-01 -1.225321619996993e-03
3.750000000000000e-01 6.864893423240808e-01 -1.232521198293942e-03
3.781250000000000e-01 6.978166697347804e-01 -1.239718200182450e-03
3.812500000000000e-01 7.093143660094854e-01 -1.251799324716612e-03
3.843750000000000e-01 7.209852382600603e-01 -1.260761964621830e-03
3.875000000000000e-01 7.328321358785219e-01 -1.270190689801330e-03
3.906250000000000e-01 7.448579512327029e-01 -1.280638265208006e-03
3.937500000000000e-01 7.570656203724140e-01 -1.291860404015033e-03
3.968750000000000e-01 7.694581237462648e-01 -1.303506438618328e-03
4.000000000000000e-01 7.820384869293291e-01 -1.314267022514353e-03
4.031250000000000e-01 7.948097813618253e-01 -1.327361149546214e-03
4.062500000000000e-01 8.077751250989945e-01 -1.339614879680171e-03
4.093750000000000e-01 8.209376835723596e-01 -1.352653120840932e-03
4.125000000000000e-01 8.343006703625532e-01 -1.366937404901828e-03
4.156250000000000e-01 8.478673479838968e-01 -1.380429947401773e-03
4.187500000000000e-01 8.616410286809313e-01 -1.395960410666392e-03
4.218750000000000e-01 8.756250752370857e-01 -1.411056928542235e-03
4.250000000000000e-01 8.898229017956865e-01 -1.426962729953569e-03
4.281250000000000e-01 9.042379746935050e-01 -1.444214426939714e-03
4.312500000000000e-01 9.188738133070491e-01 -1.460816611166377e-03
4.343750000000000e-01 9.337339909118028e-01 -1.479396449315112e-03
4.375000000000000e-01 9.488221355546261e-01 -1.497954744750492e-03
4.406250000000000e-01 9.641419309395265e-01 -1.517056863330751e-03
4.437500000000000e-01 9.796971173270190e-01 -1.537878402278147e-03
4.468750000000000e-01 9.954914924472941e-01 -1.558183127115162e-03
4.500000000000000e-01 1.011528912427417e+00 -1.580200064007593e-03
4.531250000000000e-01 1.027813292732786e+00 -1.602859085960936e-03
4.562500000000000e-01 1.044348609123070e+00 -1.625554967696916e-03
4.593750000000000e-01 1.061138898622882e+00 -1.650197255717883e-03
4.625000000000000e-01 1.078188260507393e+00 -1.674613451087872e-03
4.656250000000000e-01 1.095500857303154e+00 -1.699976105841181e-03
4.687500000000000e-01 1.113080915804360e+00 -1.726680581151196e-03
4.718750000000000e-01 1.130932728104805e+00 -1.752916978913743e-03
4.750000000000000e-01 1.149060652645771e+00 -1.780584692091389e-03
4.781250000000000e-01 1.167469115280130e+00 -1.808588494679966e-03
4.812500000000000e-01 1.186162610352890e+00 -1.836176178284084e-03
4.843750000000000e-01 1.205145701798475e+00 -1.864910981749162e-03
4.875000000000000e-01 1.224423024254985e+00 -1.892865077060814e-03
4.906250000000000e-01 1.243999284195726e+00 -1.920265622969401e-03
4.937500000000000e-01 1.263879261078271e+00 -1.947731100092570e-03
4.968750000000000e-01 1.284067808511348e+00 -1.973060138202120e-03
5.000000000000000e-01 1.304569855439823e+00 -1.996894262651739e-03
5.031250000000000e-01 1.325390407348082e+00 -2.018709600268562e-03
5.062500000000000e-01 1.346534547482100e+00 -2.036187539575036e-03
5.093750000000000e-01 1.368007438090487e+00 -2.049776582604799e-03
5.125000000000001e-01 1.389814321684837e+00 -2.057796585003904e-03
5.156250000000000e-01 1.411960522319654e+00 -2.057531266533389e-03
5.187500000000000e-01 1.434451446892208e+00 -2.048534479052358e-03
5.218750000000000e-01 1.457292586462593e+00 -2.027730831737174e-03
5.250000000000000e-01 1.480489517594354e+00 -1.991311988945584e-03
5.281250000000001e-01 1.504047903715979e+00 -1.937039679114657e-03
5.312500000000000e-01 1.527973496503592e+00 -1.859813370413071e-03
5.343750000000000e-01 1.552272137285215e+00 -1.753619581438795e-03
5.375000000000000e-01 1.576949758466886e+00 -1.613165547658538e-03
5.406250000000000e-01 1.602012384981041e+00 -1.429754129484508e-03
5.437500000000001e-01 1.627466135757470e+00 -1.193218178608805e-03
5.468750000000000e-01 1.653317225217225e+00 -8.932505388085994e-04
5.500000000000000e-01 1.679571964789851e+00 -5.153506451082119e-04
5.531250000000000e-01 1.706236764454286e+00 -4.193351006062956e-05
5.562500000000000e-01 1.733318134303830e+00 5.455569130581406e-04
5.593750000000001e-01 1.760822686135563e+00 1.270496349099862e-03
5.625000000000000e-01 1.788757135064574e+00 2.161121192106129e-03
5.656250000000000e-01 1.817128301163438e+00 3.248219455706118e-03
5.687500000000000e-01 1.845943111127301e+00 4.566913081651277e-03
5.718750000000000e-01 1.875208599965003e+00 6.156924354079922e-03
5.750000000000001e-01 1.904931912716643e+00 8.058662540126443e-03
5.781250000000000e-01 1.935120306198011e+00 1.031250961055010e-02
5.812500000000000e-01 1.965781150772311e+00 1.295623787688858e-02
5.843750000000000e-01 1.996921932149593e+00 1.601567784152184e-02
5.875000000000000e-01 2.028550253214365e+00 1.949351916249085e-02
5.906250000000001e-01 2.060673835881802e+00 2.335935476040837e-02
5.937500000000000e-01 2.093300522983012e+00 2.753752219783930e-02
5.968750000000000e-01 2.126438280179837e+00 3.189867835067790e-02
6.000000000000001e-01 2.160095197909630e+00 3.626278833120511e-02
6.031250000000000e-01 2.194279493360494e+00 4.041310666030056e-02
6.062500000000001e-01 2.228999512477486e+00 4.411761322194369e-02
6.093750000000000e-01 2.264263732000228e+00 4.715551732698654e-02
6.125000000000000e-01 2.300080761532477e+00 4.934731494629632e-02
6.156250000000001e-01 2.336459345644116e+00 5.057361268318913e-02
6.187500000000000e-01 2.373408366006099e+00 5.078442929070583e-02
6.218750000000001e-01 2.410936843558884e+00 4.999672500687433e-02
6.250000000000000e-01 2.449053940714840e+00 4.828597713086015e-02
6.281250000000000e-01 2.487768963595221e+00 4.577070363964183e-02
6.312500000000001e-01 2.527091364302215e+00 4.259409279728182e-02
6.343750000000000e-01 2.567030743226622e+00 3.890929325867609e-02
6.375000000000001e-01 2.607596851391758e+00 3.486748872937019e-02
6.406250000000000e-01 2.648799592834118e+00 3.060966831816476e-02
6.437500000000000e-01 2.690649027021411e+00 2.625968984660700e-02
6.468750000000001e-01 2.733155371308524e+00 2.192163123684141e-02
6.500000000000000e-01 2.776329003432049e+00 1.767980166595975e-02
6.531250000000001e-01 2.820180464043967e+00 1.359996578707920e-02
6.562500000000000e-01 2.864720459285089e+00 9.730450003039640e-03
6.593750000000000e-01 2.909959863398929e+00 6.103665403495632e-03
6.625000000000001e-01 2.955909721386590e+00 2.738957436254002e-03
6.656250000000000e-01 3.002581251703353e+00 -3.545767785106625e-04
6.687500000000001e-01 3.049985848997626e+00 -3.175699614192300e-03
6.718750000000000e-01 3.098135086892879e+00 -5.729541820965133e-03
6.750000000000000e-01 3.147040720813310e+00 -8.026010277762334e-03
6.781250000000001e-01 3.196714690853871e+00 -1.007831584448401e-02
6.812500000000000e-01 3.247169124695383e+00 -1.190130801783358e-02
6.843750000000001e-01 3.298416340565477e+00 -1.351037326915834e-02
6.875000000000000e-01 3.350468850246008e+00 -1.492091114988509e-02
6.906250000000000e-01 3.403339362127777e+00 -1.614804971614723e-02
6.937500000000001e-01 3.457040784313211e+00 -1.720627403103839e-02
6.968750000000000e-01 3.511586227767823e+00 -1.810915064549983e-02
7.000000000000001e-01 3.566989009521205e+00 -1.886896194708713e-02
7.031250000000000e-01 3.623262655918307e+00 -1.949644202136966e-02
7.062500000000000e-01 3.680420905921852e+00 -2.000087885981695e-02
7.093750000000001e-01 3.738477714466631e+00 -2.039002256005271e-02
7.125000000000000e-01 3.797447255866536e+00 -2.067023897269064e-02
7.156250000000001e-01 3.857343927275175e+00 -2.084655224070374e-02
7.187500000000000e-01 3.918182352200844e+00 -2.092255652221527e-02
7.218750000000000e-01 3.979977384076828e+00 -2.090054133470368e-02
7.250000000000001e-01 4.042744109887770e+00 -2.078131453890352e-02
7.281250000000000e-01 4.106497853853101e+00 -2.056433534597438e-02
7.312500000000001e-01 4.171254181168399e+00 -2.024760404098635e-02
7.343750000000000e-01 4.237028901805528e+00 -1.982777514420317e-02
7.375000000000000e-01 4.303838074372613e+00 -1.930017288539803e-02
7.406250000000001e-01 4.371698010034643e+00 -1.865894958627198e-02
7.437500000000000e-01 4.440625276495786e+00 -1.789727491189535e-02
7.468750000000001e-01 4.510636702044332e+00 -1.700769271873234e-02
7.500000000000000e-01 4.581749379661216e+00 -1.598270103269846e-02
7.531250000000000e-01 4.653980671193226e+00 -1.481570599268700e-02
7.562500000000001e-01 4.727348211591802e+00 -1.350243885873245e-02
7.593750000000000e-01 4.801869913218528e+00 -1.204282692439783e-02
7.625000000000001e-01 4.877563970218381e+00 -1.044311723711290e-02
7.656250000000000e-01 4.954448862961714e+00 -8.717864772474221e-03
7.687500000000000e-01 5.032543362556198e+00 -6.891287099965142e-03
7.718750000000001e-01 5.111866535429675e+00 -4.997528246677903e-03
7.750000000000000e-01 5.192437747985146e+00 -3.079571713998400e-03
7.781250000000001e-01 5.274276671329015e+00 -1.186840751508262e-03
7.812500000000000e-01 5.357403286073669e+00 6.281764299114313e-04
7.843750000000000e-01 5.441837887215693e+00 2.313738124078861e-03
7.875000000000001e-01 5.527601089090773e+00 3.822518551614785e-03
7.906250000000000e-01 5.614713830406605e+00 5.114675713420966e-03
7.937500000000001e-01 5.703197379355005e+00 6.160076449527930e-03
7.968750000000000e-01 5.793073338804412e+00 6.939662101646928e-03
8.000000000000000e-01 5.884363651574169e+00 7.446084671989849e-03
8.031250000000001e-01 5.977090605791737e+00 7.683771494705519e-03
8.062500000000000e-01 6.071276840334257e+00 7.668504601926219e-03
8.093750000000001e-01 6.166945350355728e+00 7.426492793885774e-03
8.125000000000000e-01 6.264119492901173e+00 6.992845079878972e-03
8.156250000000000e-01 6.362822992609162e+00 6.409373902637223e-03
8.187500000000001e-01 6.463079947504072e+00 5.721768935729440e-03
8.218750000000000e-01 6.564914834879517e+00 4.976345530126431e-03
8.250000000000001e-01 6.668352517274371e+00 4.216720472737051e-03
8.281250000000000e-01 6.773418248542846e+00 3.480841509674175e-03
8.312500000000000e-01 6.880137680020114e+00 2.798765308739517e-03
8.343750000000001e-01 6.988536866784961e+00 2.191448963189837e-03
8.375000000000000e-01 7.098642274021019e+00 1.670632327478414e-03
8.406250000000001e-01 7.210480783478133e+00 1.239696337376382e-03
8.437500000000000e-01 7.324079700035414e+00 8.952346667716032e-04
8.468750000000000e-01 7.439466758367605e+00 6.290017814878661e-04
8.500000000000001e-01 7.556670129716381e+00 4.299042874327110e-04
8.531250000000000e-01 7.675718428768239e+00 2.857682400851401e-04
8.562500000000001e-01 7.796640720640633e+00 1.847149192788729e-04
8.593750000000000e-01 7.919466527978115e+00 1.160822170142215e-04
8.625000000000000e-01 8.044225838160141e+00 7.091553161310859e-05
8.656250000000001e-01 8.170949110622363e+00 4.210867420935017e-05
8.687500000000000e-01 8.299667284293170e+00 2.429993751713449e-05
8.718750000000001e-01 8.430411785147284e+00 1.362690137488002e-05
8.750000000000000e-01 8.563214533878281e+00 7.425203925289447e-06
8.781250000000000e-01 8.698107953691880e+00 3.931023953022629e-06
8.812500000000001e-01 8.835124978221932e+00 2.021907447899017e-06
8.843750000000000e-01 8.974299059571019e+00 1.010305345279736e-06
8.875000000000001e-01 9.115664176477637e+00 4.904134180655656e-07
8.906250000000000e-01 9.259254842611947e+00 2.312477854785800e-07
8.937500000000000e-01 9.405106115002161e+00 1.059229369149990e-07
8.968750000000001e-01 9.553253602593529e+00 4.712977995791350e-08
9.000000000000000e-01 9.703733474942130e+00 2.037011047393238e-08
9.031250000000001e-01 9.856582471045494e+00 8.552381925856548e-09
9.062500000000000e-01 1.001183790831228e+01 3.488051995998850e-09
9.093750000000000e-01 1.016953769167313e+01 1.381943900212057e-09
9.125000000000001e-01 1.032972032283505e+01 5.318898125129849e-10
9.156250000000000e-01 1.049242490968134e+01 1.988801511805148e-10
9.187500000000001e-01 1.065769117581972e+01 7.224648606895301e-11
9.218750000000000e-01 1.082555947028058e+01 2.549861690018539e-11
9.250000000000000e-01 1.099607077736805e+01 8.744039337353417e-12
9.281250000000001e-01 1.116926672666618e+01 2.913572585741909e-12
9.312500000000000e-01 1.134518960320255e+01 9.433699781700504e-13
9.343750000000001e-01 1.152388235777201e+01 2.968289889762582e-13
9.375000000000000e-01 1.170538861742293e+01 9.076646861085388e-14
9.406250000000000e-01 1.188975269610854e+01 2.697536537384362e-14
9.437500000000001e-01 1.207701960550600e+01 7.792214170372224e-15
9.468750000000000e-01 1.226723506600578e+01 2.187942018891220e-15
9.500000000000001e-01 1.246044551787411e+01 5.972038645142813e-16
9.531250000000000e-01 1.265669813259115e+01 1.584719601625441e-16
9.562500000000000e-01 1.285604082436773e+01 4.088433979690541e-17
9.593750000000001e-01 1.305852226184337e+01 1.025577532203526e-17
9.625000000000000e-01 1.326419187996850e+01 2.501609894016139e-18
9.656250000000001e-01 1.347309989207381e+01 5.933941148184915e-19
9.687500000000000e-01 1.368529730212962e+01 1.368903135317906e-19
9.718750000000000e-01 1.390083591719824e+01 3.071436538743792e-20
9.750000000000001e-01 1.411976836008246e+01 6.703219116968906e-21
9.781250000000000e-01 1.434214808217320e+01 1.423089334185078e-21
9.812500000000001e-01 1.456802937649935e+01 2.939149815765005e-22
9.843750000000000e-01 1.479746739098328e+01 5.905900688479413e-23
9.875000000000000e-01 1.503051814190487e+01 1.154671094305673e-23
9.906250000000001e-01 1.526723852757770e+01 2.196888983044808e-24
9.937500000000000e-01 1.550768634224049e+01 4.059267626928856e-25
9.968750000000001e-01 1.575192029016732e+01 7.803065929233287e-26
1.000000000000000e+00 1.600000000000000e+01 -9.258432614608180e-27
