0.000000000000000e+00 0.000000000000000e+00 4.505185504216770e-01
3.125000000000000e-03 3.369263549427258e-03 4.505185504216770e-01
6.250000000000000e-03 6.739349689698711e-03 4.382290845987209e-01
9.375000000000001e-03 1.011108121249049e-02 4.351986537182377e-01
1.250000000000000e-02 1.348528131119160e-02 4.334965552720847e-01
1.562500000000000e-02 1.686277378188298e-02 4.327145079807060e-01
1.875000000000000e-02 2.024438322446370e-02 4.322244944632694e-01
2.187500000000000e-02 2.363093524397333e-02 4.319379915686172e-01
2.500000000000000e-02 2.702325665215984e-02 4.316259711919420e-01
2.812500000000000e-02 3.042217566934200e-02 4.315012699625788e-01
3.125000000000000e-02 3.382852212661575e-02 4.313133293723854e-01
3.437500000000000e-02 3.724312766845378e-02 4.312675202674883e-01
3.750000000000001e-02 4.066682595574785e-02 4.312147113529280e-01
4.062500000000000e-02 4.410045286934348e-02 4.312386229527380e-01
4.375000000000000e-02 4.754484671411652e-02 4.312206598858176e-01
4.687500000000000e-02 5.100084842364160e-02 4.312433948613963e-01
5.000000000000000e-02 5.446930176550237e-02 4.312675387211511e-01
5.312500000000001e-02 5.795105354729364e-02 4.313502499898285e-01
5.625000000000000e-02 6.144695382336569e-02 4.314013344548362e-01
5.937500000000000e-02 6.495785610236132e-02 4.314997018558108e-01
6.250000000000000e-02 6.848461755559625e-02 4.315570191676095e-01
6.562500000000000e-02 7.202809922633362e-02 4.316808588271175e-01
6.875000000000001e-02 7.558916624000402e-02 4.317523105192358e-01
7.187500000000001e-02 7.916868801542200e-02 4.318751259606274e-01
7.500000000000001e-02 8.276753847705080e-02 4.319763777201684e-01
7.812500000000000e-02 8.638659626836727e-02 4.321009542472413e-01
8.125000000000000e-02 9.002674496637868e-02 4.322211599202282e-01
8.437500000000001e-02 9.368887329734420e-02 4.323505292858692e-01
8.750000000000001e-02 9.737387535375355e-02 4.324540612659182e-01
9.062500000000001e-02 1.010826508126157e-01 4.325939840366642e-01
9.375000000000000e-02 1.048161051551108e-01 4.326987003271633e-01
9.687500000000000e-02 1.085751498876601e-01 4.328430228457833e-01
1.000000000000000e-01 1.123607027644654e-01 4.329362521394262e-01
1.031250000000000e-01 1.161736880115753e-01 4.330616496221080e-01
1.062500000000000e-01 1.200150365525305e-01 4.331548248328306e-01
1.093750000000000e-01 1.238856862356450e-01 4.332576579340239e-01
1.125000000000000e-01 1.277865820629775e-01 4.333522809326555e-01
1.156250000000000e-01 1.317186764210495e-01 4.334387822068911e-01
1.187500000000000e-01 1.356829293133661e-01 4.334930717428256e-01
1.218750000000000e-01 1.396803085947971e-01 4.335623995915355e-01
1.250000000000000e-01 1.437117902078738e-01 4.335808371469111e-01
1.281250000000000e-01 1.477783584210617e-01 4.336218095331566e-01
1.312500000000000e-01 1.518810060690650e-01 4.336124542337478e-01
1.343750000000000e-01 1.560207347952229e-01 4.336014032692400e-01
1.375000000000000e-01 1.601985552960564e-01 4.335491857231291e-01
1.406250000000000e-01 1.644154875680252e-01 4.334828543062644e-01
1.437500000000000e-01 1.686725611565558e-01 4.333819777183947e-01
1.468750000000000e-01 1.729708154074000e-01 4.332615725106487e-01
1.500000000000000e-01 1.773112997203869e-01 4.330786130235377e-01
1.531250000000000e-01 1.816950738056289e-01 4.328849894642070e-01
1.562500000000000e-01 1.861232079422458e-01 4.326305031188412e-01
1.593750000000000e-01 1.905967832396682e-01 4.323503564297463e-01
1.625000000000000e-01 1.951168919015860e-01 4.320043539901358e-01
1.656250000000000e-01 1.996846374926046e-01 4.316208037065738e-01
1.687500000000000e-01 2.043011352076760e-01 4.311593597123810e-01
1.718750000000000e-01 2.089675121443681e-01 4.306609894434153e-01
1.750000000000000e-01 2.136849075780412e-01 4.300834131673646e-01
1.781250000000000e-01 2.184544732399964e-01 4.294408391480468e-01
1.812500000000000e-01 2.232773735986666e-01 4.287170807386096e-01
1.843750000000000e-01 2.281547861439151e-01 4.279299685570875e-01
1.875000000000000e-01 2.330879016745160e-01 4.270321125229843e-01
1.906250000000000e-01 2.380779245888810e-01 4.260654913278925e-01
1.937500000000000e-01 2.431260731791094e-01 4.249881902717524e-01
1.968750000000000e-01 2.482335799284277e-01 4.238195138965216e-01
2.000000000000000e-01 2.534016918120952e-01 4.225295218743312e-01
2.031250000000000e-01 2.586316706018478e-01 4.211349716677553e-01
2.062500000000000e-01 2.639247931739538e-01 4.196099405431608e-01
2.093750000000000e-01 2.692823518209576e-01 4.179657800345517e-01
2.125000000000000e-01 2.747056545671873e-01 4.161735183879004e-01
2.156250000000000e-01 2.801960254881028e-01 4.142530538405470e-01
2.187500000000000e-01 2.857548050335636e-01 4.121682858810583e-01
2.218750000000000e-01 2.913833503550930e-01 4.099389976920593e-01
2.250000000000000e-01 2.970830356372213e-01 4.075361544549453e-01
2.281250000000000e-01 3.028552524329863e-01 4.049685191036353e-01
2.312500000000000e-01 3.087014100036755e-01 4.022169880887494e-01
2.343750000000000e-01 3.146229356628902e-01 3.992856930130387e-01
2.375000000000000e-01 3.206212751250189e-01 3.961539517559713e-01
2.406250000000000e-01 3.266978928582008e-01 3.928322375553120e-01
2.437500000000000e-01 3.328542724418705e-01 3.892948473988709e-01
2.468750000000000e-01 3.390919169289667e-01 3.855536429655898e-01
2.500000000000000e-01 3.454123492128958e-01 3.815894103146275e-01
2.531250000000000e-01 3.518171123993401e-01 3.774051869734495e-01
2.562500000000000e-01 3.583077701830001e-01 3.729918320781688e-01
2.593750000000000e-01 3.648859072293631e-01 3.683495019776052e-01
2.625000000000000e-01 3.715531295615936e-01 3.634683979008846e-01
2.656250000000000e-01 3.783110649526354e-01 3.583555592831649e-01
2.687500000000000e-01 3.851613633226258e-01 3.529993857229972e-01
2.718750000000000e-01 3.921056971417164e-01 3.474071245181559e-01
2.750000000000000e-01 3.991457618383991e-01 3.415765584218247e-01
2.781250000000000e-01 4.062832762134377e-01 3.355082043645293e-01
2.812500000000000e-01 4.135199828595055e-01 3.292078899844520e-01
2.843750000000000e-01 4.208576485866312e-01 3.226786707522352e-01
2.875000000000000e-01 4.282980648535585e-01 3.159246972234163e-01
2.906250000000000e-01 4.358430482051222e-01 3.089555106698948e-01
2.937500000000000e-01 4.434944407157500e-01 3.017790395906307e-01
2.968750000000000e-01 4.512541104391968e-01 2.944013565806385e-01
3.000000000000000e-01 4.591239518646220e-01 2.868408629935251e-01
3.031250000000000e-01 4.671058863791195e-01 2.791016673580847e-01
3.062500000000000e-01 4.752018627368176e-01 2.712035491025886e-01
3.093750000000000e-01 4.834138575346580e-01 2.631572452169664e-01
3.125000000000000e-01 4.917438756949728e-01 2.549822078132312e-01
3.156250000000000e-01 5.001939509549778e-01 2.466886732788298e-01
3.187500000000000e-01 5.087661463633005e-01 2.383041528733207e-01
3.218750000000000e-01 5.174625547836644e-01 2.298346333732836e-01
3.250000000000000e-01 5.262852994058529e-01 2.213093699663624e-01
3.281250000000000e-01 5.352365342640750e-01 2.127387294371526e-01
3.312500000000000e-01 5.443184447628656e-01 2.041487852998959e-01
3.343750000000000e-01 5.535332482106405e-01 1.955494969109857e-01
3.375000000000000e-01 5.628831943610435e-01 1.869714986909504e-01
3.406250000000000e-01 5.723705659622137e-01 1.784194403359260e-01
3.437500000000000e-01 5.819976793141081e-01 1.699233143193065e-01
3.468750000000000e-01 5.917668848340161e-01 1.614904602207908e-01
3.500000000000000e-01 6.016805676304035e-01 1.531459130447488e-01
3.531250000000000e-01 6.117411480852264e-01 1.448948951477584e-01
3.562500000000000e-01 6.219510824448572e-01 1.367647047893666e-01
3.593750000000000e-01 6.323128634197650e-01 1.287556254493988e-01
3.625000000000000e-01 6.428290207931012e-01 1.208911309235826e-01
3.656250000000000e-01 6.535021220383342e-01 1.131736984971230e-01
3.687500000000000e-01 6.643347729460869e-01 1.056224544047745e-01
3.718750000000000e-01 6.753296182603294e-01 9.823561084805678e-02
3.750000000000000e-01 6.864893423240808e-01 9.103321597085361e-02
3.781250000000000e-01 6.978166697347804e-01 8.401128102259323e-02
3.812500000000000e-01 7.093143660094854e-01 7.718386778162660e-02
3.843750000000000e-01 7.209852382600603e-01 7.054805218901175e-02
3.875000000000000e-01 7.328321358785219e-01 6.411689619696562e-02
3.906250000000000e-01 7.448579512327029e-01 5.788268025194337e-02
3.937500000000000e-01 7.570656203724140e-01 5.185664522160440e-02
3.968750000000000e-01 7.694581237462648e-01 4.603272579353845e-02
4.000000000000000e-01 7.820384869293291e-01 4.041792042000113e-02
4.031250000000000e-01 7.948097813618253e-01 3.500383923039686e-02
4.062500000000000e-01 8.077751250989945e-01 2.979842642655062e-02
4.093750000000000e-01 8.209376835723596e-01 2.479255919728354e-02
4.125000000000000e-01 8.343006703625532e-01 1.998980745243061e-02
4.156250000000000e-01 8.478673479838968e-01 1.538182779311304e-02
4.187500000000000e-01 8.616410286809313e-01 1.097306408781397e-02
4.218750000000000e-01 8.756250752370857e-01 6.752960023985081e-03
4.250000000000000e-01 8.898229017956865e-01 2.723281262130892e-03
4.281250000000000e-01 9.042379746935050e-01 -1.124370911896414e-03
4.312500000000000e-01 9.188738133070491e-01 -4.788249886498003e-03
4.343750000000000e-01 9.337339909118028e-01 -8.278992942859381e-03
4.375000000000000e-01 9.488221355546261e-01 -1.159600553549556e-02
4.406250000000000e-01 9.641419309395265e-01 -1.474760929075060e-02
4.437500000000000e-01 9.796971173270190e-01 -1.773368787615279e-02
4.468750000000000e-01 9.954914924472941e-01 -2.056430849600381e-02
4.500000000000000e-01 1.011528912427417e+00 -2.323977267158451e-02
4.531250000000000e-01 1.027813292732786e+00 -2.576799469862614e-02
4.562500000000000e-01 1.044348609123070e+00 -2.814963376944545e-02
4.593750000000000e-01 1.061138898622882e+00 -3.039393648174795e-02
4.625000000000000e-01 1.078188260507393e+00 -3.250192046442438e-02
4.656250000000000e-01 1.095500857303154e+00 -3.448083483687088e-02
4.687500000000000e-01 1.113080915804360e+00 -3.633153541262107e-02
4.718750000000000e-01 1.130932728104805e+00 -3.806227797103316e-02
4.750000000000000e-01 1.149060652645771e+00 -3.967463166910054e-02
4.781250000000000e-01 1.167469115280130e+00 -4.117515924224952e-02
4.812500000000000e-01 1.186162610352890e+00 -4.256463751985821e-02
4.843750000000000e-01 1.205145701798475e+00 -4.385006706655175e-02
4.875000000000000e-01 1.224423024254985e+00 -4.503324245783630e-02
4.906250000000000e-01 1.243999284195726e+00 -4.612023278105692e-02
4.937500000000000e-01 1.263879261078271e+00 -4.711190252894290e-02
4.968750000000000e-01 1.284067808511348e+00 -4.801376762937047e-02
5.000000000000000e-01 1.304569855439823e+00 -4.882723930820590e-02
5.031250000000000e-01 1.325390407348082e+00 -4.955787930215600e-02
5.062500000000000e-01 1.346534547482100e+00 -5.020699201457595e-02
5.093750000000000e-01 1.368007438090487e+00 -5.077894029278688e-02
5.125000000000001e-01 1.389814321684837e+00 -5.127455158279045e-02
5.156250000000000e-01 1.411960522319654e+00 -5.169822642743360e-02
5.187500000000000e-01 1.434451446892208e+00 -5.205119099873875e-02
5.218750000000000e-01 1.457292586462593e+00 -5.233732214374433e-02
5.250000000000000e-01 1.480489517594354e+00 -5.255761045568867e-02
5.281250000000001e-01 1.504047903715979e+00 -5.271509741887773e-02
5.312500000000000e-01 1.527973496503592e+00 -5.281042570615913e-02
5.343750000000000e-01 1.552272137285215e+00 -5.284648965937959e-02
5.375000000000000e-01 1.576949758466886e+00 -5.282397396398131e-02
5.406250000000000e-01 1.602012384981041e+00 -5.274530112814173e-02
5.437500000000001e-01 1.627466135757470e+00 -5.261113056241047e-02
5.468750000000000e-01 1.653317225217225e+00 -5.242313876780835e-02
5.500000000000000e-01 1.679571964789851e+00 -5.218179160478124e-02
5.531250000000000e-01 1.706236764454286e+00 -5.188833229101767e-02
5.562500000000000e-01 1.733318134303830e+00 -5.154297522967179e-02
5.593750000000001e-01 1.760822686135563e+00 -5.114664262797589e-02
5.625000000000000e-01 1.788757135064574e+00 -5.069927157344698e-02
5.656250000000000e-01 1.817128301163438e+00 -5.020130264865999e-02
5.687500000000000e-01 1.845943111127301e+00 -4.965238675688026e-02
5.718750000000000e-01 1.875208599965003e+00 -4.905240209118578e-02
5.750000000000001e-01 1.904931912716643e+00 -4.840070650050229e-02
5.781250000000000e-01 1.935120306198011e+00 -4.769666741127548e-02
5.812500000000000e-01 1.965781150772311e+00 -4.693932610924371e-02
5.843750000000000e-01 1.996921932149593e+00 -4.612761260322432e-02
5.875000000000000e-01 2.028550253214365e+00 -4.526022709582742e-02
5.906250000000001e-01 2.060673835881802e+00 -4.433571418859398e-02
5.937500000000000e-01 2.093300522983012e+00 -4.335243671710382e-02
5.968750000000000e-01 2.126438280179837e+00 -4.230860916897038e-02
6.000000000000001e-01 2.160095197909630e+00 -4.120231142251744e-02
6.031250000000000e-01 2.194279493360494e+00 -4.003152416874323e-02
6.062500000000001e-01 2.228999512477486e+00 -3.879416924577355e-02
6.093750000000000e-01 2.264263732000228e+00 -3.748816527252399e-02
6.125000000000000e-01 2.300080761532477e+00 -3.611149709584555e-02
6.156250000000001e-01 2.336459345644116e+00 -3.466230276495834e-02
6.187500000000000e-01 2.373408366006099e+00 -3.313897950916827e-02
6.218750000000001e-01 2.410936843558884e+00 -3.154031067426748e-02
6.250000000000000e-01 2.449053940714840e+00 -2.986561454258594e-02
6.281250000000000e-01 2.487768963595221e+00 -2.811491493717094e-02
6.312500000000001e-01 2.527091364302215e+00 -2.628913179583494e-02
6.343750000000000e-01 2.567030743226622e+00 -2.439028766566554e-02
6.375000000000001e-01 2.607596851391758e+00 -2.242172325085101e-02
6.406250000000000e-01 2.648799592834118e+00 -2.038831189949058e-02
6.437500000000000e-01 2.690649027021411e+00 -1.829665950521677e-02
6.468750000000001e-01 2.733155371308524e+00 -1.615527317511432e-02
6.500000000000000e-01 2.776329003432049e+00 -1.397467977253249e-02
6.531250000000001e-01 2.820180464043967e+00 -1.176747475724584e-02
6.562500000000000e-01 2.864720459285089e+00 -9.548283241548303e-03
6.593750000000000e-01 2.909959863398929e+00 -7.333619263624181e-03
6.625000000000001e-01 2.955909721386590e+00 -5.141635960953210e-03
6.656250000000000e-01 3.002581251703353e+00 -2.991768113225182e-03
6.687500000000001e-01 3.049985848997626e+00 -9.042784106620402e-04
6.718750000000000e-01 3.098135086892879e+00 1.100271597824961e-03
6.750000000000000e-01 3.147040720813310e+00 3.001597127920154e-03
6.781250000000001e-01 3.196714690853871e+00 4.780278938936671e-03
6.812500000000000e-01 3.247169124695383e+00 6.418331139196853e-03
6.843750000000001e-01 3.298416340565477e+00 7.899717256812549e-03
6.875000000000000e-01 3.350468850246008e+00 9.210790652830756e-03
6.906250000000000e-01 3.403339362127777e+00 1.034064443146827e-02
6.937500000000001e-01 3.457040784313211e+00 1.128136572729115e-02
6.968750000000000e-01 3.511586227767823e+00 1.202819797868781e-02
7.000000000000001e-01 3.566989009521205e+00 1.257962113785304e-02
7.031250000000000e-01 3.623262655918307e+00 1.293736280772688e-02
7.062500000000000e-01 3.680420905921852e+00 1.310635274095331e-02
7.093750000000001e-01 3.738477714466631e+00 1.309462934870734e-02
7.125000000000000e-01 3.797447255866536e+00 1.291320082629654e-02
7.156250000000001e-01 3.857343927275175e+00 1.257585667373469e-02
7.187500000000000e-01 3.918182352200844e+00 1.209891951668441e-02
7.218750000000000e-01 3.979977384076828e+00 1.150092394519497e-02
7.250000000000001e-01 4.042744109887770e+00 1.080220994446491e-02
7.281250000000000e-01 4.106497853853101e+00 1.002442403307095e-02
7.312500000000001e-01 4.171254181168399e+00 9.189931112357212e-03
7.343750000000000e-01 4.237028901805528e+00 8.321152887911101e-03
7.375000000000000e-01 4.303838074372613e+00 7.439862322202138e-03
7.406250000000001e-01 4.371698010034643e+00 6.566475270077192e-03
7.437500000000000e-01 4.440625276495786e+00 5.719387749023991e-03
7.468750000000001e-01 4.510636702044332e+00 4.914408447766476e-03
7.500000000000000e-01 4.581749379661216e+00 4.164330460322075e-03
7.531250000000000e-01 4.653980671193226e+00 3.478674496746528e-03
7.562500000000001e-01 4.727348211591802e+00 2.863619717234966e-03
7.593750000000000e-01 4.801869913218528e+00 2.322120316101984e-03
7.625000000000001e-01 4.877563970218381e+00 1.854188688640703e-03
7.656250000000000e-01 4.954448862961714e+00 1.457311784791019e-03
7.687500000000000e-01 5.032543362556198e+00 1.126957752944650e-03
7.718750000000001e-01 5.111866535429675e+00 8.571260035005228e-04
7.750000000000000e-01 5.192437747985146e+00 6.408952960285737e-04
7.781250000000001e-01 5.274276671329015e+00 4.709305540226907e-04
7.812500000000000e-01 5.357403286073669e+00 3.399185000786839e-04
7.843750000000000e-01 5.441837887215693e+00 2.409132975292621e-04
7.875000000000001e-01 5.527601089090773e+00 1.675846113360221e-04
7.906250000000000e-01 5.614713830406605e+00 1.143705218533147e-04
7.937500000000001e-01 5.703197379355005e+00 7.654558180059820e-05
7.968750000000000e-01 5.793073338804412e+00 5.021949341991416e-05
8.000000000000000e-01 5.884363651574169e+00 3.228433751771418e-05
8.031250000000001e-01 5.977090605791737e+00 2.032831719748470e-05
8.062500000000000e-01 6.071276840334257e+00 1.253214704678506e-05
8.093750000000001e-01 6.166945350355728e+00 7.561200978743460e-06
8.125000000000000e-01 6.264119492901173e+00 4.462997758003212e-06
8.156250000000000e-01 6.362822992609162e+00 2.576116036230757e-06
8.187500000000001e-01 6.463079947504072e+00 1.453592169227761e-06
8.218750000000000e-01 6.564914834879517e+00 8.014883565543549e-07
8.250000000000001e-01 6.668352517274371e+00 4.316902725755623e-07
8.281250000000000e-01 6.773418248542846e+00 2.270464388934448e-07
8.312500000000000e-01 6.880137680020114e+00 1.165670465829690e-07
8.343750000000001e-01 6.988536866784961e+00 5.839979604083122e-08
8.375000000000000e-01 7.098642274021019e+00 2.854182539562398e-08
8.406250000000001e-01 7.210480783478133e+00 1.360355104924444e-08
8.437500000000000e-01 7.324079700035414e+00 6.321107287004062e-09
8.468750000000000e-01 7.439466758367605e+00 2.862724761672872e-09
8.500000000000001e-01 7.556670129716381e+00 1.263257685144379e-09
8.531250000000000e-01 7.675718428768239e+00 5.430199250681386e-10
8.562500000000001e-01 7.796640720640633e+00 2.273221755205292e-10
8.593750000000000e-01 7.919466527978115e+00 9.265440279617635e-11
8.625000000000000e-01 8.044225838160141e+00 3.676120797509961e-11
8.656250000000001e-01 8.170949110622363e+00 1.419447714074445e-11
8.687500000000000e-01 8.299667284293170e+00 5.332938632273345e-12
8.718750000000001e-01 8.430411785147284e+00 1.949162839745572e-12
8.750000000000000e-01 8.563214533878281e+00 6.929244449532935e-13
8.781250000000000e-01 8.698107953691880e+00 2.395558309429890e-13
8.812500000000001e-01 8.835124978221932e+00 8.052718571400545e-14
8.843750000000000e-01 8.974299059571019e+00 2.631660413102475e-14
8.875000000000001e-01 9.115664176477637e+00 8.360073463606441e-15
8.906250000000000e-01 9.259254842611947e+00 2.581245124715490e-15
8.937500000000000e-01 9.405106115002161e+00 7.745292150250805e-16
8.968750000000001e-01 9.553253602593529e+00 2.258346780189331e-16
9.000000000000000e-01 9.703733474942130e+00 6.398038567450749e-17
9.031250000000001e-01 9.856582471045494e+00 1.761042018856540e-17
9.062500000000000e-01 1.001183790831228e+01 4.708975792551945e-18
9.093750000000000e-01 1.016953769167313e+01 1.223173757744317e-18
9.125000000000001e-01 1.032972032283505e+01 3.086239355270233e-19
9.156250000000000e-01 1.049242490968134e+01 7.563610835938662e-20
9.187500000000001e-01 1.065769117581972e+01 1.800398599668520e-20
9.218750000000000e-01 1.082555947028058e+01 4.162298016473616e-21
9.250000000000000e-01 1.099607077736805e+01 9.345680724694466e-22
9.281250000000001e-01 1.116926672666618e+01 2.037948644458293e-22
9.312500000000000e-01 1.134518960320255e+01 4.315928130534914e-23
9.343750000000001e-01 1.152388235777201e+01 8.876683537513821e-24
9.375000000000000e-01 1.170538861742293e+01 1.773055544316511e-24
9.406250000000000e-01 1.188975269610854e+01 3.439465888429928e-25
9.437500000000001e-01 1.207701960550600e+01 6.479792273814183e-26
9.468750000000000e-01 1.226723506600578e+01 1.185602636131343e-26
9.500000000000001e-01 1.246044551787411e+01 2.106851485380911e-27
9.531250000000000e-01 1.265669813259115e+01 3.636269627646398e-28
9.562500000000000e-01 1.285604082436773e+01 6.095624449754178e-29
9.593750000000001e-01 1.305852226184337e+01 9.925094407935676e-30
9.625000000000000e-01 1.326419187996850e+01 1.569717245816904e-30
9.656250000000001e-01 1.347309989207381e+01 2.411549244658800e-31
9.687500000000000e-01 1.368529730212962e+01 3.598966542017116e-32
9.718750000000000e-01 1.390083591719824e+01 5.217793288586685e-33
9.750000000000001e-01 1.411976836008246e+01 7.349283672354372e-34
9.781250000000000e-01 1.434214808217320e+01 1.005715436771061e-34
9.812500000000001e-01 1.456802937649935e+01 1.337214799619959e-35
9.843750000000000e-01 1.479746739098328e+01 1.727619908262848e-36
9.875000000000000e-01 1.503051814190487e+01 2.168912762152942e-37
9.906250000000001e-01 1.526723852757770e+01 2.646155565772406e-38
9.937500000000000e-01 1.550768634224049e+01 3.135182564346318e-39
9.968750000000001e-01 1.575192029016732e+01 3.853791801436865e-40
1.000000000000000e+00 1.600000000000000e+01 -1.218443293732976e-40
