0.000000000000000e+00 0.000000000000000e+00 5.778575666523618e-04
3.125000000000000e-03 3.369263549427258e-03 5.778575666523605e-04
6.250000000000000e-03 6.739349689698711e-03 -4.950638783027956e-04
9.375000000000001e-03 1.011108121249049e-02 -4.505305045044970e-04
1.250000000000000e-02 1.348528131119160e-02 4.915864863379911e-06
1.562500000000000e-02 1.686277378188298e-02 2.513411776075015e-05
1.875000000000000e-02 2.024438322446370e-02 -1.015283867585571e-04
2.187500000000000e-02 2.363093524397333e-02 -8.519961538837915e-05
2.500000000000000e-02 2.702325665215984e-02 -6.576144099114270e-05
2.812500000000000e-02 3.042217566934200e-02 -5.000426259693549e-05
3.125000000000000e-02 3.382852212661575e-02 -8.877239452512120e-05
3.437500000000000e-02 3.724312766845378e-02 -5.828316344149390e-05
3.750000000000001e-02 4.066682595574785e-02 -8.528745507227630e-05
4.062500000000000e-02 4.410045286934348e-02 -4.068240241651580e-05
4.375000000000000e-02 4.754484671411652e-02 -8.753825609964930e-05
4.687500000000000e-02 5.100084842364160e-02 -6.120866630826045e-05
5.000000000000000e-02 5.446930176550237e-02 -8.393444297344189e-05
5.312500000000001e-02 5.795105354729364e-02 -4.158162426297786e-05
5.625000000000000e-02 6.144695382336569e-02 -7.348592451814903e-05
5.937500000000000e-02 6.495785610236132e-02 -5.592355492484421e-05
6.250000000000000e-02 6.848461755559625e-02 -6.393404882524046e-05
6.562500000000000e-02 7.202809922633362e-02 -7.053178133267455e-05
6.875000000000001e-02 7.558916624000402e-02 -6.398680139070603e-05
7.187500000000001e-02 7.916868801542200e-02 -7.021534661237226e-05
7.500000000000001e-02 8.276753847705080e-02 -6.563078557341351e-05
7.812500000000000e-02 8.638659626836727e-02 -6.141066373928854e-05
8.125000000000000e-02 9.002674496637868e-02 -7.383956430558395e-05
8.437500000000001e-02 9.368887329734420e-02 -6.024780909645459e-05
8.750000000000001e-02 9.737387535375355e-02 -7.797673402292919e-05
9.062500000000001e-02 1.010826508126157e-01 -7.475175901593474e-05
9.375000000000000e-02 1.048161051551108e-01 -7.115152610498550e-05
9.687500000000000e-02 1.085751498876601e-01 -7.383465967599975e-05
1.000000000000000e-01 1.123607027644654e-01 -6.225403394136292e-05
1.031250000000000e-01 1.161736880115753e-01 -7.793325239101803e-05
1.062500000000000e-01 1.200150365525305e-01 -6.942929164004832e-05
1.093750000000000e-01 1.238856862356450e-01 -7.660593521582354e-05
1.125000000000000e-01 1.277865820629775e-01 -5.633176949449049e-05
1.156250000000000e-01 1.317186764210495e-01 -7.038870376592457e-05
1.187500000000000e-01 1.356829293133661e-01 -6.772291124720936e-05
1.218750000000000e-01 1.396803085947971e-01 -7.775910471858484e-05
1.250000000000000e-01 1.437117902078738e-01 -6.400429390928784e-05
1.281250000000000e-01 1.477783584210617e-01 -6.528740881109988e-05
1.312500000000000e-01 1.518810060690650e-01 -6.213498645170846e-05
1.343750000000000e-01 1.560207347952229e-01 -6.411403427161069e-05
1.375000000000000e-01 1.601985552960564e-01 -6.236090386548588e-05
1.406250000000000e-01 1.644154875680252e-01 -6.893397817647829e-05
1.437500000000000e-01 1.686725611565558e-01 -7.206214209784472e-05
1.468750000000000e-01 1.729708154074000e-01 -7.137775226780376e-05
1.500000000000000e-01 1.773112997203869e-01 -6.377881515406146e-05
1.531250000000000e-01 1.816950738056289e-01 -7.470286988207179e-05
1.562500000000000e-01 1.861232079422458e-01 -6.996540022578791e-05
1.593750000000000e-01 1.905967832396682e-01 -6.611859476729159e-05
1.625000000000000e-01 1.951168919015860e-01 -7.019296290130488e-05
1.656250000000000e-01 1.996846374926046e-01 -7.420585301396000e-05
1.687500000000000e-01 2.043011352076760e-01 -7.062537081498426e-05
1.718750000000000e-01 2.089675121443681e-01 -6.366169948302836e-05
1.750000000000000e-01 2.136849075780412e-01 -7.512805157634709e-05
1.781250000000000e-01 2.184544732399964e-01 -6.218522454250956e-05
1.812500000000000e-01 2.232773735986666e-01 -7.322984952336467e-05
1.843750000000000e-01 2.281547861439151e-01 -6.939217422424501e-05
1.875000000000000e-01 2.330879016745160e-01 -6.372582367253807e-05
1.906250000000000e-01 2.380779245888810e-01 -6.553193943680422e-05
1.937500000000000e-01 2.431260731791094e-01 -7.145745247722412e-05
1.968750000000000e-01 2.482335799284277e-01 -6.592055909359273e-05
2.000000000000000e-01 2.534016918120952e-01 -6.942479601238335e-05
2.031250000000000e-01 2.586316706018478e-01 -6.371012419707892e-05
2.062500000000000e-01 2.639247931739538e-01 -7.250812617965901e-05
2.093750000000000e-01 2.692823518209576e-01 -7.344872440869081e-05
2.125000000000000e-01 2.747056545671873e-01 -7.168718093054199e-05
2.156250000000000e-01 2.801960254881028e-01 -7.070334337363117e-05
2.187500000000000e-01 2.857548050335636e-01 -6.825040915018123e-05
2.218750000000000e-01 2.913833503550930e-01 -7.102928014874475e-05
2.250000000000000e-01 2.970830356372213e-01 -6.731263256995522e-05
2.281250000000000e-01 3.028552524329863e-01 -7.316574458762151e-05
2.312500000000000e-01 3.087014100036755e-01 -6.958864856559509e-05
2.343750000000000e-01 3.146229356628902e-01 -6.825706805198151e-05
2.375000000000000e-01 3.206212751250189e-01 -6.582634617173557e-05
2.406250000000000e-01 3.266978928582008e-01 -7.006898970506959e-05
2.437500000000000e-01 3.328542724418705e-01 -6.764803885332954e-05
2.468750000000000e-01 3.390919169289667e-01 -7.042124058552327e-05
2.500000000000000e-01 3.454123492128958e-01 -6.850611460457810e-05
2.531250000000000e-01 3.518171123993401e-01 -7.200909524818063e-05
2.562500000000000e-01 3.583077701830001e-01 -7.054919374682633e-05
2.593750000000000e-01 3.648859072293631e-01 -7.088195914869538e-05
2.625000000000000e-01 3.715531295615936e-01 -7.236817892477545e-05
2.656250000000000e-01 3.783110649526354e-01 -7.074950284909553e-05
2.687500000000000e-01 3.851613633226258e-01 -7.119756288390236e-05
2.718750000000000e-01 3.921056971417164e-01 -6.825631937794476e-05
2.750000000000000e-01 3.991457618383991e-01 -7.011326483832141e-05
2.781250000000000e-01 4.062832762134377e-01 -6.797463319547913e-05
2.812500000000000e-01 4.135199828595055e-01 -7.164513931998000e-05
2.843750000000000e-01 4.208576485866312e-01 -7.145664188934837e-05
2.875000000000000e-01 4.282980648535585e-01 -7.075557275189075e-05
2.906250000000000e-01 4.358430482051222e-01 -6.883224856936340e-05
2.937500000000000e-01 4.434944407157500e-01 -7.387965054029625e-05
2.968750000000000e-01 4.512541104391968e-01 -7.295742595214344e-05
3.000000000000000e-01 4.591239518646220e-01 -7.035056005120527e-05
3.031250000000000e-01 4.671058863791195e-01 -7.181044930709470e-05
3.062500000000000e-01 4.752018627368176e-01 -7.110838586007169e-05
3.093750000000000e-01 4.834138575346580e-01 -7.197345310784660e-05
3.125000000000000e-01 4.917438756949728e-01 -7.081095531947086e-05
3.156250000000000e-01 5.001939509549778e-01 -7.206194840973706e-05
3.187500000000000e-01 5.087661463633005e-01 -7.131705446883443e-05
3.218750000000000e-01 5.174625547836644e-01 -7.317314606857720e-05
3.250000000000000e-01 5.262852994058529e-01 -7.216426401189188e-05
3.281250000000000e-01 5.352365342640750e-01 -7.215469893410754e-05
3.312500000000000e-01 5.443184447628656e-01 -7.315672530800157e-05
3.343750000000000e-01 5.535332482106405e-01 -7.241442229582415e-05
3.375000000000000e-01 5.628831943610435e-01 -7.307273504226870e-05
3.406250000000000e-01 5.723705659622137e-01 -7.409032777873210e-05
3.437500000000000e-01 5.819976793141081e-01 -7.383212593508944e-05
3.468750000000000e-01 5.917668848340161e-01 -7.268297929658184e-05
3.500000000000000e-01 6.016805676304035e-01 -7.357729356953289e-05
3.531250000000000e-01 6.117411480852264e-01 -7.321326123960989e-05
3.562500000000000e-01 6.219510824448572e-01 -7.343611294487892e-05
3.593750000000000e-01 6.323128634197650e-01 -7.537613333323165e-05
3.625000000000000e-01 6.428290207931012e-01 -7.586694376896380e-05
3.656250000000000e-01 6.535021220383342e-01 -7.473190821878864e-05
3.687500000000000e-01 6.643347729460869e-01 -7.416861541514952e-05
3.718750000000000e-01 6.753296182603294e-01 -7.468902169292858e-05
3.750000000000000e-01 6.864893423240808e-01 -7.579351378716262e-05
3.781250000000000e-01 6.978166697347804e-01 -7.523601123950725e-05
3.812500000000000e-01 7.093143660094854e-01 -7.611797971343895e-05
3.843750000000000e-01 7.209852382600603e-01 -7.634211416194206e-05
3.875000000000000e-01 7.328321358785219e-01 -7.687771191116606e-05
3.906250000000000e-01 7.448579512327029e-01 -7.761794294838578e-05
3.937500000000000e-01 7.570656203724140e-01 -7.656767798882971e-05
3.968750000000000e-01 7.694581237462648e-01 -7.779079207345178e-05
4.000000000000000e-01 7.820384869293291e-01 -7.697525481293092e-05
4.031250000000000e-01 7.948097813618253e-01 -7.832271784710739e-05
4.062500000000000e-01 8.077751250989945e-01 -7.866277508451899e-05
4.093750000000000e-01 8.209376835723596e-01 -7.883003122082077e-05
4.125000000000000e-01 8.343006703625532e-01 -7.996467907334046e-05
4.156250000000000e-01 8.478673479838968e-01 -7.873886387330582e-05
4.187500000000000e-01 8.616410286809313e-01 -8.042630840947123e-05
4.218750000000000e-01 8.756250752370857e-01 -7.967264526977834e-05
4.250000000000000e-01 8.898229017956865e-01 -8.108914924947875e-05
4.281250000000000e-01 9.042379746935050e-01 -8.203740541495188e-05
4.312500000000000e-01 9.188738133070491e-01 -8.137980510783314e-05
4.343750000000000e-01 9.337339909118028e-01 -8.308718725978409e-05
4.375000000000000e-01 9.488221355546261e-01 -8.181642519601809e-05
4.406250000000000e-01 9.641419309395265e-01 -8.324867860795172e-05
4.437500000000000e-01 9.796971173270190e-01 -8.408511862954596e-05
4.468750000000000e-01 9.954914924472941e-01 -8.427736954429122e-05
4.500000000000000e-01 1.011528912427417e+00 -8.563789081661730e-05
4.531250000000000e-01 1.027813292732786e+00 -8.505973093952568e-05
4.562500000000000e-01 1.044348609123070e+00 -8.608499729225080e-05
4.593750000000000e-01 1.061138898622882e+00 -8.690830131798107e-05
4.625000000000000e-01 1.078188260507393e+00 -8.774147919337621e-05
4.656250000000000e-01 1.095500857303154e+00 -8.842693454751390e-05
4.687500000000000e-01 1.113080915804360e+00 -8.878255935112465e-05
4.718750000000000e-01 1.130932728104805e+00 -8.939709037178731e-05
4.750000000000000e-01 1.149060652645771e+00 -9.053591482067817e-05
4.781250000000000e-01 1.167469115280130e+00 -9.233758550349745e-05
4.812500000000000e-01 1.186162610352890e+00 -9.161544595675386e-05
4.843750000000000e-01 1.205145701798475e+00 -9.255187462382340e-05
4.875000000000000e-01 1.224423024254985e+00 -9.477005579035720e-05
4.906250000000000e-01 1.243999284195726e+00 -9.482546483293779e-05
4.937500000000000e-01 1.263879261078271e+00 -9.591279251848251e-05
4.968750000000000e-01 1.284067808511348e+00 -9.706219979903763e-05
5.000000000000000e-01 1.304569855439823e+00 -9.819409898796202e-05
5.031250000000000e-01 1.325390407348082e+00 -9.936888550211891e-05
5.062500000000000e-01 1.346534547482100e+00 -1.003259233914693e-04
5.093750000000000e-01 1.368007438090487e+00 -1.019036310612237e-04
5.125000000000001e-01 1.389814321684837e+00 -1.029429714525130e-04
5.156250000000000e-01 1.411960522319654e+00 -1.043967440137482e-04
5.187500000000000e-01 1.434451446892208e+00 -1.058412434792381e-04
5.218750000000000e-01 1.457292586462593e+00 -1.071675470853830e-04
5.250000000000000e-01 1.480489517594354e+00 -1.089744983964501e-04
5.281250000000001e-01 1.504047903715979e+00 -1.102847422841154e-04
5.312500000000000e-01 1.527973496503592e+00 -1.122181922103410e-04
5.343750000000000e-01 1.552272137285215e+00 -1.139779268167730e-04
5.375000000000000e-01 1.576949758466886e+00 -1.155758510423913e-04
5.406250000000000e-01 1.602012384981041e+00 -1.179760763618038e-04
5.437500000000001e-01 1.627466135757470e+00 -1.196138916356558e-04
5.468750000000000e-01 1.653317225217225e+00 -1.218419873751474e-04
5.500000000000000e-01 1.679571964789851e+00 -1.244130194237026e-04
5.531250000000000e-01 1.706236764454286e+00 -1.262234342362634e-04
5.562500000000000e-01 1.733318134303830e+00 -1.291393292540200e-04
5.593750000000001e-01 1.760822686135563e+00 -1.317750282637926e-04
5.625000000000000e-01 1.788757135064574e+00 -1.340882361209788e-04
5.656250000000000e-01 1.817128301163438e+00 -1.375322126582687e-04
5.687500000000000e-01 1.845943111127301e+00 -1.403517019555613e-04
5.718750000000000e-01 1.875208599965003e+00 -1.433556037909882e-04
5.750000000000001e-01 1.904931912716643e+00 -1.472116432638961e-04
5.781250000000000e-01 1.935120306198011e+00 -1.505166817154293e-04
5.812500000000000e-01 1.965781150772311e+00 -1.543053432466668e-04
5.843750000000000e-01 1.996921932149593e+00 -1.585654028564273e-04
5.875000000000000e-01 2.028550253214365e+00 -1.626396879764120e-04
5.906250000000001e-01 2.060673835881802e+00 -1.672733916668131e-04
5.937500000000000e-01 2.093300522983012e+00 -1.720156079698383e-04
5.968750000000000e-01 2.126438280179837e+00 -1.771088382633681e-04
6.000000000000001e-01 2.160095197909630e+00 -1.828101620201839e-04
6.031250000000000e-01 2.194279493360494e+00 -1.882093286468050e-04
6.062500000000001e-01 2.228999512477486e+00 -1.944418424212288e-04
6.093750000000000e-01 2.264263732000228e+00 -2.016195777829254e-04
6.125000000000000e-01 2.300080761532477e+00 -2.080395605992737e-04
6.156250000000001e-01 2.336459345644116e+00 -2.153236645238885e-04
6.187500000000000e-01 2.373408366006099e+00 -2.244367540827326e-04
6.218750000000001e-01 2.410936843558884e+00 -2.327952346351886e-04
6.250000000000000e-01 2.449053940714840e+00 -2.410492134408126e-04
6.281250000000000e-01 2.487768963595221e+00 -2.520176560950489e-04
6.312500000000001e-01 2.527091364302215e+00 -2.638810841004353e-04
6.343750000000000e-01 2.567030743226622e+00 -2.741275089402908e-04
6.375000000000001e-01 2.607596851391758e+00 -2.857738062481586e-04
6.406250000000000e-01 2.648799592834118e+00 -3.017286274075949e-04
6.437500000000000e-01 2.690649027021411e+00 -3.178203161919094e-04
6.468750000000001e-01 2.733155371308524e+00 -3.306692236402976e-04
6.500000000000000e-01 2.776329003432049e+00 -3.469490928319413e-04
6.531250000000001e-01 2.820180464043967e+00 -3.714366139696672e-04
6.562500000000000e-01 2.864720459285089e+00 -3.945118105564687e-04
6.593750000000000e-01 2.909959863398929e+00 -4.100122835359047e-04
6.625000000000001e-01 2.955909721386590e+00 -4.320503606178507e-04
6.656250000000000e-01 3.002581251703353e+00 -4.706922173239164e-04
6.687500000000001e-01 3.049985848997626e+00 -5.081279487850872e-04
6.718750000000000e-01 3.098135086892879e+00 -5.276812918857086e-04
6.750000000000000e-01 3.147040720813310e+00 -5.497706148459930e-04
6.781250000000001e-01 3.196714690853871e+00 -6.043160282576718e-04
6.812500000000000e-01 3.247169124695383e+00 -6.760539694426769e-04
6.843750000000001e-01 3.298416340565477e+00 -7.164321979483387e-04
6.875000000000000e-01 3.350468850246008e+00 -7.182029850546614e-04
6.906250000000000e-01 3.403339362127777e+00 -7.427800399003326e-04
6.937500000000001e-01 3.457040784313211e+00 -8.424037233585453e-04
6.968750000000000e-01 3.511586227767823e+00 -9.679983105004350e-04
7.000000000000001e-01 3.566989009521205e+00 -9.945371259381934e-04
7.031250000000000e-01 3.623262655918307e+00 -8.594515162288411e-04
7.062500000000000e-01 3.680420905921852e+00 -6.584320824994538e-04
7.093750000000001e-01 3.738477714466631e+00 -5.655126985962451e-04
7.125000000000000e-01 3.797447255866536e+00 -6.219759748120214e-04
7.156250000000001e-01 3.857343927275175e+00 -5.778063888266883e-04
7.187500000000000e-01 3.918182352200844e+00 6.496895727718362e-05
7.218750000000000e-01 3.979977384076828e+00 1.817267762077829e-03
7.250000000000001e-01 4.042744109887770e+00 4.924035611800265e-03
7.281250000000000e-01 4.106497853853101e+00 9.207507274966196e-03
7.312500000000001e-01 4.171254181168399e+00 1.410507278978405e-02
7.343750000000000e-01 4.237028901805528e+00 1.885951579565878e-02
7.375000000000000e-01 4.303838074372613e+00 2.275322236420438e-02
7.406250000000001e-01 4.371698010034643e+00 2.528407444124089e-02
7.437500000000000e-01 4.440625276495786e+00 2.623803692340165e-02
7.468750000000001e-01 4.510636702044332e+00 2.566622595847913e-02
7.500000000000000e-01 4.581749379661216e+00 2.380699928501585e-02
7.531250000000000e-01 4.653980671193226e+00 2.099397315039340e-02
7.562500000000001e-01 4.727348211591802e+00 1.757765317399397e-02
7.593750000000000e-01 4.801869913218528e+00 1.387305747751884e-02
7.625000000000001e-01 4.877563970218381e+00 1.013289748179344e-02
7.656250000000000e-01 4.954448862961714e+00 6.540605095428815e-03
7.687500000000000e-01 5.032543362556198e+00 3.215595930103033e-03
7.718750000000001e-01 5.111866535429675e+00 2.244570603720179e-04
7.750000000000000e-01 5.192437747985146e+00 -2.406190680624210e-03
7.781250000000001e-01 5.274276671329015e+00 -4.677653668647307e-03
7.812500000000000e-01 5.357403286073669e+00 -6.608762353473196e-03
7.843750000000000e-01 5.441837887215693e+00 -8.227771020857940e-03
7.875000000000001e-01 5.527601089090773e+00 -9.566392383473286e-03
7.906250000000000e-01 5.614713830406605e+00 -1.065596250956894e-02
7.937500000000001e-01 5.703197379355005e+00 -1.152534149365731e-02
7.968750000000000e-01 5.793073338804412e+00 -1.219963469818440e-02
8.000000000000000e-01 5.884363651574169e+00 -1.269933929871133e-02
8.031250000000001e-01 5.977090605791737e+00 -1.303982307782040e-02
8.062500000000000e-01 6.071276840334257e+00 -1.323136974939959e-02
8.093750000000001e-01 6.166945350355728e+00 -1.327994752828475e-02
8.125000000000000e-01 6.264119492901173e+00 -1.318776223018704e-02
8.156250000000000e-01 6.362822992609162e+00 -1.295290411417223e-02
8.187500000000001e-01 6.463079947504072e+00 -1.256772159398576e-02
8.218750000000000e-01 6.564914834879517e+00 -1.201732209649383e-02
8.250000000000001e-01 6.668352517274371e+00 -1.128027192940918e-02
8.281250000000000e-01 6.773418248542846e+00 -1.033327523062515e-02
8.312500000000000e-01 6.880137680020114e+00 -9.159627473200095e-03
8.343750000000001e-01 6.988536866784961e+00 -7.759089624202923e-03
8.375000000000000e-01 7.098642274021019e+00 -6.155627612536818e-03
8.406250000000001e-01 7.210480783478133e+00 -4.400090898834949e-03
8.437500000000000e-01 7.324079700035414e+00 -2.566878718849430e-03
8.468750000000000e-01 7.439466758367605e+00 -7.458056379591526e-04
8.500000000000001e-01 7.556670129716381e+00 9.684099942864683e-04
8.531250000000000e-01 7.675718428768239e+00 2.486689886189448e-03
8.562500000000001e-01 7.796640720640633e+00 3.734710536835970e-03
8.593750000000000e-01 7.919466527978115e+00 4.660000204049821e-03
8.625000000000000e-01 8.044225838160141e+00 5.236774050120335e-03
8.656250000000001e-01 8.170949110622363e+00 5.468132312487693e-03
8.687500000000000e-01 8.299667284293170e+00 5.385079185882900e-03
8.718750000000001e-01 8.430411785147284e+00 5.042032172886284e-03
8.750000000000000e-01 8.563214533878281e+00 4.509165094502124e-03
8.781250000000000e-01 8.698107953691880e+00 3.862784884386408e-03
8.812500000000001e-01 8.835124978221932e+00 3.175554918112818e-03
8.843750000000000e-01 8.974299059571019e+00 2.508436622481228e-03
8.875000000000001e-01 9.115664176477637e+00 1.905694557689885e-03
8.906250000000000e-01 9.259254842611947e+00 1.393427986917208e-03
8.937500000000000e-01 9.405106115002161e+00 9.812009932983036e-04
8.968750000000001e-01 9.553253602593529e+00 6.657352919727837e-04
9.000000000000000e-01 9.703733474942130e+00 4.354333628208743e-04
9.031250000000001e-01 9.856582471045494e+00 2.746691496329382e-04
9.062500000000000e-01 1.001183790831228e+01 1.671655406495697e-04
9.093750000000000e-01 1.016953769167313e+01 9.819838951260243e-05
9.125000000000001e-01 1.032972032283505e+01 5.569902132673390e-05
9.156250000000000e-01 1.049242490968134e+01 3.051651424913195e-05
9.187500000000001e-01 1.065769117581972e+01 1.615546021272602e-05
9.218750000000000e-01 1.082555947028058e+01 8.267009401952613e-06
9.250000000000000e-01 1.099607077736805e+01 4.090392100027266e-06
9.281250000000001e-01 1.116926672666618e+01 1.957523292080876e-06
9.312500000000000e-01 1.134518960320255e+01 9.063753324832171e-07
9.343750000000001e-01 1.152388235777201e+01 4.061605939488541e-07
9.375000000000000e-01 1.170538861742293e+01 1.761981877183841e-07
9.406250000000000e-01 1.188975269610854e+01 7.401853971968834e-08
9.437500000000001e-01 1.207701960550600e+01 3.011845875366325e-08
9.468750000000000e-01 1.226723506600578e+01 1.187386889928440e-08
9.500000000000001e-01 1.246044551787411e+01 4.536591383002834e-09
9.531250000000000e-01 1.265669813259115e+01 1.680166253925175e-09
9.562500000000000e-01 1.285604082436773e+01 6.033426935281356e-10
9.593750000000001e-01 1.305852226184337e+01 2.101193053625611e-10
9.625000000000000e-01 1.326419187996850e+01 7.098324040488696e-11
9.656250000000001e-01 1.347309989207381e+01 2.326636837970689e-11
9.687500000000000e-01 1.368529730212962e+01 7.400761753565706e-12
9.718750000000000e-01 1.390083591719824e+01 2.285013148218044e-12
9.750000000000001e-01 1.411976836008246e+01 6.849395255279404e-13
9.781250000000000e-01 1.434214808217320e+01 1.993660764197359e-13
9.812500000000001e-01 1.456802937649935e+01 5.635955956981767e-14
9.843750000000000e-01 1.479746739098328e+01 1.547680180015880e-14
9.875000000000000e-01 1.503051814190487e+01 4.129164593867724e-15
9.906250000000001e-01 1.526723852757770e+01 1.070790544798362e-15
9.937500000000000e-01 1.550768634224049e+01 2.689051164151003e-16
9.968750000000001e-01 1.575192029016732e+01 6.990220122992596e-17
1.000000000000000e+00 1.600000000000000e+01 2.696321179087889e-18
