0.000000000000000e+00 0.000000000000000e+00 5.704745254057906e-04
3.125000000000000e-03 3.369263549427258e-03 5.704745254057910e-04
6.250000000000000e-03 6.739349689698711e-03 -1.992178255305052e-04
9.375000000000001e-03 1.011108121249049e-02 -9.024498750545118e-05
1.250000000000000e-02 1.348528131119160e-02 -5.909352533366228e-05
1.562500000000000e-02 1.686277378188298e-02 4.083959315918876e-05
1.875000000000000e-02 2.024438322446370e-02 -1.388596546317461e-05
2.187500000000000e-02 2.363093524397333e-02 1.607337273599066e-05
2.500000000000000e-02 2.702325665215984e-02 2.751008331248537e-07
2.812500000000000e-02 3.042217566934200e-02 -3.017096625638708e-05
3.125000000000000e-02 3.382852212661575e-02 4.313471013273742e-06
3.437500000000000e-02 3.724312766845378e-02 1.984748990478147e-05
3.750000000000001e-02 4.066682595574785e-02 -1.528162060075842e-05
4.062500000000000e-02 4.410045286934348e-02 -1.853912490096417e-06
4.375000000000000e-02 4.754484671411652e-02 -1.117144292743751e-05
4.687500000000000e-02 5.100084842364160e-02 -9.268280991871200e-06
5.000000000000000e-02 5.446930176550237e-02 6.379317162962511e-06
5.312500000000001e-02 5.795105354729364e-02 8.647990641150041e-06
5.625000000000000e-02 6.144695382336569e-02 -1.622845227117613e-05
5.937500000000000e-02 6.495785610236132e-02 -1.713063513002350e-05
6.250000000000000e-02 6.848461755559625e-02 -1.366061785055506e-05
6.562500000000000e-02 7.202809922633362e-02 -2.340570991186239e-05
6.875000000000001e-02 7.558916624000402e-02 1.618416974275947e-06
7.187500000000001e-02 7.916868801542200e-02 -9.665178698671047e-06
7.500000000000001e-02 8.276753847705080e-02 -1.760642604605048e-05
7.812500000000000e-02 8.638659626836727e-02 -2.324038756213025e-07
8.125000000000000e-02 9.002674496637868e-02 -3.407798916890191e-06
8.437500000000001e-02 9.368887329734420e-02 2.975190176874276e-06
8.750000000000001e-02 9.737387535375355e-02 -1.544045062023592e-05
9.062500000000001e-02 1.010826508126157e-01 -1.207032282030420e-05
9.375000000000000e-02 1.048161051551108e-01 -9.738160386798583e-06
9.687500000000000e-02 1.085751498876601e-01 -5.575780406937752e-06
1.000000000000000e-01 1.123607027644654e-01 -5.673816734124697e-06
1.031250000000000e-01 1.161736880115753e-01 -8.522545359900132e-06
1.062500000000000e-01 1.200150365525305e-01 -9.909345872319403e-06
1.093750000000000e-01 1.238856862356450e-01 -5.294376762289597e-07
1.125000000000000e-01 1.277865820629775e-01 -4.854650373585373e-06
1.156250000000000e-01 1.317186764210495e-01 -1.997970403624721e-05
1.187500000000000e-01 1.356829293133661e-01 -4.473494037960198e-06
1.218750000000000e-01 1.396803085947971e-01 -9.650773331601497e-06
1.250000000000000e-01 1.437117902078738e-01 -7.416302564201881e-06
1.281250000000000e-01 1.477783584210617e-01 -1.489027120730072e-06
1.312500000000000e-01 1.518810060690650e-01 -2.647401116723971e-06
1.343750000000000e-01 1.560207347952229e-01 -4.908921953979927e-06
1.375000000000000e-01 1.601985552960564e-01 -7.742975981061124e-06
1.406250000000000e-01 1.644154875680252e-01 -6.766974443817950e-06
1.437500000000000e-01 1.686725611565558e-01 -6.221548739692781e-06
1.468750000000000e-01 1.729708154074000e-01 -7.007231620828660e-06
1.500000000000000e-01 1.773112997203869e-01 -8.702205046423468e-06
1.531250000000000e-01 1.816950738056289e-01 -1.076209974552749e-05
1.562500000000000e-01 1.861232079422458e-01 -6.965116946147008e-06
1.593750000000000e-01 1.905967832396682e-01 -5.213004584648951e-06
1.625000000000000e-01 1.951168919015860e-01 -1.209060798650162e-05
1.656250000000000e-01 1.996846374926046e-01 -1.101080302918491e-05
1.687500000000000e-01 2.043011352076760e-01 -4.293893582267202e-06
1.718750000000000e-01 2.089675121443681e-01 -8.677394021653008e-06
1.750000000000000e-01 2.136849075780412e-01 -4.026884733372501e-06
1.781250000000000e-01 2.184544732399964e-01 -8.911238547380190e-06
1.812500000000000e-01 2.232773735986666e-01 -7.748782698366880e-06
1.843750000000000e-01 2.281547861439151e-01 -7.641644588917151e-06
1.875000000000000e-01 2.330879016745160e-01 -8.476517070515397e-06
1.906250000000000e-01 2.380779245888810e-01 -7.691486447356825e-06
1.937500000000000e-01 2.431260731791094e-01 -9.852215022504735e-06
1.968750000000000e-01 2.482335799284277e-01 -7.593382333777584e-06
2.000000000000000e-01 2.534016918120952e-01 -5.989258072791501e-06
2.031250000000000e-01 2.586316706018478e-01 -4.649151505618738e-06
2.062500000000000e-01 2.639247931739538e-01 -7.364669755793290e-06
2.093750000000000e-01 2.692823518209576e-01 -5.587543135038853e-06
2.125000000000000e-01 2.747056545671873e-01 -6.848375439790218e-06
2.156250000000000e-01 2.801960254881028e-01 -8.608541710251139e-06
2.187500000000000e-01 2.857548050335636e-01 -7.968263854766672e-06
2.218750000000000e-01 2.913833503550930e-01 -7.089638619159861e-06
2.250000000000000e-01 2.970830356372213e-01 -5.872862866671829e-06
2.281250000000000e-01 3.028552524329863e-01 -7.532319075260879e-06
2.312500000000000e-01 3.087014100036755e-01 -9.893361998655466e-06
2.343750000000000e-01 3.146229356628902e-01 -7.862921011448909e-06
2.375000000000000e-01 3.206212751250189e-01 -7.419454352927729e-06
2.406250000000000e-01 3.266978928582008e-01 -7.065568987259878e-06
2.437500000000000e-01 3.328542724418705e-01 -8.338809306799415e-06
2.468750000000000e-01 3.390919169289667e-01 -6.793486129475985e-06
2.500000000000000e-01 3.454123492128958e-01 -9.077859004354064e-06
2.531250000000000e-01 3.518171123993401e-01 -9.550061088768538e-06
2.562500000000000e-01 3.583077701830001e-01 -6.414652867760542e-06
2.593750000000000e-01 3.648859072293631e-01 -6.088275877184312e-06
2.625000000000000e-01 3.715531295615936e-01 -6.919942411926432e-06
2.656250000000000e-01 3.783110649526354e-01 -7.408642795310612e-06
2.687500000000000e-01 3.851613633226258e-01 -6.492849241414372e-06
2.718750000000000e-01 3.921056971417164e-01 -7.217829484106534e-06
2.750000000000000e-01 3.991457618383991e-01 -8.358192061177645e-06
2.781250000000000e-01 4.062832762134377e-01 -7.329941782696173e-06
2.812500000000000e-01 4.135199828595055e-01 -7.461739991385166e-06
2.843750000000000e-01 4.208576485866312e-01 -8.499760684362113e-06
2.875000000000000e-01 4.282980648535585e-01 -7.023243375348798e-06
2.906250000000000e-01 4.358430482051222e-01 -8.903115095367870e-06
2.937500000000000e-01 4.434944407157500e-01 -8.198048981063739e-06
2.968750000000000e-01 4.512541104391968e-01 -7.216277928412431e-06
3.000000000000000e-01 4.591239518646220e-01 -7.612253100130069e-06
3.031250000000000e-01 4.671058863791195e-01 -9.221123500680303e-06
3.062500000000000e-01 4.752018627368176e-01 -8.065964459733363e-06
3.093750000000000e-01 4.834138575346580e-01 -6.793326782097345e-06
3.125000000000000e-01 4.917438756949728e-01 -6.759727323728737e-06
3.156250000000000e-01 5.001939509549778e-01 -6.817472179500690e-06
3.187500000000000e-01 5.087661463633005e-01 -8.035348419526053e-06
3.218750000000000e-01 5.174625547836644e-01 -7.291480048881799e-06
3.250000000000000e-01 5.262852994058529e-01 -8.033966910703323e-06
3.281250000000000e-01 5.352365342640750e-01 -8.199534176198663e-06
3.312500000000000e-01 5.443184447628656e-01 -7.969284578846432e-06
3.343750000000000e-01 5.535332482106405e-01 -8.064715180426502e-06
3.375000000000000e-01 5.628831943610435e-01 -8.673648756013119e-06
3.406250000000000e-01 5.723705659622137e-01 -7.822337851701145e-06
3.437500000000000e-01 5.819976793141081e-01 -8.103333033074778e-06
3.468750000000000e-01 5.917668848340161e-01 -7.655540218712978e-06
3.500000000000000e-01 6.016805676304035e-01 -7.182445204418321e-06
3.531250000000000e-01 6.117411480852264e-01 -8.472907382400407e-06
3.562500000000000e-01 6.219510824448572e-01 -7.543040756519875e-06
3.593750000000000e-01 6.323128634197650e-01 -7.672053424296973e-06
3.625000000000000e-01 6.428290207931012e-01 -8.234875111318786e-06
3.656250000000000e-01 6.535021220383342e-01 -8.560160025400672e-06
3.687500000000000e-01 6.643347729460869e-01 -8.165747250888707e-06
3.718750000000000e-01 6.753296182603294e-01 -8.242851945303558e-06
3.750000000000000e-01 6.864893423240808e-01 -8.229455568862681e-06
3.781250000000000e-01 6.978166697347804e-01 -8.076413096439207e-06
3.812500000000000e-01 7.093143660094854e-01 -8.354090871136282e-06
3.843750000000000e-01 7.209852382600603e-01 -7.672075845257170e-06
3.875000000000000e-01 7.328321358785219e-01 -8.425019439103337e-06
3.906250000000000e-01 7.448579512327029e-01 -8.362879859537801e-06
3.937500000000000e-01 7.570656203724140e-01 -8.251531461678889e-06
3.968750000000000e-01 7.694581237462648e-01 -8.531392216451783e-06
4.000000000000000e-01 7.820384869293291e-01 -8.357111029851582e-06
4.031250000000000e-01 7.948097813618253e-01 -8.404290489024595e-06
4.062500000000000e-01 8.077751250989945e-01 -8.210886218680374e-06
4.093750000000000e-01 8.209376835723596e-01 -9.152572404574497e-06
4.125000000000000e-01 8.343006703625532e-01 -8.462294965521556e-06
4.156250000000000e-01 8.478673479838968e-01 -8.693103148602172e-06
4.187500000000000e-01 8.616410286809313e-01 -8.859700300185609e-06
4.218750000000000e-01 8.756250752370857e-01 -7.964217906471030e-06
4.250000000000000e-01 8.898229017956865e-01 -8.659232283202365e-06
4.281250000000000e-01 9.042379746935050e-01 -8.668675950341423e-06
4.312500000000000e-01 9.188738133070491e-01 -9.590459904469916e-06
4.343750000000000e-01 9.337339909118028e-01 -8.790969553698432e-06
4.375000000000000e-01 9.488221355546261e-01 -8.724063424842113e-06
4.406250000000000e-01 9.641419309395265e-01 -9.237972110469355e-06
4.437500000000000e-01 9.796971173270190e-01 -8.691704463504541e-06
4.468750000000000e-01 9.954914924472941e-01 -9.495849692700948e-06
4.500000000000000e-01 1.011528912427417e+00 -8.688807561915033e-06
4.531250000000000e-01 1.027813292732786e+00 -9.507636757868933e-06
4.562500000000000e-01 1.044348609123070e+00 -9.399221242143581e-06
4.593750000000000e-01 1.061138898622882e+00 -9.302140368800437e-06
4.625000000000000e-01 1.078188260507393e+00 -9.879981683281822e-06
4.656250000000000e-01 1.095500857303154e+00 -8.936784952525510e-06
4.687500000000000e-01 1.113080915804360e+00 -9.976011532042762e-06
4.718750000000000e-01 1.130932728104805e+00 -9.244366050819823e-06
4.750000000000000e-01 1.149060652645771e+00 -9.871265083921193e-06
4.781250000000000e-01 1.167469115280130e+00 -1.014837659944343e-05
4.812500000000000e-01 1.186162610352890e+00 -9.551538365769663e-06
4.843750000000000e-01 1.205145701798475e+00 -1.065788452993881e-05
4.875000000000000e-01 1.224423024254985e+00 -9.430109285777962e-06
4.906250000000000e-01 1.243999284195726e+00 -1.054317487063257e-05
4.937500000000000e-01 1.263879261078271e+00 -1.027489063666590e-05
4.968750000000000e-01 1.284067808511348e+00 -1.015863147294049e-05
5.000000000000000e-01 1.304569855439823e+00 -1.132873237223673e-05
5.031250000000000e-01 1.325390407348082e+00 -9.760479899946850e-06
5.062500000000000e-01 1.346534547482100e+00 -1.136348169148872e-05
5.093750000000000e-01 1.368007438090487e+00 -1.060756797871006e-05
5.125000000000001e-01 1.389814321684837e+00 -1.068467945206035e-05
5.156250000000000e-01 1.411960522319654e+00 -1.213216859260626e-05
5.187500000000000e-01 1.434451446892208e+00 -1.026498202604595e-05
5.218750000000000e-01 1.457292586462593e+00 -1.214113472974517e-05
5.250000000000000e-01 1.480489517594354e+00 -1.128239067520987e-05
5.281250000000001e-01 1.504047903715979e+00 -1.129392667605696e-05
5.312500000000000e-01 1.527973496503592e+00 -1.303606747143749e-05
5.343750000000000e-01 1.552272137285215e+00 -1.090739413171998e-05
5.375000000000000e-01 1.576949758466886e+00 -1.296401766932019e-05
5.406250000000000e-01 1.602012384981041e+00 -1.229805674764450e-05
5.437500000000001e-01 1.627466135757470e+00 -1.199530017996991e-05
5.468750000000000e-01 1.653317225217225e+00 -1.412674094055575e-05
5.500000000000000e-01 1.679571964789851e+00 -1.152061963479985e-05
5.531250000000000e-01 1.706236764454286e+00 -1.403159605382520e-05
5.562500000000000e-01 1.733318134303830e+00 -1.391248981281403e-05
5.593750000000001e-01 1.760822686135563e+00 -1.212865954647934e-05
5.625000000000000e-01 1.788757135064574e+00 -1.580358747619673e-05
5.656250000000000e-01 1.817128301163438e+00 -1.301647831710643e-05
5.687500000000000e-01 1.845943111127301e+00 -1.418389682272133e-05
5.718750000000000e-01 1.875208599965003e+00 -1.644636716487238e-05
5.750000000000001e-01 1.904931912716643e+00 -1.271969793409626e-05
5.781250000000000e-01 1.935120306198011e+00 -1.680967903311182e-05
5.812500000000000e-01 1.965781150772311e+00 -1.602103795951024e-05
5.843750000000000e-01 1.996921932149593e+00 -1.373460121497527e-05
5.875000000000000e-01 2.028550253214365e+00 -1.909473994211149e-05
5.906250000000001e-01 2.060673835881802e+00 -1.524473912015679e-05
5.937500000000000e-01 2.093300522983012e+00 -1.594703445546723e-05
5.968750000000000e-01 2.126438280179837e+00 -2.062443514585662e-05
6.000000000000001e-01 2.160095197909630e+00 -1.481947010839788e-05
6.031250000000000e-01 2.194279493360494e+00 -1.887420557812258e-05
6.062500000000001e-01 2.228999512477486e+00 -2.151392999312709e-05
6.093750000000000e-01 2.264263732000228e+00 -1.507151041715379e-05
6.125000000000000e-01 2.300080761532477e+00 -2.207812739044676e-05
6.156250000000001e-01 2.336459345644116e+00 -2.217441467865231e-05
6.187500000000000e-01 2.373408366006099e+00 -1.595676774136255e-05
6.218750000000001e-01 2.410936843558884e+00 -2.538700046083481e-05
6.250000000000000e-01 2.449053940714840e+00 -2.305862386106651e-05
6.281250000000000e-01 2.487768963595221e+00 -1.720024981607000e-05
6.312500000000001e-01 2.527091364302215e+00 -2.880583889487047e-05
6.343750000000000e-01 2.567030743226622e+00 -2.460034604417233e-05
6.375000000000001e-01 2.607596851391758e+00 -1.844265871708217e-05
6.406250000000000e-01 2.648799592834118e+00 -3.243016991534885e-05
6.437500000000000e-01 2.690649027021411e+00 -2.734853695343277e-05
6.468750000000001e-01 2.733155371308524e+00 -1.936750967337814e-05
6.500000000000000e-01 2.776329003432049e+00 -3.609983687402525e-05
6.531250000000001e-01 2.820180464043967e+00 -3.207120437121771e-05
6.562500000000000e-01 2.864720459285089e+00 -1.988369391062584e-05
6.593750000000000e-01 2.909959863398929e+00 -3.905695410142983e-05
6.625000000000001e-01 2.955909721386590e+00 -3.982158081388559e-05
6.656250000000000e-01 3.002581251703353e+00 -2.084947374114924e-05
6.687500000000001e-01 3.049985848997626e+00 -3.946686183852372e-05
6.718750000000000e-01 3.098135086892879e+00 -5.112771645049283e-05
6.750000000000000e-01 3.147040720813310e+00 -2.529215968188037e-05
6.781250000000001e-01 3.196714690853871e+00 -3.489967357307003e-05
6.812500000000000e-01 3.247169124695383e+00 -6.355440819332348e-05
6.843750000000001e-01 3.298416340565477e+00 -3.939647858245849e-05
6.875000000000000e-01 3.350468850246008e+00 -2.604835910284531e-05
6.906250000000000e-01 3.403339362127777e+00 -6.792153305655432e-05
6.937500000000001e-01 3.457040784313211e+00 -6.825358142960100e-05
6.968750000000000e-01 3.511586227767823e+00 -2.560038060710590e-05
7.000000000000001e-01 3.566989009521205e+00 -5.114737030542877e-05
7.031250000000000e-01 3.623262655918307e+00 -9.946865422208054e-05
7.062500000000000e-01 3.680420905921852e+00 -6.064270005128014e-05
7.093750000000001e-01 3.738477714466631e+00 -2.377712593639894e-05
7.125000000000000e-01 3.797447255866536e+00 -8.919994887616587e-05
7.156250000000001e-01 3.857343927275175e+00 -1.301668807641835e-04
7.187500000000000e-01 3.918182352200844e+00 -5.615385602458758e-05
7.218750000000000e-01 3.979977384076828e+00 -2.661097911900335e-05
7.250000000000001e-01 4.042744109887770e+00 -1.307225220334183e-04
7.281250000000000e-01 4.106497853853101e+00 -1.805365173075641e-04
7.312500000000001e-01 4.171254181168399e+00 -7.149389733672112e-05
7.343750000000000e-01 4.237028901805528e+00 -1.484622082384151e-05
7.375000000000000e-01 4.303838074372613e+00 -1.570718409511565e-04
7.406250000000001e-01 4.371698010034643e+00 -2.791667860194550e-04
7.437500000000000e-01 4.440625276495786e+00 -1.598409121180734e-04
7.468750000000001e-01 4.510636702044332e+00 1.117708763666575e-05
7.500000000000000e-01 4.581749379661216e+00 -9.183367429926292e-05
7.531250000000000e-01 4.653980671193226e+00 -3.854127868565655e-04
7.562500000000001e-01 4.727348211591802e+00 -4.497007963804908e-04
7.593750000000000e-01 4.801869913218528e+00 -1.508254669796298e-04
7.625000000000001e-01 4.877563970218381e+00 1.032032443450766e-04
7.656250000000000e-01 4.954448862961714e+00 -1.272303790762981e-04
7.687500000000000e-01 5.032543362556198e+00 -7.016262604406564e-04
7.718750000000001e-01 5.111866535429675e+00 -9.894205836429807e-04
7.750000000000000e-01 5.192437747985146e+00 -5.802670298212040e-04
7.781250000000001e-01 5.274276671329015e+00 1.945194414592856e-04
7.812500000000000e-01 5.357403286073669e+00 5.025343561073591e-04
7.843750000000000e-01 5.441837887215693e+00 -2.266431522478310e-04
7.875000000000001e-01 5.527601089090773e+00 -1.728027969056753e-03
7.906250000000000e-01 5.614713830406605e+00 -2.985635452305479e-03
7.937500000000001e-01 5.703197379355005e+00 -2.851907138601147e-03
7.968750000000000e-01 5.793073338804412e+00 -7.165601743924215e-04
8.000000000000000e-01 5.884363651574169e+00 3.197224257672508e-03
8.031250000000001e-01 5.977090605791737e+00 7.997930675554694e-03
8.062500000000000e-01 6.071276840334257e+00 1.255534270288841e-02
8.093750000000001e-01 6.166945350355728e+00 1.592939284261670e-02
8.125000000000000e-01 6.264119492901173e+00 1.760715992696723e-02
8.156250000000000e-01 6.362822992609162e+00 1.753112063787598e-02
8.187500000000001e-01 6.463079947504072e+00 1.597810798814457e-02
8.218750000000000e-01 6.564914834879517e+00 1.339222753212636e-02
8.250000000000001e-01 6.668352517274371e+00 1.023980334919410e-02
8.281250000000000e-01 6.773418248542846e+00 6.915594801981830e-03
8.312500000000000e-01 6.880137680020114e+00 3.707136082008411e-03
8.343750000000001e-01 6.988536866784961e+00 7.925117359042692e-04
8.375000000000000e-01 7.098642274021019e+00 -1.738440096348587e-03
8.406250000000001e-01 7.210480783478133e+00 -3.862847804216687e-03
8.437500000000000e-01 7.324079700035414e+00 -5.599008250550258e-03
8.468750000000000e-01 7.439466758367605e+00 -6.986401139402106e-03
8.500000000000001e-01 7.556670129716381e+00 -8.066847570481596e-03
8.531250000000000e-01 7.675718428768239e+00 -8.877679871848001e-03
8.562500000000001e-01 7.796640720640633e+00 -9.451288149738177e-03
8.593750000000000e-01 7.919466527978115e+00 -9.819102931325140e-03
8.625000000000000e-01 8.044225838160141e+00 -1.000866981570754e-02
8.656250000000001e-01 8.170949110622363e+00 -1.003423926478110e-02
8.687500000000000e-01 8.299667284293170e+00 -9.885756900567639e-03
8.718750000000001e-01 8.430411785147284e+00 -9.527120135967989e-03
8.750000000000000e-01 8.563214533878281e+00 -8.907974161274932e-03
8.781250000000000e-01 8.698107953691880e+00 -7.985665012045798e-03
8.812500000000001e-01 8.835124978221932e+00 -6.747743433996992e-03
8.843750000000000e-01 8.974299059571019e+00 -5.226383124728593e-03
8.875000000000001e-01 9.115664176477637e+00 -3.500776148468950e-03
8.906250000000000e-01 9.259254842611947e+00 -1.688452632552680e-03
8.937500000000000e-01 9.405106115002161e+00 7.128863810060308e-05
8.968750000000001e-01 9.553253602593529e+00 1.638375684061798e-03
9.000000000000000e-01 9.703733474942130e+00 2.893939788812714e-03
9.031250000000001e-01 9.856582471045494e+00 3.759322009647385e-03
9.062500000000000e-01 1.001183790831228e+01 4.207877930034259e-03
9.093750000000000e-01 1.016953769167313e+01 4.266433683016964e-03
9.125000000000001e-01 1.032972032283505e+01 4.005924809456418e-03
9.156250000000000e-01 1.049242490968134e+01 3.523997969251116e-03
9.187500000000001e-01 1.065769117581972e+01 2.924646460310415e-03
9.218750000000000e-01 1.082555947028058e+01 2.300280783337005e-03
9.250000000000000e-01 1.099607077736805e+01 1.720060818234560e-03
9.281250000000001e-01 1.116926672666618e+01 1.225759510026175e-03
9.312500000000000e-01 1.134518960320255e+01 8.340529359480656e-04
9.343750000000001e-01 1.152388235777201e+01 5.427442493857697e-04
9.375000000000000e-01 1.170538861742293e+01 3.382186629668873e-04
9.406250000000000e-01 1.188975269610854e+01 2.020763923718183e-04
9.437500000000001e-01 1.207701960550600e+01 1.158800372280710e-04
9.468750000000000e-01 1.226723506600578e+01 6.383983465693848e-05
9.500000000000001e-01 1.246044551787411e+01 3.381765945007291e-05
9.531250000000000e-01 1.265669813259115e+01 1.723899042963110e-05
9.562500000000000e-01 1.285604082436773e+01 8.462875851454967e-06
9.593750000000001e-01 1.305852226184337e+01 4.003688221113110e-06
9.625000000000000e-01 1.326419187996850e+01 1.826486908015348e-06
9.656250000000001e-01 1.347309989207381e+01 8.039825849292957e-07
9.687500000000000e-01 1.368529730212962e+01 3.416598282482231e-07
9.718750000000000e-01 1.390083591719824e+01 1.402449124890292e-07
9.750000000000001e-01 1.411976836008246e+01 5.563416846149991e-08
9.781250000000000e-01 1.434214808217320e+01 2.133834034997843e-08
9.812500000000001e-01 1.456802937649935e+01 7.916548901458775e-09
9.843750000000000e-01 1.479746739098328e+01 2.842189319863788e-09
9.875000000000000e-01 1.503051814190487e+01 9.877647284611569e-10
9.906250000000001e-01 1.526723852757770e+01 3.326578515537973e-10
9.937500000000000e-01 1.550768634224049e+01 1.079566997574485e-10
9.968750000000001e-01 1.575192029016732e+01 3.582997806650966e-11
1.000000000000000e+00 1.600000000000000e+01 6.278305053110229e-12
