0.000000000000000e+00 0.000000000000000e+00 5.939940727868109e-04
3.125000000000000e-03 3.369263549427258e-03 5.939940727868089e-04
6.250000000000000e-03 6.739349689698711e-03 -1.204364433906518e-04
9.375000000000001e-03 1.011108121249049e-02 -2.664155765531310e-04
1.250000000000000e-02 1.348528131119160e-02 -3.785226440460121e-05
1.562500000000000e-02 1.686277378188298e-02 5.626935007116300e-05
1.875000000000000e-02 2.024438322446370e-02 -4.714439027769561e-05
2.187500000000000e-02 2.363093524397333e-02 -2.237025987472695e-05
2.500000000000000e-02 2.702325665215984e-02 -4.927044556876088e-06
2.812500000000000e-02 3.042217566934200e-02 4.326510045556454e-05
3.125000000000000e-02 3.382852212661575e-02 -2.431149183382923e-05
3.437500000000000e-02 3.724312766845378e-02 2.532971319381599e-05
3.750000000000001e-02 4.066682595574785e-02 -4.670607733763425e-05
4.062500000000000e-02 4.410045286934348e-02 9.418985788374694e-06
4.375000000000000e-02 4.754484671411652e-02 -1.330520467876032e-05
4.687500000000000e-02 5.100084842364160e-02 5.024345555707596e-06
5.000000000000000e-02 5.446930176550237e-02 -2.385641026572746e-05
5.312500000000001e-02 5.795105354729364e-02 5.201549155201795e-05
5.625000000000000e-02 6.144695382336569e-02 -2.981274706891704e-05
5.937500000000000e-02 6.495785610236132e-02 2.674143630690279e-05
6.250000000000000e-02 6.848461755559625e-02 -2.197332419032101e-05
6.562500000000000e-02 7.202809922633362e-02 2.431938514676297e-05
6.875000000000001e-02 7.558916624000402e-02 7.814108222084526e-08
7.187500000000001e-02 7.916868801542200e-02 1.656614251745282e-05
7.500000000000001e-02 8.276753847705080e-02 -2.508461160389945e-05
7.812500000000000e-02 8.638659626836727e-02 1.377279702976574e-05
8.125000000000000e-02 9.002674496637868e-02 -1.908096636109399e-05
8.437500000000001e-02 9.368887329734420e-02 -7.007154651334414e-06
8.750000000000001e-02 9.737387535375355e-02 -3.300077673410804e-06
9.062500000000001e-02 1.010826508126157e-01 9.356576342682397e-06
9.375000000000000e-02 1.048161051551108e-01 3.146160723337983e-06
9.687500000000000e-02 1.085751498876601e-01 -1.770766517626200e-06
1.000000000000000e-01 1.123607027644654e-01 1.200556129473486e-05
1.031250000000000e-01 1.161736880115753e-01 7.748008305685718e-06
1.062500000000000e-01 1.200150365525305e-01 4.322805681175003e-06
1.093750000000000e-01 1.238856862356450e-01 -2.534937362932677e-06
1.125000000000000e-01 1.277865820629775e-01 8.534160230107658e-06
1.156250000000000e-01 1.317186764210495e-01 -1.791811337788556e-06
1.187500000000000e-01 1.356829293133661e-01 4.732724178240697e-06
1.218750000000000e-01 1.396803085947971e-01 -7.622231832816103e-06
1.250000000000000e-01 1.437117902078738e-01 6.122304196319615e-06
1.281250000000000e-01 1.477783584210617e-01 -1.189080897029255e-05
1.312500000000000e-01 1.518810060690650e-01 2.263226589987835e-06
1.343750000000000e-01 1.560207347952229e-01 -5.754455157287860e-06
1.375000000000000e-01 1.601985552960564e-01 -3.521394590217079e-06
1.406250000000000e-01 1.644154875680252e-01 -9.471639319696741e-06
1.437500000000000e-01 1.686725611565558e-01 9.957694648051487e-06
1.468750000000000e-01 1.729708154074000e-01 -1.808782755185720e-06
1.500000000000000e-01 1.773112997203869e-01 7.294914697540556e-06
1.531250000000000e-01 1.816950738056289e-01 -5.107114104426729e-06
1.562500000000000e-01 1.861232079422458e-01 4.802405220657740e-06
1.593750000000000e-01 1.905967832396682e-01 -6.217024358162788e-06
1.625000000000000e-01 1.951168919015860e-01 2.076722565939796e-06
1.656250000000000e-01 1.996846374926046e-01 -1.315014182394287e-05
1.687500000000000e-01 2.043011352076760e-01 1.047566471722993e-05
1.718750000000000e-01 2.089675121443681e-01 -1.837582155125035e-06
1.750000000000000e-01 2.136849075780412e-01 2.166572310330380e-06
1.781250000000000e-01 2.184544732399964e-01 -1.872380479551773e-06
1.812500000000000e-01 2.232773735986666e-01 1.763410672901672e-07
1.843750000000000e-01 2.281547861439151e-01 -3.141060953687797e-07
1.875000000000000e-01 2.330879016745160e-01 -2.096267245079802e-07
1.906250000000000e-01 2.380779245888810e-01 1.086020801292329e-06
1.937500000000000e-01 2.431260731791094e-01 -1.478633999619856e-06
1.968750000000000e-01 2.482335799284277e-01 1.061255081253128e-05
2.000000000000000e-01 2.534016918120952e-01 -9.136671268058173e-07
2.031250000000000e-01 2.586316706018478e-01 2.239490502694798e-06
2.062500000000000e-01 2.639247931739538e-01 -4.264597711514520e-06
2.093750000000000e-01 2.692823518209576e-01 6.584257387880999e-06
2.125000000000000e-01 2.747056545671873e-01 -6.010782680486084e-06
2.156250000000000e-01 2.801960254881028e-01 6.498323953560098e-06
2.187500000000000e-01 2.857548050335636e-01 -5.187786402022114e-06
2.218750000000000e-01 2.913833503550930e-01 7.744713959024274e-07
2.250000000000000e-01 2.970830356372213e-01 -2.126287781351802e-06
2.281250000000000e-01 3.028552524329863e-01 2.538187880462848e-06
2.312500000000000e-01 3.087014100036755e-01 -4.120635697416392e-06
2.343750000000000e-01 3.146229356628902e-01 2.977307106506653e-06
2.375000000000000e-01 3.206212751250189e-01 -1.318320853651436e-06
2.406250000000000e-01 3.266978928582008e-01 4.048139666679287e-06
2.437500000000000e-01 3.328542724418705e-01 -1.497478118027111e-06
2.468750000000000e-01 3.390919169289667e-01 -1.478860592755915e-07
2.500000000000000e-01 3.454123492128958e-01 -2.392517700364311e-06
2.531250000000000e-01 3.518171123993401e-01 1.722946734242550e-08
2.562500000000000e-01 3.583077701830001e-01 2.102644875366856e-06
2.593750000000000e-01 3.648859072293631e-01 -4.295604237024063e-06
2.625000000000000e-01 3.715531295615936e-01 3.978545235172609e-06
2.656250000000000e-01 3.783110649526354e-01 -1.596263065098749e-06
2.687500000000000e-01 3.851613633226258e-01 5.606977871463087e-06
2.718750000000000e-01 3.921056971417164e-01 -5.757198362910155e-06
2.750000000000000e-01 3.991457618383991e-01 5.580166508054483e-06
2.781250000000000e-01 4.062832762134377e-01 -4.535451714778852e-06
2.812500000000000e-01 4.135199828595055e-01 3.479233193570539e-06
2.843750000000000e-01 4.208576485866312e-01 -1.530413555102025e-06
2.875000000000000e-01 4.282980648535585e-01 4.287243372226742e-07
2.906250000000000e-01 4.358430482051222e-01 -2.497788391092538e-06
2.937500000000000e-01 4.434944407157500e-01 2.890148183820930e-06
2.968750000000000e-01 4.512541104391968e-01 -1.178237210573177e-07
3.000000000000000e-01 4.591239518646220e-01 -8.505539249477797e-07
3.031250000000000e-01 4.671058863791195e-01 3.436972490893135e-07
3.062500000000000e-01 4.752018627368176e-01 -1.237229213403949e-06
3.093750000000000e-01 4.834138575346580e-01 3.597927652715592e-06
3.125000000000000e-01 4.917438756949728e-01 -2.810738764352351e-06
3.156250000000000e-01 5.001939509549778e-01 2.724735576472586e-06
3.187500000000000e-01 5.087661463633005e-01 -4.291907635506771e-06
3.218750000000000e-01 5.174625547836644e-01 4.361256379488400e-06
3.250000000000000e-01 5.262852994058529e-01 -4.539684843269098e-06
3.281250000000000e-01 5.352365342640750e-01 4.526310155106412e-06
3.312500000000000e-01 5.443184447628656e-01 -2.423192039705494e-06
3.343750000000000e-01 5.535332482106405e-01 1.367728669579129e-06
3.375000000000000e-01 5.628831943610435e-01 -2.034360744602103e-06
3.406250000000000e-01 5.723705659622137e-01 1.219797807735562e-06
3.437500000000000e-01 5.819976793141081e-01 1.360143568060191e-06
3.468750000000000e-01 5.917668848340161e-01 -9.464276839560103e-07
3.500000000000000e-01 6.016805676304035e-01 2.058377942980582e-06
3.531250000000000e-01 6.117411480852264e-01 -3.260859105469055e-06
3.562500000000000e-01 6.219510824448572e-01 3.706725869234751e-06
3.593750000000000e-01 6.323128634197650e-01 -4.411426444620668e-06
3.625000000000000e-01 6.428290207931012e-01 4.358133090341460e-06
3.656250000000000e-01 6.535021220383342e-01 -3.913763720671634e-06
3.687500000000000e-01 6.643347729460869e-01 3.114690928407447e-06
3.718750000000000e-01 6.753296182603294e-01 -3.928361226870581e-06
3.750000000000000e-01 6.864893423240808e-01 1.889786104097018e-06
3.781250000000000e-01 6.978166697347804e-01 -8.332981662529461e-07
3.812500000000000e-01 7.093143660094854e-01 2.015412236668266e-08
3.843750000000000e-01 7.209852382600603e-01 3.322202903966723e-06
3.875000000000000e-01 7.328321358785219e-01 -3.423430817418047e-06
3.906250000000000e-01 7.448579512327029e-01 3.221290961228952e-06
3.937500000000000e-01 7.570656203724140e-01 -3.494850038994368e-06
3.968750000000000e-01 7.694581237462648e-01 4.224172418230649e-06
4.000000000000000e-01 7.820384869293291e-01 -5.504406084207758e-06
4.031250000000000e-01 7.948097813618253e-01 3.133846917182401e-06
4.062500000000000e-01 8.077751250989945e-01 -3.279758991541677e-06
4.093750000000000e-01 8.209376835723596e-01 1.703425456111883e-06
4.125000000000000e-01 8.343006703625532e-01 1.949385130608346e-07
4.156250000000000e-01 8.478673479838968e-01 -1.254875764998843e-06
4.187500000000000e-01 8.616410286809313e-01 3.372283752435341e-06
4.218750000000000e-01 8.756250752370857e-01 -3.909101315552847e-06
4.250000000000000e-01 8.898229017956865e-01 4.154785333225187e-06
4.281250000000000e-01 9.042379746935050e-01 -5.450975523882977e-06
4.312500000000000e-01 9.188738133070491e-01 4.042807357753730e-06
4.343750000000000e-01 9.337339909118028e-01 -4.554595236271604e-06
4.375000000000000e-01 9.488221355546261e-01 2.228478295080406e-06
4.406250000000000e-01 9.641419309395265e-01 -4.351656465914023e-07
4.437500000000000e-01 9.796971173270190e-01 -1.546390987761893e-06
4.468750000000000e-01 9.954914924472941e-01 3.072177505247803e-06
4.500000000000000e-01 1.011528912427417e+00 -4.774914753921236e-06
4.531250000000000e-01 1.027813292732786e+00 4.859146793539056e-06
4.562500000000000e-01 1.044348609123070e+00 -6.101993410230935e-06
4.593750000000000e-01 1.061138898622882e+00 4.952032884135129e-06
4.625000000000000e-01 1.078188260507393e+00 -3.533010924449507e-06
4.656250000000000e-01 1.095500857303154e+00 -8.026994251925964e-08
4.687500000000000e-01 1.113080915804360e+00 8.003181164209507e-07
4.718750000000000e-01 1.130932728104805e+00 -3.740899697677794e-06
4.750000000000000e-01 1.149060652645771e+00 5.548106683907079e-06
4.781250000000000e-01 1.167469115280130e+00 -6.930180639440010e-06
4.812500000000000e-01 1.186162610352890e+00 5.305483348604961e-06
4.843750000000000e-01 1.205145701798475e+00 -5.162464112239463e-06
4.875000000000000e-01 1.224423024254985e+00 1.182397173952013e-06
4.906250000000000e-01 1.243999284195726e+00 5.524807861201284e-07
4.937500000000000e-01 1.263879261078271e+00 -4.670392246409218e-06
4.968750000000000e-01 1.284067808511348e+00 5.928691726561277e-06
5.000000000000000e-01 1.304569855439823e+00 -7.640062796761311e-06
5.031250000000000e-01 1.325390407348082e+00 5.568595368483796e-06
5.062500000000000e-01 1.346534547482100e+00 -4.775916931995331e-06
5.093750000000000e-01 1.368007438090487e+00 -5.178933014661165e-07
5.125000000000001e-01 1.389814321684837e+00 2.387027324247437e-06
5.156250000000000e-01 1.411960522319654e+00 -6.858426309807653e-06
5.187500000000000e-01 1.434451446892208e+00 6.877709160487376e-06
5.218750000000000e-01 1.457292586462593e+00 -7.817322230295372e-06
5.250000000000000e-01 1.480489517594354e+00 3.434783308446891e-06
5.281250000000001e-01 1.504047903715979e+00 -1.745128368789332e-06
5.312500000000000e-01 1.527973496503592e+00 -4.759255178813663e-06
5.343750000000000e-01 1.552272137285215e+00 6.075537001102848e-06
5.375000000000000e-01 1.576949758466886e+00 -9.317254498972825e-06
5.406250000000000e-01 1.602012384981041e+00 5.992022139292761e-06
5.437500000000001e-01 1.627466135757470e+00 -4.679080148583886e-06
5.468750000000000e-01 1.653317225217225e+00 -3.317064615934374e-06
5.500000000000000e-01 1.679571964789851e+00 5.283867522636108e-06
5.531250000000000e-01 1.706236764454286e+00 -1.005544322004122e-05
5.562500000000000e-01 1.733318134303830e+00 6.866803088946497e-06
5.593750000000001e-01 1.760822686135563e+00 -6.094472439633183e-06
5.625000000000000e-01 1.788757135064574e+00 -2.875075406353992e-06
5.656250000000000e-01 1.817128301163438e+00 5.091815224126273e-06
5.687500000000000e-01 1.845943111127301e+00 -1.122497764511461e-05
5.718750000000000e-01 1.875208599965003e+00 7.245686429302178e-06
5.750000000000001e-01 1.904931912716643e+00 -6.453216971648052e-06
5.781250000000000e-01 1.935120306198011e+00 -4.338245815497890e-06
5.812500000000000e-01 1.965781150772311e+00 7.172834582942279e-06
5.843750000000000e-01 1.996921932149593e+00 -1.376717823914944e-05
5.875000000000000e-01 2.028550253214365e+00 6.420136403754276e-06
5.906250000000001e-01 2.060673835881802e+00 -3.201145224029233e-06
5.937500000000000e-01 2.093300522983012e+00 -9.813077967930063e-06
5.968750000000000e-01 2.126438280179837e+00 1.019825220232912e-05
6.000000000000001e-01 2.160095197909630e+00 -1.391504198826596e-05
6.031250000000000e-01 2.194279493360494e+00 1.104198668792703e-06
6.062500000000001e-01 2.228999512477486e+00 3.927539676706853e-06
6.093750000000000e-01 2.264263732000228e+00 -1.681989341400494e-05
6.125000000000000e-01 2.300080761532477e+00 1.045299371036617e-05
6.156250000000001e-01 2.336459345644116e+00 -7.640422911347387e-06
6.187500000000000e-01 2.373408366006099e+00 -1.121068977055023e-05
6.218750000000001e-01 2.410936843558884e+00 1.290195111174902e-05
6.250000000000000e-01 2.449053940714840e+00 -1.794341739544465e-05
6.281250000000000e-01 2.487768963595221e+00 -1.247059080868651e-06
6.312500000000001e-01 2.527091364302215e+00 8.416971288883631e-06
6.343750000000000e-01 2.567030743226622e+00 -2.338414429006049e-05
6.375000000000001e-01 2.607596851391758e+00 8.454467096660090e-06
6.406250000000000e-01 2.648799592834118e+00 -6.944473624382745e-08
6.437500000000000e-01 2.690649027021411e+00 -2.405216134771068e-05
6.468750000000001e-01 2.733155371308524e+00 1.545828505007397e-05
6.500000000000000e-01 2.776329003432049e+00 -9.407034535132032e-06
6.531250000000001e-01 2.820180464043967e+00 -2.200153274994237e-05
6.562500000000000e-01 2.864720459285089e+00 1.972889876818067e-05
6.593750000000000e-01 2.909959863398929e+00 -1.769861356003055e-05
6.625000000000001e-01 2.955909721386590e+00 -1.973793490836176e-05
6.656250000000000e-01 3.002581251703353e+00 2.253697537304140e-05
6.687500000000001e-01 3.049985848997626e+00 -2.421332183956892e-05
6.718750000000000e-01 3.098135086892879e+00 -1.943360420585665e-05
6.750000000000000e-01 3.147040720813310e+00 2.548316290226639e-05
6.781250000000001e-01 3.196714690853871e+00 -2.849865177146826e-05
6.812500000000000e-01 3.247169124695383e+00 -2.309485472435356e-05
6.843750000000001e-01 3.298416340565477e+00 2.951621609191667e-05
6.875000000000000e-01 3.350468850246008e+00 -2.924632804403733e-05
6.906250000000000e-01 3.403339362127777e+00 -3.266253721662936e-05
6.937500000000001e-01 3.457040784313211e+00 3.387005882961834e-05
6.968750000000000e-01 3.511586227767823e+00 -2.321285136476848e-05
7.000000000000001e-01 3.566989009521205e+00 -4.929518758070762e-05
7.031250000000000e-01 3.623262655918307e+00 3.389966068291054e-05
7.062500000000000e-01 3.680420905921852e+00 -5.291857499072157e-06
7.093750000000001e-01 3.738477714466631e+00 -6.977272681822677e-05
7.125000000000000e-01 3.797447255866536e+00 1.897417353201109e-05
7.156250000000001e-01 3.857343927275175e+00 2.702976692678518e-05
7.187500000000000e-01 3.918182352200844e+00 -7.986194850209811e-05
7.218750000000000e-01 3.979977384076828e+00 -2.467117354524998e-05
7.250000000000001e-01 4.042744109887770e+00 6.037349815714056e-05
7.281250000000000e-01 4.106497853853101e+00 -5.110053133388423e-05
7.312500000000001e-01 4.171254181168399e+00 -9.326778185212242e-05
7.343750000000000e-01 4.237028901805528e+00 4.917893601734109e-05
7.375000000000000e-01 4.303838074372613e+00 3.270602612724720e-05
7.406250000000001e-01 4.371698010034643e+00 -1.262111253767058e-04
7.437500000000000e-01 4.440625276495786e+00 -5.733900217255686e-05
7.468750000000001e-01 4.510636702044332e+00 9.910215426317984e-05
7.500000000000000e-01 4.581749379661216e+00 -2.316371594569087e-05
7.531250000000000e-01 4.653980671193226e+00 -1.824372379188753e-04
7.562500000000001e-01 4.727348211591802e+00 -2.299128944583743e-05
7.593750000000000e-01 4.801869913218528e+00 1.378451769210106e-04
7.625000000000001e-01 4.877563970218381e+00 -6.087477682673655e-05
7.656250000000000e-01 4.954448862961714e+00 -2.536216712368059e-04
7.687500000000000e-01 5.032543362556198e+00 -4.081853697314287e-05
7.718750000000001e-01 5.111866535429675e+00 1.983940670584380e-04
7.750000000000000e-01 5.192437747985146e+00 -1.936487823604906e-05
7.781250000000001e-01 5.274276671329015e+00 -3.579319291965466e-04
7.812500000000000e-01 5.357403286073669e+00 -2.086803727098890e-04
7.843750000000000e-01 5.441837887215693e+00 2.303185801892641e-04
7.875000000000001e-01 5.527601089090773e+00 2.195691666645958e-04
7.906250000000000e-01 5.614713830406605e+00 -3.221237945941224e-04
7.937500000000001e-01 5.703197379355005e+00 -6.177081721900725e-04
7.968750000000000e-01 5.793073338804412e+00 -1.652950630096205e-04
8.000000000000000e-01 5.884363651574169e+00 4.780452570006686e-04
8.031250000000001e-01 5.977090605791737e+00 3.897821518441262e-04
8.062500000000000e-01 6.071276840334257e+00 -4.932969329878323e-04
8.093750000000001e-01 6.166945350355728e+00 -1.210749905773339e-03
8.125000000000000e-01 6.264119492901173e+00 -8.575081948998003e-04
8.156250000000000e-01 6.362822992609162e+00 3.723274715035683e-04
8.187500000000001e-01 6.463079947504072e+00 1.298623707764239e-03
8.218750000000000e-01 6.564914834879517e+00 8.416151161066086e-04
8.250000000000001e-01 6.668352517274371e+00 -9.994492047622485e-04
8.281250000000000e-01 6.773418248542846e+00 -3.088746434470418e-03
8.312500000000000e-01 6.880137680020114e+00 -3.932796360754744e-03
8.343750000000001e-01 6.988536866784961e+00 -2.607698941385222e-03
8.375000000000000e-01 7.098642274021019e+00 7.852904876214775e-04
8.406250000000001e-01 7.210480783478133e+00 5.290608913685637e-03
8.437500000000000e-01 7.324079700035414e+00 9.639574571484556e-03
8.468750000000000e-01 7.439466758367605e+00 1.278703884494268e-02
8.500000000000001e-01 7.556670129716381e+00 1.420069229136051e-02
8.531250000000000e-01 7.675718428768239e+00 1.386998686924291e-02
8.562500000000001e-01 7.796640720640633e+00 1.214331233207419e-02
8.593750000000000e-01 7.919466527978115e+00 9.524750096156233e-03
8.625000000000000e-01 8.044225838160141e+00 6.510866690318184e-03
8.656250000000001e-01 8.170949110622363e+00 3.492584882698492e-03
8.687500000000000e-01 8.299667284293170e+00 7.198257963507709e-04
8.718750000000001e-01 8.430411785147284e+00 -1.683836825354061e-03
8.750000000000000e-01 8.563214533878281e+00 -3.679128085288587e-03
8.781250000000000e-01 8.698107953691880e+00 -5.270428301460253e-03
8.812500000000001e-01 8.835124978221932e+00 -6.485334254062653e-03
8.843750000000000e-01 8.974299059571019e+00 -7.371012621933419e-03
8.875000000000001e-01 9.115664176477637e+00 -7.989348052561528e-03
8.906250000000000e-01 9.259254842611947e+00 -8.398733831447215e-03
8.937500000000000e-01 9.405106115002161e+00 -8.628224594972417e-03
8.968750000000001e-01 9.553253602593529e+00 -8.661258026644719e-03
9.000000000000000e-01 9.703733474942130e+00 -8.441250801081331e-03
9.031250000000001e-01 9.856582471045494e+00 -7.897649787986219e-03
9.062500000000000e-01 1.001183790831228e+01 -6.980321100832997e-03
9.093750000000000e-01 1.016953769167313e+01 -5.688893442632046e-03
9.125000000000001e-01 1.032972032283505e+01 -4.088226905018973e-03
9.156250000000000e-01 1.049242490968134e+01 -2.306419885950591e-03
9.187500000000001e-01 1.065769117581972e+01 -5.155707416710864e-04
9.218750000000000e-01 1.082555947028058e+01 1.100769655909053e-03
9.250000000000000e-01 1.099607077736805e+01 2.385342249561924e-03
9.281250000000001e-01 1.116926672666618e+01 3.239207358953071e-03
9.312500000000000e-01 1.134518960320255e+01 3.638265697764057e-03
9.343750000000001e-01 1.152388235777201e+01 3.629912038555358e-03
9.375000000000000e-01 1.170538861742293e+01 3.312705703827125e-03
9.406250000000000e-01 1.188975269610854e+01 2.807414632110067e-03
9.437500000000001e-01 1.207701960550600e+01 2.229208626340319e-03
9.468750000000000e-01 1.226723506600578e+01 1.668269365848647e-03
9.500000000000001e-01 1.246044551787411e+01 1.181588683675229e-03
9.531250000000000e-01 1.265669813259115e+01 7.945528658878198e-04
9.562500000000000e-01 1.285604082436773e+01 5.085393880372629e-04
9.593750000000001e-01 1.305852226184337e+01 3.104339161085775e-04
9.625000000000000e-01 1.326419187996850e+01 1.810578589827703e-04
9.656250000000001e-01 1.347309989207381e+01 1.010481469907357e-04
9.687500000000000e-01 1.368529730212962e+01 5.403590540840518e-05
9.718750000000000e-01 1.390083591719824e+01 2.772024771581871e-05
9.750000000000001e-01 1.411976836008246e+01 1.365646433086772e-05
9.781250000000000e-01 1.434214808217320e+01 6.467393717552193e-06
9.812500000000001e-01 1.456802937649935e+01 2.946823306742105e-06
9.843750000000000e-01 1.479746739098328e+01 1.292951722736125e-06
9.875000000000000e-01 1.503051814190487e+01 5.465838070337420e-07
9.906250000000001e-01 1.526723852757770e+01 2.230676614012551e-07
9.937500000000000e-01 1.550768634224049e+01 8.727454771888291e-08
9.968750000000001e-01 1.575192029016732e+01 3.451291169469596e-08
1.000000000000000e+00 1.600000000000000e+01 9.730840926278754e-09
