0.000000000000000e+00 0.000000000000000e+00 1.084888958852970e-03
3.125000000000000e-03 3.369263549427258e-03 1.084888958852969e-03
6.250000000000000e-03 6.739349689698711e-03 -4.139814167389244e-04
9.375000000000001e-03 1.011108121249049e-02 -1.915977593732567e-04
1.250000000000000e-02 1.348528131119160e-02 1.374500740556302e-05
1.562500000000000e-02 1.686277378188298e-02 5.705405423139301e-05
1.875000000000000e-02 2.024438322446370e-02 -2.336959477799067e-05
2.187500000000000e-02 2.363093524397333e-02 -7.084329610451838e-06
2.500000000000000e-02 2.702325665215984e-02 -2.745041424348143e-05
2.812500000000000e-02 3.042217566934200e-02 -2.838681607335661e-05
3.125000000000000e-02 3.382852212661575e-02 -4.444448148291421e-05
3.437500000000000e-02 3.724312766845378e-02 -2.486589275820415e-05
3.750000000000001e-02 4.066682595574785e-02 -1.669875278170196e-05
4.062500000000000e-02 4.410045286934348e-02 -3.377607999798467e-05
4.375000000000000e-02 4.754484671411652e-02 -1.794733266661649e-05
4.687500000000000e-02 5.100084842364160e-02 -1.217161586816628e-05
5.000000000000000e-02 5.446930176550237e-02 5.562350950674067e-06
5.312500000000001e-02 5.795105354729364e-02 -2.539433353004034e-05
5.625000000000000e-02 6.144695382336569e-02 -8.124107499037013e-06
5.937500000000000e-02 6.495785610236132e-02 -1.325853151202109e-06
6.250000000000000e-02 6.848461755559625e-02 -1.832429367410779e-05
6.562500000000000e-02 7.202809922633362e-02 -1.698973212163853e-05
6.875000000000001e-02 7.558916624000402e-02 -1.879344667054526e-05
7.187500000000001e-02 7.916868801542200e-02 -1.498997274487539e-05
7.500000000000001e-02 8.276753847705080e-02 -1.386456258527041e-05
7.812500000000000e-02 8.638659626836727e-02 1.228276131956590e-05
8.125000000000000e-02 9.002674496637868e-02 -1.278210466897144e-05
8.437500000000001e-02 9.368887329734420e-02 -2.597890549755315e-05
8.750000000000001e-02 9.737387535375355e-02 -4.661134625280724e-06
9.062500000000001e-02 1.010826508126157e-01 -9.495306669618354e-06
9.375000000000000e-02 1.048161051551108e-01 -1.160632411606781e-05
9.687500000000000e-02 1.085751498876601e-01 -1.017624212494105e-05
1.000000000000000e-01 1.123607027644654e-01 -2.158872835216326e-05
1.031250000000000e-01 1.161736880115753e-01 -1.985508598046985e-05
1.062500000000000e-01 1.200150365525305e-01 -1.271453497305163e-05
1.093750000000000e-01 1.238856862356450e-01 -2.207329063820413e-05
1.125000000000000e-01 1.277865820629775e-01 -1.444743588706871e-05
1.156250000000000e-01 1.317186764210495e-01 -1.962921830237302e-05
1.187500000000000e-01 1.356829293133661e-01 -6.465539855199031e-06
1.218750000000000e-01 1.396803085947971e-01 -1.452945754984558e-05
1.250000000000000e-01 1.437117902078738e-01 -1.414309937226404e-05
1.281250000000000e-01 1.477783584210617e-01 -2.165702062139767e-05
1.312500000000000e-01 1.518810060690650e-01 -1.865960298905028e-05
1.343750000000000e-01 1.560207347952229e-01 -1.118685488067338e-05
1.375000000000000e-01 1.601985552960564e-01 -1.988061317452993e-05
1.406250000000000e-01 1.644154875680252e-01 -1.424293996077273e-05
1.437500000000000e-01 1.686725611565558e-01 -7.138536512049762e-06
1.468750000000000e-01 1.729708154074000e-01 -4.884110852838773e-06
1.500000000000000e-01 1.773112997203869e-01 -1.914559624705425e-05
1.531250000000000e-01 1.816950738056289e-01 -1.221039182715256e-05
1.562500000000000e-01 1.861232079422458e-01 -1.476547868717490e-05
1.593750000000000e-01 1.905967832396682e-01 -1.552550587942608e-05
1.625000000000000e-01 1.951168919015860e-01 -8.553561079238845e-06
1.656250000000000e-01 1.996846374926046e-01 -1.538413410336474e-05
1.687500000000000e-01 2.043011352076760e-01 -1.511347138853016e-05
1.718750000000000e-01 2.089675121443681e-01 -1.318565728627339e-05
1.750000000000000e-01 2.136849075780412e-01 -1.358866013192292e-05
1.781250000000000e-01 2.184544732399964e-01 -5.405601762227522e-06
1.812500000000000e-01 2.232773735986666e-01 -1.675567720608661e-05
1.843750000000000e-01 2.281547861439151e-01 -1.565660918327068e-05
1.875000000000000e-01 2.330879016745160e-01 -1.680579959568350e-05
1.906250000000000e-01 2.380779245888810e-01 -1.495811046497073e-05
1.937500000000000e-01 2.431260731791094e-01 -1.919797271585438e-05
1.968750000000000e-01 2.482335799284277e-01 -1.418307043150775e-05
2.000000000000000e-01 2.534016918120952e-01 -1.347003633521647e-05
2.031250000000000e-01 2.586316706018478e-01 -1.962544520080917e-05
2.062500000000000e-01 2.639247931739538e-01 -1.375157782638206e-05
2.093750000000000e-01 2.692823518209576e-01 -1.379483368222861e-05
2.125000000000000e-01 2.747056545671873e-01 -1.208620497996711e-05
2.156250000000000e-01 2.801960254881028e-01 -1.649088358968079e-05
2.187500000000000e-01 2.857548050335636e-01 -1.313522253840919e-05
2.218750000000000e-01 2.913833503550930e-01 -1.282035842458866e-05
2.250000000000000e-01 2.970830356372213e-01 -1.306381587422939e-05
2.281250000000000e-01 3.028552524329863e-01 -1.405879438658301e-05
2.312500000000000e-01 3.087014100036755e-01 -1.389689631204104e-05
2.343750000000000e-01 3.146229356628902e-01 -1.479124417568778e-05
2.375000000000000e-01 3.206212751250189e-01 -1.087920391654946e-05
2.406250000000000e-01 3.266978928582008e-01 -1.340326285653676e-05
2.437500000000000e-01 3.328542724418705e-01 -1.428412450922862e-05
2.468750000000000e-01 3.390919169289667e-01 -1.881140664697411e-05
2.500000000000000e-01 3.454123492128958e-01 -1.337951160733728e-05
2.531250000000000e-01 3.518171123993401e-01 -1.635023787538054e-05
2.562500000000000e-01 3.583077701830001e-01 -1.697261220920214e-05
2.593750000000000e-01 3.648859072293631e-01 -1.297750529211519e-05
2.625000000000000e-01 3.715531295615936e-01 -1.534878511999022e-05
2.656250000000000e-01 3.783110649526354e-01 -1.320109808652302e-05
2.687500000000000e-01 3.851613633226258e-01 -1.605116820683419e-05
2.718750000000000e-01 3.921056971417164e-01 -1.424372171314096e-05
2.750000000000000e-01 3.991457618383991e-01 -1.499609218023062e-05
2.781250000000000e-01 4.062832762134377e-01 -1.111399845000222e-05
2.812500000000000e-01 4.135199828595055e-01 -1.262433685359917e-05
2.843750000000000e-01 4.208576485866312e-01 -1.335230822428120e-05
2.875000000000000e-01 4.282980648535585e-01 -1.675263444880891e-05
2.906250000000000e-01 4.358430482051222e-01 -1.255747890234124e-05
2.937500000000000e-01 4.434944407157500e-01 -1.607438702040286e-05
2.968750000000000e-01 4.512541104391968e-01 -1.656232386991816e-05
3.000000000000000e-01 4.591239518646220e-01 -1.522289468783278e-05
3.031250000000000e-01 4.671058863791195e-01 -1.540416826439559e-05
3.062500000000000e-01 4.752018627368176e-01 -1.422842617685481e-05
3.093750000000000e-01 4.834138575346580e-01 -1.594741139684647e-05
3.125000000000000e-01 4.917438756949728e-01 -1.442676936705550e-05
3.156250000000000e-01 5.001939509549778e-01 -1.633852418067230e-05
3.187500000000000e-01 5.087661463633005e-01 -1.232056621336103e-05
3.218750000000000e-01 5.174625547836644e-01 -1.467104483574238e-05
3.250000000000000e-01 5.262852994058529e-01 -1.327725017457031e-05
3.281250000000000e-01 5.352365342640750e-01 -1.511889542711068e-05
3.312500000000000e-01 5.443184447628656e-01 -1.502707935255444e-05
3.343750000000000e-01 5.535332482106405e-01 -1.653075984579334e-05
3.375000000000000e-01 5.628831943610435e-01 -1.463984687301392e-05
3.406250000000000e-01 5.723705659622137e-01 -1.532980630290971e-05
3.437500000000000e-01 5.819976793141081e-01 -1.687833294134317e-05
3.468750000000000e-01 5.917668848340161e-01 -1.364888431813735e-05
3.500000000000000e-01 6.016805676304035e-01 -1.567917855019917e-05
3.531250000000000e-01 6.117411480852264e-01 -1.387611545339601e-05
3.562500000000000e-01 6.219510824448572e-01 -1.548880953850261e-05
3.593750000000000e-01 6.323128634197650e-01 -1.434625302260325e-05
3.625000000000000e-01 6.428290207931012e-01 -1.618267003280948e-05
3.656250000000000e-01 6.535021220383342e-01 -1.471911846654354e-05
3.687500000000000e-01 6.643347729460869e-01 -1.619864741107837e-05
3.718750000000000e-01 6.753296182603294e-01 -1.542163614416012e-05
3.750000000000000e-01 6.864893423240808e-01 -1.488972838530359e-05
3.781250000000000e-01 6.978166697347804e-01 -1.662032609426989e-05
3.812500000000000e-01 7.093143660094854e-01 -1.479480181830431e-05
3.843750000000000e-01 7.209852382600603e-01 -1.663268341901984e-05
3.875000000000000e-01 7.328321358785219e-01 -1.514774793156988e-05
3.906250000000000e-01 7.448579512327029e-01 -1.660236755919687e-05
3.937500000000000e-01 7.570656203724140e-01 -1.462260320023135e-05
3.968750000000000e-01 7.694581237462648e-01 -1.590827695884172e-05
4.000000000000000e-01 7.820384869293291e-01 -1.582972282074866e-05
4.031250000000000e-01 7.948097813618253e-01 -1.543610521794501e-05
4.062500000000000e-01 8.077751250989945e-01 -1.703222998249364e-05
4.093750000000000e-01 8.209376835723596e-01 -1.644859641749111e-05
4.125000000000000e-01 8.343006703625532e-01 -1.708376531568989e-05
4.156250000000000e-01 8.478673479838968e-01 -1.448587461883956e-05
4.187500000000000e-01 8.616410286809313e-01 -1.648919198185324e-05
4.218750000000000e-01 8.756250752370857e-01 -1.634339157611276e-05
4.250000000000000e-01 8.898229017956865e-01 -1.678210508372259e-05
4.281250000000000e-01 9.042379746935050e-01 -1.675966067180865e-05
4.312500000000000e-01 9.188738133070491e-01 -1.632058329210001e-05
4.343750000000000e-01 9.337339909118028e-01 -1.782738840260847e-05
4.375000000000000e-01 9.488221355546261e-01 -1.629052495668402e-05
4.406250000000000e-01 9.641419309395265e-01 -1.726298645586820e-05
4.437500000000000e-01 9.796971173270190e-01 -1.648246832419932e-05
4.468750000000000e-01 9.954914924472941e-01 -1.691524057761787e-05
4.500000000000000e-01 1.011528912427417e+00 -1.759866525077038e-05
4.531250000000000e-01 1.027813292732786e+00 -1.723560600247695e-05
4.562500000000000e-01 1.044348609123070e+00 -1.809058638738673e-05
4.593750000000000e-01 1.061138898622882e+00 -1.746829099115061e-05
4.625000000000000e-01 1.078188260507393e+00 -1.763973142635246e-05
4.656250000000000e-01 1.095500857303154e+00 -1.769856447178583e-05
4.687500000000000e-01 1.113080915804360e+00 -1.780118334669106e-05
4.718750000000000e-01 1.130932728104805e+00 -1.836717878051127e-05
4.750000000000000e-01 1.149060652645771e+00 -1.853299806819914e-05
4.781250000000000e-01 1.167469115280130e+00 -1.839151835815905e-05
4.812500000000000e-01 1.186162610352890e+00 -1.863308991026254e-05
4.843750000000000e-01 1.205145701798475e+00 -1.831076544963576e-05
4.875000000000000e-01 1.224423024254985e+00 -1.886050659193015e-05
4.906250000000000e-01 1.243999284195726e+00 -1.954912527819245e-05
4.937500000000000e-01 1.263879261078271e+00 -1.904545399473143e-05
4.968750000000000e-01 1.284067808511348e+00 -2.000708946300915e-05
5.000000000000000e-01 1.304569855439823e+00 -1.911152735365081e-05
5.031250000000000e-01 1.325390407348082e+00 -1.948610198525521e-05
5.062500000000000e-01 1.346534547482100e+00 -2.071148984728320e-05
5.093750000000000e-01 1.368007438090487e+00 -1.981810995260700e-05
5.125000000000001e-01 1.389814321684837e+00 -2.102868072623676e-05
5.156250000000000e-01 1.411960522319654e+00 -2.040575681499111e-05
5.187500000000000e-01 1.434451446892208e+00 -2.050379784471071e-05
5.218750000000000e-01 1.457292586462593e+00 -2.207209301625904e-05
5.250000000000000e-01 1.480489517594354e+00 -2.117094861582419e-05
5.281250000000001e-01 1.504047903715979e+00 -2.163909559724924e-05
5.312500000000000e-01 1.527973496503592e+00 -2.198954601438800e-05
5.343750000000000e-01 1.552272137285215e+00 -2.253296916579181e-05
5.375000000000000e-01 1.576949758466886e+00 -2.296156694169861e-05
5.406250000000000e-01 1.602012384981041e+00 -2.230255376398241e-05
5.437500000000001e-01 1.627466135757470e+00 -2.374189365300069e-05
5.468750000000000e-01 1.653317225217225e+00 -2.379735792858631e-05
5.500000000000000e-01 1.679571964789851e+00 -2.353291796234164e-05
5.531250000000000e-01 1.706236764454286e+00 -2.498908343142927e-05
5.562500000000000e-01 1.733318134303830e+00 -2.453506792783464e-05
5.593750000000001e-01 1.760822686135563e+00 -2.510072840403773e-05
5.625000000000000e-01 1.788757135064574e+00 -2.623315545726021e-05
5.656250000000000e-01 1.817128301163438e+00 -2.555241012556077e-05
5.687500000000000e-01 1.845943111127301e+00 -2.681584412211001e-05
5.718750000000000e-01 1.875208599965003e+00 -2.751569400538747e-05
5.750000000000001e-01 1.904931912716643e+00 -2.685721249467857e-05
5.781250000000000e-01 1.935120306198011e+00 -2.877783008850490e-05
5.812500000000000e-01 1.965781150772311e+00 -2.891547595465402e-05
5.843750000000000e-01 1.996921932149593e+00 -2.847979764866001e-05
5.875000000000000e-01 2.028550253214365e+00 -3.104707901423544e-05
5.906250000000001e-01 2.060673835881802e+00 -3.038612139125928e-05
5.937500000000000e-01 2.093300522983012e+00 -3.047413727343081e-05
5.968750000000000e-01 2.126438280179837e+00 -3.361358720234791e-05
6.000000000000001e-01 2.160095197909630e+00 -3.199473109751057e-05
6.031250000000000e-01 2.194279493360494e+00 -3.295166698921890e-05
6.062500000000001e-01 2.228999512477486e+00 -3.652870456525731e-05
6.093750000000000e-01 2.264263732000228e+00 -3.388234573884391e-05
6.125000000000000e-01 2.300080761532477e+00 -3.587863150270423e-05
6.156250000000001e-01 2.336459345644116e+00 -3.987626815329814e-05
6.187500000000000e-01 2.373408366006099e+00 -3.618670085283273e-05
6.218750000000001e-01 2.410936843558884e+00 -3.915169454825105e-05
6.250000000000000e-01 2.449053940714840e+00 -4.391172345023545e-05
6.281250000000000e-01 2.487768963595221e+00 -3.912096041590365e-05
6.312500000000001e-01 2.527091364302215e+00 -4.257623823893077e-05
6.343750000000000e-01 2.567030743226622e+00 -4.892370060094134e-05
6.375000000000001e-01 2.607596851391758e+00 -4.305842887264607e-05
6.406250000000000e-01 2.648799592834118e+00 -4.586393536482310e-05
6.437500000000000e-01 2.690649027021411e+00 -5.507452320645533e-05
6.468750000000001e-01 2.733155371308524e+00 -4.880357050793123e-05
6.500000000000000e-01 2.776329003432049e+00 -4.872114233029364e-05
6.531250000000001e-01 2.820180464043967e+00 -6.190056250938994e-05
6.562500000000000e-01 2.864720459285089e+00 -5.783287088786341e-05
6.593750000000000e-01 2.909959863398929e+00 -5.163683571555372e-05
6.625000000000001e-01 2.955909721386590e+00 -6.758475616928384e-05
6.656250000000000e-01 3.002581251703353e+00 -7.153842534529091e-05
6.687500000000001e-01 3.049985848997626e+00 -5.755908180511215e-05
6.718750000000000e-01 3.098135086892879e+00 -6.909725717724829e-05
6.750000000000000e-01 3.147040720813310e+00 -8.823931002092285e-05
6.781250000000001e-01 3.196714690853871e+00 -7.366893596900488e-05
6.812500000000000e-01 3.247169124695383e+00 -6.692377231506109e-05
6.843750000000001e-01 3.298416340565477e+00 -9.794371309394416e-05
6.875000000000000e-01 3.350468850246008e+00 -1.054383518350113e-04
6.906250000000000e-01 3.403339362127777e+00 -7.669031810565038e-05
6.937500000000001e-01 3.457040784313211e+00 -8.852706120956276e-05
6.968750000000000e-01 3.511586227767823e+00 -1.346925544725808e-04
7.000000000000001e-01 3.566989009521205e+00 -1.256231782897209e-04
7.031250000000000e-01 3.623262655918307e+00 -8.534318795908039e-05
7.062500000000000e-01 3.680420905921852e+00 -1.171766721458188e-04
7.093750000000001e-01 3.738477714466631e+00 -1.843446862988703e-04
7.125000000000000e-01 3.797447255866536e+00 -1.652808426841163e-04
7.156250000000001e-01 3.857343927275175e+00 -1.007059308458384e-04
7.187500000000000e-01 3.918182352200844e+00 -1.390600960435437e-04
7.218750000000000e-01 3.979977384076828e+00 -2.531913025849799e-04
7.250000000000001e-01 4.042744109887770e+00 -2.607556402134313e-04
7.281250000000000e-01 4.106497853853101e+00 -1.467200426350365e-04
7.312500000000001e-01 4.171254181168399e+00 -1.252438107776779e-04
7.343750000000000e-01 4.237028901805528e+00 -2.984363784794947e-04
7.375000000000000e-01 4.303838074372613e+00 -4.556617401762765e-04
7.406250000000001e-01 4.371698010034643e+00 -3.644139418333515e-04
7.437500000000000e-01 4.440625276495786e+00 -1.425448479788396e-04
7.468750000000001e-01 4.510636702044332e+00 -1.503565858190882e-04
7.500000000000000e-01 4.581749379661216e+00 -5.105005242571293e-04
7.531250000000000e-01 4.653980671193226e+00 -8.858922558760744e-04
7.562500000000001e-01 4.727348211591802e+00 -8.296779804239802e-04
7.593750000000000e-01 4.801869913218528e+00 -3.201816139250473e-04
7.625000000000001e-01 4.877563970218381e+00 1.241736887678381e-04
7.656250000000000e-01 4.954448862961714e+00 -1.037363070307416e-04
7.687500000000000e-01 5.032543362556198e+00 -1.103831845066743e-03
7.718750000000001e-01 5.111866535429675e+00 -2.255312008791290e-03
7.750000000000000e-01 5.192437747985146e+00 -2.542677411960874e-03
7.781250000000001e-01 5.274276671329015e+00 -1.148392806573193e-03
7.812500000000000e-01 5.357403286073669e+00 2.098846025772133e-03
7.843750000000000e-01 5.441837887215693e+00 6.657326901694705e-03
7.875000000000001e-01 5.527601089090773e+00 1.154562869894418e-02
7.906250000000000e-01 5.614713830406605e+00 1.574503849588855e-02
7.937500000000001e-01 5.703197379355005e+00 1.852108141322138e-02
7.968750000000000e-01 5.793073338804412e+00 1.956010279355599e-02
8.000000000000000e-01 5.884363651574169e+00 1.893470867691081e-02
8.031250000000001e-01 5.977090605791737e+00 1.697351616834543e-02
8.062500000000000e-01 6.071276840334257e+00 1.411406935825016e-02
8.093750000000001e-01 6.166945350355728e+00 1.078729876023959e-02
8.125000000000000e-01 6.264119492901173e+00 7.348952205882652e-03
8.156250000000000e-01 6.362822992609162e+00 4.053472630652875e-03
8.187500000000001e-01 6.463079947504072e+00 1.057415871081608e-03
8.218750000000000e-01 6.564914834879517e+00 -1.561671262287815e-03
8.250000000000001e-01 6.668352517274371e+00 -3.782359740049694e-03
8.281250000000000e-01 6.773418248542846e+00 -5.619296147280531e-03
8.312500000000000e-01 6.880137680020114e+00 -7.107271876443506e-03
8.343750000000001e-01 6.988536866784961e+00 -8.288381643892197e-03
8.375000000000000e-01 7.098642274021019e+00 -9.202373018935190e-03
8.406250000000001e-01 7.210480783478133e+00 -9.881782394690031e-03
8.437500000000000e-01 7.324079700035414e+00 -1.035244537373877e-02
8.468750000000000e-01 7.439466758367605e+00 -1.063640288359235e-02
8.500000000000001e-01 7.556670129716381e+00 -1.075195303667923e-02
8.531250000000000e-01 7.675718428768239e+00 -1.070833610666840e-02
8.562500000000001e-01 7.796640720640633e+00 -1.049789018688681e-02
8.593750000000000e-01 7.919466527978115e+00 -1.009275367196049e-02
8.625000000000000e-01 8.044225838160141e+00 -9.451475967502562e-03
8.656250000000001e-01 8.170949110622363e+00 -8.535155791577771e-03
8.687500000000000e-01 8.299667284293170e+00 -7.326802320259295e-03
8.718750000000001e-01 8.430411785147284e+00 -5.846026415068836e-03
8.750000000000000e-01 8.563214533878281e+00 -4.153987892281254e-03
8.781250000000000e-01 8.698107953691880e+00 -2.348137343688798e-03
8.812500000000001e-01 8.835124978221932e+00 -5.494908105318786e-04
8.843750000000000e-01 8.974299059571019e+00 1.114045890314924e-03
8.875000000000001e-01 9.115664176477637e+00 2.525416648268562e-03
8.906250000000000e-01 9.259254842611947e+00 3.594843899595261e-03
8.937500000000000e-01 9.405106115002161e+00 4.272459220422290e-03
8.968750000000001e-01 9.553253602593529e+00 4.554554715303295e-03
9.000000000000000e-01 9.703733474942130e+00 4.481689740056978e-03
9.031250000000001e-01 9.856582471045494e+00 4.128794026928091e-03
9.062500000000000e-01 1.001183790831228e+01 3.589685647655912e-03
9.093750000000000e-01 1.016953769167313e+01 2.959987286823403e-03
9.125000000000001e-01 1.032972032283505e+01 2.322560056165149e-03
9.156250000000000e-01 1.049242490968134e+01 1.738317054137099e-03
9.187500000000001e-01 1.065769117581972e+01 1.243298230433331e-03
9.218750000000000e-01 1.082555947028058e+01 8.510448241995579e-04
9.250000000000000e-01 1.099607077736805e+01 5.582198816119189e-04
9.281250000000001e-01 1.116926672666618e+01 3.512430860705333e-04
9.312500000000000e-01 1.134518960320255e+01 2.122175872662185e-04
9.343750000000001e-01 1.152388235777201e+01 1.232273324280943e-04
9.375000000000000e-01 1.170538861742293e+01 6.882292937704045e-05
9.406250000000000e-01 1.188975269610854e+01 3.699822204444551e-05
9.437500000000001e-01 1.207701960550600e+01 1.915790773869382e-05
9.468750000000000e-01 1.226723506600578e+01 9.561202373890783e-06
9.500000000000001e-01 1.246044551787411e+01 4.601865827128507e-06
9.531250000000000e-01 1.265669813259115e+01 2.137254385006912e-06
9.562500000000000e-01 1.285604082436773e+01 9.583159592309833e-07
9.593750000000001e-01 1.305852226184337e+01 4.150570775117395e-07
9.625000000000000e-01 1.326419187996850e+01 1.737232656539471e-07
9.656250000000001e-01 1.347309989207381e+01 7.029958559326846e-08
9.687500000000000e-01 1.368529730212962e+01 2.751539246131859e-08
9.718750000000000e-01 1.390083591719824e+01 1.042080185419563e-08
9.750000000000001e-01 1.411976836008246e+01 3.820276660871470e-09
9.781250000000000e-01 1.434214808217320e+01 1.356171528152948e-09
9.812500000000001e-01 1.456802937649935e+01 4.663487829145064e-10
9.843750000000000e-01 1.479746739098328e+01 1.553922502904345e-10
9.875000000000000e-01 1.503051814190487e+01 5.018646971137018e-11
9.906250000000001e-01 1.526723852757770e+01 1.572346957938545e-11
9.937500000000000e-01 1.550768634224049e+01 4.754804130843986e-12
9.968750000000001e-01 1.575192029016732e+01 1.477374756590322e-12
1.000000000000000e+00 1.600000000000000e+01 2.048253230495242e-13
