0.000000000000000e+00 0.000000000000000e+00 1.408053937671656e-01
3.125000000000000e-03 3.369263549427258e-03 1.408053937671656e-01
6.250000000000000e-03 6.739349689698711e-03 1.363331464706079e-01
9.375000000000001e-03 1.011108121249049e-02 1.354119039809787e-01
1.250000000000000e-02 1.348528131119160e-02 1.350664815947947e-01
1.562500000000000e-02 1.686277378188298e-02 1.348454054087592e-01
1.875000000000000e-02 2.024438322446370e-02 1.347448963073826e-01
2.187500000000000e-02 2.363093524397333e-02 1.348043696576429e-01
2.500000000000000e-02 2.702325665215984e-02 1.348656636538016e-01
2.812500000000000e-02 3.042217566934200e-02 1.349609317603710e-01
3.125000000000000e-02 3.382852212661575e-02 1.350660594348998e-01
3.437500000000000e-02 3.724312766845378e-02 1.352424876883719e-01
3.750000000000001e-02 4.066682595574785e-02 1.354056178310249e-01
4.062500000000000e-02 4.410045286934348e-02 1.356339853108076e-01
4.375000000000000e-02 4.754484671411652e-02 1.358962677712614e-01
4.687500000000000e-02 5.100084842364160e-02 1.361817500643573e-01
5.000000000000000e-02 5.446930176550237e-02 1.364554912722127e-01
5.312500000000001e-02 5.795105354729364e-02 1.367720931329932e-01
5.625000000000000e-02 6.144695382336569e-02 1.371082278728356e-01
5.937500000000000e-02 6.495785610236132e-02 1.374827847740552e-01
6.250000000000000e-02 6.848461755559625e-02 1.378645681329400e-01
6.562500000000000e-02 7.202809922633362e-02 1.382930887889331e-01
6.875000000000001e-02 7.558916624000402e-02 1.387316846635995e-01
7.187500000000001e-02 7.916868801542200e-02 1.391872421193722e-01
7.500000000000001e-02 8.276753847705080e-02 1.396692628027638e-01
7.812500000000000e-02 8.638659626836727e-02 1.401972254400101e-01
8.125000000000000e-02 9.002674496637868e-02 1.407316340474903e-01
8.437500000000001e-02 9.368887329734420e-02 1.412946453372769e-01
8.750000000000001e-02 9.737387535375355e-02 1.418802109371217e-01
9.062500000000001e-02 1.010826508126157e-01 1.425102009813906e-01
9.375000000000000e-02 1.048161051551108e-01 1.431446860845957e-01
9.687500000000000e-02 1.085751498876601e-01 1.438222421824916e-01
1.000000000000000e-01 1.123607027644654e-01 1.445052799620437e-01
1.031250000000000e-01 1.161736880115753e-01 1.452334789544897e-01
1.062500000000000e-01 1.200150365525305e-01 1.459940995418594e-01
1.093750000000000e-01 1.238856862356450e-01 1.467771932258673e-01
1.125000000000000e-01 1.277865820629775e-01 1.475894319584456e-01
1.156250000000000e-01 1.317186764210495e-01 1.484310890487722e-01
1.187500000000000e-01 1.356829293133661e-01 1.492966120026021e-01
1.218750000000000e-01 1.396803085947971e-01 1.502073215394206e-01
1.250000000000000e-01 1.437117902078738e-01 1.511332176011941e-01
1.281250000000000e-01 1.477783584210617e-01 1.521103651255516e-01
1.312500000000000e-01 1.518810060690650e-01 1.530964517153209e-01
1.343750000000000e-01 1.560207347952229e-01 1.541316981677579e-01
1.375000000000000e-01 1.601985552960564e-01 1.551896987588914e-01
1.406250000000000e-01 1.644154875680252e-01 1.562844738334958e-01
1.437500000000000e-01 1.686725611565558e-01 1.574218338519569e-01
1.468750000000000e-01 1.729708154074000e-01 1.585863031099538e-01
1.500000000000000e-01 1.773112997203869e-01 1.597812936135784e-01
1.531250000000000e-01 1.816950738056289e-01 1.610216136320329e-01
1.562500000000000e-01 1.861232079422458e-01 1.622797653662143e-01
1.593750000000000e-01 1.905967832396682e-01 1.635951362814484e-01
1.625000000000000e-01 1.951168919015860e-01 1.649320701044037e-01
1.656250000000000e-01 1.996846374926046e-01 1.663142498905077e-01
1.687500000000000e-01 2.043011352076760e-01 1.677241755594483e-01
1.718750000000000e-01 2.089675121443681e-01 1.691757649618676e-01
1.750000000000000e-01 2.136849075780412e-01 1.706627331003477e-01
1.781250000000000e-01 2.184544732399964e-01 1.721920073939213e-01
1.812500000000000e-01 2.232773735986666e-01 1.737465417679030e-01
1.843750000000000e-01 2.281547861439151e-01 1.753468210315988e-01
1.875000000000000e-01 2.330879016745160e-01 1.769763553407488e-01
1.906250000000000e-01 2.380779245888810e-01 1.786492830625987e-01
1.937500000000000e-01 2.431260731791094e-01 1.803522996973128e-01
1.968750000000000e-01 2.482335799284277e-01 1.820982693952505e-01
2.000000000000000e-01 2.534016918120952e-01 1.838584239482970e-01
2.031250000000000e-01 2.586316706018478e-01 1.856707113323503e-01
2.062500000000000e-01 2.639247931739538e-01 1.875107286753556e-01
2.093750000000000e-01 2.692823518209576e-01 1.893792547423924e-01
2.125000000000000e-01 2.747056545671873e-01 1.912730228993433e-01
2.156250000000000e-01 2.801960254881028e-01 1.932042471139127e-01
2.187500000000000e-01 2.857548050335636e-01 1.951513283043353e-01
2.218750000000000e-01 2.913833503550930e-01 1.971307965039921e-01
2.250000000000000e-01 2.970830356372213e-01 1.991219459418481e-01
2.281250000000000e-01 3.028552524329863e-01 2.011432458219067e-01
2.312500000000000e-01 3.087014100036755e-01 2.031678237648582e-01
2.343750000000000e-01 3.146229356628902e-01 2.052145761425254e-01
2.375000000000000e-01 3.206212751250189e-01 2.072631445434647e-01
2.406250000000000e-01 3.266978928582008e-01 2.093218342765276e-01
2.437500000000000e-01 3.328542724418705e-01 2.113747570962861e-01
2.468750000000000e-01 3.390919169289667e-01 2.134303588560851e-01
2.500000000000000e-01 3.454123492128958e-01 2.154669233697024e-01
2.531250000000000e-01 3.518171123993401e-01 2.174985785210238e-01
2.562500000000000e-01 3.583077701830001e-01 2.194970280322038e-01
2.593750000000000e-01 3.648859072293631e-01 2.214775515760264e-01
2.625000000000000e-01 3.715531295615936e-01 2.234136605918990e-01
2.656250000000000e-01 3.783110649526354e-01 2.253133382209909e-01
2.687500000000000e-01 3.851613633226258e-01 2.271555259538505e-01
2.718750000000000e-01 3.921056971417164e-01 2.289436430288153e-01
2.750000000000000e-01 3.991457618383991e-01 2.306542549969830e-01
2.781250000000000e-01 4.062832762134377e-01 2.322946271607835e-01
2.812500000000000e-01 4.135199828595055e-01 2.338346041715490e-01
2.843750000000000e-01 4.208576485866312e-01 2.352832783825597e-01
2.875000000000000e-01 4.282980648535585e-01 2.366112612425451e-01
2.906250000000000e-01 4.358430482051222e-01 2.378210537678147e-01
2.937500000000000e-01 4.434944407157500e-01 2.388886492430652e-01
2.968750000000000e-01 4.512541104391968e-01 2.398120395298203e-01
3.000000000000000e-01 4.591239518646220e-01 2.405655703401473e-01
3.031250000000000e-01 4.671058863791195e-01 2.411507387565429e-01
3.062500000000000e-01 4.752018627368176e-01 2.415373690724746e-01
3.093750000000000e-01 4.834138575346580e-01 2.417273870176418e-01
3.125000000000000e-01 4.917438756949728e-01 2.416944002336301e-01
3.156250000000000e-01 5.001939509549778e-01 2.414341231496865e-01
3.187500000000000e-01 5.087661463633005e-01 2.409257693586921e-01
3.218750000000000e-01 5.174625547836644e-01 2.401644245396493e-01
3.250000000000000e-01 5.262852994058529e-01 2.391278244655162e-01
3.281250000000000e-01 5.352365342640750e-01 2.378157391235871e-01
3.312500000000000e-01 5.443184447628656e-01 2.362072890075467e-01
3.343750000000000e-01 5.535332482106405e-01 2.343005673167663e-01
3.375000000000000e-01 5.628831943610435e-01 2.320834593038937e-01
3.406250000000000e-01 5.723705659622137e-01 2.295521282906096e-01
3.437500000000000e-01 5.819976793141081e-01 2.266985765024314e-01
3.468750000000000e-01 5.917668848340161e-01 2.235250321819322e-01
3.500000000000000e-01 6.016805676304035e-01 2.200255863197532e-01
3.531250000000000e-01 6.117411480852264e-01 2.162054365246018e-01
3.562500000000000e-01 6.219510824448572e-01 2.120684286632663e-01
3.593750000000000e-01 6.323128634197650e-01 2.076191497703010e-01
3.625000000000000e-01 6.428290207931012e-01 2.028686778707897e-01
3.656250000000000e-01 6.535021220383342e-01 1.978280033006178e-01
3.687500000000000e-01 6.643347729460869e-01 1.925110638326566e-01
3.718750000000000e-01 6.753296182603294e-01 1.869330338752333e-01
3.750000000000000e-01 6.864893423240808e-01 1.811166737762432e-01
3.781250000000000e-01 6.978166697347804e-01 1.750765159626921e-01
3.812500000000000e-01 7.093143660094854e-01 1.688407703157941e-01
3.843750000000000e-01 7.209852382600603e-01 1.624288200794330e-01
3.875000000000000e-01 7.328321358785219e-01 1.558695695882141e-01
3.906250000000000e-01 7.448579512327029e-01 1.491833769560935e-01
3.937500000000000e-01 7.570656203724140e-01 1.424043265758817e-01
3.968750000000000e-01 7.694581237462648e-01 1.355501821573816e-01
4.000000000000000e-01 7.820384869293291e-01 1.286545583550731e-01
4.031250000000000e-01 7.948097813618253e-01 1.217371246618433e-01
4.062500000000000e-01 8.077751250989945e-01 1.148292196357281e-01
4.093750000000000e-01 8.209376835723596e-01 1.079466065247298e-01
4.125000000000000e-01 8.343006703625532e-01 1.011211458683857e-01
4.156250000000000e-01 8.478673479838968e-01 9.436571513033933e-02
4.187500000000000e-01 8.616410286809313e-01 8.770653421290422e-02
4.218750000000000e-01 8.756250752370857e-01 8.115515077245715e-02
4.250000000000000e-01 8.898229017956865e-01 7.473561536124908e-02
4.281250000000000e-01 9.042379746935050e-01 6.845372144854263e-02
4.312500000000000e-01 9.188738133070491e-01 6.232961883525027e-02
4.343750000000000e-01 9.337339909118028e-01 5.636822484528486e-02
4.375000000000000e-01 9.488221355546261e-01 5.058472360350351e-02
4.406250000000000e-01 9.641419309395265e-01 4.497956164794344e-02
4.437500000000000e-01 9.796971173270190e-01 3.956614173410994e-02
4.468750000000000e-01 9.954914924472941e-01 3.434298551475376e-02
4.500000000000000e-01 1.011528912427417e+00 2.931823234714643e-02
4.531250000000000e-01 1.027813292732786e+00 2.448843231237414e-02
4.562500000000000e-01 1.044348609123070e+00 1.986084957353200e-02
4.593750000000000e-01 1.061138898622882e+00 1.542958786692387e-02
4.625000000000000e-01 1.078188260507393e+00 1.119790267532250e-02
4.656250000000000e-01 1.095500857303154e+00 7.159694427828887e-03
4.687500000000000e-01 1.113080915804360e+00 3.317699891970255e-03
4.718750000000000e-01 1.130932728104805e+00 -3.363164024645082e-04
4.750000000000000e-01 1.149060652645771e+00 -3.802270299213719e-03
4.781250000000000e-01 1.167469115280130e+00 -7.087716813255671e-03
4.812500000000000e-01 1.186162610352890e+00 -1.019270504289779e-02
4.843750000000000e-01 1.205145701798475e+00 -1.312626972047903e-02
4.875000000000000e-01 1.224423024254985e+00 -1.589024416684081e-02
4.906250000000000e-01 1.243999284195726e+00 -1.849266661917943e-02
4.937500000000000e-01 1.263879261078271e+00 -2.093501257218931e-02
4.968750000000000e-01 1.284067808511348e+00 -2.322608106080338e-02
5.000000000000000e-01 1.304569855439823e+00 -2.536870009113396e-02
5.031250000000000e-01 1.325390407348082e+00 -2.737078168749594e-02
5.062500000000000e-01 1.346534547482100e+00 -2.923440784089426e-02
5.093750000000000e-01 1.368007438090487e+00 -3.096744746502961e-02
5.125000000000001e-01 1.389814321684837e+00 -3.257295473017004e-02
5.156250000000000e-01 1.411960522319654e+00 -3.405839816532677e-02
5.187500000000000e-01 1.434451446892208e+00 -3.542618167408234e-02
5.218750000000000e-01 1.457292586462593e+00 -3.668290203092157e-02
5.250000000000000e-01 1.480489517594354e+00 -3.783116847363797e-02
5.281250000000001e-01 1.504047903715979e+00 -3.887764478071436e-02
5.312500000000000e-01 1.527973496503592e+00 -3.982494753515408e-02
5.343750000000000e-01 1.552272137285215e+00 -4.067859522248838e-02
5.375000000000000e-01 1.576949758466886e+00 -4.144062449700375e-02
5.406250000000000e-01 1.602012384981041e+00 -4.211630803015619e-02
5.437500000000001e-01 1.627466135757470e+00 -4.270785576190450e-02
5.468750000000000e-01 1.653317225217225e+00 -4.322001927439607e-02
5.500000000000000e-01 1.679571964789851e+00 -4.365473118672711e-02
5.531250000000000e-01 1.706236764454286e+00 -4.401584503843497e-02
5.562500000000000e-01 1.733318134303830e+00 -4.430485739596970e-02
5.593750000000001e-01 1.760822686135563e+00 -4.452527291651558e-02
5.625000000000000e-01 1.788757135064574e+00 -4.467844552282503e-02
5.656250000000000e-01 1.817128301163438e+00 -4.476730562121165e-02
5.687500000000000e-01 1.845943111127301e+00 -4.479302630654446e-02
5.718750000000000e-01 1.875208599965003e+00 -4.475774130810388e-02
5.750000000000001e-01 1.904931912716643e+00 -4.466233231759675e-02
5.781250000000000e-01 1.935120306198011e+00 -4.450838100037512e-02
5.812500000000000e-01 1.965781150772311e+00 -4.429642025975244e-02
5.843750000000000e-01 1.996921932149593e+00 -4.402754658900012e-02
5.875000000000000e-01 2.028550253214365e+00 -4.370189079897865e-02
5.906250000000001e-01 2.060673835881802e+00 -4.331992399791774e-02
5.937500000000000e-01 2.093300522983012e+00 -4.288135025419937e-02
5.968750000000000e-01 2.126438280179837e+00 -4.238596365320691e-02
6.000000000000001e-01 2.160095197909630e+00 -4.183303223268836e-02
6.031250000000000e-01 2.194279493360494e+00 -4.122172991977666e-02
6.062500000000001e-01 2.228999512477486e+00 -4.055086910221346e-02
6.093750000000000e-01 2.264263732000228e+00 -3.981907188442176e-02
6.125000000000000e-01 2.300080761532477e+00 -3.902468209589108e-02
6.156250000000001e-01 2.336459345644116e+00 -3.816582891492468e-02
6.187500000000000e-01 2.373408366006099e+00 -3.724041863595183e-02
6.218750000000001e-01 2.410936843558884e+00 -3.624617662981099e-02
6.250000000000000e-01 2.449053940714840e+00 -3.518068221940318e-02
6.281250000000000e-01 2.487768963595221e+00 -3.404142844189142e-02
6.312500000000001e-01 2.527091364302215e+00 -3.282589667503127e-02
6.343750000000000e-01 2.567030743226622e+00 -3.153165560082264e-02
6.375000000000001e-01 2.607596851391758e+00 -3.015648562377853e-02
6.406250000000000e-01 2.648799592834118e+00 -2.869853312639071e-02
6.437500000000000e-01 2.690649027021411e+00 -2.715649671402606e-02
6.468750000000001e-01 2.733155371308524e+00 -2.552984663312888e-02
6.500000000000000e-01 2.776329003432049e+00 -2.381907586839691e-02
6.531250000000001e-01 2.820180464043967e+00 -2.202597793060563e-02
6.562500000000000e-01 2.864720459285089e+00 -2.015394161399504e-02
6.593750000000000e-01 2.909959863398929e+00 -1.820824737181133e-02
6.625000000000001e-01 2.955909721386590e+00 -1.619634392347524e-02
6.656250000000000e-01 3.002581251703353e+00 -1.412807821532194e-02
6.687500000000001e-01 3.049985848997626e+00 -1.201584817050733e-02
6.718750000000000e-01 3.098135086892879e+00 -9.874647176194183e-03
6.750000000000000e-01 3.147040720813310e+00 -7.721973137403478e-03
6.781250000000001e-01 3.196714690853871e+00 -5.577583711577956e-03
6.812500000000000e-01 3.247169124695383e+00 -3.463092579301485e-03
6.843750000000001e-01 3.298416340565477e+00 -1.401417749228189e-03
6.875000000000000e-01 3.350468850246008e+00 5.838905398594711e-04
6.906250000000000e-01 3.403339362127777e+00 2.469400675466595e-03
6.937500000000001e-01 3.457040784313211e+00 4.232578692811362e-03
6.968750000000000e-01 3.511586227767823e+00 5.852542774453204e-03
7.000000000000001e-01 3.566989009521205e+00 7.310745651416711e-03
7.031250000000000e-01 3.623262655918307e+00 8.591548521352113e-03
7.062500000000000e-01 3.680420905921852e+00 9.682665060767976e-03
7.093750000000001e-01 3.738477714466631e+00 1.057546987987449e-02
7.125000000000000e-01 3.797447255866536e+00 1.126517939256222e-02
7.156250000000001e-01 3.857343927275175e+00 1.175092218444110e-02
7.187500000000000e-01 3.918182352200844e+00 1.203571920677447e-02
7.218750000000000e-01 3.979977384076828e+00 1.212639138282176e-02
7.250000000000001e-01 4.042744109887770e+00 1.203340461360787e-02
7.281250000000000e-01 4.106497853853101e+00 1.177065191754798e-02
7.312500000000001e-01 4.171254181168399e+00 1.135516245280622e-02
7.343750000000000e-01 4.237028901805528e+00 1.080672054031944e-02
7.375000000000000e-01 4.303838074372613e+00 1.014737710198883e-02
7.406250000000001e-01 4.371698010034643e+00 9.400842522068374e-03
7.437500000000000e-01 4.440625276495786e+00 8.591763493060924e-03
7.468750000000001e-01 4.510636702044332e+00 7.744904755592854e-03
7.500000000000000e-01 4.581749379661216e+00 6.884276160601614e-03
7.531250000000000e-01 4.653980671193226e+00 6.032261898286864e-03
7.562500000000001e-01 4.727348211591802e+00 5.208818170913095e-03
7.593750000000000e-01 4.801869913218528e+00 4.430805517867568e-03
7.625000000000001e-01 4.877563970218381e+00 3.711511887755311e-03
7.656250000000000e-01 4.954448862961714e+00 3.060403912438905e-03
7.687500000000000e-01 5.032543362556198e+00 2.483119826999607e-03
7.718750000000001e-01 5.111866535429675e+00 1.981692111311322e-03
7.750000000000000e-01 5.192437747985146e+00 1.554965187850464e-03
7.781250000000001e-01 5.274276671329015e+00 1.199156585578360e-03
7.812500000000000e-01 5.357403286073669e+00 9.085007740361060e-04
7.843750000000000e-01 5.441837887215693e+00 6.759138402959819e-04
7.875000000000001e-01 5.527601089090773e+00 4.936234649923530e-04
7.906250000000000e-01 5.614713830406605e+00 3.537204206831389e-04
7.937500000000001e-01 5.703197379355005e+00 2.486027082639230e-04
7.968750000000000e-01 5.793073338804412e+00 1.712990347283374e-04
8.000000000000000e-01 5.884363651574169e+00 1.156725021661228e-04
8.031250000000001e-01 5.977090605791737e+00 7.651659074085094e-05
8.062500000000000e-01 6.071276840334257e+00 4.956295605729807e-05
8.093750000000001e-01 6.166945350355728e+00 3.142410321893796e-05
8.125000000000000e-01 6.264119492901173e+00 1.949410242470058e-05
8.156250000000000e-01 6.362822992609162e+00 1.182801214301699e-05
8.187500000000001e-01 6.463079947504072e+00 7.016576580054092e-06
8.218750000000000e-01 6.564914834879517e+00 4.068030861209272e-06
8.250000000000001e-01 6.668352517274371e+00 2.304268569555599e-06
8.281250000000000e-01 6.773418248542846e+00 1.274736715439266e-06
8.312500000000000e-01 6.880137680020114e+00 6.884930464148489e-07
8.343750000000001e-01 6.988536866784961e+00 3.629343638790909e-07
8.375000000000000e-01 7.098642274021019e+00 1.866675188223879e-07
8.406250000000001e-01 7.210480783478133e+00 9.364599829906897e-08
8.437500000000000e-01 7.324079700035414e+00 4.581021182238761e-08
8.468750000000000e-01 7.439466758367605e+00 2.184570221284004e-08
8.500000000000001e-01 7.556670129716381e+00 1.015274943334111e-08
8.531250000000000e-01 7.675718428768239e+00 4.597311433159213e-09
8.562500000000001e-01 7.796640720640633e+00 2.027779745675939e-09
8.593750000000000e-01 7.919466527978115e+00 8.710309503816043e-10
8.625000000000000e-01 8.044225838160141e+00 3.642898106889130e-10
8.656250000000001e-01 8.170949110622363e+00 1.483102140770541e-10
8.687500000000000e-01 8.299667284293170e+00 5.876529283126993e-11
8.718750000000001e-01 8.430411785147284e+00 2.265775732426120e-11
8.750000000000000e-01 8.563214533878281e+00 8.499327427203577e-12
8.781250000000000e-01 8.698107953691880e+00 3.101374831764614e-12
8.812500000000001e-01 8.835124978221932e+00 1.100680650627893e-12
8.843750000000000e-01 8.974299059571019e+00 3.798795077485091e-13
8.875000000000001e-01 9.115664176477637e+00 1.274830938136680e-13
8.906250000000000e-01 9.259254842611947e+00 4.159400772879502e-14
8.937500000000000e-01 9.405106115002161e+00 1.319271034814246e-14
8.968750000000001e-01 9.553253602593529e+00 4.067431650007388e-15
9.000000000000000e-01 9.703733474942130e+00 1.218853420409304e-15
9.031250000000001e-01 9.856582471045494e+00 3.549716352292751e-16
9.062500000000000e-01 1.001183790831228e+01 1.004654136894186e-16
9.093750000000000e-01 1.016953769167313e+01 2.763081795283633e-17
9.125000000000001e-01 1.032972032283505e+01 7.384178191641970e-18
9.156250000000000e-01 1.049242490968134e+01 1.917442179271750e-18
9.187500000000001e-01 1.065769117581972e+01 4.837686698345662e-19
9.218750000000000e-01 1.082555947028058e+01 1.185865242263812e-19
9.250000000000000e-01 1.099607077736805e+01 2.824261062997767e-20
9.281250000000001e-01 1.116926672666618e+01 6.534898242697499e-21
9.312500000000000e-01 1.134518960320255e+01 1.469036578199706e-21
9.343750000000001e-01 1.152388235777201e+01 3.208367048170532e-22
9.375000000000000e-01 1.170538861742293e+01 6.807590955785583e-23
9.406250000000000e-01 1.188975269610854e+01 1.403341774487269e-23
9.437500000000001e-01 1.207701960550600e+01 2.810598904236579e-24
9.468750000000000e-01 1.226723506600578e+01 5.468983464747978e-25
9.500000000000001e-01 1.246044551787411e+01 1.033940456780292e-25
9.531250000000000e-01 1.265669813259115e+01 1.899224669371299e-26
9.562500000000000e-01 1.285604082436773e+01 3.389701921108163e-27
9.593750000000001e-01 1.305852226184337e+01 5.878481120833230e-28
9.625000000000000e-01 1.326419187996850e+01 9.906102944372279e-29
9.656250000000001e-01 1.347309989207381e+01 1.622152651396767e-29
9.687500000000000e-01 1.368529730212962e+01 2.581369745493132e-30
9.718750000000000e-01 1.390083591719824e+01 3.992068839170932e-31
9.750000000000001e-01 1.411976836008246e+01 6.000065857965969e-32
9.781250000000000e-01 1.434214808217320e+01 8.764884118281358e-33
9.812500000000001e-01 1.456802937649935e+01 1.244490256551548e-33
9.843750000000000e-01 1.479746739098328e+01 1.717575854153602e-34
9.875000000000000e-01 1.503051814190487e+01 2.304327292074986e-35
9.906250000000001e-01 1.526723852757770e+01 3.005449575494100e-36
9.937500000000000e-01 1.550768634224049e+01 3.807562864482285e-37
9.968750000000001e-01 1.575192029016732e+01 5.009619140862846e-38
1.000000000000000e+00 1.600000000000000e+01 -1.446655826908530e-38
