0.000000000000000e+00 0.000000000000000e+00 -7.396776578620933e-03
3.125000000000000e-03 3.369263549427258e-03 -7.396776578620933e-03
6.250000000000000e-03 6.739349689698711e-03 -7.202267167043142e-03
9.375000000000001e-03 1.011108121249049e-02 -7.324800671086703e-03
1.250000000000000e-02 1.348528131119160e-02 -7.197603344352535e-03
1.562500000000000e-02 1.686277378188298e-02 -7.138495770186781e-03
1.875000000000000e-02 2.024438322446370e-02 -7.193472491820666e-03
2.187500000000000e-02 2.363093524397333e-02 -7.185668276549613e-03
2.500000000000000e-02 2.702325665215984e-02 -7.168487842317947e-03
2.812500000000000e-02 3.042217566934200e-02 -7.172344810245598e-03
3.125000000000000e-02 3.382852212661575e-02 -7.136152056467170e-03
3.437500000000000e-02 3.724312766845378e-02 -7.118670992558809e-03
3.750000000000001e-02 4.066682595574785e-02 -7.143863841682891e-03
4.062500000000000e-02 4.410045286934348e-02 -7.137786699291388e-03
4.375000000000000e-02 4.754484671411652e-02 -7.107902447896840e-03
4.687500000000000e-02 5.100084842364160e-02 -7.115559906055314e-03
5.000000000000000e-02 5.446930176550237e-02 -7.110568647770443e-03
5.312500000000001e-02 5.795105354729364e-02 -7.089421329216297e-03
5.625000000000000e-02 6.144695382336569e-02 -7.104402401346390e-03
5.937500000000000e-02 6.495785610236132e-02 -7.083371734721850e-03
6.250000000000000e-02 6.848461755559625e-02 -7.065587612321796e-03
6.562500000000000e-02 7.202809922633362e-02 -7.078276150101566e-03
6.875000000000001e-02 7.558916624000402e-02 -7.058570591325493e-03
7.187500000000001e-02 7.916868801542200e-02 -7.041506145843403e-03
7.500000000000001e-02 8.276753847705080e-02 -7.037729029261438e-03
7.812500000000000e-02 8.638659626836727e-02 -7.031977701500991e-03
8.125000000000000e-02 9.002674496637868e-02 -7.011690524310708e-03
8.437500000000001e-02 9.368887329734420e-02 -7.000985621289153e-03
8.750000000000001e-02 9.737387535375355e-02 -6.993272605496423e-03
9.062500000000001e-02 1.010826508126157e-01 -6.981772630286412e-03
9.375000000000000e-02 1.048161051551108e-01 -6.962791064653661e-03
9.687500000000000e-02 1.085751498876601e-01 -6.948754775386662e-03
1.000000000000000e-01 1.123607027644654e-01 -6.934002241283065e-03
1.031250000000000e-01 1.161736880115753e-01 -6.917568231730251e-03
1.062500000000000e-01 1.200150365525305e-01 -6.904218386434317e-03
1.093750000000000e-01 1.238856862356450e-01 -6.877247306713910e-03
1.125000000000000e-01 1.277865820629775e-01 -6.869619940448574e-03
1.156250000000000e-01 1.317186764210495e-01 -6.853884055143657e-03
1.187500000000000e-01 1.356829293133661e-01 -6.829513510916807e-03
1.218750000000000e-01 1.396803085947971e-01 -6.813136937897929e-03
1.250000000000000e-01 1.437117902078738e-01 -6.786994764578346e-03
1.281250000000000e-01 1.477783584210617e-01 -6.761482736467614e-03
1.312500000000000e-01 1.518810060690650e-01 -6.736182267793121e-03
1.343750000000000e-01 1.560207347952229e-01 -6.720505429052779e-03
1.375000000000000e-01 1.601985552960564e-01 -6.691769001017770e-03
1.406250000000000e-01 1.644154875680252e-01 -6.666905145685080e-03
1.437500000000000e-01 1.686725611565558e-01 -6.637805713257966e-03
1.468750000000000e-01 1.729708154074000e-01 -6.606248125082657e-03
1.500000000000000e-01 1.773112997203869e-01 -6.573824674863631e-03
1.531250000000000e-01 1.816950738056289e-01 -6.537618334960039e-03
1.562500000000000e-01 1.861232079422458e-01 -6.513150613760141e-03
1.593750000000000e-01 1.905967832396682e-01 -6.476351722084409e-03
1.625000000000000e-01 1.951168919015860e-01 -6.440919563968374e-03
1.656250000000000e-01 1.996846374926046e-01 -6.399002932512415e-03
1.687500000000000e-01 2.043011352076760e-01 -6.358233924617794e-03
1.718750000000000e-01 2.089675121443681e-01 -6.320862712285131e-03
1.750000000000000e-01 2.136849075780412e-01 -6.269992813210967e-03
1.781250000000000e-01 2.184544732399964e-01 -6.226755649507262e-03
1.812500000000000e-01 2.232773735986666e-01 -6.176524334458741e-03
1.843750000000000e-01 2.281547861439151e-01 -6.129228250337202e-03
1.875000000000000e-01 2.330879016745160e-01 -6.074270527017825e-03
1.906250000000000e-01 2.380779245888810e-01 -6.016514053932435e-03
1.937500000000000e-01 2.431260731791094e-01 -5.959016010048176e-03
1.968750000000000e-01 2.482335799284277e-01 -5.893916366117144e-03
2.000000000000000e-01 2.534016918120952e-01 -5.834138026037466e-03
2.031250000000000e-01 2.586316706018478e-01 -5.764619540923566e-03
2.062500000000000e-01 2.639247931739538e-01 -5.694017884803309e-03
2.093750000000000e-01 2.692823518209576e-01 -5.620031955964703e-03
2.125000000000000e-01 2.747056545671873e-01 -5.536875763996221e-03
2.156250000000000e-01 2.801960254881028e-01 -5.456256825784128e-03
2.187500000000000e-01 2.857548050335636e-01 -5.368471248528118e-03
2.218750000000000e-01 2.913833503550930e-01 -5.278198244188691e-03
2.250000000000000e-01 2.970830356372213e-01 -5.182108864575024e-03
2.281250000000000e-01 3.028552524329863e-01 -5.079631350589965e-03
2.312500000000000e-01 3.087014100036755e-01 -4.971793413444976e-03
2.343750000000000e-01 3.146229356628902e-01 -4.859290271116436e-03
2.375000000000000e-01 3.206212751250189e-01 -4.741326042270109e-03
2.406250000000000e-01 3.266978928582008e-01 -4.617004886596749e-03
2.437500000000000e-01 3.328542724418705e-01 -4.483382988870004e-03
2.468750000000000e-01 3.390919169289667e-01 -4.342063787202110e-03
2.500000000000000e-01 3.454123492128958e-01 -4.197423041664858e-03
2.531250000000000e-01 3.518171123993401e-01 -4.041345404067411e-03
2.562500000000000e-01 3.583077701830001e-01 -3.877756429201401e-03
2.593750000000000e-01 3.648859072293631e-01 -3.705534886675498e-03
2.625000000000000e-01 3.715531295615936e-01 -3.517285562219088e-03
2.656250000000000e-01 3.783110649526354e-01 -3.325762034647204e-03
2.687500000000000e-01 3.851613633226258e-01 -3.121771880392359e-03
2.718750000000000e-01 3.921056971417164e-01 -2.901985967130933e-03
2.750000000000000e-01 3.991457618383991e-01 -2.672003633709557e-03
2.781250000000000e-01 4.062832762134377e-01 -2.428475666738145e-03
2.812500000000000e-01 4.135199828595055e-01 -2.169677894368237e-03
2.843750000000000e-01 4.208576485866312e-01 -1.893992826595888e-03
2.875000000000000e-01 4.282980648535585e-01 -1.603910195715251e-03
2.906250000000000e-01 4.358430482051222e-01 -1.295386817277787e-03
2.937500000000000e-01 4.434944407157500e-01 -9.660300592247009e-04
2.968750000000000e-01 4.512541104391968e-01 -6.186142289362324e-04
3.000000000000000e-01 4.591239518646220e-01 -2.476563496305514e-04
3.031250000000000e-01 4.671058863791195e-01 1.456684770048964e-04
3.062500000000000e-01 4.752018627368176e-01 5.640557876735060e-04
3.093750000000000e-01 4.834138575346580e-01 1.009972419440874e-03
3.125000000000000e-01 4.917438756949728e-01 1.482875419303397e-03
3.156250000000000e-01 5.001939509549778e-01 1.987982885519562e-03
3.187500000000000e-01 5.087661463633005e-01 2.524693794958820e-03
3.218750000000000e-01 5.174625547836644e-01 3.096579472123307e-03
3.250000000000000e-01 5.262852994058529e-01 3.706715142037956e-03
3.281250000000000e-01 5.352365342640750e-01 4.355705899756368e-03
3.312500000000000e-01 5.443184447628656e-01 5.048737795637953e-03
3.343750000000000e-01 5.535332482106405e-01 5.787309084586352e-03
3.375000000000000e-01 5.628831943610435e-01 6.574332055232833e-03
3.406250000000000e-01 5.723705659622137e-01 7.415315892596001e-03
3.437500000000000e-01 5.819976793141081e-01 8.310619929737143e-03
3.468750000000000e-01 5.917668848340161e-01 9.267222963685828e-03
3.500000000000000e-01 6.016805676304035e-01 1.028722473477628e-02
3.531250000000000e-01 6.117411480852264e-01 1.137518646423324e-02
3.562500000000000e-01 6.219510824448572e-01 1.253647633665356e-02
3.593750000000000e-01 6.323128634197650e-01 1.377480552850919e-02
3.625000000000000e-01 6.428290207931012e-01 1.509482583899677e-02
3.656250000000000e-01 6.535021220383342e-01 1.650356336225631e-02
3.687500000000000e-01 6.643347729460869e-01 1.800271040435068e-02
3.718750000000000e-01 6.753296182603294e-01 1.960147080759830e-02
3.750000000000000e-01 6.864893423240808e-01 2.130212212201522e-02
3.781250000000000e-01 6.978166697347804e-01 2.311168781555210e-02
3.812500000000000e-01 7.093143660094854e-01 2.503487744468603e-02
3.843750000000000e-01 7.209852382600603e-01 2.707742840445568e-02
3.875000000000000e-01 7.328321358785219e-01 2.924225348182431e-02
3.906250000000000e-01 7.448579512327029e-01 3.153735904277813e-02
3.937500000000000e-01 7.570656203724140e-01 3.396177519654853e-02
3.968750000000000e-01 7.694581237462648e-01 3.652324543496104e-02
4.000000000000000e-01 7.820384869293291e-01 3.922019886117584e-02
4.031250000000000e-01 7.948097813618253e-01 4.205589277648259e-02
4.062500000000000e-01 8.077751250989945e-01 4.502731140337104e-02
4.093750000000000e-01 8.209376835723596e-01 4.813516958498593e-02
4.125000000000000e-01 8.343006703625532e-01 5.136974827541270e-02
4.156250000000000e-01 8.478673479838968e-01 5.472984114481813e-02
4.187500000000000e-01 8.616410286809313e-01 5.819937825593993e-02
4.218750000000000e-01 8.756250752370857e-01 6.176988104390503e-02
4.250000000000000e-01 8.898229017956865e-01 6.542036961115560e-02
4.281250000000000e-01 9.042379746935050e-01 6.913425589598053e-02
4.312500000000000e-01 9.188738133070491e-01 7.288097871931160e-02
4.343750000000000e-01 9.337339909118028e-01 7.663820607223024e-02
4.375000000000000e-01 9.488221355546261e-01 8.036517796304074e-02
4.406250000000000e-01 9.641419309395265e-01 8.403050852898807e-02
4.437500000000000e-01 9.796971173270190e-01 8.758721505898141e-02
4.468750000000000e-01 9.954914924472941e-01 9.099536540610639e-02
4.500000000000000e-01 1.011528912427417e+00 9.420092599160604e-02
4.531250000000000e-01 1.027813292732786e+00 9.716132677823007e-02
4.562500000000000e-01 1.044348609123070e+00 9.981922784631334e-02
4.593750000000000e-01 1.061138898622882e+00 1.021306953137246e-01
4.625000000000000e-01 1.078188260507393e+00 1.040435690856545e-01
4.656250000000000e-01 1.095500857303154e+00 1.055182080799009e-01
4.687500000000000e-01 1.113080915804360e+00 1.065108463829922e-01
4.718750000000000e-01 1.130932728104805e+00 1.069943351283043e-01
4.750000000000000e-01 1.149060652645771e+00 1.069406469084715e-01
4.781250000000000e-01 1.167469115280130e+00 1.063369996275059e-01
4.812500000000000e-01 1.186162610352890e+00 1.051768339565853e-01
4.843750000000000e-01 1.205145701798475e+00 1.034669012874273e-01
4.875000000000000e-01 1.224423024254985e+00 1.012211105386021e-01
4.906250000000000e-01 1.243999284195726e+00 9.846541479994525e-02
4.937500000000000e-01 1.263879261078271e+00 9.523510235770448e-02
4.968750000000000e-01 1.284067808511348e+00 9.157024256736401e-02
5.000000000000000e-01 1.304569855439823e+00 8.752049727427433e-02
5.031250000000000e-01 1.325390407348082e+00 8.313665783159663e-02
5.062500000000000e-01 1.346534547482100e+00 7.847649447540950e-02
5.093750000000000e-01 1.368007438090487e+00 7.359243759764503e-02
5.125000000000001e-01 1.389814321684837e+00 6.854412707177254e-02
5.156250000000000e-01 1.411960522319654e+00 6.338203976189810e-02
5.187500000000000e-01 1.434451446892208e+00 5.816073397524779e-02
5.218750000000000e-01 1.457292586462593e+00 5.292335141983447e-02
5.250000000000000e-01 1.480489517594354e+00 4.771755731792668e-02
5.281250000000001e-01 1.504047903715979e+00 4.257768572471522e-02
5.312500000000000e-01 1.527973496503592e+00 3.754081605643721e-02
5.343750000000000e-01 1.552272137285215e+00 3.263169656418059e-02
5.375000000000000e-01 1.576949758466886e+00 2.787844874773413e-02
5.406250000000000e-01 1.602012384981041e+00 2.329663390039924e-02
5.437500000000001e-01 1.627466135757470e+00 1.890448256222165e-02
5.468750000000000e-01 1.653317225217225e+00 1.470989290996071e-02
5.500000000000000e-01 1.679571964789851e+00 1.072415653112363e-02
5.531250000000000e-01 1.706236764454286e+00 6.948773140970013e-03
5.562500000000000e-01 1.733318134303830e+00 3.388271714182266e-03
5.593750000000001e-01 1.760822686135563e+00 3.950790264134809e-05
5.625000000000000e-01 1.788757135064574e+00 -3.096934742366657e-03
5.656250000000000e-01 1.817128301163438e+00 -6.027355102793369e-03
5.687500000000000e-01 1.845943111127301e+00 -8.754761007699370e-03
5.718750000000000e-01 1.875208599965003e+00 -1.128766563115458e-02
5.750000000000001e-01 1.904931912716643e+00 -1.363078159464676e-02
5.781250000000000e-01 1.935120306198011e+00 -1.579333393689956e-02
5.812500000000000e-01 1.965781150772311e+00 -1.778120579927822e-02
5.843750000000000e-01 1.996921932149593e+00 -1.960428174207500e-02
5.875000000000000e-01 2.028550253214365e+00 -2.126899534825200e-02
5.906250000000001e-01 2.060673835881802e+00 -2.278469069271650e-02
5.937500000000000e-01 2.093300522983012e+00 -2.415753901680256e-02
5.968750000000000e-01 2.126438280179837e+00 -2.539645905575798e-02
6.000000000000001e-01 2.160095197909630e+00 -2.650744483580577e-02
6.031250000000000e-01 2.194279493360494e+00 -2.749860821659551e-02
6.062500000000001e-01 2.228999512477486e+00 -2.837536365590165e-02
6.093750000000000e-01 2.264263732000228e+00 -2.914474007305783e-02
6.125000000000000e-01 2.300080761532477e+00 -2.981140370588508e-02
6.156250000000001e-01 2.336459345644116e+00 -3.038147327542202e-02
6.187500000000000e-01 2.373408366006099e+00 -3.085888832584719e-02
6.218750000000001e-01 2.410936843558884e+00 -3.124864438187337e-02
6.250000000000000e-01 2.449053940714840e+00 -3.155393517725359e-02
6.281250000000000e-01 2.487768963595221e+00 -3.177860487317406e-02
6.312500000000001e-01 2.527091364302215e+00 -3.192509907343121e-02
6.343750000000000e-01 2.567030743226622e+00 -3.199624630241408e-02
6.375000000000001e-01 2.607596851391758e+00 -3.199366444704060e-02
6.406250000000000e-01 2.648799592834118e+00 -3.191910751898049e-02
6.437500000000000e-01 2.690649027021411e+00 -3.177327073185900e-02
6.468750000000001e-01 2.733155371308524e+00 -3.155674105884109e-02
6.500000000000000e-01 2.776329003432049e+00 -3.126926039986055e-02
6.531250000000001e-01 2.820180464043967e+00 -3.091027087495236e-02
6.562500000000000e-01 2.864720459285089e+00 -3.047855605699354e-02
6.593750000000000e-01 2.909959863398929e+00 -2.997248689520667e-02
6.625000000000001e-01 2.955909721386590e+00 -2.938989047547010e-02
6.656250000000000e-01 3.002581251703353e+00 -2.872815357284422e-02
6.687500000000001e-01 3.049985848997626e+00 -2.798421341234386e-02
6.718750000000000e-01 3.098135086892879e+00 -2.715463926736148e-02
6.750000000000000e-01 3.147040720813310e+00 -2.623571045346476e-02
6.781250000000001e-01 3.196714690853871e+00 -2.522355246626566e-02
6.812500000000000e-01 3.247169124695383e+00 -2.411431780089159e-02
6.843750000000001e-01 3.298416340565477e+00 -2.290443494785121e-02
6.875000000000000e-01 3.350468850246008e+00 -2.159093244380360e-02
6.906250000000000e-01 3.403339362127777e+00 -2.017184923716415e-02
6.937500000000001e-01 3.457040784313211e+00 -1.864673308765687e-02
6.968750000000000e-01 3.511586227767823e+00 -1.701721779748284e-02
7.000000000000001e-01 3.566989009521205e+00 -1.528765142516783e-02
7.031250000000000e-01 3.623262655918307e+00 -1.346572494337126e-02
7.062500000000000e-01 3.680420905921852e+00 -1.156302749506210e-02
7.093750000000001e-01 3.738477714466631e+00 -9.595437547117650e-03
7.125000000000000e-01 3.797447255866536e+00 -7.583256236614861e-03
7.156250000000001e-01 3.857343927275175e+00 -5.551005556280252e-03
7.187500000000000e-01 3.918182352200844e+00 -3.526850426762658e-03
7.218750000000000e-01 3.979977384076828e+00 -1.541654762923843e-03
7.250000000000001e-01 4.042744109887770e+00 3.722632570971974e-04
7.281250000000000e-01 4.106497853853101e+00 2.182565217653452e-03
7.312500000000001e-01 4.171254181168399e+00 3.858377891947468e-03
7.343750000000000e-01 4.237028901805528e+00 5.371691570857798e-03
7.375000000000000e-01 4.303838074372613e+00 6.698557003509442e-03
7.406250000000001e-01 4.371698010034643e+00 7.820008406034723e-03
7.437500000000000e-01 4.440625276495786e+00 8.722688062799468e-03
7.468750000000001e-01 4.510636702044332e+00 9.399190454732665e-03
7.500000000000000e-01 4.581749379661216e+00 9.848170956568597e-03
7.531250000000000e-01 4.653980671193226e+00 1.007427096835486e-02
7.562500000000001e-01 4.727348211591802e+00 1.008789875574387e-02
7.593750000000000e-01 4.801869913218528e+00 9.904879782201049e-03
7.625000000000001e-01 4.877563970218381e+00 9.545962392199599e-03
7.656250000000000e-01 4.954448862961714e+00 9.036145810231743e-03
7.687500000000000e-01 5.032543362556198e+00 8.403796473381648e-03
7.718750000000001e-01 5.111866535429675e+00 7.679539060267142e-03
7.750000000000000e-01 5.192437747985146e+00 6.894946595944412e-03
7.781250000000001e-01 5.274276671329015e+00 6.081099989688604e-03
7.812500000000000e-01 5.357403286073669e+00 5.267128435197785e-03
7.843750000000000e-01 5.441837887215693e+00 4.478866237962812e-03
7.875000000000001e-01 5.527601089090773e+00 3.737761261496574e-03
7.906250000000000e-01 5.614713830406605e+00 3.060144256045169e-03
7.937500000000001e-01 5.703197379355005e+00 2.456922271072831e-03
7.968750000000000e-01 5.793073338804412e+00 1.933703114848335e-03
8.000000000000000e-01 5.884363651574169e+00 1.491302942920268e-03
8.031250000000001e-01 5.977090605791737e+00 1.126545665894394e-03
8.062500000000000e-01 6.071276840334257e+00 8.332375512452623e-04
8.093750000000001e-01 6.166945350355728e+00 6.031952726317832e-04
8.125000000000000e-01 6.264119492901173e+00 4.272186723055757e-04
8.156250000000000e-01 6.362822992609162e+00 2.959255682444332e-04
8.187500000000001e-01 6.463079947504072e+00 2.003985356581529e-04
8.218750000000000e-01 6.564914834879517e+00 1.326263098357335e-04
8.250000000000001e-01 6.668352517274371e+00 8.575019273678241e-05
8.281250000000000e-01 6.773418248542846e+00 5.414548721387113e-05
8.312500000000000e-01 6.880137680020114e+00 3.337853514675135e-05
8.343750000000001e-01 6.988536866784961e+00 2.008219546760033e-05
8.375000000000000e-01 7.098642274021019e+00 1.178854795565848e-05
8.406250000000001e-01 7.210480783478133e+00 6.749730142012961e-06
8.437500000000000e-01 7.324079700035414e+00 3.768485790160194e-06
8.468750000000000e-01 7.439466758367605e+00 2.051090920500645e-06
8.500000000000001e-01 7.556670129716381e+00 1.088001619676492e-06
8.531250000000000e-01 7.675718428768239e+00 5.623357788728265e-07
8.562500000000001e-01 7.796640720640633e+00 2.831289573699079e-07
8.593750000000000e-01 7.919466527978115e+00 1.388359679056719e-07
8.625000000000000e-01 8.044225838160141e+00 6.629203833284094e-08
8.656250000000001e-01 8.170949110622363e+00 3.081631528830852e-08
8.687500000000000e-01 8.299667284293170e+00 1.394388838323201e-08
8.718750000000001e-01 8.430411785147284e+00 6.140451809793635e-09
8.750000000000000e-01 8.563214533878281e+00 2.631265864238829e-09
8.781250000000000e-01 8.698107953691880e+00 1.097026283324040e-09
8.812500000000001e-01 8.835124978221932e+00 4.449407423141901e-10
8.843750000000000e-01 8.974299059571019e+00 1.755375163296394e-10
8.875000000000001e-01 9.115664176477637e+00 6.735577135855252e-11
8.906250000000000e-01 9.259254842611947e+00 2.513481612529774e-11
8.937500000000000e-01 9.405106115002161e+00 9.120862060782587e-12
8.968750000000001e-01 9.553253602593529e+00 3.218271641540517e-12
9.000000000000000e-01 9.703733474942130e+00 1.104097521142892e-12
9.031250000000001e-01 9.856582471045494e+00 3.682689789637792e-13
9.062500000000000e-01 1.001183790831228e+01 1.194192720162155e-13
9.093750000000000e-01 1.016953769167313e+01 3.764586572082795e-14
9.125000000000001e-01 1.032972032283505e+01 1.153663044281530e-14
9.156250000000000e-01 1.049242490968134e+01 3.436748805443696e-15
9.187500000000001e-01 1.065769117581972e+01 9.952104105952502e-16
9.218750000000000e-01 1.082555947028058e+01 2.801394533162834e-16
9.250000000000000e-01 1.099607077736805e+01 7.665181054803309e-17
9.281250000000001e-01 1.116926672666618e+01 2.038723399241456e-17
9.312500000000000e-01 1.134518960320255e+01 5.270881217638242e-18
9.343750000000001e-01 1.152388235777201e+01 1.324648459651055e-18
9.375000000000000e-01 1.170538861742293e+01 3.236056067257758e-19
9.406250000000000e-01 1.188975269610854e+01 7.684875727820423e-20
9.437500000000001e-01 1.207701960550600e+01 1.774076329238682e-20
9.468750000000000e-01 1.226723506600578e+01 3.981377111493668e-21
9.500000000000001e-01 1.246044551787411e+01 8.686251447866117e-22
9.531250000000000e-01 1.265669813259115e+01 1.842398346729047e-22
9.562500000000000e-01 1.285604082436773e+01 3.799287025154389e-23
9.593750000000001e-01 1.305852226184337e+01 7.617365109879008e-24
9.625000000000000e-01 1.326419187996850e+01 1.484941727512828e-24
9.656250000000001e-01 1.347309989207381e+01 2.814718805009049e-25
9.687500000000000e-01 1.368529730212962e+01 5.188019708148251e-26
9.718750000000000e-01 1.390083591719824e+01 9.298870929101225e-27
9.750000000000001e-01 1.411976836008246e+01 1.620849594113849e-27
9.781250000000000e-01 1.434214808217320e+01 2.747652644984579e-28
9.812500000000001e-01 1.456802937649935e+01 4.530133896981882e-29
9.843750000000000e-01 1.479746739098328e+01 7.264647337546369e-30
9.875000000000000e-01 1.503051814190487e+01 1.133174700079652e-30
9.906250000000001e-01 1.526723852757770e+01 1.719482547211185e-31
9.937500000000000e-01 1.550768634224049e+01 2.535035513945391e-32
9.968750000000001e-01 1.575192029016732e+01 3.887434926947347e-33
1.000000000000000e+00 1.600000000000000e+01 -8.697599173678284e-34
