0.000000000000000e+00 0.000000000000000e+00 -1.250787384969210e-03
3.125000000000000e-03 3.369263549427258e-03 -1.250787384969210e-03
6.250000000000000e-03 6.739349689698711e-03 -1.348332828777041e-03
9.375000000000001e-03 1.011108121249049e-02 -1.337769242990252e-03
1.250000000000000e-02 1.348528131119160e-02 -1.427481475375215e-03
1.562500000000000e-02 1.686277378188298e-02 -1.491690914098255e-03
1.875000000000000e-02 2.024438322446370e-02 -1.363524576199980e-03
2.187500000000000e-02 2.363093524397333e-02 -1.416183021397210e-03
2.500000000000000e-02 2.702325665215984e-02 -1.421807031436325e-03
2.812500000000000e-02 3.042217566934200e-02 -1.394050793334263e-03
3.125000000000000e-02 3.382852212661575e-02 -1.365078759786744e-03
3.437500000000000e-02 3.724312766845378e-02 -1.428860920861778e-03
3.750000000000001e-02 4.066682595574785e-02 -1.389354944264733e-03
4.062500000000000e-02 4.410045286934348e-02 -1.398132243466570e-03
4.375000000000000e-02 4.754484671411652e-02 -1.398298006228003e-03
4.687500000000000e-02 5.100084842364160e-02 -1.411162741527082e-03
5.000000000000000e-02 5.446930176550237e-02 -1.403305932338317e-03
5.312500000000001e-02 5.795105354729364e-02 -1.391888572295082e-03
5.625000000000000e-02 6.144695382336569e-02 -1.426943608712912e-03
5.937500000000000e-02 6.495785610236132e-02 -1.413096333346439e-03
6.250000000000000e-02 6.848461755559625e-02 -1.400169833800130e-03
6.562500000000000e-02 7.202809922633362e-02 -1.392358626244086e-03
6.875000000000001e-02 7.558916624000402e-02 -1.408055459827957e-03
7.187500000000001e-02 7.916868801542200e-02 -1.396105826179909e-03
7.500000000000001e-02 8.276753847705080e-02 -1.413843838899011e-03
7.812500000000000e-02 8.638659626836727e-02 -1.417159519729993e-03
8.125000000000000e-02 9.002674496637868e-02 -1.412833362001729e-03
8.437500000000001e-02 9.368887329734420e-02 -1.407835614861123e-03
8.750000000000001e-02 9.737387535375355e-02 -1.407268915678943e-03
9.062500000000001e-02 1.010826508126157e-01 -1.394781282638806e-03
9.375000000000000e-02 1.048161051551108e-01 -1.410631931572457e-03
9.687500000000000e-02 1.085751498876601e-01 -1.419055157502444e-03
1.000000000000000e-01 1.123607027644654e-01 -1.415517208408809e-03
1.031250000000000e-01 1.161736880115753e-01 -1.409847906408281e-03
1.062500000000000e-01 1.200150365525305e-01 -1.404609998648894e-03
1.093750000000000e-01 1.238856862356450e-01 -1.422512680735897e-03
1.125000000000000e-01 1.277865820629775e-01 -1.414647911386372e-03
1.156250000000000e-01 1.317186764210495e-01 -1.412369703053590e-03
1.187500000000000e-01 1.356829293133661e-01 -1.411191406367059e-03
1.218750000000000e-01 1.396803085947971e-01 -1.420106172004757e-03
1.250000000000000e-01 1.437117902078738e-01 -1.414563420027345e-03
1.281250000000000e-01 1.477783584210617e-01 -1.417894920269603e-03
1.312500000000000e-01 1.518810060690650e-01 -1.418758148585899e-03
1.343750000000000e-01 1.560207347952229e-01 -1.419636196717005e-03
1.375000000000000e-01 1.601985552960564e-01 -1.420084694690486e-03
1.406250000000000e-01 1.644154875680252e-01 -1.415485692924166e-03
1.437500000000000e-01 1.686725611565558e-01 -1.426276756183343e-03
1.468750000000000e-01 1.729708154074000e-01 -1.428206006476040e-03
1.500000000000000e-01 1.773112997203869e-01 -1.426715422745891e-03
1.531250000000000e-01 1.816950738056289e-01 -1.430716173575281e-03
1.562500000000000e-01 1.861232079422458e-01 -1.425796053416767e-03
1.593750000000000e-01 1.905967832396682e-01 -1.419742440002536e-03
1.625000000000000e-01 1.951168919015860e-01 -1.435387446192250e-03
1.656250000000000e-01 1.996846374926046e-01 -1.432484122523649e-03
1.687500000000000e-01 2.043011352076760e-01 -1.426263280733452e-03
1.718750000000000e-01 2.089675121443681e-01 -1.432863726025159e-03
1.750000000000000e-01 2.136849075780412e-01 -1.439731747100953e-03
1.781250000000000e-01 2.184544732399964e-01 -1.442061937188063e-03
1.812500000000000e-01 2.232773735986666e-01 -1.439261643865391e-03
1.843750000000000e-01 2.281547861439151e-01 -1.439214365674960e-03
1.875000000000000e-01 2.330879016745160e-01 -1.440665594130808e-03
1.906250000000000e-01 2.380779245888810e-01 -1.443085861214221e-03
1.937500000000000e-01 2.431260731791094e-01 -1.442701845286708e-03
1.968750000000000e-01 2.482335799284277e-01 -1.445872294154367e-03
2.000000000000000e-01 2.534016918120952e-01 -1.451095377480676e-03
2.031250000000000e-01 2.586316706018478e-01 -1.452352400731714e-03
2.062500000000000e-01 2.639247931739538e-01 -1.455099182313470e-03
2.093750000000000e-01 2.692823518209576e-01 -1.458775408332564e-03
2.125000000000000e-01 2.747056545671873e-01 -1.457723996089555e-03
2.156250000000000e-01 2.801960254881028e-01 -1.458578025794946e-03
2.187500000000000e-01 2.857548050335636e-01 -1.461370461316117e-03
2.218750000000000e-01 2.913833503550930e-01 -1.465414092012305e-03
2.250000000000000e-01 2.970830356372213e-01 -1.466907402554865e-03
2.281250000000000e-01 3.028552524329863e-01 -1.472575163918681e-03
2.312500000000000e-01 3.087014100036755e-01 -1.474992400126391e-03
2.343750000000000e-01 3.146229356628902e-01 -1.473224155965739e-03
2.375000000000000e-01 3.206212751250189e-01 -1.477951581949209e-03
2.406250000000000e-01 3.266978928582008e-01 -1.484193665102424e-03
2.437500000000000e-01 3.328542724418705e-01 -1.486895879938818e-03
2.468750000000000e-01 3.390919169289667e-01 -1.484138474735601e-03
2.500000000000000e-01 3.454123492128958e-01 -1.490852738521103e-03
2.531250000000000e-01 3.518171123993401e-01 -1.495323782803619e-03
2.562500000000000e-01 3.583077701830001e-01 -1.500393975335153e-03
2.593750000000000e-01 3.648859072293631e-01 -1.503661047555301e-03
2.625000000000000e-01 3.715531295615936e-01 -1.505384337847029e-03
2.656250000000000e-01 3.783110649526354e-01 -1.511845063590134e-03
2.687500000000000e-01 3.851613633226258e-01 -1.512238090739942e-03
2.718750000000000e-01 3.921056971417164e-01 -1.519118009337775e-03
2.750000000000000e-01 3.991457618383991e-01 -1.522053266127534e-03
2.781250000000000e-01 4.062832762134377e-01 -1.527939517403104e-03
2.812500000000000e-01 4.135199828595055e-01 -1.533278308317971e-03
2.843750000000000e-01 4.208576485866312e-01 -1.536228553751731e-03
2.875000000000000e-01 4.282980648535585e-01 -1.543068756830212e-03
2.906250000000000e-01 4.358430482051222e-01 -1.544899642916197e-03
2.937500000000000e-01 4.434944407157500e-01 -1.553640368160105e-03
2.968750000000000e-01 4.512541104391968e-01 -1.557929963464172e-03
3.000000000000000e-01 4.591239518646220e-01 -1.564650030671255e-03
3.031250000000000e-01 4.671058863791195e-01 -1.571875113027552e-03
3.062500000000000e-01 4.752018627368176e-01 -1.574573418075939e-03
3.093750000000000e-01 4.834138575346580e-01 -1.583248286593589e-03
3.125000000000000e-01 4.917438756949728e-01 -1.588025380299807e-03
3.156250000000000e-01 5.001939509549778e-01 -1.596343979370777e-03
3.187500000000000e-01 5.087661463633005e-01 -1.604315590561965e-03
3.218750000000000e-01 5.174625547836644e-01 -1.610419446771357e-03
3.250000000000000e-01 5.262852994058529e-01 -1.618501205332676e-03
3.281250000000000e-01 5.352365342640750e-01 -1.625247543847549e-03
3.312500000000000e-01 5.443184447628656e-01 -1.634624916671971e-03
3.343750000000000e-01 5.535332482106405e-01 -1.643695075564723e-03
3.375000000000000e-01 5.628831943610435e-01 -1.651794347841367e-03
3.406250000000000e-01 5.723705659622137e-01 -1.659914962049569e-03
3.437500000000000e-01 5.819976793141081e-01 -1.670139389607874e-03
3.468750000000000e-01 5.917668848340161e-01 -1.679663492851204e-03
3.500000000000000e-01 6.016805676304035e-01 -1.690640795509009e-03
3.531250000000000e-01 6.117411480852264e-01 -1.702113559108916e-03
3.562500000000000e-01 6.219510824448572e-01 -1.709424537757595e-03
3.593750000000000e-01 6.323128634197650e-01 -1.722688610649833e-03
3.625000000000000e-01 6.428290207931012e-01 -1.735608564726274e-03
3.656250000000000e-01 6.535021220383342e-01 -1.745488683542191e-03
3.687500000000000e-01 6.643347729460869e-01 -1.759002430652577e-03
3.718750000000000e-01 6.753296182603294e-01 -1.771946211694700e-03
3.750000000000000e-01 6.864893423240808e-01 -1.785512102120473e-03
3.781250000000000e-01 6.978166697347804e-01 -1.798757143258050e-03
3.812500000000000e-01 7.093143660094854e-01 -1.813408615974315e-03
3.843750000000000e-01 7.209852382600603e-01 -1.828978016004713e-03
3.875000000000000e-01 7.328321358785219e-01 -1.843229060108167e-03
3.906250000000000e-01 7.448579512327029e-01 -1.860001721997230e-03
3.937500000000000e-01 7.570656203724140e-01 -1.876077783497042e-03
3.968750000000000e-01 7.694581237462648e-01 -1.892920868429718e-03
4.000000000000000e-01 7.820384869293291e-01 -1.911066504588132e-03
4.031250000000000e-01 7.948097813618253e-01 -1.928364267964630e-03
4.062500000000000e-01 8.077751250989945e-01 -1.947812119843863e-03
4.093750000000000e-01 8.209376835723596e-01 -1.966750758027159e-03
4.125000000000000e-01 8.343006703625532e-01 -1.986417462976442e-03
4.156250000000000e-01 8.478673479838968e-01 -2.007466037703973e-03
4.187500000000000e-01 8.616410286809313e-01 -2.027635774446857e-03
4.218750000000000e-01 8.756250752370857e-01 -2.049710742732144e-03
4.250000000000000e-01 8.898229017956865e-01 -2.071586807618136e-03
4.281250000000000e-01 9.042379746935050e-01 -2.093658080084903e-03
4.312500000000000e-01 9.188738133070491e-01 -2.117271531448743e-03
4.343750000000000e-01 9.337339909118028e-01 -2.139885623247878e-03
4.375000000000000e-01 9.488221355546261e-01 -2.163727886806951e-03
4.406250000000000e-01 9.641419309395265e-01 -2.187730728093849e-03
4.437500000000000e-01 9.796971173270190e-01 -2.210917679396635e-03
4.468750000000000e-01 9.954914924472941e-01 -2.235296119861098e-03
4.500000000000000e-01 1.011528912427417e+00 -2.258440138085670e-03
4.531250000000000e-01 1.027813292732786e+00 -2.281204319021995e-03
4.562500000000000e-01 1.044348609123070e+00 -2.304012241718414e-03
4.593750000000000e-01 1.061138898622882e+00 -2.324554500561355e-03
4.625000000000000e-01 1.078188260507393e+00 -2.344479203826044e-03
4.656250000000000e-01 1.095500857303154e+00 -2.362469796543386e-03
4.687500000000000e-01 1.113080915804360e+00 -2.377084534002672e-03
4.718750000000000e-01 1.130932728104805e+00 -2.389601970244882e-03
4.750000000000000e-01 1.149060652645771e+00 -2.397500718446405e-03
4.781250000000000e-01 1.167469115280130e+00 -2.400115561667015e-03
4.812500000000000e-01 1.186162610352890e+00 -2.397580797027730e-03
4.843750000000000e-01 1.205145701798475e+00 -2.386602726403526e-03
4.875000000000000e-01 1.224423024254985e+00 -2.366615403066748e-03
4.906250000000000e-01 1.243999284195726e+00 -2.336165386575732e-03
4.937500000000000e-01 1.263879261078271e+00 -2.291236009356052e-03
4.968750000000000e-01 1.284067808511348e+00 -2.230490512166527e-03
5.000000000000000e-01 1.304569855439823e+00 -2.150578471295112e-03
5.031250000000000e-01 1.325390407348082e+00 -2.046235608537732e-03
5.062500000000000e-01 1.346534547482100e+00 -1.914332353172870e-03
5.093750000000000e-01 1.368007438090487e+00 -1.748893023591702e-03
5.125000000000001e-01 1.389814321684837e+00 -1.542351794564308e-03
5.156250000000000e-01 1.411960522319654e+00 -1.288470711186045e-03
5.187500000000000e-01 1.434451446892208e+00 -9.776041647635511e-04
5.218750000000000e-01 1.457292586462593e+00 -5.980851130160104e-04
5.250000000000000e-01 1.480489517594354e+00 -1.388647357637329e-04
5.281250000000001e-01 1.504047903715979e+00 4.151625428191158e-04
5.312500000000000e-01 1.527973496503592e+00 1.081901242345349e-03
5.343750000000000e-01 1.552272137285215e+00 1.879618354249928e-03
5.375000000000000e-01 1.576949758466886e+00 2.830599239570284e-03
5.406250000000000e-01 1.602012384981041e+00 3.960782308631933e-03
5.437500000000001e-01 1.627466135757470e+00 5.296636045527011e-03
5.468750000000000e-01 1.653317225217225e+00 6.867973514880156e-03
5.500000000000000e-01 1.679571964789851e+00 8.706966633902937e-03
5.531250000000000e-01 1.706236764454286e+00 1.084363681305521e-02
5.562500000000000e-01 1.733318134303830e+00 1.330544174799394e-02
5.593750000000001e-01 1.760822686135563e+00 1.611575691991016e-02
5.625000000000000e-01 1.788757135064574e+00 1.928578900823559e-02
5.656250000000000e-01 1.817128301163438e+00 2.280856098134057e-02
5.687500000000000e-01 1.845943111127301e+00 2.665385045558627e-02
5.718750000000000e-01 1.875208599965003e+00 3.075969917281516e-02
5.750000000000001e-01 1.904931912716643e+00 3.502671065437900e-02
5.781250000000000e-01 1.935120306198011e+00 3.932037399498377e-02
5.812500000000000e-01 1.965781150772311e+00 4.347659009877114e-02
5.843750000000000e-01 1.996921932149593e+00 4.731083243157205e-02
5.875000000000000e-01 2.028550253214365e+00 5.063632776921204e-02
5.906250000000001e-01 2.060673835881802e+00 5.328351901252015e-02
5.937500000000000e-01 2.093300522983012e+00 5.511790013335292e-02
5.968750000000000e-01 2.126438280179837e+00 5.605020276849473e-02
6.000000000000001e-01 2.160095197909630e+00 5.604567181530266e-02
6.031250000000000e-01 2.194279493360494e+00 5.512273108403299e-02
6.062500000000001e-01 2.228999512477486e+00 5.334503034369788e-02
6.093750000000000e-01 2.264263732000228e+00 5.081027215805353e-02
6.125000000000000e-01 2.300080761532477e+00 4.763904238063947e-02
6.156250000000001e-01 2.336459345644116e+00 4.396406264818727e-02
6.187500000000000e-01 2.373408366006099e+00 3.991819253381935e-02
6.218750000000001e-01 2.410936843558884e+00 3.562729359191331e-02
6.250000000000000e-01 2.449053940714840e+00 3.120562834655389e-02
6.281250000000000e-01 2.487768963595221e+00 2.675361290627093e-02
6.312500000000001e-01 2.527091364302215e+00 2.235524797532433e-02
6.343750000000000e-01 2.567030743226622e+00 1.807768926131587e-02
6.375000000000001e-01 2.607596851391758e+00 1.397286180982844e-02
6.406250000000000e-01 2.648799592834118e+00 1.007940952848568e-02
6.437500000000000e-01 2.690649027021411e+00 6.424028468390421e-03
6.468750000000001e-01 2.733155371308524e+00 3.022456585029829e-03
6.500000000000000e-01 2.776329003432049e+00 -1.183677914604469e-04
6.531250000000001e-01 2.820180464043967e+00 -2.998130052077936e-03
6.562500000000000e-01 2.864720459285089e+00 -5.621259208262478e-03
6.593750000000000e-01 2.909959863398929e+00 -7.996013887301132e-03
6.625000000000001e-01 2.955909721386590e+00 -1.013359824831071e-02
6.656250000000000e-01 3.002581251703353e+00 -1.204729762920139e-02
6.687500000000001e-01 3.049985848997626e+00 -1.375120104460069e-02
6.718750000000000e-01 3.098135086892879e+00 -1.525934630565642e-02
6.750000000000000e-01 3.147040720813310e+00 -1.658541418343153e-02
6.781250000000001e-01 3.196714690853871e+00 -1.774262314914681e-02
6.812500000000000e-01 3.247169124695383e+00 -1.874357056308507e-02
6.843750000000001e-01 3.298416340565477e+00 -1.960009534139543e-02
6.875000000000000e-01 3.350468850246008e+00 -2.032294161542974e-02
6.906250000000000e-01 3.403339362127777e+00 -2.092151484500044e-02
6.937500000000001e-01 3.457040784313211e+00 -2.140397862962608e-02
6.968750000000000e-01 3.511586227767823e+00 -2.177713984276751e-02
7.000000000000001e-01 3.566989009521205e+00 -2.204664562469222e-02
7.031250000000000e-01 3.623262655918307e+00 -2.221701101480621e-02
7.062500000000000e-01 3.680420905921852e+00 -2.229154576969478e-02
7.093750000000001e-01 3.738477714466631e+00 -2.227248377420535e-02
7.125000000000000e-01 3.797447255866536e+00 -2.216078052302979e-02
7.156250000000001e-01 3.857343927275175e+00 -2.195626514386022e-02
7.187500000000000e-01 3.918182352200844e+00 -2.165749765103765e-02
7.218750000000000e-01 3.979977384076828e+00 -2.126188759377826e-02
7.250000000000001e-01 4.042744109887770e+00 -2.076566656179174e-02
7.281250000000000e-01 4.106497853853101e+00 -2.016401418056830e-02
7.312500000000001e-01 4.171254181168399e+00 -1.945117599998565e-02
7.343750000000000e-01 4.237028901805528e+00 -1.862071048539345e-02
7.375000000000000e-01 4.303838074372613e+00 -1.766585429941619e-02
7.406250000000001e-01 4.371698010034643e+00 -1.658010976716974e-02
7.437500000000000e-01 4.440625276495786e+00 -1.535812407666184e-02
7.468750000000001e-01 4.510636702044332e+00 -1.399692627330091e-02
7.500000000000000e-01 4.581749379661216e+00 -1.249749501317691e-02
7.531250000000000e-01 4.653980671193226e+00 -1.086650363353697e-02
7.562500000000001e-01 4.727348211591802e+00 -9.117948802242948e-03
7.593750000000000e-01 4.801869913218528e+00 -7.274283897247810e-03
7.625000000000001e-01 4.877563970218381e+00 -5.366694872014349e-03
7.656250000000000e-01 4.954448862961714e+00 -3.434290176118429e-03
7.687500000000000e-01 5.032543362556198e+00 -1.522194357805537e-03
7.718750000000001e-01 5.111866535429675e+00 3.212296012399206e-04
7.750000000000000e-01 5.192437747985146e+00 2.047626391540570e-03
7.781250000000001e-01 5.274276671329015e+00 3.611893674788082e-03
7.812500000000000e-01 5.357403286073669e+00 4.975015334430320e-03
7.843750000000000e-01 5.441837887215693e+00 6.106222970528635e-03
7.875000000000001e-01 5.527601089090773e+00 6.984409495655231e-03
7.906250000000000e-01 5.614713830406605e+00 7.598866967341403e-03
7.937500000000001e-01 5.703197379355005e+00 7.949487375300011e-03
7.968750000000000e-01 5.793073338804412e+00 8.046542180149616e-03
8.000000000000000e-01 5.884363651574169e+00 7.910075680904467e-03
8.031250000000001e-01 5.977090605791737e+00 7.568863712874744e-03
8.062500000000000e-01 6.071276840334257e+00 7.058855146637930e-03
8.093750000000001e-01 6.166945350355728e+00 6.421055802446646e-03
8.125000000000000e-01 6.264119492901173e+00 5.698923138079009e-03
8.156250000000000e-01 6.362822992609162e+00 4.935475566446866e-03
8.187500000000001e-01 6.463079947504072e+00 4.170430569564188e-03
8.218750000000000e-01 6.564914834879517e+00 3.437728291194563e-03
8.250000000000001e-01 6.668352517274371e+00 2.763754292077900e-03
8.281250000000000e-01 6.773418248542846e+00 2.166458127447849e-03
8.312500000000000e-01 6.880137680020114e+00 1.655407175272272e-03
8.343750000000001e-01 6.988536866784961e+00 1.232660173992831e-03
8.375000000000000e-01 7.098642274021019e+00 8.942289848319358e-04
8.406250000000001e-01 7.210480783478133e+00 6.318413040605289e-04
8.437500000000000e-01 7.324079700035414e+00 4.347237706357149e-04
8.468750000000000e-01 7.439466758367605e+00 2.911808513572927e-04
8.500000000000001e-01 7.556670129716381e+00 1.898280065738153e-04
8.531250000000000e-01 7.675718428768239e+00 1.204248399752311e-04
8.562500000000001e-01 7.796640720640633e+00 7.432703701834257e-05
8.593750000000000e-01 7.919466527978115e+00 4.462472760401401e-05
8.625000000000000e-01 8.044225838160141e+00 2.605744570777403e-05
8.656250000000001e-01 8.170949110622363e+00 1.479624380184167e-05
8.687500000000000e-01 8.299667284293170e+00 8.169145643966301e-06
8.718750000000001e-01 8.430411785147284e+00 4.384858810109111e-06
8.750000000000000e-01 8.563214533878281e+00 2.287929612945800e-06
8.781250000000000e-01 8.698107953691880e+00 1.160373457329799e-06
8.812500000000001e-01 8.835124978221932e+00 5.719874797424756e-07
8.843750000000000e-01 8.974299059571019e+00 2.740183587409807e-07
8.875000000000001e-01 9.115664176477637e+00 1.275713014340801e-07
8.906250000000000e-01 9.259254842611947e+00 5.771477420259769e-08
8.937500000000000e-01 9.405106115002161e+00 2.537269765573110e-08
8.968750000000001e-01 9.553253602593529e+00 1.083879526816361e-08
9.000000000000000e-01 9.703733474942130e+00 4.499073477575662e-09
9.031250000000001e-01 9.856582471045494e+00 1.814635724879642e-09
9.062500000000000e-01 1.001183790831228e+01 7.111808821304801e-10
9.093750000000000e-01 1.016953769167313e+01 2.708307618116312e-10
9.125000000000001e-01 1.032972032283505e+01 1.002187851124296e-10
9.156250000000000e-01 1.049242490968134e+01 3.603645547909968e-11
9.187500000000001e-01 1.065769117581972e+01 1.259179920229569e-11
9.218750000000000e-01 1.082555947028058e+01 4.275624197450945e-12
9.250000000000000e-01 1.099607077736805e+01 1.410888018753152e-12
9.281250000000001e-01 1.116926672666618e+01 4.524639472108427e-13
9.312500000000000e-01 1.134518960320255e+01 1.410238811769622e-13
9.343750000000001e-01 1.152388235777201e+01 4.272076049847647e-14
9.375000000000000e-01 1.170538861742293e+01 1.257895902865239e-14
9.406250000000000e-01 1.188975269610854e+01 3.600252025323384e-15
9.437500000000001e-01 1.207701960550600e+01 1.001677194800180e-15
9.468750000000000e-01 1.226723506600578e+01 2.709284402639118e-16
9.500000000000001e-01 1.246044551787411e+01 7.124255921632917e-17
9.531250000000000e-01 1.265669813259115e+01 1.821417665127546e-17
9.562500000000000e-01 1.285604082436773e+01 4.527854379558725e-18
9.593750000000001e-01 1.305852226184337e+01 1.094502234873352e-18
9.625000000000000e-01 1.326419187996850e+01 2.572830386136214e-19
9.656250000000001e-01 1.347309989207381e+01 5.881735430919561e-20
9.687500000000000e-01 1.368529730212962e+01 1.307764715347631e-20
9.718750000000000e-01 1.390083591719824e+01 2.828224724185994e-21
9.750000000000001e-01 1.411976836008246e+01 5.949618075001449e-22
9.781250000000000e-01 1.434214808217320e+01 1.217548102831072e-22
9.812500000000001e-01 1.456802937649935e+01 2.424020388208052e-23
9.843750000000000e-01 1.479746739098328e+01 4.695382476542715e-24
9.875000000000000e-01 1.503051814190487e+01 8.849544700368376e-25
9.906250000000001e-01 1.526723852757770e+01 1.623113202044631e-25
9.937500000000000e-01 1.550768634224049e+01 2.891566533641692e-26
9.968750000000001e-01 1.575192029016732e+01 5.359622236886059e-27
1.000000000000000e+00 1.600000000000000e+01 -7.316523105677266e-28
