0.000000000000000e+00 0.000000000000000e+00 5.337305290789386e-04
3.125000000000000e-03 3.369263549427258e-03 5.337305290789386e-04
6.250000000000000e-03 6.739349689698711e-03 -4.278256852008001e-04
9.375000000000001e-03 1.011108121249049e-02 -3.917200500267060e-04
1.250000000000000e-02 1.348528131119160e-02 -2.233841263008385e-04
1.562500000000000e-02 1.686277378188298e-02 -1.899283436974785e-04
1.875000000000000e-02 2.024438322446370e-02 -2.510379147197876e-04
2.187500000000000e-02 2.363093524397333e-02 -2.862949608013018e-04
2.500000000000000e-02 2.702325665215984e-02 -1.939218115441227e-04
2.812500000000000e-02 3.042217566934200e-02 -2.008675734632310e-04
3.125000000000000e-02 3.382852212661575e-02 -2.573427803843772e-04
3.437500000000000e-02 3.724312766845378e-02 -2.623918311178175e-04
3.750000000000001e-02 4.066682595574785e-02 -2.231512975265707e-04
4.062500000000000e-02 4.410045286934348e-02 -2.556601350547223e-04
4.375000000000000e-02 4.754484671411652e-02 -2.224013317110608e-04
4.687500000000000e-02 5.100084842364160e-02 -2.171974254354627e-04
5.000000000000000e-02 5.446930176550237e-02 -2.312568938611449e-04
5.312500000000001e-02 5.795105354729364e-02 -2.294214738499762e-04
5.625000000000000e-02 6.144695382336569e-02 -2.233682366805117e-04
5.937500000000000e-02 6.495785610236132e-02 -2.309321711865308e-04
6.250000000000000e-02 6.848461755559625e-02 -2.387008930026586e-04
6.562500000000000e-02 7.202809922633362e-02 -2.360152272153262e-04
6.875000000000001e-02 7.558916624000402e-02 -2.316346605003533e-04
7.187500000000001e-02 7.916868801542200e-02 -2.456535739581844e-04
7.500000000000001e-02 8.276753847705080e-02 -2.383673737783545e-04
7.812500000000000e-02 8.638659626836727e-02 -2.329187282764254e-04
8.125000000000000e-02 9.002674496637868e-02 -2.337154030790178e-04
8.437500000000001e-02 9.368887329734420e-02 -2.201809356862213e-04
8.750000000000001e-02 9.737387535375355e-02 -2.323511266509189e-04
9.062500000000001e-02 1.010826508126157e-01 -2.371662476547843e-04
9.375000000000000e-02 1.048161051551108e-01 -2.388766627821200e-04
9.687500000000000e-02 1.085751498876601e-01 -2.268944645341130e-04
1.000000000000000e-01 1.123607027644654e-01 -2.365497754108288e-04
1.031250000000000e-01 1.161736880115753e-01 -2.361315232412114e-04
1.062500000000000e-01 1.200150365525305e-01 -2.348614567853097e-04
1.093750000000000e-01 1.238856862356450e-01 -2.320644154422270e-04
1.125000000000000e-01 1.277865820629775e-01 -2.261044542563394e-04
1.156250000000000e-01 1.317186764210495e-01 -2.337446668687406e-04
1.187500000000000e-01 1.356829293133661e-01 -2.383451545793864e-04
1.218750000000000e-01 1.396803085947971e-01 -2.314414108272874e-04
1.250000000000000e-01 1.437117902078738e-01 -2.393011853080683e-04
1.281250000000000e-01 1.477783584210617e-01 -2.338849366965141e-04
1.312500000000000e-01 1.518810060690650e-01 -2.306978738602388e-04
1.343750000000000e-01 1.560207347952229e-01 -2.320957329136941e-04
1.375000000000000e-01 1.601985552960564e-01 -2.371652380552124e-04
1.406250000000000e-01 1.644154875680252e-01 -2.416289943085351e-04
1.437500000000000e-01 1.686725611565558e-01 -2.304560202506585e-04
1.468750000000000e-01 1.729708154074000e-01 -2.328423844939048e-04
1.500000000000000e-01 1.773112997203869e-01 -2.367124975248770e-04
1.531250000000000e-01 1.816950738056289e-01 -2.381526553539686e-04
1.562500000000000e-01 1.861232079422458e-01 -2.322478591901695e-04
1.593750000000000e-01 1.905967832396682e-01 -2.336615611977063e-04
1.625000000000000e-01 1.951168919015860e-01 -2.347149785083186e-04
1.656250000000000e-01 1.996846374926046e-01 -2.370774122365539e-04
1.687500000000000e-01 2.043011352076760e-01 -2.349088412406681e-04
1.718750000000000e-01 2.089675121443681e-01 -2.384281216938849e-04
1.750000000000000e-01 2.136849075780412e-01 -2.346399351811121e-04
1.781250000000000e-01 2.184544732399964e-01 -2.356612438783329e-04
1.812500000000000e-01 2.232773735986666e-01 -2.347051260975644e-04
1.843750000000000e-01 2.281547861439151e-01 -2.341048482154858e-04
1.875000000000000e-01 2.330879016745160e-01 -2.395849980620693e-04
1.906250000000000e-01 2.380779245888810e-01 -2.337936280362739e-04
1.937500000000000e-01 2.431260731791094e-01 -2.367213160876328e-04
1.968750000000000e-01 2.482335799284277e-01 -2.399960047801646e-04
2.000000000000000e-01 2.534016918120952e-01 -2.363289662336307e-04
2.031250000000000e-01 2.586316706018478e-01 -2.350026461701772e-04
2.062500000000000e-01 2.639247931739538e-01 -2.385036656905114e-04
2.093750000000000e-01 2.692823518209576e-01 -2.366493999210658e-04
2.125000000000000e-01 2.747056545671873e-01 -2.405588358150904e-04
2.156250000000000e-01 2.801960254881028e-01 -2.376811994423038e-04
2.187500000000000e-01 2.857548050335636e-01 -2.363582410537113e-04
2.218750000000000e-01 2.913833503550930e-01 -2.367261938203601e-04
2.250000000000000e-01 2.970830356372213e-01 -2.383239058697631e-04
2.281250000000000e-01 3.028552524329863e-01 -2.391412535400695e-04
2.312500000000000e-01 3.087014100036755e-01 -2.398600375229356e-04
2.343750000000000e-01 3.146229356628902e-01 -2.413473162103305e-04
2.375000000000000e-01 3.206212751250189e-01 -2.385127504003662e-04
2.406250000000000e-01 3.266978928582008e-01 -2.404649004275159e-04
2.437500000000000e-01 3.328542724418705e-01 -2.406465832807363e-04
2.468750000000000e-01 3.390919169289667e-01 -2.420923841381362e-04
2.500000000000000e-01 3.454123492128958e-01 -2.388004964599540e-04
2.531250000000000e-01 3.518171123993401e-01 -2.407754158192501e-04
2.562500000000000e-01 3.583077701830001e-01 -2.408914574736643e-04
2.593750000000000e-01 3.648859072293631e-01 -2.404782686002916e-04
2.625000000000000e-01 3.715531295615936e-01 -2.420931828785204e-04
2.656250000000000e-01 3.783110649526354e-01 -2.428764963271863e-04
2.687500000000000e-01 3.851613633226258e-01 -2.434984177680221e-04
2.718750000000000e-01 3.921056971417164e-01 -2.436320228912049e-04
2.750000000000000e-01 3.991457618383991e-01 -2.447187032519467e-04
2.781250000000000e-01 4.062832762134377e-01 -2.423381641928657e-04
2.812500000000000e-01 4.135199828595055e-01 -2.443383839736147e-04
2.843750000000000e-01 4.208576485866312e-01 -2.436046208504391e-04
2.875000000000000e-01 4.282980648535585e-01 -2.447069023770210e-04
2.906250000000000e-01 4.358430482051222e-01 -2.460735816075250e-04
2.937500000000000e-01 4.434944407157500e-01 -2.469240149186094e-04
2.968750000000000e-01 4.512541104391968e-01 -2.468280234323491e-04
3.000000000000000e-01 4.591239518646220e-01 -2.468361598921459e-04
3.031250000000000e-01 4.671058863791195e-01 -2.484829826299019e-04
3.062500000000000e-01 4.752018627368176e-01 -2.471400665176659e-04
3.093750000000000e-01 4.834138575346580e-01 -2.491380673034586e-04
3.125000000000000e-01 4.917438756949728e-01 -2.492733128006090e-04
3.156250000000000e-01 5.001939509549778e-01 -2.500583307539835e-04
3.187500000000000e-01 5.087661463633005e-01 -2.498624737928728e-04
3.218750000000000e-01 5.174625547836644e-01 -2.504902332943543e-04
3.250000000000000e-01 5.262852994058529e-01 -2.525574307654143e-04
3.281250000000000e-01 5.352365342640750e-01 -2.528645666650565e-04
3.312500000000000e-01 5.443184447628656e-01 -2.536610131086237e-04
3.343750000000000e-01 5.535332482106405e-01 -2.532928388272638e-04
3.375000000000000e-01 5.628831943610435e-01 -2.546273551906143e-04
3.406250000000000e-01 5.723705659622137e-01 -2.552337576740713e-04
3.437500000000000e-01 5.819976793141081e-01 -2.562403139496339e-04
3.468750000000000e-01 5.917668848340161e-01 -2.573580494362987e-04
3.500000000000000e-01 6.016805676304035e-01 -2.580460231576839e-04
3.531250000000000e-01 6.117411480852264e-01 -2.594030052794463e-04
3.562500000000000e-01 6.219510824448572e-01 -2.596406440061400e-04
3.593750000000000e-01 6.323128634197650e-01 -2.606423224567432e-04
3.625000000000000e-01 6.428290207931012e-01 -2.615812220821030e-04
3.656250000000000e-01 6.535021220383342e-01 -2.626042056817466e-04
3.687500000000000e-01 6.643347729460869e-01 -2.641818617081405e-04
3.718750000000000e-01 6.753296182603294e-01 -2.653485296471147e-04
3.750000000000000e-01 6.864893423240808e-01 -2.662725216315053e-04
3.781250000000000e-01 6.978166697347804e-01 -2.675107177223878e-04
3.812500000000000e-01 7.093143660094854e-01 -2.682632170831639e-04
3.843750000000000e-01 7.209852382600603e-01 -2.697654774216979e-04
3.875000000000000e-01 7.328321358785219e-01 -2.714113717065010e-04
3.906250000000000e-01 7.448579512327029e-01 -2.726594900492187e-04
3.937500000000000e-01 7.570656203724140e-01 -2.744326023909657e-04
3.968750000000000e-01 7.694581237462648e-01 -2.751949487766753e-04
4.000000000000000e-01 7.820384869293291e-01 -2.770197447103956e-04
4.031250000000000e-01 7.948097813618253e-01 -2.787449109444070e-04
4.062500000000000e-01 8.077751250989945e-01 -2.803271916723833e-04
4.093750000000000e-01 8.209376835723596e-01 -2.828107704647002e-04
4.125000000000000e-01 8.343006703625532e-01 -2.835318996230168e-04
4.156250000000000e-01 8.478673479838968e-01 -2.855213452062273e-04
4.187500000000000e-01 8.616410286809313e-01 -2.878346912142060e-04
4.218750000000000e-01 8.756250752370857e-01 -2.895651946672229e-04
4.250000000000000e-01 8.898229017956865e-01 -2.922350977674526e-04
4.281250000000000e-01 9.042379746935050e-01 -2.939280836831935e-04
4.312500000000000e-01 9.188738133070491e-01 -2.958595062107321e-04
4.343750000000000e-01 9.337339909118028e-01 -2.987954372975826e-04
4.375000000000000e-01 9.488221355546261e-01 -3.013418827895495e-04
4.406250000000000e-01 9.641419309395265e-01 -3.033234591610181e-04
4.437500000000000e-01 9.796971173270190e-01 -3.061105357063712e-04
4.468750000000000e-01 9.954914924472941e-01 -3.094230778980834e-04
4.500000000000000e-01 1.011528912427417e+00 -3.117604513976373e-04
4.531250000000000e-01 1.027813292732786e+00 -3.147846040755989e-04
4.562500000000000e-01 1.044348609123070e+00 -3.181072363215101e-04
4.593750000000000e-01 1.061138898622882e+00 -3.212335036376151e-04
4.625000000000000e-01 1.078188260507393e+00 -3.247361191045233e-04
4.656250000000000e-01 1.095500857303154e+00 -3.281164684596390e-04
4.687500000000000e-01 1.113080915804360e+00 -3.319632989999706e-04
4.718750000000000e-01 1.130932728104805e+00 -3.358270290330635e-04
4.750000000000000e-01 1.149060652645771e+00 -3.397169673759106e-04
4.781250000000000e-01 1.167469115280130e+00 -3.441674943927096e-04
4.812500000000000e-01 1.186162610352890e+00 -3.483635387813634e-04
4.843750000000000e-01 1.205145701798475e+00 -3.530594482859533e-04
4.875000000000000e-01 1.224423024254985e+00 -3.579479827817142e-04
4.906250000000000e-01 1.243999284195726e+00 -3.628185830874038e-04
4.937500000000000e-01 1.263879261078271e+00 -3.682976292841334e-04
4.968750000000000e-01 1.284067808511348e+00 -3.737637929657508e-04
5.000000000000000e-01 1.304569855439823e+00 -3.795238804965788e-04
5.031250000000000e-01 1.325390407348082e+00 -3.857863591961848e-04
5.062500000000000e-01 1.346534547482100e+00 -3.920316794073437e-04
5.093750000000000e-01 1.368007438090487e+00 -3.988307165280085e-04
5.125000000000001e-01 1.389814321684837e+00 -4.059144416244300e-04
5.156250000000000e-01 1.411960522319654e+00 -4.132778056704688e-04
5.187500000000000e-01 1.434451446892208e+00 -4.211592968916271e-04
5.218750000000000e-01 1.457292586462593e+00 -4.293695060383762e-04
5.250000000000000e-01 1.480489517594354e+00 -4.380652832819912e-04
5.281250000000001e-01 1.504047903715979e+00 -4.472325825129800e-04
5.312500000000000e-01 1.527973496503592e+00 -4.568317092833414e-04
5.343750000000000e-01 1.552272137285215e+00 -4.671473007443968e-04
5.375000000000000e-01 1.576949758466886e+00 -4.778094453779387e-04
5.406250000000000e-01 1.602012384981041e+00 -4.892103004435484e-04
5.437500000000001e-01 1.627466135757470e+00 -5.014202184736099e-04
5.468750000000000e-01 1.653317225217225e+00 -5.140521180238781e-04
5.500000000000000e-01 1.679571964789851e+00 -5.276067412060418e-04
5.531250000000000e-01 1.706236764454286e+00 -5.421991946208978e-04
5.562500000000000e-01 1.733318134303830e+00 -5.572582433314741e-04
5.593750000000001e-01 1.760822686135563e+00 -5.734840232019170e-04
5.625000000000000e-01 1.788757135064574e+00 -5.909436844979635e-04
5.656250000000000e-01 1.817128301163438e+00 -6.092035049616369e-04
5.687500000000000e-01 1.845943111127301e+00 -6.286672551587434e-04
5.718750000000000e-01 1.875208599965003e+00 -6.497147846807356e-04
5.750000000000001e-01 1.904931912716643e+00 -6.719361281200339e-04
5.781250000000000e-01 1.935120306198011e+00 -6.955388722118408e-04
5.812500000000000e-01 1.965781150772311e+00 -7.207970317026122e-04
5.843750000000000e-01 1.996921932149593e+00 -7.479004790556811e-04
5.875000000000000e-01 2.028550253214365e+00 -7.766399402027131e-04
5.906250000000001e-01 2.060673835881802e+00 -8.070445832927038e-04
5.937500000000000e-01 2.093300522983012e+00 -8.394514831176006e-04
5.968750000000000e-01 2.126438280179837e+00 -8.741581753718026e-04
6.000000000000001e-01 2.160095197909630e+00 -9.104567128072710e-04
6.031250000000000e-01 2.194279493360494e+00 -9.482431779389215e-04
6.062500000000001e-01 2.228999512477486e+00 -9.878878771791355e-04
6.093750000000000e-01 2.264263732000228e+00 -1.029263744657564e-03
6.125000000000000e-01 2.300080761532477e+00 -1.070974013464782e-03
6.156250000000001e-01 2.336459345644116e+00 -1.111797984640085e-03
6.187500000000000e-01 2.373408366006099e+00 -1.150710748466278e-03
6.218750000000001e-01 2.410936843558884e+00 -1.186949098707187e-03
6.250000000000000e-01 2.449053940714840e+00 -1.217607466245123e-03
6.281250000000000e-01 2.487768963595221e+00 -1.236657679921369e-03
6.312500000000001e-01 2.527091364302215e+00 -1.236521385498634e-03
6.343750000000000e-01 2.567030743226622e+00 -1.212094380691878e-03
6.375000000000001e-01 2.607596851391758e+00 -1.157339042303266e-03
6.406250000000000e-01 2.648799592834118e+00 -1.056484139461186e-03
6.437500000000000e-01 2.690649027021411e+00 -8.786651490897130e-04
6.468750000000001e-01 2.733155371308524e+00 -5.869811402354671e-04
6.500000000000000e-01 2.776329003432049e+00 -1.515585211502308e-04
6.531250000000001e-01 2.820180464043967e+00 4.528506496447117e-04
6.562500000000000e-01 2.864720459285089e+00 1.276505123789013e-03
6.593750000000000e-01 2.909959863398929e+00 2.432603102849948e-03
6.625000000000001e-01 2.955909721386590e+00 4.103753023802302e-03
6.656250000000000e-01 3.002581251703353e+00 6.492956803873137e-03
6.687500000000001e-01 3.049985848997626e+00 9.728066386730110e-03
6.718750000000000e-01 3.098135086892879e+00 1.377212547193746e-02
6.750000000000000e-01 3.147040720813310e+00 1.837929100833193e-02
6.781250000000001e-01 3.196714690853871e+00 2.313352809106160e-02
6.812500000000000e-01 3.247169124695383e+00 2.753493723410782e-02
6.843750000000001e-01 3.298416340565477e+00 3.111935942092783e-02
6.875000000000000e-01 3.350468850246008e+00 3.354183943830631e-02
6.906250000000000e-01 3.403339362127777e+00 3.463002302929725e-02
6.937500000000001e-01 3.457040784313211e+00 3.437786229656736e-02
6.968750000000000e-01 3.511586227767823e+00 3.291555619678743e-02
7.000000000000001e-01 3.566989009521205e+00 3.045904113445151e-02
7.031250000000000e-01 3.623262655918307e+00 2.726168015498723e-02
7.062500000000000e-01 3.680420905921852e+00 2.357859597951348e-02
7.093750000000001e-01 3.738477714466631e+00 1.963786552321712e-02
7.125000000000000e-01 3.797447255866536e+00 1.563183176282941e-02
7.156250000000001e-01 3.857343927275175e+00 1.170743486152944e-02
7.187500000000000e-01 3.918182352200844e+00 7.973189168937087e-03
7.218750000000000e-01 3.979977384076828e+00 4.498764800600532e-03
7.250000000000001e-01 4.042744109887770e+00 1.326587126940542e-03
7.281250000000000e-01 4.106497853853101e+00 -1.526470376957106e-03
7.312500000000001e-01 4.171254181168399e+00 -4.058508744784320e-03
7.343750000000000e-01 4.237028901805528e+00 -6.281384744464649e-03
7.375000000000000e-01 4.303838074372613e+00 -8.212542465358354e-03
7.406250000000001e-01 4.371698010034643e+00 -9.874950785631598e-03
7.437500000000000e-01 4.440625276495786e+00 -1.129149637948215e-02
7.468750000000001e-01 4.510636702044332e+00 -1.248606571682007e-02
7.500000000000000e-01 4.581749379661216e+00 -1.347998308422781e-02
7.531250000000000e-01 4.653980671193226e+00 -1.429348531551581e-02
7.562500000000001e-01 4.727348211591802e+00 -1.494341053080982e-02
7.593750000000000e-01 4.801869913218528e+00 -1.544456298140700e-02
7.625000000000001e-01 4.877563970218381e+00 -1.580829887758630e-02
7.656250000000000e-01 4.954448862961714e+00 -1.604355859135493e-02
7.687500000000000e-01 5.032543362556198e+00 -1.615605369169551e-02
7.718750000000001e-01 5.111866535429675e+00 -1.614887387026167e-02
7.750000000000000e-01 5.192437747985146e+00 -1.602218269513958e-02
7.781250000000001e-01 5.274276671329015e+00 -1.577363887279585e-02
7.812500000000000e-01 5.357403286073669e+00 -1.539833339128674e-02
7.843750000000000e-01 5.441837887215693e+00 -1.488881705743125e-02
7.875000000000001e-01 5.527601089090773e+00 -1.423494153715932e-02
7.906250000000000e-01 5.614713830406605e+00 -1.342421776540606e-02
7.937500000000001e-01 5.703197379355005e+00 -1.244324606504321e-02
7.968750000000000e-01 5.793073338804412e+00 -1.128075435494333e-02
8.000000000000000e-01 5.884363651574169e+00 -9.932070795677051e-03
8.031250000000001e-01 5.977090605791737e+00 -8.404124809867398e-03
8.062500000000000e-01 6.071276840334257e+00 -6.719520145260074e-03
8.093750000000001e-01 6.166945350355728e+00 -4.918260407378311e-03
8.125000000000000e-01 6.264119492901173e+00 -3.056328148432231e-03
8.156250000000000e-01 6.362822992609162e+00 -1.201273534618208e-03
8.187500000000001e-01 6.463079947504072e+00 5.741783112982188e-04
8.218750000000000e-01 6.564914834879517e+00 2.199095956944773e-03
8.250000000000001e-01 6.668352517274371e+00 3.610641853664122e-03
8.281250000000000e-01 6.773418248542846e+00 4.758988167351172e-03
8.312500000000000e-01 6.880137680020114e+00 5.610689828421793e-03
8.343750000000001e-01 6.988536866784961e+00 6.150664742147561e-03
8.375000000000000e-01 7.098642274021019e+00 6.382919939418925e-03
8.406250000000001e-01 7.210480783478133e+00 6.329971766126675e-03
8.437500000000000e-01 7.324079700035414e+00 6.030767461661131e-03
8.468750000000000e-01 7.439466758367605e+00 5.536990911418522e-03
8.500000000000001e-01 7.556670129716381e+00 4.907938984070229e-03
8.531250000000000e-01 7.675718428768239e+00 4.204554200833513e-03
8.562500000000001e-01 7.796640720640633e+00 3.483503701940992e-03
8.593750000000000e-01 7.919466527978115e+00 2.792257763553436e-03
8.625000000000000e-01 8.044225838160141e+00 2.165908431567019e-03
8.656250000000001e-01 8.170949110622363e+00 1.626059543026846e-03
8.687500000000000e-01 8.299667284293170e+00 1.181659145160439e-03
8.718750000000001e-01 8.430411785147284e+00 8.312782145554656e-04
8.750000000000000e-01 8.563214533878281e+00 5.661545261696958e-04
8.781250000000000e-01 8.698107953691880e+00 3.733310310257109e-04
8.812500000000001e-01 8.835124978221932e+00 2.383754454473817e-04
8.843750000000000e-01 8.974299059571019e+00 1.473932089490386e-04
8.875000000000001e-01 9.115664176477637e+00 8.826424855324409e-05
8.906250000000000e-01 9.259254842611947e+00 5.119518537271556e-05
8.937500000000000e-01 9.405106115002161e+00 2.876460680587655e-05
8.968750000000001e-01 9.553253602593529e+00 1.565753008229775e-05
9.000000000000000e-01 9.703733474942130e+00 8.258024566558426e-06
9.031250000000001e-01 9.856582471045494e+00 4.220575956358845e-06
9.062500000000000e-01 1.001183790831228e+01 2.090576763254596e-06
9.093750000000000e-01 1.016953769167313e+01 1.003730281457827e-06
9.125000000000001e-01 1.032972032283505e+01 4.671790088170230e-07
9.156250000000000e-01 1.049242490968134e+01 2.108263424912611e-07
9.187500000000001e-01 1.065769117581972e+01 9.225764070754472e-08
9.218750000000000e-01 1.082555947028058e+01 3.915407553550670e-08
9.250000000000000e-01 1.099607077736805e+01 1.611797257943521e-08
9.281250000000001e-01 1.116926672666618e+01 6.436718886248931e-09
9.312500000000000e-01 1.134518960320255e+01 2.494028024740890e-09
9.343750000000001e-01 1.152388235777201e+01 9.377405201979393e-10
9.375000000000000e-01 1.170538861742293e+01 3.421923780825183e-10
9.406250000000000e-01 1.188975269610854e+01 1.212064462956452e-10
9.437500000000001e-01 1.207701960550600e+01 4.167829038070789e-11
9.468750000000000e-01 1.226723506600578e+01 1.391500771593913e-11
9.500000000000001e-01 1.246044551787411e+01 4.511349022181566e-12
9.531250000000000e-01 1.265669813259115e+01 1.420490274211263e-12
9.562500000000000e-01 1.285604082436773e+01 4.344479427969821e-13
9.593750000000001e-01 1.305852226184337e+01 1.290811875758941e-13
9.625000000000000e-01 1.326419187996850e+01 3.726243514103135e-14
9.656250000000001e-01 1.347309989207381e+01 1.045247575297226e-14
9.687500000000000e-01 1.368529730212962e+01 2.849459919478649e-15
9.718750000000000e-01 1.390083591719824e+01 7.550163771361508e-16
9.750000000000001e-01 1.411976836008246e+01 1.944709772320427e-16
9.781250000000000e-01 1.434214808217320e+01 4.869800493367830e-17
9.812500000000001e-01 1.456802937649935e+01 1.185708665309463e-17
9.843750000000000e-01 1.479746739098328e+01 2.807418268786282e-18
9.875000000000000e-01 1.503051814190487e+01 6.464669973346724e-19
9.906250000000001e-01 1.526723852757770e+01 1.448152824804601e-19
9.937500000000000e-01 1.550768634224049e+01 3.146892957593796e-20
9.968750000000001e-01 1.575192029016732e+01 7.104538215978671e-21
1.000000000000000e+00 1.600000000000000e+01 -2.577212857765739e-22
