0.000000000000000e+00 0.000000000000000e+00 -1.062239114238333e-03
3.125000000000000e-03 3.369263549427258e-03 -1.062239114238333e-03
6.250000000000000e-03 6.739349689698711e-03 -1.704763017760012e-04
9.375000000000001e-03 1.011108121249049e-02 -8.728298848724252e-05
1.250000000000000e-02 1.348528131119160e-02 -2.257572635682051e-04
1.562500000000000e-02 1.686277378188298e-02 -2.349833321111257e-04
1.875000000000000e-02 2.024438322446370e-02 -1.866244228278055e-04
2.187500000000000e-02 2.363093524397333e-02 -1.704894646902460e-04
2.500000000000000e-02 2.702325665215984e-02 -1.830124923139426e-04
2.812500000000000e-02 3.042217566934200e-02 -2.332640180727720e-04
3.125000000000000e-02 3.382852212661575e-02 -1.876625791304635e-04
3.437500000000000e-02 3.724312766845378e-02 -1.962302465181494e-04
3.750000000000001e-02 4.066682595574785e-02 -2.064326972834140e-04
4.062500000000000e-02 4.410045286934348e-02 -2.125077071011740e-04
4.375000000000000e-02 4.754484671411652e-02 -1.934300833179488e-04
4.687500000000000e-02 5.100084842364160e-02 -1.979697633043968e-04
5.000000000000000e-02 5.446930176550237e-02 -1.678555644897864e-04
5.312500000000001e-02 5.795105354729364e-02 -1.880148508549418e-04
5.625000000000000e-02 6.144695382336569e-02 -2.048974222114887e-04
5.937500000000000e-02 6.495785610236132e-02 -1.963995030075496e-04
6.250000000000000e-02 6.848461755559625e-02 -1.887482351482626e-04
6.562500000000000e-02 7.202809922633362e-02 -1.946997225650080e-04
6.875000000000001e-02 7.558916624000402e-02 -1.968310777498169e-04
7.187500000000001e-02 7.916868801542200e-02 -2.081283926834268e-04
7.500000000000001e-02 8.276753847705080e-02 -2.003873057658813e-04
7.812500000000000e-02 8.638659626836727e-02 -1.898498040465740e-04
8.125000000000000e-02 9.002674496637868e-02 -2.034580637847530e-04
8.437500000000001e-02 9.368887329734420e-02 -1.993165717514307e-04
8.750000000000001e-02 9.737387535375355e-02 -1.897520826236911e-04
9.062500000000001e-02 1.010826508126157e-01 -1.892469699413729e-04
9.375000000000000e-02 1.048161051551108e-01 -1.993432041020269e-04
9.687500000000000e-02 1.085751498876601e-01 -1.860203878020666e-04
1.000000000000000e-01 1.123607027644654e-01 -2.023338694074839e-04
1.031250000000000e-01 1.161736880115753e-01 -2.064729057792173e-04
1.062500000000000e-01 1.200150365525305e-01 -1.991755792946332e-04
1.093750000000000e-01 1.238856862356450e-01 -1.884001276983349e-04
1.125000000000000e-01 1.277865820629775e-01 -1.914807396552687e-04
1.156250000000000e-01 1.317186764210495e-01 -1.960025321608442e-04
1.187500000000000e-01 1.356829293133661e-01 -1.979334838204279e-04
1.218750000000000e-01 1.396803085947971e-01 -1.978617542044268e-04
1.250000000000000e-01 1.437117902078738e-01 -1.987063842135902e-04
1.281250000000000e-01 1.477783584210617e-01 -1.944714801921244e-04
1.312500000000000e-01 1.518810060690650e-01 -1.994957898437968e-04
1.343750000000000e-01 1.560207347952229e-01 -1.934206756802584e-04
1.375000000000000e-01 1.601985552960564e-01 -1.953608773344211e-04
1.406250000000000e-01 1.644154875680252e-01 -2.015529880475386e-04
1.437500000000000e-01 1.686725611565558e-01 -1.958901736494246e-04
1.468750000000000e-01 1.729708154074000e-01 -1.994730981688881e-04
1.500000000000000e-01 1.773112997203869e-01 -1.974676389312930e-04
1.531250000000000e-01 1.816950738056289e-01 -1.977578167077910e-04
1.562500000000000e-01 1.861232079422458e-01 -1.963079218653518e-04
1.593750000000000e-01 1.905967832396682e-01 -1.987792126759440e-04
1.625000000000000e-01 1.951168919015860e-01 -1.947864820285719e-04
1.656250000000000e-01 1.996846374926046e-01 -1.985261409689762e-04
1.687500000000000e-01 2.043011352076760e-01 -1.978840822565653e-04
1.718750000000000e-01 2.089675121443681e-01 -1.984702638669991e-04
1.750000000000000e-01 2.136849075780412e-01 -1.970406344273516e-04
1.781250000000000e-01 2.184544732399964e-01 -2.011337891227149e-04
1.812500000000000e-01 2.232773735986666e-01 -1.970103947331501e-04
1.843750000000000e-01 2.281547861439151e-01 -1.979944736567637e-04
1.875000000000000e-01 2.330879016745160e-01 -1.982679208326426e-04
1.906250000000000e-01 2.380779245888810e-01 -1.946828382017510e-04
1.937500000000000e-01 2.431260731791094e-01 -2.010460570572063e-04
1.968750000000000e-01 2.482335799284277e-01 -1.983534405692639e-04
2.000000000000000e-01 2.534016918120952e-01 -1.993924888934545e-04
2.031250000000000e-01 2.586316706018478e-01 -2.011682216653798e-04
2.062500000000000e-01 2.639247931739538e-01 -1.986145204588858e-04
2.093750000000000e-01 2.692823518209576e-01 -1.974724173094834e-04
2.125000000000000e-01 2.747056545671873e-01 -2.013167293788452e-04
2.156250000000000e-01 2.801960254881028e-01 -1.985920343732958e-04
2.187500000000000e-01 2.857548050335636e-01 -2.021759991037897e-04
2.218750000000000e-01 2.913833503550930e-01 -1.997908177298566e-04
2.250000000000000e-01 2.970830356372213e-01 -1.983556128923571e-04
2.281250000000000e-01 3.028552524329863e-01 -1.993497683522821e-04
2.312500000000000e-01 3.087014100036755e-01 -2.004602297134977e-04
2.343750000000000e-01 3.146229356628902e-01 -2.012544778510768e-04
2.375000000000000e-01 3.206212751250189e-01 -2.016826589136732e-04
2.406250000000000e-01 3.266978928582008e-01 -2.027149165664207e-04
2.437500000000000e-01 3.328542724418705e-01 -2.006686937045394e-04
2.468750000000000e-01 3.390919169289667e-01 -2.029496845703277e-04
2.500000000000000e-01 3.454123492128958e-01 -2.019084313076885e-04
2.531250000000000e-01 3.518171123993401e-01 -2.034007863981707e-04
2.562500000000000e-01 3.583077701830001e-01 -2.010333401119532e-04
2.593750000000000e-01 3.648859072293631e-01 -2.023849899083977e-04
2.625000000000000e-01 3.715531295615936e-01 -2.024924121222764e-04
2.656250000000000e-01 3.783110649526354e-01 -2.019953530349217e-04
2.687500000000000e-01 3.851613633226258e-01 -2.036458678895952e-04
2.718750000000000e-01 3.921056971417164e-01 -2.045916179954987e-04
2.750000000000000e-01 3.991457618383991e-01 -2.049632246201864e-04
2.781250000000000e-01 4.062832762134377e-01 -2.048062243271032e-04
2.812500000000000e-01 4.135199828595055e-01 -2.060559031875770e-04
2.843750000000000e-01 4.208576485866312e-01 -2.037411101031797e-04
2.875000000000000e-01 4.282980648535585e-01 -2.053422523347766e-04
2.906250000000000e-01 4.358430482051222e-01 -2.050782860222111e-04
2.937500000000000e-01 4.434944407157500e-01 -2.058114571167361e-04
2.968750000000000e-01 4.512541104391968e-01 -2.069499212029088e-04
3.000000000000000e-01 4.591239518646220e-01 -2.078194356036294e-04
3.031250000000000e-01 4.671058863791195e-01 -2.077337810941903e-04
3.062500000000000e-01 4.752018627368176e-01 -2.075732597335193e-04
3.093750000000000e-01 4.834138575346580e-01 -2.091280228194028e-04
3.125000000000000e-01 4.917438756949728e-01 -2.080392755455086e-04
3.156250000000000e-01 5.001939509549778e-01 -2.094072673163457e-04
3.187500000000000e-01 5.087661463633005e-01 -2.097523275046240e-04
3.218750000000000e-01 5.174625547836644e-01 -2.105339014982839e-04
3.250000000000000e-01 5.262852994058529e-01 -2.103231009639723e-04
3.281250000000000e-01 5.352365342640750e-01 -2.105768247827991e-04
3.312500000000000e-01 5.443184447628656e-01 -2.125103206873493e-04
3.343750000000000e-01 5.535332482106405e-01 -2.130715336435709e-04
3.375000000000000e-01 5.628831943610435e-01 -2.135026949503113e-04
3.406250000000000e-01 5.723705659622137e-01 -2.132522015350047e-04
3.437500000000000e-01 5.819976793141081e-01 -2.141795325085298e-04
3.468750000000000e-01 5.917668848340161e-01 -2.149068829959490e-04
3.500000000000000e-01 6.016805676304035e-01 -2.156527546437826e-04
3.531250000000000e-01 6.117411480852264e-01 -2.165801341930687e-04
3.562500000000000e-01 6.219510824448572e-01 -2.173216600216128e-04
3.593750000000000e-01 6.323128634197650e-01 -2.183002477840257e-04
3.625000000000000e-01 6.428290207931012e-01 -2.187483665849628e-04
3.656250000000000e-01 6.535021220383342e-01 -2.193453850172620e-04
3.687500000000000e-01 6.643347729460869e-01 -2.202942042741183e-04
3.718750000000000e-01 6.753296182603294e-01 -2.211026539667018e-04
3.750000000000000e-01 6.864893423240808e-01 -2.224178229694568e-04
3.781250000000000e-01 6.978166697347804e-01 -2.236203939995306e-04
3.812500000000000e-01 7.093143660094854e-01 -2.241761047974730e-04
3.843750000000000e-01 7.209852382600603e-01 -2.254575760731233e-04
3.875000000000000e-01 7.328321358785219e-01 -2.258738915258192e-04
3.906250000000000e-01 7.448579512327029e-01 -2.271750090069710e-04
3.937500000000000e-01 7.570656203724140e-01 -2.286823848814338e-04
3.968750000000000e-01 7.694581237462648e-01 -2.296173307830377e-04
4.000000000000000e-01 7.820384869293291e-01 -2.313528953038524e-04
4.031250000000000e-01 7.948097813618253e-01 -2.318679136526916e-04
4.062500000000000e-01 8.077751250989945e-01 -2.334041734968356e-04
4.093750000000000e-01 8.209376835723596e-01 -2.348961945291506e-04
4.125000000000000e-01 8.343006703625532e-01 -2.362054172182975e-04
4.156250000000000e-01 8.478673479838968e-01 -2.384087345422754e-04
4.187500000000000e-01 8.616410286809313e-01 -2.390371764582765e-04
4.218750000000000e-01 8.756250752370857e-01 -2.406420951332804e-04
4.250000000000000e-01 8.898229017956865e-01 -2.426161774557925e-04
4.281250000000000e-01 9.042379746935050e-01 -2.441777740097225e-04
4.312500000000000e-01 9.188738133070491e-01 -2.463800597661061e-04
4.343750000000000e-01 9.337339909118028e-01 -2.479786730142534e-04
4.375000000000000e-01 9.488221355546261e-01 -2.494627722868177e-04
4.406250000000000e-01 9.641419309395265e-01 -2.518095973045190e-04
4.437500000000000e-01 9.796971173270190e-01 -2.543597393840919e-04
4.468750000000000e-01 9.954914924472941e-01 -2.559001650784139e-04
4.500000000000000e-01 1.011528912427417e+00 -2.581414229772148e-04
4.531250000000000e-01 1.027813292732786e+00 -2.611224839053681e-04
4.562500000000000e-01 1.044348609123070e+00 -2.630704419482350e-04
4.593750000000000e-01 1.061138898622882e+00 -2.656631743719300e-04
4.625000000000000e-01 1.078188260507393e+00 -2.684633112078090e-04
4.656250000000000e-01 1.095500857303154e+00 -2.711546277878013e-04
4.687500000000000e-01 1.113080915804360e+00 -2.741641496633959e-04
4.718750000000000e-01 1.130932728104805e+00 -2.769889155439610e-04
4.750000000000000e-01 1.149060652645771e+00 -2.803118667476183e-04
4.781250000000000e-01 1.167469115280130e+00 -2.836056250533340e-04
4.812500000000000e-01 1.186162610352890e+00 -2.869090380750190e-04
4.843750000000000e-01 1.205145701798475e+00 -2.907128586394685e-04
4.875000000000000e-01 1.224423024254985e+00 -2.943058193451217e-04
4.906250000000000e-01 1.243999284195726e+00 -2.982966952855446e-04
4.937500000000000e-01 1.263879261078271e+00 -3.024567037545561e-04
4.968750000000000e-01 1.284067808511348e+00 -3.066555693703151e-04
5.000000000000000e-01 1.304569855439823e+00 -3.112684730501759e-04
5.031250000000000e-01 1.325390407348082e+00 -3.159548596899445e-04
5.062500000000000e-01 1.346534547482100e+00 -3.209129061833362e-04
5.093750000000000e-01 1.368007438090487e+00 -3.261583573872955e-04
5.125000000000001e-01 1.389814321684837e+00 -3.315689390314430e-04
5.156250000000000e-01 1.411960522319654e+00 -3.373767960940348e-04
5.187500000000000e-01 1.434451446892208e+00 -3.433165740832159e-04
5.218750000000000e-01 1.457292586462593e+00 -3.497192100323633e-04
5.250000000000000e-01 1.480489517594354e+00 -3.564043378963159e-04
5.281250000000001e-01 1.504047903715979e+00 -3.633209715750547e-04
5.312500000000000e-01 1.527973496503592e+00 -3.708752024707210e-04
5.343750000000000e-01 1.552272137285215e+00 -3.786432171200094e-04
5.375000000000000e-01 1.576949758466886e+00 -3.867622023808206e-04
5.406250000000000e-01 1.602012384981041e+00 -3.956912358609068e-04
5.437500000000001e-01 1.627466135757470e+00 -4.047532749317444e-04
5.468750000000000e-01 1.653317225217225e+00 -4.144050555908387e-04
5.500000000000000e-01 1.679571964789851e+00 -4.249289407859839e-04
5.531250000000000e-01 1.706236764454286e+00 -4.357354235946855e-04
5.562500000000000e-01 1.733318134303830e+00 -4.472209873557785e-04
5.593750000000001e-01 1.760822686135563e+00 -4.597426843597952e-04
5.625000000000000e-01 1.788757135064574e+00 -4.727225655798799e-04
5.656250000000000e-01 1.817128301163438e+00 -4.865208852115611e-04
5.687500000000000e-01 1.845943111127301e+00 -5.014316905111064e-04
5.718750000000000e-01 1.875208599965003e+00 -5.172572438311236e-04
5.750000000000001e-01 1.904931912716643e+00 -5.339642623699829e-04
5.781250000000000e-01 1.935120306198011e+00 -5.519117953690601e-04
5.812500000000000e-01 1.965781150772311e+00 -5.712037451477237e-04
5.843750000000000e-01 1.996921932149593e+00 -5.917636746232804e-04
5.875000000000000e-01 2.028550253214365e+00 -6.134908752383317e-04
5.906250000000001e-01 2.060673835881802e+00 -6.370071994699881e-04
5.937500000000000e-01 2.093300522983012e+00 -6.623788612667678e-04
5.968750000000000e-01 2.126438280179837e+00 -6.891994399121287e-04
6.000000000000001e-01 2.160095197909630e+00 -7.176835683335081e-04
6.031250000000000e-01 2.194279493360494e+00 -7.486211675708015e-04
6.062500000000001e-01 2.228999512477486e+00 -7.816987091603504e-04
6.093750000000000e-01 2.264263732000228e+00 -8.164957068132091e-04
6.125000000000000e-01 2.300080761532477e+00 -8.530964540403302e-04
6.156250000000001e-01 2.336459345644116e+00 -8.921145412164750e-04
6.187500000000000e-01 2.373408366006099e+00 -9.334253252294869e-04
6.218750000000001e-01 2.410936843558884e+00 -9.758846777516511e-04
6.250000000000000e-01 2.449053940714840e+00 -1.017707180678191e-03
6.281250000000000e-01 2.487768963595221e+00 -1.059009093658037e-03
6.312500000000001e-01 2.527091364302215e+00 -1.100352431644376e-03
6.343750000000000e-01 2.567030743226622e+00 -1.138637816545837e-03
6.375000000000001e-01 2.607596851391758e+00 -1.165716807500851e-03
6.406250000000000e-01 2.648799592834118e+00 -1.175273164632128e-03
6.437500000000000e-01 2.690649027021411e+00 -1.166495466584669e-03
6.468750000000001e-01 2.733155371308524e+00 -1.136447683613909e-03
6.500000000000000e-01 2.776329003432049e+00 -1.065158888877391e-03
6.531250000000001e-01 2.820180464043967e+00 -9.149364169303699e-04
6.562500000000000e-01 2.864720459285089e+00 -6.489621109436387e-04
6.593750000000000e-01 2.909959863398929e+00 -2.498447524468822e-04
6.625000000000001e-01 2.955909721386590e+00 2.949650953353501e-04
6.656250000000000e-01 3.002581251703353e+00 1.042797011171246e-03
6.687500000000001e-01 3.049985848997626e+00 2.141731440712490e-03
6.718750000000000e-01 3.098135086892879e+00 3.822284849848234e-03
6.750000000000000e-01 3.147040720813310e+00 6.315303438132105e-03
6.781250000000001e-01 3.196714690853871e+00 9.733499701644730e-03
6.812500000000000e-01 3.247169124695383e+00 1.397482912999232e-02
6.843750000000001e-01 3.298416340565477e+00 1.870882212062567e-02
6.875000000000000e-01 3.350468850246008e+00 2.343955604295075e-02
6.906250000000000e-01 3.403339362127777e+00 2.763246119148416e-02
6.937500000000001e-01 3.457040784313211e+00 3.082897751544155e-02
6.968750000000000e-01 3.511586227767823e+00 3.273652992153894e-02
7.000000000000001e-01 3.566989009521205e+00 3.324971465277030e-02
7.031250000000000e-01 3.623262655918307e+00 3.243483548786574e-02
7.062500000000000e-01 3.680420905921852e+00 3.047891066898800e-02
7.093750000000001e-01 3.738477714466631e+00 2.763502658182932e-02
7.125000000000000e-01 3.797447255866536e+00 2.417554715898482e-02
7.156250000000001e-01 3.857343927275175e+00 2.035470298370478e-02
7.187500000000000e-01 3.918182352200844e+00 1.639240308608956e-02
7.218750000000000e-01 3.979977384076828e+00 1.246080209581733e-02
7.250000000000001e-01 4.042744109887770e+00 8.689001014508447e-03
7.281250000000000e-01 4.106497853853101e+00 5.162309036406665e-03
7.312500000000001e-01 4.171254181168399e+00 1.934028187521941e-03
7.343750000000000e-01 4.237028901805528e+00 -9.719974739865086e-04
7.375000000000000e-01 4.303838074372613e+00 -3.549995451934306e-03
7.406250000000001e-01 4.371698010034643e+00 -5.810090980779163e-03
7.437500000000000e-01 4.440625276495786e+00 -7.769456790270132e-03
7.468750000000001e-01 4.510636702044332e+00 -9.451612737460599e-03
7.500000000000000e-01 4.581749379661216e+00 -1.088048517882273e-02
7.531250000000000e-01 4.653980671193226e+00 -1.208113895972891e-02
7.562500000000001e-01 4.727348211591802e+00 -1.307608648031797e-02
7.593750000000000e-01 4.801869913218528e+00 -1.388656847993656e-02
7.625000000000001e-01 4.877563970218381e+00 -1.453024537358648e-02
7.656250000000000e-01 4.954448862961714e+00 -1.502248814319356e-02
7.687500000000000e-01 5.032543362556198e+00 -1.537502235507438e-02
7.718750000000001e-01 5.111866535429675e+00 -1.559687674977699e-02
7.750000000000000e-01 5.192437747985146e+00 -1.569361477987277e-02
7.781250000000001e-01 5.274276671329015e+00 -1.566793138988554e-02
7.812500000000000e-01 5.357403286073669e+00 -1.551946571859785e-02
7.843750000000000e-01 5.441837887215693e+00 -1.524522071208660e-02
7.875000000000001e-01 5.527601089090773e+00 -1.483942250648221e-02
7.906250000000000e-01 5.614713830406605e+00 -1.429337094545532e-02
7.937500000000001e-01 5.703197379355005e+00 -1.359528114901982e-02
7.968750000000000e-01 5.793073338804412e+00 -1.273104455943061e-02
8.000000000000000e-01 5.884363651574169e+00 -1.168656535182654e-02
8.031250000000001e-01 5.977090605791737e+00 -1.045196885550612e-02
8.062500000000000e-01 6.071276840334257e+00 -9.027023313756065e-03
8.093750000000001e-01 6.166945350355728e+00 -7.426344644267615e-03
8.125000000000000e-01 6.264119492901173e+00 -5.682658520055196e-03
8.156250000000000e-01 6.362822992609162e+00 -3.846848864116981e-03
8.187500000000001e-01 6.463079947504072e+00 -1.984511590275395e-03
8.218750000000000e-01 6.564914834879517e+00 -1.698060222874569e-04
8.250000000000001e-01 6.668352517274371e+00 1.521935060385505e-03
8.281250000000000e-01 6.773418248542846e+00 3.021344724732086e-03
8.312500000000000e-01 6.880137680020114e+00 4.270905112582150e-03
8.343750000000001e-01 6.988536866784961e+00 5.229210366762146e-03
8.375000000000000e-01 7.098642274021019e+00 5.873679536213079e-03
8.406250000000001e-01 7.210480783478133e+00 6.201865935755374e-03
8.437500000000000e-01 7.324079700035414e+00 6.231334424024087e-03
8.468750000000000e-01 7.439466758367605e+00 5.997902731211496e-03
8.500000000000001e-01 7.556670129716381e+00 5.552081517542763e-03
8.531250000000000e-01 7.675718428768239e+00 4.953850488030526e-03
8.562500000000001e-01 7.796640720640633e+00 4.266349412533396e-03
8.593750000000000e-01 7.919466527978115e+00 3.549430706829549e-03
8.625000000000000e-01 8.044225838160141e+00 2.854135482184902e-03
8.656250000000001e-01 8.170949110622363e+00 2.218958234068978e-03
8.687500000000000e-01 8.299667284293170e+00 1.668331281833869e-03
8.718750000000001e-01 8.430411785147284e+00 1.213248088570972e-03
8.750000000000000e-01 8.563214533878281e+00 8.535211585014578e-04
8.781250000000000e-01 8.698107953691880e+00 5.809437067485473e-04
8.812500000000001e-01 8.835124978221932e+00 3.826175916817112e-04
8.843750000000000e-01 8.974299059571019e+00 2.438727380862519e-04
8.875000000000001e-01 9.115664176477637e+00 1.504480481361497e-04
8.906250000000000e-01 9.259254842611947e+00 8.984502024374844e-05
8.937500000000000e-01 9.405106115002161e+00 5.194532872633525e-05
8.968750000000001e-01 9.553253602593529e+00 2.908081450062799e-05
9.000000000000000e-01 9.703733474942130e+00 1.576660827992954e-05
9.031250000000001e-01 9.856582471045494e+00 8.279555915091174e-06
9.062500000000000e-01 1.001183790831228e+01 4.211913300317130e-06
9.093750000000000e-01 1.016953769167313e+01 2.075978852282817e-06
9.125000000000001e-01 1.032972032283505e+01 9.915298847145887e-07
9.156250000000000e-01 1.049242490968134e+01 4.589833018207646e-07
9.187500000000001e-01 1.065769117581972e+01 2.059516799995197e-07
9.218750000000000e-01 1.082555947028058e+01 8.959433322195947e-08
9.250000000000000e-01 1.099607077736805e+01 3.779304607995323e-08
9.281250000000001e-01 1.116926672666618e+01 1.546068337287621e-08
9.312500000000000e-01 1.134518960320255e+01 6.134793262050219e-09
9.343750000000001e-01 1.152388235777201e+01 2.361534397719904e-09
9.375000000000000e-01 1.170538861742293e+01 8.820229155766200e-10
9.406250000000000e-01 1.188975269610854e+01 3.196864830863198e-10
9.437500000000001e-01 1.207701960550600e+01 1.124590434573954e-10
9.468750000000000e-01 1.226723506600578e+01 3.840222195901257e-11
9.500000000000001e-01 1.246044551787411e+01 1.273138133395480e-11
9.531250000000000e-01 1.265669813259115e+01 4.098419394536871e-12
9.562500000000000e-01 1.285604082436773e+01 1.281275631384755e-12
9.593750000000001e-01 1.305852226184337e+01 3.890601057129285e-13
9.625000000000000e-01 1.326419187996850e+01 1.147626357809398e-13
9.656250000000001e-01 1.347309989207381e+01 3.288930884552799e-14
9.687500000000000e-01 1.368529730212962e+01 9.158812121233796e-15
9.718750000000000e-01 1.390083591719824e+01 2.478634432242057e-15
9.750000000000001e-01 1.411976836008246e+01 6.519773162796352e-16
9.781250000000000e-01 1.434214808217320e+01 1.667078025964209e-16
9.812500000000001e-01 1.456802937649935e+01 4.144179407260163e-17
9.843750000000000e-01 1.479746739098328e+01 1.001694567782323e-17
9.875000000000000e-01 1.503051814190487e+01 2.354488576557516e-18
9.906250000000001e-01 1.526723852757770e+01 5.383310625825581e-19
9.937500000000000e-01 1.550768634224049e+01 1.193756236382800e-19
9.968750000000001e-01 1.575192029016732e+01 2.749148214141167e-20
1.000000000000000e+00 1.600000000000000e+01 -7.128346786762767e-22
