0.000000000000000e+00 0.000000000000000e+00 3.994963484732422e-04
3.125000000000000e-03 3.369263549427258e-03 3.994963484732409e-04
6.250000000000000e-03 6.739349689698711e-03 -1.371690998461437e-04
9.375000000000001e-03 1.011108121249049e-02 -2.487793254112611e-04
1.250000000000000e-02 1.348528131119160e-02 -9.689698624627047e-05
1.562500000000000e-02 1.686277378188298e-02 -8.746797528183917e-06
1.875000000000000e-02 2.024438322446370e-02 -1.060315505071194e-04
2.187500000000000e-02 2.363093524397333e-02 -1.480221495332708e-04
2.500000000000000e-02 2.702325665215984e-02 -1.146172590807228e-04
2.812500000000000e-02 3.042217566934200e-02 -1.419980451718792e-04
3.125000000000000e-02 3.382852212661575e-02 -3.906024503687468e-05
3.437500000000000e-02 3.724312766845378e-02 -1.148395281070416e-04
3.750000000000001e-02 4.066682595574785e-02 -5.365737431863353e-05
4.062500000000000e-02 4.410045286934348e-02 -9.965537625585905e-05
4.375000000000000e-02 4.754484671411652e-02 -8.296215529537181e-05
4.687500000000000e-02 5.100084842364160e-02 -1.089397981411722e-04
5.000000000000000e-02 5.446930176550237e-02 -9.635914814684161e-05
5.312500000000001e-02 5.795105354729364e-02 -8.691289145254698e-05
5.625000000000000e-02 6.144695382336569e-02 -7.258686037339774e-05
5.937500000000000e-02 6.495785610236132e-02 -1.013099548143492e-04
6.250000000000000e-02 6.848461755559625e-02 -8.190565744132414e-05
6.562500000000000e-02 7.202809922633362e-02 -6.846205848020017e-05
6.875000000000001e-02 7.558916624000402e-02 -9.106075664249931e-05
7.187500000000001e-02 7.916868801542200e-02 -9.966363956050754e-05
7.500000000000001e-02 8.276753847705080e-02 -8.688598165247988e-05
7.812500000000000e-02 8.638659626836727e-02 -9.511780818598929e-05
8.125000000000000e-02 9.002674496637868e-02 -9.325651909554444e-05
8.437500000000001e-02 9.368887329734420e-02 -1.001497869121828e-04
8.750000000000001e-02 9.737387535375355e-02 -9.899571256008507e-05
9.062500000000001e-02 1.010826508126157e-01 -8.546920839672286e-05
9.375000000000000e-02 1.048161051551108e-01 -8.114236756116384e-05
9.687500000000000e-02 1.085751498876601e-01 -9.042033727973126e-05
1.000000000000000e-01 1.123607027644654e-01 -1.000993219412614e-04
1.031250000000000e-01 1.161736880115753e-01 -9.545792285424030e-05
1.062500000000000e-01 1.200150365525305e-01 -9.767086171654846e-05
1.093750000000000e-01 1.238856862356450e-01 -7.146424741438094e-05
1.125000000000000e-01 1.277865820629775e-01 -1.033015437471649e-04
1.156250000000000e-01 1.317186764210495e-01 -8.767005421926348e-05
1.187500000000000e-01 1.356829293133661e-01 -9.015397775225110e-05
1.218750000000000e-01 1.396803085947971e-01 -8.503605342519639e-05
1.250000000000000e-01 1.437117902078738e-01 -9.180117963894735e-05
1.281250000000000e-01 1.477783584210617e-01 -8.905782872122120e-05
1.312500000000000e-01 1.518810060690650e-01 -9.053922057390973e-05
1.343750000000000e-01 1.560207347952229e-01 -9.348482230169827e-05
1.375000000000000e-01 1.601985552960564e-01 -9.171481532803009e-05
1.406250000000000e-01 1.644154875680252e-01 -7.979614861748150e-05
1.437500000000000e-01 1.686725611565558e-01 -9.491022722248597e-05
1.468750000000000e-01 1.729708154074000e-01 -9.174971238499127e-05
1.500000000000000e-01 1.773112997203869e-01 -9.746250355022515e-05
1.531250000000000e-01 1.816950738056289e-01 -9.824991011308730e-05
1.562500000000000e-01 1.861232079422458e-01 -8.914859434252345e-05
1.593750000000000e-01 1.905967832396682e-01 -9.567566048307323e-05
1.625000000000000e-01 1.951168919015860e-01 -8.850877363881459e-05
1.656250000000000e-01 1.996846374926046e-01 -9.359776913289876e-05
1.687500000000000e-01 2.043011352076760e-01 -8.971445702269149e-05
1.718750000000000e-01 2.089675121443681e-01 -9.743632917680174e-05
1.750000000000000e-01 2.136849075780412e-01 -8.590321426221464e-05
1.781250000000000e-01 2.184544732399964e-01 -8.948875005184823e-05
1.812500000000000e-01 2.232773735986666e-01 -9.268816283966248e-05
1.843750000000000e-01 2.281547861439151e-01 -9.470635185540147e-05
1.875000000000000e-01 2.330879016745160e-01 -8.620952442350599e-05
1.906250000000000e-01 2.380779245888810e-01 -9.003577582951949e-05
1.937500000000000e-01 2.431260731791094e-01 -9.097310714637144e-05
1.968750000000000e-01 2.482335799284277e-01 -9.448276175447916e-05
2.000000000000000e-01 2.534016918120952e-01 -9.002151937764008e-05
2.031250000000000e-01 2.586316706018478e-01 -9.558556159171337e-05
2.062500000000000e-01 2.639247931739538e-01 -9.367505096967350e-05
2.093750000000000e-01 2.692823518209576e-01 -9.291838626600278e-05
2.125000000000000e-01 2.747056545671873e-01 -9.544775118895927e-05
2.156250000000000e-01 2.801960254881028e-01 -8.906407113999808e-05
2.187500000000000e-01 2.857548050335636e-01 -9.401886490503436e-05
2.218750000000000e-01 2.913833503550930e-01 -9.327762897910486e-05
2.250000000000000e-01 2.970830356372213e-01 -9.408577519179065e-05
2.281250000000000e-01 3.028552524329863e-01 -8.682185119645391e-05
2.312500000000000e-01 3.087014100036755e-01 -9.078993029881440e-05
2.343750000000000e-01 3.146229356628902e-01 -9.025251338075834e-05
2.375000000000000e-01 3.206212751250189e-01 -9.609429703952666e-05
2.406250000000000e-01 3.266978928582008e-01 -9.166458399412401e-05
2.437500000000000e-01 3.328542724418705e-01 -9.477976620482407e-05
2.468750000000000e-01 3.390919169289667e-01 -9.457333538305270e-05
2.500000000000000e-01 3.454123492128958e-01 -9.376741937630037e-05
2.531250000000000e-01 3.518171123993401e-01 -9.300755478193018e-05
2.562500000000000e-01 3.583077701830001e-01 -9.467623910206576e-05
2.593750000000000e-01 3.648859072293631e-01 -9.626368468705579e-05
2.625000000000000e-01 3.715531295615936e-01 -9.179905633662773e-05
2.656250000000000e-01 3.783110649526354e-01 -9.484995603979098e-05
2.687500000000000e-01 3.851613633226258e-01 -9.031439708102998e-05
2.718750000000000e-01 3.921056971417164e-01 -9.258490068643442e-05
2.750000000000000e-01 3.991457618383991e-01 -9.389199323207937e-05
2.781250000000000e-01 4.062832762134377e-01 -9.664676253511964e-05
2.812500000000000e-01 4.135199828595055e-01 -9.208260291778314e-05
2.843750000000000e-01 4.208576485866312e-01 -9.622639972686056e-05
2.875000000000000e-01 4.282980648535585e-01 -9.604113451358488e-05
2.906250000000000e-01 4.358430482051222e-01 -9.500972955434926e-05
2.937500000000000e-01 4.434944407157500e-01 -9.552204358876034e-05
2.968750000000000e-01 4.512541104391968e-01 -9.343103177008337e-05
3.000000000000000e-01 4.591239518646220e-01 -9.516681115869558e-05
3.031250000000000e-01 4.671058863791195e-01 -9.423135168074210e-05
3.062500000000000e-01 4.752018627368176e-01 -9.605513283238925e-05
3.093750000000000e-01 4.834138575346580e-01 -9.475588004897485e-05
3.125000000000000e-01 4.917438756949728e-01 -9.774432303435165e-05
3.156250000000000e-01 5.001939509549778e-01 -9.502533960879652e-05
3.187500000000000e-01 5.087661463633005e-01 -9.681209666417223e-05
3.218750000000000e-01 5.174625547836644e-01 -9.685905951600850e-05
3.250000000000000e-01 5.262852994058529e-01 -9.615728593742015e-05
3.281250000000000e-01 5.352365342640750e-01 -9.761824669854239e-05
3.312500000000000e-01 5.443184447628656e-01 -9.697655487451573e-05
3.343750000000000e-01 5.535332482106405e-01 -9.804725524449768e-05
3.375000000000000e-01 5.628831943610435e-01 -9.624972260693122e-05
3.406250000000000e-01 5.723705659622137e-01 -9.820596132805651e-05
3.437500000000000e-01 5.819976793141081e-01 -9.722855956049928e-05
3.468750000000000e-01 5.917668848340161e-01 -9.777732669854569e-05
3.500000000000000e-01 6.016805676304035e-01 -9.906811447448455e-05
3.531250000000000e-01 6.117411480852264e-01 -1.003120530661909e-04
3.562500000000000e-01 6.219510824448572e-01 -9.972315605000864e-05
3.593750000000000e-01 6.323128634197650e-01 -9.798137531687870e-05
3.625000000000000e-01 6.428290207931012e-01 -9.944252966806567e-05
3.656250000000000e-01 6.535021220383342e-01 -9.998990121209132e-05
3.687500000000000e-01 6.643347729460869e-01 -1.007168308161346e-04
3.718750000000000e-01 6.753296182603294e-01 -1.004697623100649e-04
3.750000000000000e-01 6.864893423240808e-01 -1.012493743003236e-04
3.781250000000000e-01 6.978166697347804e-01 -1.019683338073293e-04
3.812500000000000e-01 7.093143660094854e-01 -1.018519997242002e-04
3.843750000000000e-01 7.209852382600603e-01 -1.019209838223290e-04
3.875000000000000e-01 7.328321358785219e-01 -1.022486015139854e-04
3.906250000000000e-01 7.448579512327029e-01 -1.024502322082692e-04
3.937500000000000e-01 7.570656203724140e-01 -1.036373478949414e-04
3.968750000000000e-01 7.694581237462648e-01 -1.041237775787799e-04
4.000000000000000e-01 7.820384869293291e-01 -1.045704863984655e-04
4.031250000000000e-01 7.948097813618253e-01 -1.053676337938479e-04
4.062500000000000e-01 8.077751250989945e-01 -1.046489569869881e-04
4.093750000000000e-01 8.209376835723596e-01 -1.059630488052472e-04
4.125000000000000e-01 8.343006703625532e-01 -1.058626777244978e-04
4.156250000000000e-01 8.478673479838968e-01 -1.070793219179172e-04
4.187500000000000e-01 8.616410286809313e-01 -1.080097076569534e-04
4.218750000000000e-01 8.756250752370857e-01 -1.077014911526888e-04
4.250000000000000e-01 8.898229017956865e-01 -1.091368047460359e-04
4.281250000000000e-01 9.042379746935050e-01 -1.083397221236707e-04
4.312500000000000e-01 9.188738133070491e-01 -1.102223179117116e-04
4.343750000000000e-01 9.337339909118028e-01 -1.110353529917180e-04
4.375000000000000e-01 9.488221355546261e-01 -1.112448480040183e-04
4.406250000000000e-01 9.641419309395265e-01 -1.128869029488681e-04
4.437500000000000e-01 9.796971173270190e-01 -1.120182396248264e-04
4.468750000000000e-01 9.954914924472941e-01 -1.135375344569744e-04
4.500000000000000e-01 1.011528912427417e+00 -1.148239323616830e-04
4.531250000000000e-01 1.027813292732786e+00 -1.154505417401792e-04
4.562500000000000e-01 1.044348609123070e+00 -1.165346755948753e-04
4.593750000000000e-01 1.061138898622882e+00 -1.168761472172278e-04
4.625000000000000e-01 1.078188260507393e+00 -1.179540152227670e-04
4.656250000000000e-01 1.095500857303154e+00 -1.193827941983941e-04
4.687500000000000e-01 1.113080915804360e+00 -1.207575928736173e-04
4.718750000000000e-01 1.130932728104805e+00 -1.205536234630141e-04
4.750000000000000e-01 1.149060652645771e+00 -1.223400399140448e-04
4.781250000000000e-01 1.167469115280130e+00 -1.245118948065618e-04
4.812500000000000e-01 1.186162610352890e+00 -1.243020977672298e-04
4.843750000000000e-01 1.205145701798475e+00 -1.261422334057894e-04
4.875000000000000e-01 1.224423024254985e+00 -1.275894353923480e-04
4.906250000000000e-01 1.243999284195726e+00 -1.287798145412543e-04
4.937500000000000e-01 1.263879261078271e+00 -1.305283301114566e-04
4.968750000000000e-01 1.284067808511348e+00 -1.314937690037624e-04
5.000000000000000e-01 1.304569855439823e+00 -1.336436985345842e-04
5.031250000000000e-01 1.325390407348082e+00 -1.350422569103325e-04
5.062500000000000e-01 1.346534547482100e+00 -1.365956899639938e-04
5.093750000000000e-01 1.368007438090487e+00 -1.388699733200788e-04
5.125000000000001e-01 1.389814321684837e+00 -1.402323779936505e-04
5.156250000000000e-01 1.411960522319654e+00 -1.425201320819947e-04
5.187500000000000e-01 1.434451446892208e+00 -1.445551057534457e-04
5.218750000000000e-01 1.457292586462593e+00 -1.464590210119690e-04
5.250000000000000e-01 1.480489517594354e+00 -1.490649343291888e-04
5.281250000000001e-01 1.504047903715979e+00 -1.511407777107703e-04
5.312500000000000e-01 1.527973496503592e+00 -1.537450218524077e-04
5.343750000000000e-01 1.552272137285215e+00 -1.563878718267309e-04
5.375000000000000e-01 1.576949758466886e+00 -1.589594407190577e-04
5.406250000000000e-01 1.602012384981041e+00 -1.620374700434407e-04
5.437500000000001e-01 1.627466135757470e+00 -1.648203615102080e-04
5.468750000000000e-01 1.653317225217225e+00 -1.681298826199466e-04
5.500000000000000e-01 1.679571964789851e+00 -1.714720650194354e-04
5.531250000000000e-01 1.706236764454286e+00 -1.747261050641269e-04
5.562500000000000e-01 1.733318134303830e+00 -1.787953587225269e-04
5.593750000000001e-01 1.760822686135563e+00 -1.824252033156238e-04
5.625000000000000e-01 1.788757135064574e+00 -1.864425106486126e-04
5.656250000000000e-01 1.817128301163438e+00 -1.912153891893905e-04
5.687500000000000e-01 1.845943111127301e+00 -1.953217287657525e-04
5.718750000000000e-01 1.875208599965003e+00 -2.002494517957968e-04
5.750000000000001e-01 1.904931912716643e+00 -2.057618514940218e-04
5.781250000000000e-01 1.935120306198011e+00 -2.106653448371714e-04
5.812500000000000e-01 1.965781150772311e+00 -2.166138904717339e-04
5.843750000000000e-01 1.996921932149593e+00 -2.230399905774076e-04
5.875000000000000e-01 2.028550253214365e+00 -2.290920607416480e-04
5.906250000000001e-01 2.060673835881802e+00 -2.361526397643229e-04
5.937500000000000e-01 2.093300522983012e+00 -2.437000335628716e-04
5.968750000000000e-01 2.126438280179837e+00 -2.513285680818407e-04
6.000000000000001e-01 2.160095197909630e+00 -2.598003555730865e-04
6.031250000000000e-01 2.194279493360494e+00 -2.687085529102022e-04
6.062500000000001e-01 2.228999512477486e+00 -2.783494195766290e-04
6.093750000000000e-01 2.264263732000228e+00 -2.888503724445414e-04
6.125000000000000e-01 2.300080761532477e+00 -2.994256195819940e-04
6.156250000000001e-01 2.336459345644116e+00 -3.113016773042875e-04
6.187500000000000e-01 2.373408366006099e+00 -3.248441342432279e-04
6.218750000000001e-01 2.410936843558884e+00 -3.380763317428159e-04
6.250000000000000e-01 2.449053940714840e+00 -3.521104163945777e-04
6.281250000000000e-01 2.487768963595221e+00 -3.692716494993937e-04
6.312500000000001e-01 2.527091364302215e+00 -3.874399855181448e-04
6.343750000000000e-01 2.567030743226622e+00 -4.047140303721263e-04
6.375000000000001e-01 2.607596851391758e+00 -4.243679934332524e-04
6.406250000000000e-01 2.648799592834118e+00 -4.488837408275362e-04
6.437500000000000e-01 2.690649027021411e+00 -4.745082368624366e-04
6.468750000000001e-01 2.733155371308524e+00 -4.978156074284210e-04
6.500000000000000e-01 2.776329003432049e+00 -5.240527152981518e-04
6.531250000000001e-01 2.820180464043967e+00 -5.598349650152802e-04
6.562500000000000e-01 2.864720459285089e+00 -5.990130988906969e-04
6.593750000000000e-01 2.909959863398929e+00 -6.303979802070385e-04
6.625000000000001e-01 2.955909721386590e+00 -6.605329516807120e-04
6.656250000000000e-01 3.002581251703353e+00 -7.083116779224653e-04
6.687500000000001e-01 3.049985848997626e+00 -7.710091132279679e-04
6.718750000000000e-01 3.098135086892879e+00 -8.191601938248400e-04
6.750000000000000e-01 3.147040720813310e+00 -8.396535104626314e-04
6.781250000000001e-01 3.196714690853871e+00 -8.642070551658701e-04
6.812500000000000e-01 3.247169124695383e+00 -9.295305565100018e-04
6.843750000000001e-01 3.298416340565477e+00 -1.011793568522512e-03
6.875000000000000e-01 3.350468850246008e+00 -1.026152940843447e-03
6.906250000000000e-01 3.403339362127777e+00 -9.107330051935565e-04
6.937500000000001e-01 3.457040784313211e+00 -7.050145423377170e-04
6.968750000000000e-01 3.511586227767823e+00 -5.164981492791391e-04
7.000000000000001e-01 3.566989009521205e+00 -3.755231093418899e-04
7.031250000000000e-01 3.623262655918307e+00 -9.796876191277676e-05
7.062500000000000e-01 3.680420905921852e+00 7.125398677109180e-04
7.093750000000001e-01 3.738477714466631e+00 2.497463039878434e-03
7.125000000000000e-01 3.797447255866536e+00 5.509364190696202e-03
7.156250000000001e-01 3.857343927275175e+00 9.651090447757691e-03
7.187500000000000e-01 3.918182352200844e+00 1.446945246713627e-02
7.218750000000000e-01 3.979977384076828e+00 1.929251416266824e-02
7.250000000000001e-01 4.042744109887770e+00 2.343130410377636e-02
7.281250000000000e-01 4.106497853853101e+00 2.635425672601225e-02
7.312500000000001e-01 4.171254181168399e+00 2.778064188569879e-02
7.343750000000000e-01 4.237028901805528e+00 2.768426366038125e-02
7.375000000000000e-01 4.303838074372613e+00 2.623667219407696e-02
7.406250000000001e-01 4.371698010034643e+00 2.372651629064517e-02
7.437500000000000e-01 4.440625276495786e+00 2.048381489472471e-02
7.468750000000001e-01 4.510636702044332e+00 1.682411400224132e-02
7.500000000000000e-01 4.581749379661216e+00 1.301505478175853e-02
7.531250000000000e-01 4.653980671193226e+00 9.262681142950618e-03
7.562500000000001e-01 4.727348211591802e+00 5.711361767372612e-03
7.593750000000000e-01 4.801869913218528e+00 2.451447749402827e-03
7.625000000000001e-01 4.877563970218381e+00 -4.698558429002545e-04
7.656250000000000e-01 4.954448862961714e+00 -3.037356852136277e-03
7.687500000000000e-01 5.032543362556198e+00 -5.257807667798082e-03
7.718750000000001e-01 5.111866535429675e+00 -7.151689210446130e-03
7.750000000000000e-01 5.192437747985146e+00 -8.746633280128058e-03
7.781250000000001e-01 5.274276671329015e+00 -1.007270121324309e-02
7.812500000000000e-01 5.357403286073669e+00 -1.115924063276272e-02
7.843750000000000e-01 5.441837887215693e+00 -1.203302059775362e-02
7.875000000000001e-01 5.527601089090773e+00 -1.271738324013550e-02
7.906250000000000e-01 5.614713830406605e+00 -1.323169340482223e-02
7.937500000000001e-01 5.703197379355005e+00 -1.359093171588481e-02
7.968750000000000e-01 5.793073338804412e+00 -1.380557011500061e-02
8.000000000000000e-01 5.884363651574169e+00 -1.388176879021415e-02
8.031250000000001e-01 5.977090605791737e+00 -1.382199211721439e-02
8.062500000000000e-01 6.071276840334257e+00 -1.362518726688255e-02
8.093750000000001e-01 6.166945350355728e+00 -1.328623047132785e-02
8.125000000000000e-01 6.264119492901173e+00 -1.279468995248000e-02
8.156250000000000e-01 6.362822992609162e+00 -1.213430442972762e-02
8.187500000000001e-01 6.463079947504072e+00 -1.128479152676264e-02
8.218750000000000e-01 6.564914834879517e+00 -1.022703268924994e-02
8.250000000000001e-01 6.668352517274371e+00 -8.950962005948662e-03
8.281250000000000e-01 6.773418248542846e+00 -7.463878724295775e-03
8.312500000000000e-01 6.880137680020114e+00 -5.796219935665504e-03
8.343750000000001e-01 6.988536866784961e+00 -4.002599756519814e-03
8.375000000000000e-01 7.098642274021019e+00 -2.157659170293287e-03
8.406250000000001e-01 7.210480783478133e+00 -3.480268041726206e-04
8.437500000000000e-01 7.324079700035414e+00 1.337404382848699e-03
8.468750000000000e-01 7.439466758367605e+00 2.816853260883958e-03
8.500000000000001e-01 7.556670129716381e+00 4.023476035670036e-03
8.531250000000000e-01 7.675718428768239e+00 4.911237525631221e-03
8.562500000000001e-01 7.796640720640633e+00 5.458753091825690e-03
8.593750000000000e-01 7.919466527978115e+00 5.670907935482283e-03
8.625000000000000e-01 8.044225838160141e+00 5.577859261199598e-03
8.656250000000001e-01 8.170949110622363e+00 5.231116680410406e-03
8.687500000000000e-01 8.299667284293170e+00 4.696893562134736e-03
8.718750000000001e-01 8.430411785147284e+00 4.047634018831101e-03
8.750000000000000e-01 8.563214533878281e+00 3.353195081007059e-03
8.781250000000000e-01 8.698107953691880e+00 2.673311121910045e-03
8.812500000000001e-01 8.835124978221932e+00 2.052610751248137e-03
8.843750000000000e-01 8.974299059571019e+00 1.518746612127229e-03
8.875000000000001e-01 9.115664176477637e+00 1.083414632390185e-03
8.906250000000000e-01 9.259254842611947e+00 7.454458290685774e-04
8.937500000000000e-01 9.405106115002161e+00 4.948959339949380e-04
8.968750000000001e-01 9.553253602593529e+00 3.171331030910329e-04
9.000000000000000e-01 9.703733474942130e+00 1.962208674416985e-04
9.031250000000001e-01 9.856582471045494e+00 1.172641404893505e-04
9.062500000000000e-01 1.001183790831228e+01 6.770764869550249e-05
9.093750000000000e-01 1.016953769167313e+01 3.778287088183842e-05
9.125000000000001e-01 1.032972032283505e+01 2.038288655946297e-05
9.156250000000000e-01 1.049242490968134e+01 1.063348237854808e-05
9.187500000000001e-01 1.065769117581972e+01 5.365954184112908e-06
9.218750000000000e-01 1.082555947028058e+01 2.619989706581794e-06
9.250000000000000e-01 1.099607077736805e+01 1.238083898051393e-06
9.281250000000001e-01 1.116926672666618e+01 5.663857259308122e-07
9.312500000000000e-01 1.134518960320255e+01 2.508980941047346e-07
9.343750000000001e-01 1.152388235777201e+01 1.076499048284262e-07
9.375000000000000e-01 1.170538861742293e+01 4.474730431409900e-08
9.406250000000000e-01 1.188975269610854e+01 1.802437143430932e-08
9.437500000000001e-01 1.207701960550600e+01 7.037102896147913e-09
9.468750000000000e-01 1.226723506600578e+01 2.663582499656112e-09
9.500000000000001e-01 1.246044551787411e+01 9.776251032635763e-10
9.531250000000000e-01 1.265669813259115e+01 3.480210333041099e-10
9.562500000000000e-01 1.285604082436773e+01 1.201866453304678e-10
9.593750000000001e-01 1.305852226184337e+01 4.027288868219494e-11
9.625000000000000e-01 1.326419187996850e+01 1.309667890417501e-11
9.656250000000001e-01 1.347309989207381e+01 4.134139758032085e-12
9.687500000000000e-01 1.368529730212962e+01 1.266969823146279e-12
9.718750000000000e-01 1.390083591719824e+01 3.770370016882480e-13
9.750000000000001e-01 1.411976836008246e+01 1.089721797643777e-13
9.781250000000000e-01 1.434214808217320e+01 3.059402641013533e-14
9.812500000000001e-01 1.456802937649935e+01 8.344885174543760e-15
9.843750000000000e-01 1.479746739098328e+01 2.211763862036385e-15
9.875000000000000e-01 1.503051814190487e+01 5.697123683609251e-16
9.906250000000001e-01 1.526723852757770e+01 1.426735423418339e-16
9.937500000000000e-01 1.550768634224049e+01 3.461693993830377e-17
9.968750000000001e-01 1.575192029016732e+01 8.702834953161248e-18
1.000000000000000e+00 1.600000000000000e+01 1.774410733895240e-19
