0.000000000000000e+00 0.000000000000000e+00 1.991761323161860e-04
3.125000000000000e-03 3.369263549427258e-03 1.991761323161856e-04
6.250000000000000e-03 6.739349689698711e-03 -5.204950164804731e-04
9.375000000000001e-03 1.011108121249049e-02 -5.725388692537788e-04
1.250000000000000e-02 1.348528131119160e-02 -4.652512686082738e-04
1.562500000000000e-02 1.686277378188298e-02 -4.151430357765953e-04
1.875000000000000e-02 2.024438322446370e-02 -4.916044850174524e-04
2.187500000000000e-02 2.363093524397333e-02 -4.542943878548955e-04
2.500000000000000e-02 2.702325665215984e-02 -4.782092693212728e-04
2.812500000000000e-02 3.042217566934200e-02 -4.374678804322993e-04
3.125000000000000e-02 3.382852212661575e-02 -4.449710548807699e-04
3.437500000000000e-02 3.724312766845378e-02 -3.829967598005659e-04
3.750000000000001e-02 4.066682595574785e-02 -4.888709473181680e-04
4.062500000000000e-02 4.410045286934348e-02 -4.427505588189343e-04
4.375000000000000e-02 4.754484671411652e-02 -4.322097451889716e-04
4.687500000000000e-02 5.100084842364160e-02 -4.265394657170324e-04
5.000000000000000e-02 5.446930176550237e-02 -4.295579217465046e-04
5.312500000000001e-02 5.795105354729364e-02 -4.347166864631117e-04
5.625000000000000e-02 6.144695382336569e-02 -4.584575619587538e-04
5.937500000000000e-02 6.495785610236132e-02 -4.605492412897529e-04
6.250000000000000e-02 6.848461755559625e-02 -4.619423815099691e-04
6.562500000000000e-02 7.202809922633362e-02 -4.397754458397118e-04
6.875000000000001e-02 7.558916624000402e-02 -4.471742299523147e-04
7.187500000000001e-02 7.916868801542200e-02 -4.685971956297981e-04
7.500000000000001e-02 8.276753847705080e-02 -4.442564385745362e-04
7.812500000000000e-02 8.638659626836727e-02 -4.599487463310247e-04
8.125000000000000e-02 9.002674496637868e-02 -4.344146780459987e-04
8.437500000000001e-02 9.368887329734420e-02 -4.458017943369290e-04
8.750000000000001e-02 9.737387535375355e-02 -4.394831243998632e-04
9.062500000000001e-02 1.010826508126157e-01 -4.446813805090927e-04
9.375000000000000e-02 1.048161051551108e-01 -4.401608592519720e-04
9.687500000000000e-02 1.085751498876601e-01 -4.567387902423545e-04
1.000000000000000e-01 1.123607027644654e-01 -4.434778712288826e-04
1.031250000000000e-01 1.161736880115753e-01 -4.500705783343440e-04
1.062500000000000e-01 1.200150365525305e-01 -4.400055216537373e-04
1.093750000000000e-01 1.238856862356450e-01 -4.428753353017493e-04
1.125000000000000e-01 1.277865820629775e-01 -4.499114823645081e-04
1.156250000000000e-01 1.317186764210495e-01 -4.558301355014645e-04
1.187500000000000e-01 1.356829293133661e-01 -4.515451661204793e-04
1.218750000000000e-01 1.396803085947971e-01 -4.507697097349964e-04
1.250000000000000e-01 1.437117902078738e-01 -4.551969003659735e-04
1.281250000000000e-01 1.477783584210617e-01 -4.488686704308003e-04
1.312500000000000e-01 1.518810060690650e-01 -4.508527362348441e-04
1.343750000000000e-01 1.560207347952229e-01 -4.404855055139413e-04
1.375000000000000e-01 1.601985552960564e-01 -4.517367195747643e-04
1.406250000000000e-01 1.644154875680252e-01 -4.426583823981778e-04
1.437500000000000e-01 1.686725611565558e-01 -4.497626059212550e-04
1.468750000000000e-01 1.729708154074000e-01 -4.461909713612566e-04
1.500000000000000e-01 1.773112997203869e-01 -4.532642557728766e-04
1.531250000000000e-01 1.816950738056289e-01 -4.469025231000153e-04
1.562500000000000e-01 1.861232079422458e-01 -4.540204940055385e-04
1.593750000000000e-01 1.905967832396682e-01 -4.580302269329565e-04
1.625000000000000e-01 1.951168919015860e-01 -4.564952736957549e-04
1.656250000000000e-01 1.996846374926046e-01 -4.505309119759011e-04
1.687500000000000e-01 2.043011352076760e-01 -4.497678127363789e-04
1.718750000000000e-01 2.089675121443681e-01 -4.538893790455506e-04
1.750000000000000e-01 2.136849075780412e-01 -4.521461810795829e-04
1.781250000000000e-01 2.184544732399964e-01 -4.558366040226040e-04
1.812500000000000e-01 2.232773735986666e-01 -4.481667960445479e-04
1.843750000000000e-01 2.281547861439151e-01 -4.568295416378791e-04
1.875000000000000e-01 2.330879016745160e-01 -4.489283071231791e-04
1.906250000000000e-01 2.380779245888810e-01 -4.518896244287108e-04
1.937500000000000e-01 2.431260731791094e-01 -4.566412368458459e-04
1.968750000000000e-01 2.482335799284277e-01 -4.601022783336656e-04
2.000000000000000e-01 2.534016918120952e-01 -4.553269635383617e-04
2.031250000000000e-01 2.586316706018478e-01 -4.595689509126239e-04
2.062500000000000e-01 2.639247931739538e-01 -4.552946437213882e-04
2.093750000000000e-01 2.692823518209576e-01 -4.524595144643393e-04
2.125000000000000e-01 2.747056545671873e-01 -4.618944821262372e-04
2.156250000000000e-01 2.801960254881028e-01 -4.575140554159895e-04
2.187500000000000e-01 2.857548050335636e-01 -4.555662342733387e-04
2.218750000000000e-01 2.913833503550930e-01 -4.561007956685880e-04
2.250000000000000e-01 2.970830356372213e-01 -4.628924464896236e-04
2.281250000000000e-01 3.028552524329863e-01 -4.602596392451196e-04
2.312500000000000e-01 3.087014100036755e-01 -4.626936183350667e-04
2.343750000000000e-01 3.146229356628902e-01 -4.592106557397032e-04
2.375000000000000e-01 3.206212751250189e-01 -4.629621062516231e-04
2.406250000000000e-01 3.266978928582008e-01 -4.632974911866853e-04
2.437500000000000e-01 3.328542724418705e-01 -4.617719723020310e-04
2.468750000000000e-01 3.390919169289667e-01 -4.659907977098104e-04
2.500000000000000e-01 3.454123492128958e-01 -4.642241806804878e-04
2.531250000000000e-01 3.518171123993401e-01 -4.656154842137917e-04
2.562500000000000e-01 3.583077701830001e-01 -4.647183799053981e-04
2.593750000000000e-01 3.648859072293631e-01 -4.672039115548843e-04
2.625000000000000e-01 3.715531295615936e-01 -4.659200754162933e-04
2.656250000000000e-01 3.783110649526354e-01 -4.687731316494261e-04
2.687500000000000e-01 3.851613633226258e-01 -4.703901956565306e-04
2.718750000000000e-01 3.921056971417164e-01 -4.709635717794964e-04
2.750000000000000e-01 3.991457618383991e-01 -4.717736217260218e-04
2.781250000000000e-01 4.062832762134377e-01 -4.725204404434842e-04
2.812500000000000e-01 4.135199828595055e-01 -4.729580508221919e-04
2.843750000000000e-01 4.208576485866312e-01 -4.711422964652192e-04
2.875000000000000e-01 4.282980648535585e-01 -4.750736736871609e-04
2.906250000000000e-01 4.358430482051222e-01 -4.780245370044686e-04
2.937500000000000e-01 4.434944407157500e-01 -4.787082155492917e-04
2.968750000000000e-01 4.512541104391968e-01 -4.779163226494945e-04
3.000000000000000e-01 4.591239518646220e-01 -4.793391521066773e-04
3.031250000000000e-01 4.671058863791195e-01 -4.817719219281938e-04
3.062500000000000e-01 4.752018627368176e-01 -4.820648016118443e-04
3.093750000000000e-01 4.834138575346580e-01 -4.824624441376170e-04
3.125000000000000e-01 4.917438756949728e-01 -4.847448399523887e-04
3.156250000000000e-01 5.001939509549778e-01 -4.862663664362407e-04
3.187500000000000e-01 5.087661463633005e-01 -4.886855399806321e-04
3.218750000000000e-01 5.174625547836644e-01 -4.900848207214293e-04
3.250000000000000e-01 5.262852994058529e-01 -4.908756629533369e-04
3.281250000000000e-01 5.352365342640750e-01 -4.930413777164581e-04
3.312500000000000e-01 5.443184447628656e-01 -4.932867413075965e-04
3.343750000000000e-01 5.535332482106405e-01 -4.964512186376456e-04
3.375000000000000e-01 5.628831943610435e-01 -4.976671202889485e-04
3.406250000000000e-01 5.723705659622137e-01 -5.004775945631544e-04
3.437500000000000e-01 5.819976793141081e-01 -5.022946969298852e-04
3.468750000000000e-01 5.917668848340161e-01 -5.031094148473112e-04
3.500000000000000e-01 6.016805676304035e-01 -5.063276240325029e-04
3.531250000000000e-01 6.117411480852264e-01 -5.064899952171378e-04
3.562500000000000e-01 6.219510824448572e-01 -5.112172991302471e-04
3.593750000000000e-01 6.323128634197650e-01 -5.129375836202689e-04
3.625000000000000e-01 6.428290207931012e-01 -5.152225166304105e-04
3.656250000000000e-01 6.535021220383342e-01 -5.187023050143725e-04
3.687500000000000e-01 6.643347729460869e-01 -5.187207334681334e-04
3.718750000000000e-01 6.753296182603294e-01 -5.233667429593954e-04
3.750000000000000e-01 6.864893423240808e-01 -5.255397413015925e-04
3.781250000000000e-01 6.978166697347804e-01 -5.289277858643337e-04
3.812500000000000e-01 7.093143660094854e-01 -5.324149492977239e-04
3.843750000000000e-01 7.209852382600603e-01 -5.338451339559666e-04
3.875000000000000e-01 7.328321358785219e-01 -5.382618657873162e-04
3.906250000000000e-01 7.448579512327029e-01 -5.415219681291856e-04
3.937500000000000e-01 7.570656203724140e-01 -5.453311105894267e-04
3.968750000000000e-01 7.694581237462648e-01 -5.490217106079067e-04
4.000000000000000e-01 7.820384869293291e-01 -5.520188851485151e-04
4.031250000000000e-01 7.948097813618253e-01 -5.555864103290213e-04
4.062500000000000e-01 8.077751250989945e-01 -5.612259629122520e-04
4.093750000000000e-01 8.209376835723596e-01 -5.659319976935666e-04
4.125000000000000e-01 8.343006703625532e-01 -5.679298960840848e-04
4.156250000000000e-01 8.478673479838968e-01 -5.739665422965055e-04
4.187500000000000e-01 8.616410286809313e-01 -5.793268132821724e-04
4.218750000000000e-01 8.756250752370857e-01 -5.832342483722418e-04
4.250000000000000e-01 8.898229017956865e-01 -5.891038569389996e-04
4.281250000000000e-01 9.042379746935050e-01 -5.942095013329634e-04
4.312500000000000e-01 9.188738133070491e-01 -6.002634177270951e-04
4.343750000000000e-01 9.337339909118028e-01 -6.058232114034073e-04
4.375000000000000e-01 9.488221355546261e-01 -6.119618892087313e-04
4.406250000000000e-01 9.641419309395265e-01 -6.189174228106632e-04
4.437500000000000e-01 9.796971173270190e-01 -6.248959496093874e-04
4.468750000000000e-01 9.954914924472941e-01 -6.324741314352160e-04
4.500000000000000e-01 1.011528912427417e+00 -6.395459947979362e-04
4.531250000000000e-01 1.027813292732786e+00 -6.469953399934913e-04
4.562500000000000e-01 1.044348609123070e+00 -6.554912097004959e-04
4.593750000000000e-01 1.061138898622882e+00 -6.632043288588684e-04
4.625000000000000e-01 1.078188260507393e+00 -6.724137805163468e-04
4.656250000000000e-01 1.095500857303154e+00 -6.814574667389477e-04
4.687500000000000e-01 1.113080915804360e+00 -6.907101421818715e-04
4.718750000000000e-01 1.130932728104805e+00 -7.012970673639000e-04
4.750000000000000e-01 1.149060652645771e+00 -7.112419325285876e-04
4.781250000000000e-01 1.167469115280130e+00 -7.224755227852242e-04
4.812500000000000e-01 1.186162610352890e+00 -7.341686623257858e-04
4.843750000000000e-01 1.205145701798475e+00 -7.457873689582843e-04
4.875000000000000e-01 1.224423024254985e+00 -7.590107498979282e-04
4.906250000000000e-01 1.243999284195726e+00 -7.720662474064876e-04
4.937500000000000e-01 1.263879261078271e+00 -7.859854180632282e-04
4.968750000000000e-01 1.284067808511348e+00 -8.011172568496220e-04
5.000000000000000e-01 1.304569855439823e+00 -8.161082239551188e-04
5.031250000000000e-01 1.325390407348082e+00 -8.326545130871268e-04
5.062500000000000e-01 1.346534547482100e+00 -8.498573944851879e-04
5.093750000000000e-01 1.368007438090487e+00 -8.674704900201834e-04
5.125000000000001e-01 1.389814321684837e+00 -8.869039455765864e-04
5.156250000000000e-01 1.411960522319654e+00 -9.066559124377945e-04
5.187500000000000e-01 1.434451446892208e+00 -9.274861793252826e-04
5.218750000000000e-01 1.457292586462593e+00 -9.500876694083533e-04
5.250000000000000e-01 1.480489517594354e+00 -9.729553693916556e-04
5.281250000000001e-01 1.504047903715979e+00 -9.974434131203816e-04
5.312500000000000e-01 1.527973496503592e+00 -1.023581588304652e-03
5.343750000000000e-01 1.552272137285215e+00 -1.050164374300056e-03
5.375000000000000e-01 1.576949758466886e+00 -1.078651532386300e-03
5.406250000000000e-01 1.602012384981041e+00 -1.108634766799855e-03
5.437500000000001e-01 1.627466135757470e+00 -1.139244245000645e-03
5.468750000000000e-01 1.653317225217225e+00 -1.171704782114858e-03
5.500000000000000e-01 1.679571964789851e+00 -1.205342715157656e-03
5.531250000000000e-01 1.706236764454286e+00 -1.239596900272173e-03
5.562500000000000e-01 1.733318134303830e+00 -1.275247907554515e-03
5.593750000000001e-01 1.760822686135563e+00 -1.311201205932957e-03
5.625000000000000e-01 1.788757135064574e+00 -1.346946756159994e-03
5.656250000000000e-01 1.817128301163438e+00 -1.382837545762297e-03
5.687500000000000e-01 1.845943111127301e+00 -1.416996021907605e-03
5.718750000000000e-01 1.875208599965003e+00 -1.448198364059522e-03
5.750000000000001e-01 1.904931912716643e+00 -1.476229182627469e-03
5.781250000000000e-01 1.935120306198011e+00 -1.498170343265792e-03
5.812500000000000e-01 1.965781150772311e+00 -1.510637982603820e-03
5.843750000000000e-01 1.996921932149593e+00 -1.511356406272350e-03
5.875000000000000e-01 2.028550253214365e+00 -1.495705475772310e-03
5.906250000000001e-01 2.060673835881802e+00 -1.456924597193446e-03
5.937500000000000e-01 2.093300522983012e+00 -1.387630392889873e-03
5.968750000000000e-01 2.126438280179837e+00 -1.277615051835602e-03
6.000000000000001e-01 2.160095197909630e+00 -1.113628226933320e-03
6.031250000000000e-01 2.194279493360494e+00 -8.800534518269859e-04
6.062500000000001e-01 2.228999512477486e+00 -5.555622942951926e-04
6.093750000000000e-01 2.264263732000228e+00 -1.109099531194253e-04
6.125000000000000e-01 2.300080761532477e+00 4.888675986369054e-04
6.156250000000001e-01 2.336459345644116e+00 1.284378748161872e-03
6.187500000000000e-01 2.373408366006099e+00 2.324866360129339e-03
6.218750000000001e-01 2.410936843558884e+00 3.671696602356872e-03
6.250000000000000e-01 2.449053940714840e+00 5.402092372155790e-03
6.281250000000000e-01 2.487768963595221e+00 7.608671897714354e-03
6.312500000000001e-01 2.527091364302215e+00 1.038168098631040e-02
6.343750000000000e-01 2.567030743226622e+00 1.377155857658395e-02
6.375000000000001e-01 2.607596851391758e+00 1.774576644935599e-02
6.406250000000000e-01 2.648799592834118e+00 2.215957172081848e-02
6.437500000000000e-01 2.690649027021411e+00 2.675368223252167e-02
6.468750000000001e-01 2.733155371308524e+00 3.118633501620514e-02
6.500000000000000e-01 2.776329003432049e+00 3.509274129350551e-02
6.531250000000001e-01 2.820180464043967e+00 3.814949673432132e-02
6.562500000000000e-01 2.864720459285089e+00 4.012579475570045e-02
6.593750000000000e-01 2.909959863398929e+00 4.090725179744616e-02
6.625000000000001e-01 2.955909721386590e+00 4.049667410317291e-02
6.656250000000000e-01 3.002581251703353e+00 3.899408182110807e-02
6.687500000000001e-01 3.049985848997626e+00 3.656578800842337e-02
6.718750000000000e-01 3.098135086892879e+00 3.341226493793964e-02
6.750000000000000e-01 3.147040720813310e+00 2.974114546271219e-02
6.781250000000001e-01 3.196714690853871e+00 2.574884643903886e-02
6.812500000000000e-01 3.247169124695383e+00 2.160812682759072e-02
6.843750000000001e-01 3.298416340565477e+00 1.746187803336126e-02
6.875000000000000e-01 3.350468850246008e+00 1.342151276378172e-02
6.906250000000000e-01 3.403339362127777e+00 9.569071077800589e-03
6.937500000000001e-01 3.457040784313211e+00 5.961006735295264e-03
6.968750000000000e-01 3.511586227767823e+00 2.632138163661217e-03
7.000000000000001e-01 3.566989009521205e+00 -4.003604714196584e-04
7.031250000000000e-01 3.623262655918307e+00 -3.133137932478363e-03
7.062500000000000e-01 3.680420905921852e+00 -5.572606533242578e-03
7.093750000000001e-01 3.738477714466631e+00 -7.731640184417065e-03
7.125000000000000e-01 3.797447255866536e+00 -9.627036193000649e-03
7.156250000000001e-01 3.857343927275175e+00 -1.127776690934520e-02
7.187500000000000e-01 3.918182352200844e+00 -1.270362758924344e-02
7.218750000000000e-01 3.979977384076828e+00 -1.392425927654814e-02
7.250000000000001e-01 4.042744109887770e+00 -1.495821151169047e-02
7.281250000000000e-01 4.106497853853101e+00 -1.582233710358421e-02
7.312500000000001e-01 4.171254181168399e+00 -1.653154453961163e-02
7.343750000000000e-01 4.237028901805528e+00 -1.709857374331020e-02
7.375000000000000e-01 4.303838074372613e+00 -1.753409726024099e-02
7.406250000000001e-01 4.371698010034643e+00 -1.784672009754958e-02
7.437500000000000e-01 4.440625276495786e+00 -1.804297418192664e-02
7.468750000000001e-01 4.510636702044332e+00 -1.812741403353123e-02
7.500000000000000e-01 4.581749379661216e+00 -1.810248806938609e-02
7.531250000000000e-01 4.653980671193226e+00 -1.796864310585985e-02
7.562500000000001e-01 4.727348211591802e+00 -1.772424163487106e-02
7.593750000000000e-01 4.801869913218528e+00 -1.736569880903680e-02
7.625000000000001e-01 4.877563970218381e+00 -1.688752381037795e-02
7.656250000000000e-01 4.954448862961714e+00 -1.628246269204657e-02
7.687500000000000e-01 5.032543362556198e+00 -1.554167030936251e-02
7.718750000000001e-01 5.111866535429675e+00 -1.465519906906473e-02
7.750000000000000e-01 5.192437747985146e+00 -1.361307983203088e-02
7.781250000000001e-01 5.274276671329015e+00 -1.240729686164488e-02
7.812500000000000e-01 5.357403286073669e+00 -1.103466228853638e-02
7.843750000000000e-01 5.441837887215693e+00 -9.500202659317438e-03
7.875000000000001e-01 5.527601089090773e+00 -7.820282494757783e-03
7.906250000000000e-01 5.614713830406605e+00 -6.024541730090332e-03
7.937500000000001e-01 5.703197379355005e+00 -4.155905308265136e-03
7.968750000000000e-01 5.793073338804412e+00 -2.268396612091803e-03
8.000000000000000e-01 5.884363651574169e+00 -4.230707990285398e-04
8.031250000000001e-01 5.977090605791737e+00 1.317148055129901e-03
8.062500000000000e-01 6.071276840334257e+00 2.892763016753824e-03
8.093750000000001e-01 6.166945350355728e+00 4.252316096946030e-03
8.125000000000000e-01 6.264119492901173e+00 5.355858500424793e-03
8.156250000000000e-01 6.362822992609162e+00 6.177205071289921e-03
8.187500000000001e-01 6.463079947504072e+00 6.705134225789457e-03
8.218750000000000e-01 6.564914834879517e+00 6.943717441707844e-03
8.250000000000001e-01 6.668352517274371e+00 6.911831974939811e-03
8.281250000000000e-01 6.773418248542846e+00 6.641762269639195e-03
8.312500000000000e-01 6.880137680020114e+00 6.176757669737154e-03
8.343750000000001e-01 6.988536866784961e+00 5.567539272998833e-03
8.375000000000000e-01 7.098642274021019e+00 4.867994244259162e-03
8.406250000000001e-01 7.210480783478133e+00 4.130553522970695e-03
8.437500000000000e-01 7.324079700035414e+00 3.401903070854047e-03
8.468750000000000e-01 7.439466758367605e+00 2.719660051383381e-03
8.500000000000001e-01 7.556670129716381e+00 2.110455607795673e-03
8.531250000000000e-01 7.675718428768239e+00 1.589570105549579e-03
8.562500000000001e-01 7.796640720640633e+00 1.161959734737086e-03
8.593750000000000e-01 7.919466527978115e+00 8.242813020172867e-04
8.625000000000000e-01 8.044225838160141e+00 5.674141085023251e-04
8.656250000000001e-01 8.170949110622363e+00 3.789976241530695e-04
8.687500000000000e-01 8.299667284293170e+00 2.456183214872858e-04
8.718750000000001e-01 8.430411785147284e+00 1.544380822901821e-04
8.750000000000000e-01 8.563214533878281e+00 9.421154956498566e-05
8.781250000000000e-01 8.698107953691880e+00 5.575732518012724e-05
8.812500000000001e-01 8.835124978221932e+00 3.201435163687626e-05
8.843750000000000e-01 8.974299059571019e+00 1.783340401573021e-05
8.875000000000001e-01 9.115664176477637e+00 9.637776759291390e-06
8.906250000000000e-01 9.259254842611947e+00 5.053393892145748e-06
8.937500000000000e-01 9.405106115002161e+00 2.570796540873831e-06
8.968750000000001e-01 9.553253602593529e+00 1.268962593037442e-06
9.000000000000000e-01 9.703733474942130e+00 6.077824835427945e-07
9.031250000000001e-01 9.856582471045494e+00 2.824818674779202e-07
9.062500000000000e-01 1.001183790831228e+01 1.274100273248963e-07
9.093750000000000e-01 1.016953769167313e+01 5.577215251685372e-08
9.125000000000001e-01 1.032972032283505e+01 2.369541678335566e-08
9.156250000000000e-01 1.049242490968134e+01 9.771895846398683e-09
9.187500000000001e-01 1.065769117581972e+01 3.911983193932325e-09
9.218750000000000e-01 1.082555947028058e+01 1.520395163767925e-09
9.250000000000000e-01 1.099607077736805e+01 5.737151589636942e-10
9.281250000000001e-01 1.116926672666618e+01 2.102115851093923e-10
9.312500000000000e-01 1.134518960320255e+01 7.479602695584234e-11
9.343750000000001e-01 1.152388235777201e+01 2.584662550786489e-11
9.375000000000000e-01 1.170538861742293e+01 8.675112891894445e-12
9.406250000000000e-01 1.188975269610854e+01 2.828364802136691e-12
9.437500000000001e-01 1.207701960550600e+01 8.958352616454474e-13
9.468750000000000e-01 1.226723506600578e+01 2.756747864580365e-13
9.500000000000001e-01 1.246044551787411e+01 8.243013717223956e-14
9.531250000000000e-01 1.265669813259115e+01 2.395185226860657e-14
9.562500000000000e-01 1.285604082436773e+01 6.763949354793653e-15
9.593750000000001e-01 1.305852226184337e+01 1.856580433677878e-15
9.625000000000000e-01 1.326419187996850e+01 4.953626888776719e-16
9.656250000000001e-01 1.347309989207381e+01 1.284909939114475e-16
9.687500000000000e-01 1.368529730212962e+01 3.240451575454646e-17
9.718750000000000e-01 1.390083591719824e+01 7.946304000566506e-18
9.750000000000001e-01 1.411976836008246e+01 1.894936578649130e-18
9.781250000000000e-01 1.434214808217320e+01 4.394776726841256e-19
9.812500000000001e-01 1.456802937649935e+01 9.913660094800554e-20
9.843750000000000e-01 1.479746739098328e+01 2.175346740411540e-20
9.875000000000000e-01 1.503051814190487e+01 4.643655547828697e-21
9.906250000000001e-01 1.526723852757770e+01 9.645412284732186e-22
9.937500000000000e-01 1.550768634224049e+01 1.944679355140127e-22
9.968750000000001e-01 1.575192029016732e+01 4.076511143562733e-23
1.000000000000000e+00 1.600000000000000e+01 -3.064039741626204e-24
