0.000000000000000e+00 0.000000000000000e+00 7.642904846579345e-04
3.125000000000000e-03 3.369263549427258e-03 7.642904846579338e-04
6.250000000000000e-03 6.739349689698711e-03 -1.633204412518231e-04
9.375000000000001e-03 1.011108121249049e-02 -2.630223913665652e-04
1.250000000000000e-02 1.348528131119160e-02 -6.622685275925805e-05
1.562500000000000e-02 1.686277378188298e-02 -5.902975416716738e-05
1.875000000000000e-02 2.024438322446370e-02 -1.071716466995041e-04
2.187500000000000e-02 2.363093524397333e-02 -6.516627952772717e-05
2.500000000000000e-02 2.702325665215984e-02 -1.213787044444249e-04
2.812500000000000e-02 3.042217566934200e-02 -1.084104948832906e-04
3.125000000000000e-02 3.382852212661575e-02 -1.110001929570412e-04
3.437500000000000e-02 3.724312766845378e-02 -1.294707444032110e-04
3.750000000000001e-02 4.066682595574785e-02 -9.867658078491275e-05
4.062500000000000e-02 4.410045286934348e-02 -1.329728720902953e-04
4.375000000000000e-02 4.754484671411652e-02 -1.158054772786902e-04
4.687500000000000e-02 5.100084842364160e-02 -1.156227180160468e-04
5.000000000000000e-02 5.446930176550237e-02 -1.216415013252043e-04
5.312500000000001e-02 5.795105354729364e-02 -1.161923317287665e-04
5.625000000000000e-02 6.144695382336569e-02 -1.176638349016535e-04
5.937500000000000e-02 6.495785610236132e-02 -1.259241089104442e-04
6.250000000000000e-02 6.848461755559625e-02 -1.505367702935923e-04
6.562500000000000e-02 7.202809922633362e-02 -1.209715485629654e-04
6.875000000000001e-02 7.558916624000402e-02 -1.165279889683047e-04
7.187500000000001e-02 7.916868801542200e-02 -1.180228734607849e-04
7.500000000000001e-02 8.276753847705080e-02 -9.946241017406403e-05
7.812500000000000e-02 8.638659626836727e-02 -1.089216850375270e-04
8.125000000000000e-02 9.002674496637868e-02 -1.168315496639988e-04
8.437500000000001e-02 9.368887329734420e-02 -1.216993856571600e-04
8.750000000000001e-02 9.737387535375355e-02 -1.054684850196936e-04
9.062500000000001e-02 1.010826508126157e-01 -1.088323843419627e-04
9.375000000000000e-02 1.048161051551108e-01 -1.185555299012310e-04
9.687500000000000e-02 1.085751498876601e-01 -1.186525799980994e-04
1.000000000000000e-01 1.123607027644654e-01 -1.173574002866451e-04
1.031250000000000e-01 1.161736880115753e-01 -1.041333017596682e-04
1.062500000000000e-01 1.200150365525305e-01 -1.232941649521507e-04
1.093750000000000e-01 1.238856862356450e-01 -1.280183391966191e-04
1.125000000000000e-01 1.277865820629775e-01 -1.136438119848447e-04
1.156250000000000e-01 1.317186764210495e-01 -1.242256035055768e-04
1.187500000000000e-01 1.356829293133661e-01 -1.185113499154593e-04
1.218750000000000e-01 1.396803085947971e-01 -1.130140735450292e-04
1.250000000000000e-01 1.437117902078738e-01 -1.246986307464173e-04
1.281250000000000e-01 1.477783584210617e-01 -1.218652793923415e-04
1.312500000000000e-01 1.518810060690650e-01 -1.152128695787643e-04
1.343750000000000e-01 1.560207347952229e-01 -1.206184814040064e-04
1.375000000000000e-01 1.601985552960564e-01 -1.161742540683041e-04
1.406250000000000e-01 1.644154875680252e-01 -1.157396065548690e-04
1.437500000000000e-01 1.686725611565558e-01 -1.189546781920444e-04
1.468750000000000e-01 1.729708154074000e-01 -1.138508964798692e-04
1.500000000000000e-01 1.773112997203869e-01 -1.161545538300885e-04
1.531250000000000e-01 1.816950738056289e-01 -1.133686155747735e-04
1.562500000000000e-01 1.861232079422458e-01 -1.137771192723114e-04
1.593750000000000e-01 1.905967832396682e-01 -1.184919489549366e-04
1.625000000000000e-01 1.951168919015860e-01 -1.166353647423475e-04
1.656250000000000e-01 1.996846374926046e-01 -1.195549640826383e-04
1.687500000000000e-01 2.043011352076760e-01 -1.196990627298131e-04
1.718750000000000e-01 2.089675121443681e-01 -1.161055297610750e-04
1.750000000000000e-01 2.136849075780412e-01 -1.206288811720056e-04
1.781250000000000e-01 2.184544732399964e-01 -1.201714237027058e-04
1.812500000000000e-01 2.232773735986666e-01 -1.219513009383146e-04
1.843750000000000e-01 2.281547861439151e-01 -1.204825531086379e-04
1.875000000000000e-01 2.330879016745160e-01 -1.172231028032917e-04
1.906250000000000e-01 2.380779245888810e-01 -1.162015683996995e-04
1.937500000000000e-01 2.431260731791094e-01 -1.165622290386723e-04
1.968750000000000e-01 2.482335799284277e-01 -1.159246456996376e-04
2.000000000000000e-01 2.534016918120952e-01 -1.180688325781245e-04
2.031250000000000e-01 2.586316706018478e-01 -1.190845024777789e-04
2.062500000000000e-01 2.639247931739538e-01 -1.180001186300062e-04
2.093750000000000e-01 2.692823518209576e-01 -1.213809943094698e-04
2.125000000000000e-01 2.747056545671873e-01 -1.180397465101401e-04
2.156250000000000e-01 2.801960254881028e-01 -1.165686933184750e-04
2.187500000000000e-01 2.857548050335636e-01 -1.190117327243273e-04
2.218750000000000e-01 2.913833503550930e-01 -1.210571185030896e-04
2.250000000000000e-01 2.970830356372213e-01 -1.219276852251112e-04
2.281250000000000e-01 3.028552524329863e-01 -1.214338434341001e-04
2.312500000000000e-01 3.087014100036755e-01 -1.174293262817441e-04
2.343750000000000e-01 3.146229356628902e-01 -1.208970881944056e-04
2.375000000000000e-01 3.206212751250189e-01 -1.187762659481675e-04
2.406250000000000e-01 3.266978928582008e-01 -1.179793135424732e-04
2.437500000000000e-01 3.328542724418705e-01 -1.205861817550853e-04
2.468750000000000e-01 3.390919169289667e-01 -1.197315224703587e-04
2.500000000000000e-01 3.454123492128958e-01 -1.193041178683330e-04
2.531250000000000e-01 3.518171123993401e-01 -1.203843897776712e-04
2.562500000000000e-01 3.583077701830001e-01 -1.205444116325011e-04
2.593750000000000e-01 3.648859072293631e-01 -1.204016971794714e-04
2.625000000000000e-01 3.715531295615936e-01 -1.224079571233361e-04
2.656250000000000e-01 3.783110649526354e-01 -1.182498786290950e-04
2.687500000000000e-01 3.851613633226258e-01 -1.222214378137801e-04
2.718750000000000e-01 3.921056971417164e-01 -1.213976286211799e-04
2.750000000000000e-01 3.991457618383991e-01 -1.208816504735467e-04
2.781250000000000e-01 4.062832762134377e-01 -1.214856102203959e-04
2.812500000000000e-01 4.135199828595055e-01 -1.222334167615129e-04
2.843750000000000e-01 4.208576485866312e-01 -1.226999766722207e-04
2.875000000000000e-01 4.282980648535585e-01 -1.218946288729834e-04
2.906250000000000e-01 4.358430482051222e-01 -1.214769644661634e-04
2.937500000000000e-01 4.434944407157500e-01 -1.212363415227870e-04
2.968750000000000e-01 4.512541104391968e-01 -1.236027611617885e-04
3.000000000000000e-01 4.591239518646220e-01 -1.214634401987020e-04
3.031250000000000e-01 4.671058863791195e-01 -1.245817086416328e-04
3.062500000000000e-01 4.752018627368176e-01 -1.237055860278148e-04
3.093750000000000e-01 4.834138575346580e-01 -1.245984571955972e-04
3.125000000000000e-01 4.917438756949728e-01 -1.236091296701245e-04
3.156250000000000e-01 5.001939509549778e-01 -1.240647041985435e-04
3.187500000000000e-01 5.087661463633005e-01 -1.235818001360115e-04
3.218750000000000e-01 5.174625547836644e-01 -1.224195296714736e-04
3.250000000000000e-01 5.262852994058529e-01 -1.256500401411911e-04
3.281250000000000e-01 5.352365342640750e-01 -1.240922472744634e-04
3.312500000000000e-01 5.443184447628656e-01 -1.268568313872373e-04
3.343750000000000e-01 5.535332482106405e-01 -1.261706830127866e-04
3.375000000000000e-01 5.628831943610435e-01 -1.272432997301772e-04
3.406250000000000e-01 5.723705659622137e-01 -1.248392210761113e-04
3.437500000000000e-01 5.819976793141081e-01 -1.257093319659007e-04
3.468750000000000e-01 5.917668848340161e-01 -1.284390622274712e-04
3.500000000000000e-01 6.016805676304035e-01 -1.269489977177566e-04
3.531250000000000e-01 6.117411480852264e-01 -1.279339079498452e-04
3.562500000000000e-01 6.219510824448572e-01 -1.268909021050502e-04
3.593750000000000e-01 6.323128634197650e-01 -1.302035591163529e-04
3.625000000000000e-01 6.428290207931012e-01 -1.289163111502929e-04
3.656250000000000e-01 6.535021220383342e-01 -1.296337332928402e-04
3.687500000000000e-01 6.643347729460869e-01 -1.296234083543117e-04
3.718750000000000e-01 6.753296182603294e-01 -1.292228866262588e-04
3.750000000000000e-01 6.864893423240808e-01 -1.313967479318187e-04
3.781250000000000e-01 6.978166697347804e-01 -1.302783855326003e-04
3.812500000000000e-01 7.093143660094854e-01 -1.329254845224137e-04
3.843750000000000e-01 7.209852382600603e-01 -1.322765151332778e-04
3.875000000000000e-01 7.328321358785219e-01 -1.331264407605118e-04
3.906250000000000e-01 7.448579512327029e-01 -1.335943394601716e-04
3.937500000000000e-01 7.570656203724140e-01 -1.331477039076870e-04
3.968750000000000e-01 7.694581237462648e-01 -1.349100083137818e-04
4.000000000000000e-01 7.820384869293291e-01 -1.348460762168939e-04
4.031250000000000e-01 7.948097813618253e-01 -1.365403439245970e-04
4.062500000000000e-01 8.077751250989945e-01 -1.367339720841864e-04
4.093750000000000e-01 8.209376835723596e-01 -1.371665458605989e-04
4.125000000000000e-01 8.343006703625532e-01 -1.378936884797794e-04
4.156250000000000e-01 8.478673479838968e-01 -1.383399999765199e-04
4.187500000000000e-01 8.616410286809313e-01 -1.397647737938605e-04
4.218750000000000e-01 8.756250752370857e-01 -1.408398273216299e-04
4.250000000000000e-01 8.898229017956865e-01 -1.413410590130546e-04
4.281250000000000e-01 9.042379746935050e-01 -1.418390033346423e-04
4.312500000000000e-01 9.188738133070491e-01 -1.429067025472784e-04
4.343750000000000e-01 9.337339909118028e-01 -1.433036005695074e-04
4.375000000000000e-01 9.488221355546261e-01 -1.455968386491250e-04
4.406250000000000e-01 9.641419309395265e-01 -1.463462231428304e-04
4.437500000000000e-01 9.796971173270190e-01 -1.464969957469510e-04
4.468750000000000e-01 9.954914924472941e-01 -1.484433541309549e-04
4.500000000000000e-01 1.011528912427417e+00 -1.486456926402926e-04
4.531250000000000e-01 1.027813292732786e+00 -1.509366047970985e-04
4.562500000000000e-01 1.044348609123070e+00 -1.521350056766885e-04
4.593750000000000e-01 1.061138898622882e+00 -1.520182341776438e-04
4.625000000000000e-01 1.078188260507393e+00 -1.545036748347607e-04
4.656250000000000e-01 1.095500857303154e+00 -1.561790132285380e-04
4.687500000000000e-01 1.113080915804360e+00 -1.571047057428519e-04
4.718750000000000e-01 1.130932728104805e+00 -1.581358189485082e-04
4.750000000000000e-01 1.149060652645771e+00 -1.604472308848316e-04
4.781250000000000e-01 1.167469115280130e+00 -1.622099495225560e-04
4.812500000000000e-01 1.186162610352890e+00 -1.631679660797550e-04
4.843750000000000e-01 1.205145701798475e+00 -1.656147135776919e-04
4.875000000000000e-01 1.224423024254985e+00 -1.671182058514085e-04
4.906250000000000e-01 1.243999284195726e+00 -1.691230997744171e-04
4.937500000000000e-01 1.263879261078271e+00 -1.713551117268156e-04
4.968750000000000e-01 1.284067808511348e+00 -1.729882861979018e-04
5.000000000000000e-01 1.304569855439823e+00 -1.757757237207672e-04
5.031250000000000e-01 1.325390407348082e+00 -1.776747018148625e-04
5.062500000000000e-01 1.346534547482100e+00 -1.801267076208520e-04
5.093750000000000e-01 1.368007438090487e+00 -1.830277167865709e-04
5.125000000000001e-01 1.389814321684837e+00 -1.850725805804389e-04
5.156250000000000e-01 1.411960522319654e+00 -1.883410882539882e-04
5.187500000000000e-01 1.434451446892208e+00 -1.910792252741331e-04
5.218750000000000e-01 1.457292586462593e+00 -1.938372528956618e-04
5.250000000000000e-01 1.480489517594354e+00 -1.975445743316470e-04
5.281250000000001e-01 1.504047903715979e+00 -2.004233189828453e-04
5.312500000000000e-01 1.527973496503592e+00 -2.040805171581092e-04
5.343750000000000e-01 1.552272137285215e+00 -2.079866633786949e-04
5.375000000000000e-01 1.576949758466886e+00 -2.114588626436523e-04
5.406250000000000e-01 1.602012384981041e+00 -2.158556783040871e-04
5.437500000000001e-01 1.627466135757470e+00 -2.200507756571593e-04
5.468750000000000e-01 1.653317225217225e+00 -2.244294357017177e-04
5.500000000000000e-01 1.679571964789851e+00 -2.294140436903267e-04
5.531250000000000e-01 1.706236764454286e+00 -2.342320117549625e-04
5.562500000000000e-01 1.733318134303830e+00 -2.396623219767721e-04
5.593750000000001e-01 1.760822686135563e+00 -2.452502455913175e-04
5.625000000000000e-01 1.788757135064574e+00 -2.510315389659498e-04
5.656250000000000e-01 1.817128301163438e+00 -2.575841218728492e-04
5.687500000000000e-01 1.845943111127301e+00 -2.639537064374573e-04
5.718750000000000e-01 1.875208599965003e+00 -2.709732959644437e-04
5.750000000000001e-01 1.904931912716643e+00 -2.788122702161676e-04
5.781250000000000e-01 1.935120306198011e+00 -2.863141451687568e-04
5.812500000000000e-01 1.965781150772311e+00 -2.948210135870937e-04
5.843750000000000e-01 1.996921932149593e+00 -3.042388993847985e-04
5.875000000000000e-01 2.028550253214365e+00 -3.133306671446341e-04
5.906250000000001e-01 2.060673835881802e+00 -3.235572178816271e-04
5.937500000000000e-01 2.093300522983012e+00 -3.349139500730632e-04
5.968750000000000e-01 2.126438280179837e+00 -3.462607203091986e-04
6.000000000000001e-01 2.160095197909630e+00 -3.586819828412151e-04
6.031250000000000e-01 2.194279493360494e+00 -3.723669929848697e-04
6.062500000000001e-01 2.228999512477486e+00 -3.867033406330049e-04
6.093750000000000e-01 2.264263732000228e+00 -4.022199676311842e-04
6.125000000000000e-01 2.300080761532477e+00 -4.187735154234989e-04
6.156250000000001e-01 2.336459345644116e+00 -4.366177201070629e-04
6.187500000000000e-01 2.373408366006099e+00 -4.566118967976844e-04
6.218750000000001e-01 2.410936843558884e+00 -4.775636900301567e-04
6.250000000000000e-01 2.449053940714840e+00 -4.992279699763253e-04
6.281250000000000e-01 2.487768963595221e+00 -5.241968371698301e-04
6.312500000000001e-01 2.527091364302215e+00 -5.522599017698161e-04
6.343750000000000e-01 2.567030743226622e+00 -5.803058329327010e-04
6.375000000000001e-01 2.607596851391758e+00 -6.093676284098464e-04
6.406250000000000e-01 2.648799592834118e+00 -6.438430580053881e-04
6.437500000000000e-01 2.690649027021411e+00 -6.833397196588728e-04
6.468750000000001e-01 2.733155371308524e+00 -7.219593463951135e-04
6.500000000000000e-01 2.776329003432049e+00 -7.580714622262398e-04
6.531250000000001e-01 2.820180464043967e+00 -7.996956164212222e-04
6.562500000000000e-01 2.864720459285089e+00 -8.525835098298997e-04
6.593750000000000e-01 2.909959863398929e+00 -9.054842268632701e-04
6.625000000000001e-01 2.955909721386590e+00 -9.407968731233068e-04
6.656250000000000e-01 3.002581251703353e+00 -9.622929699113112e-04
6.687500000000001e-01 3.049985848997626e+00 -9.943055467161023e-04
6.718750000000000e-01 3.098135086892879e+00 -1.040344660670064e-03
6.750000000000000e-01 3.147040720813310e+00 -1.053959434458940e-03
6.781250000000001e-01 3.196714690853871e+00 -9.706496191312661e-04
6.812500000000000e-01 3.247169124695383e+00 -7.730065785433762e-04
6.843750000000001e-01 3.298416340565477e+00 -5.087785185269422e-04
6.875000000000000e-01 3.350468850246008e+00 -2.184103001301429e-04
6.906250000000000e-01 3.403339362127777e+00 1.816707305566482e-04
6.937500000000001e-01 3.457040784313211e+00 9.566992025750770e-04
6.968750000000000e-01 3.511586227767823e+00 2.481335924574771e-03
7.000000000000001e-01 3.566989009521205e+00 5.062856839515524e-03
7.031250000000000e-01 3.623262655918307e+00 8.762886687872954e-03
7.062500000000000e-01 3.680420905921852e+00 1.331807630466324e-02
7.093750000000001e-01 3.738477714466631e+00 1.819644135384076e-02
7.125000000000000e-01 3.797447255866536e+00 2.274998617866629e-02
7.156250000000001e-01 3.857343927275175e+00 2.638771144764361e-02
7.187500000000000e-01 3.918182352200844e+00 2.870442832426948e-02
7.218750000000000e-01 3.979977384076828e+00 2.953181368682366e-02
7.250000000000001e-01 4.042744109887770e+00 2.891970532241799e-02
7.281250000000000e-01 4.106497853853101e+00 2.707450514027102e-02
7.312500000000001e-01 4.171254181168399e+00 2.428635226393404e-02
7.343750000000000e-01 4.237028901805528e+00 2.086653016023395e-02
7.375000000000000e-01 4.303838074372613e+00 1.710338948862876e-02
7.406250000000001e-01 4.371698010034643e+00 1.323777237028413e-02
7.437500000000000e-01 4.440625276495786e+00 9.453612542917572e-03
7.468750000000001e-01 4.510636702044332e+00 5.879293683219327e-03
7.500000000000000e-01 4.581749379661216e+00 2.595130420239559e-03
7.531250000000000e-01 4.653980671193226e+00 -3.568634626991130e-04
7.562500000000001e-01 4.727348211591802e+00 -2.963126177897086e-03
7.593750000000000e-01 4.801869913218528e+00 -5.229890430270240e-03
7.625000000000001e-01 4.877563970218381e+00 -7.175907698217701e-03
7.656250000000000e-01 4.954448862961714e+00 -8.826866680369912e-03
7.687500000000000e-01 5.032543362556198e+00 -1.021108508255125e-02
7.718750000000001e-01 5.111866535429675e+00 -1.135656640488197e-02
7.750000000000000e-01 5.192437747985146e+00 -1.228921353967952e-02
7.781250000000001e-01 5.274276671329015e+00 -1.303180785243157e-02
7.812500000000000e-01 5.357403286073669e+00 -1.360364511869114e-02
7.843750000000000e-01 5.441837887215693e+00 -1.402028751911075e-02
7.875000000000001e-01 5.527601089090773e+00 -1.429333483917485e-02
7.906250000000000e-01 5.614713830406605e+00 -1.443042679196761e-02
7.937500000000001e-01 5.703197379355005e+00 -1.443539428863949e-02
7.968750000000000e-01 5.793073338804412e+00 -1.430871805235675e-02
8.000000000000000e-01 5.884363651574169e+00 -1.404758740994191e-02
8.031250000000001e-01 5.977090605791737e+00 -1.364546189742048e-02
8.062500000000000e-01 6.071276840334257e+00 -1.309124229269041e-02
8.093750000000001e-01 6.166945350355728e+00 -1.236922425012979e-02
8.125000000000000e-01 6.264119492901173e+00 -1.146108971931234e-02
8.156250000000000e-01 6.362822992609162e+00 -1.035069846812088e-02
8.187500000000001e-01 6.463079947504072e+00 -9.031048637671258e-03
8.218750000000000e-01 6.564914834879517e+00 -7.511481237180343e-03
8.250000000000001e-01 6.668352517274371e+00 -5.822636329904148e-03
8.281250000000000e-01 6.773418248542846e+00 -4.017272110141915e-03
8.312500000000000e-01 6.880137680020114e+00 -2.166491552173059e-03
8.343750000000001e-01 6.988536866784961e+00 -3.524421959861199e-04
8.375000000000000e-01 7.098642274021019e+00 1.340579307538213e-03
8.406250000000001e-01 7.210480783478133e+00 2.834744460519505e-03
8.437500000000000e-01 7.324079700035414e+00 4.065859647604921e-03
8.468750000000000e-01 7.439466758367605e+00 4.988685864735103e-03
8.500000000000001e-01 7.556670129716381e+00 5.580419500780072e-03
8.531250000000000e-01 7.675718428768239e+00 5.842302229666768e-03
8.562500000000001e-01 7.796640720640633e+00 5.799105438810778e-03
8.593750000000000e-01 7.919466527978115e+00 5.496180147087979e-03
8.625000000000000e-01 8.044225838160141e+00 4.994062688250778e-03
8.656250000000001e-01 8.170949110622363e+00 4.361197188942084e-03
8.687500000000000e-01 8.299667284293170e+00 3.665905955961264e-03
8.718750000000001e-01 8.430411785147284e+00 2.969022709073524e-03
8.750000000000000e-01 8.563214533878281e+00 2.318458306390300e-03
8.781250000000000e-01 8.698107953691880e+00 1.746451206427604e-03
8.812500000000001e-01 8.835124978221932e+00 1.269571063604806e-03
8.843750000000000e-01 8.974299059571019e+00 8.909362005386413e-04
8.875000000000001e-01 9.115664176477637e+00 6.037480341387981e-04
8.906250000000000e-01 9.259254842611947e+00 3.951901420225854e-04
8.937500000000000e-01 9.405106115002161e+00 2.499275709706886e-04
8.968750000000001e-01 9.553253602593529e+00 1.527541442365858e-04
9.000000000000000e-01 9.703733474942130e+00 9.025126739096579e-05
9.031250000000001e-01 9.856582471045494e+00 5.155893531842144e-05
9.062500000000000e-01 1.001183790831228e+01 2.848735515883402e-05
9.093750000000000e-01 1.016953769167313e+01 1.522662320966180e-05
9.125000000000001e-01 1.032972032283505e+01 7.875218172645230e-06
9.156250000000000e-01 1.049242490968134e+01 3.942138297953829e-06
9.187500000000001e-01 1.065769117581972e+01 1.910348528097092e-06
9.218750000000000e-01 1.082555947028058e+01 8.964054851630185e-07
9.250000000000000e-01 1.099607077736805e+01 4.073855242355585e-07
9.281250000000001e-01 1.116926672666618e+01 1.793544939145468e-07
9.312500000000000e-01 1.134518960320255e+01 7.651017814388431e-08
9.343750000000001e-01 1.152388235777201e+01 3.163147278762767e-08
9.375000000000000e-01 1.170538861742293e+01 1.267663761261892e-08
9.406250000000000e-01 1.188975269610854e+01 4.925639565845950e-09
9.437500000000001e-01 1.207701960550600e+01 1.856020241850619e-09
9.468750000000000e-01 1.226723506600578e+01 6.783442373442035e-10
9.500000000000001e-01 1.246044551787411e+01 2.405187518960774e-10
9.531250000000000e-01 1.265669813259115e+01 8.274872762982556e-11
9.562500000000000e-01 1.285604082436773e+01 2.762916141955533e-11
9.593750000000001e-01 1.305852226184337e+01 8.954610708663498e-12
9.625000000000000e-01 1.326419187996850e+01 2.817573221211470e-12
9.656250000000001e-01 1.347309989207381e+01 8.608516810674198e-13
9.687500000000000e-01 1.368529730212962e+01 2.554344579837788e-13
9.718750000000000e-01 1.390083591719824e+01 7.362077559810054e-14
9.750000000000001e-01 1.411976836008246e+01 2.061394523123579e-14
9.781250000000000e-01 1.434214808217320e+01 5.608285593865910e-15
9.812500000000001e-01 1.456802937649935e+01 1.482771548699728e-15
9.843750000000000e-01 1.479746739098328e+01 3.810299595172259e-16
9.875000000000000e-01 1.503051814190487e+01 9.517955250785405e-17
9.906250000000001e-01 1.526723852757770e+01 2.311976144403092e-17
9.937500000000000e-01 1.550768634224049e+01 5.443089152109100e-18
9.968750000000001e-01 1.575192029016732e+01 1.328829633735891e-18
1.000000000000000e+00 1.600000000000000e+01 6.080522044962731e-21
