0.000000000000000e+00 0.000000000000000e+00 -1.382431385755294e-03
3.125000000000000e-03 3.369263549427258e-03 -1.382431385755294e-03
6.250000000000000e-03 6.739349689698711e-03 -1.094210415056883e-03
9.375000000000001e-03 1.011108121249049e-02 -9.132014704910632e-04
1.250000000000000e-02 1.348528131119160e-02 -1.070660174678092e-03
1.562500000000000e-02 1.686277378188298e-02 -1.216246802024834e-03
1.875000000000000e-02 2.024438322446370e-02 -1.078964334690838e-03
2.187500000000000e-02 2.363093524397333e-02 -1.130868867394406e-03
2.500000000000000e-02 2.702325665215984e-02 -1.144929487829323e-03
2.812500000000000e-02 3.042217566934200e-02 -1.165255183013156e-03
3.125000000000000e-02 3.382852212661575e-02 -1.133729009178317e-03
3.437500000000000e-02 3.724312766845378e-02 -1.153634406867132e-03
3.750000000000001e-02 4.066682595574785e-02 -1.118668303721223e-03
4.062500000000000e-02 4.410045286934348e-02 -1.145584761603554e-03
4.375000000000000e-02 4.754484671411652e-02 -1.132436208766345e-03
4.687500000000000e-02 5.100084842364160e-02 -1.128637442900136e-03
5.000000000000000e-02 5.446930176550237e-02 -1.119946696985671e-03
5.312500000000001e-02 5.795105354729364e-02 -1.126048471347144e-03
5.625000000000000e-02 6.144695382336569e-02 -1.140201436230301e-03
5.937500000000000e-02 6.495785610236132e-02 -1.119451733763788e-03
6.250000000000000e-02 6.848461755559625e-02 -1.122889224593758e-03
6.562500000000000e-02 7.202809922633362e-02 -1.127212317702613e-03
6.875000000000001e-02 7.558916624000402e-02 -1.135780020993207e-03
7.187500000000001e-02 7.916868801542200e-02 -1.118140529978690e-03
7.500000000000001e-02 8.276753847705080e-02 -1.150385342561547e-03
7.812500000000000e-02 8.638659626836727e-02 -1.139170351007326e-03
8.125000000000000e-02 9.002674496637868e-02 -1.142643963441055e-03
8.437500000000001e-02 9.368887329734420e-02 -1.145821633369925e-03
8.750000000000001e-02 9.737387535375355e-02 -1.138330125034821e-03
9.062500000000001e-02 1.010826508126157e-01 -1.122185008388754e-03
9.375000000000000e-02 1.048161051551108e-01 -1.133957083160425e-03
9.687500000000000e-02 1.085751498876601e-01 -1.125084745739120e-03
1.000000000000000e-01 1.123607027644654e-01 -1.132443100550996e-03
1.031250000000000e-01 1.161736880115753e-01 -1.145940505654428e-03
1.062500000000000e-01 1.200150365525305e-01 -1.135958236481387e-03
1.093750000000000e-01 1.238856862356450e-01 -1.137329341660883e-03
1.125000000000000e-01 1.277865820629775e-01 -1.133948931205842e-03
1.156250000000000e-01 1.317186764210495e-01 -1.153223889562591e-03
1.187500000000000e-01 1.356829293133661e-01 -1.145027707547231e-03
1.218750000000000e-01 1.396803085947971e-01 -1.141093528384590e-03
1.250000000000000e-01 1.437117902078738e-01 -1.136526081383252e-03
1.281250000000000e-01 1.477783584210617e-01 -1.146001349534770e-03
1.312500000000000e-01 1.518810060690650e-01 -1.139375130617009e-03
1.343750000000000e-01 1.560207347952229e-01 -1.145186097531717e-03
1.375000000000000e-01 1.601985552960564e-01 -1.139073618679045e-03
1.406250000000000e-01 1.644154875680252e-01 -1.142046650975048e-03
1.437500000000000e-01 1.686725611565558e-01 -1.144523400317358e-03
1.468750000000000e-01 1.729708154074000e-01 -1.139210703936790e-03
1.500000000000000e-01 1.773112997203869e-01 -1.154299608468866e-03
1.531250000000000e-01 1.816950738056289e-01 -1.151848806350084e-03
1.562500000000000e-01 1.861232079422458e-01 -1.151112934651756e-03
1.593750000000000e-01 1.905967832396682e-01 -1.148361402620787e-03
1.625000000000000e-01 1.951168919015860e-01 -1.152990430973839e-03
1.656250000000000e-01 1.996846374926046e-01 -1.143430710269390e-03
1.687500000000000e-01 2.043011352076760e-01 -1.157808599565587e-03
1.718750000000000e-01 2.089675121443681e-01 -1.155205024018134e-03
1.750000000000000e-01 2.136849075780412e-01 -1.148961592336258e-03
1.781250000000000e-01 2.184544732399964e-01 -1.155187797534260e-03
1.812500000000000e-01 2.232773735986666e-01 -1.160984716710789e-03
1.843750000000000e-01 2.281547861439151e-01 -1.162888402875317e-03
1.875000000000000e-01 2.330879016745160e-01 -1.158466428423998e-03
1.906250000000000e-01 2.380779245888810e-01 -1.161581595378222e-03
1.937500000000000e-01 2.431260731791094e-01 -1.160014413877130e-03
1.968750000000000e-01 2.482335799284277e-01 -1.168463767007287e-03
2.000000000000000e-01 2.534016918120952e-01 -1.161708955004541e-03
2.031250000000000e-01 2.586316706018478e-01 -1.169409944229181e-03
2.062500000000000e-01 2.639247931739538e-01 -1.168517895468663e-03
2.093750000000000e-01 2.692823518209576e-01 -1.168119385318637e-03
2.125000000000000e-01 2.747056545671873e-01 -1.171551136466527e-03
2.156250000000000e-01 2.801960254881028e-01 -1.171872396745659e-03
2.187500000000000e-01 2.857548050335636e-01 -1.176586727089961e-03
2.218750000000000e-01 2.913833503550930e-01 -1.175363142957735e-03
2.250000000000000e-01 2.970830356372213e-01 -1.183061189456408e-03
2.281250000000000e-01 3.028552524329863e-01 -1.179967490122273e-03
2.312500000000000e-01 3.087014100036755e-01 -1.183970706432312e-03
2.343750000000000e-01 3.146229356628902e-01 -1.184022776255853e-03
2.375000000000000e-01 3.206212751250189e-01 -1.186896800338627e-03
2.406250000000000e-01 3.266978928582008e-01 -1.187515256094357e-03
2.437500000000000e-01 3.328542724418705e-01 -1.191315950122115e-03
2.468750000000000e-01 3.390919169289667e-01 -1.199649373334957e-03
2.500000000000000e-01 3.454123492128958e-01 -1.196566331731649e-03
2.531250000000000e-01 3.518171123993401e-01 -1.199406880507313e-03
2.562500000000000e-01 3.583077701830001e-01 -1.199357780690838e-03
2.593750000000000e-01 3.648859072293631e-01 -1.206644389006974e-03
2.625000000000000e-01 3.715531295615936e-01 -1.207297029356102e-03
2.656250000000000e-01 3.783110649526354e-01 -1.208966534525164e-03
2.687500000000000e-01 3.851613633226258e-01 -1.214636553621535e-03
2.718750000000000e-01 3.921056971417164e-01 -1.216805732513050e-03
2.750000000000000e-01 3.991457618383991e-01 -1.222214363810603e-03
2.781250000000000e-01 4.062832762134377e-01 -1.222957975412200e-03
2.812500000000000e-01 4.135199828595055e-01 -1.227291389203405e-03
2.843750000000000e-01 4.208576485866312e-01 -1.229895908237539e-03
2.875000000000000e-01 4.282980648535585e-01 -1.234242515986465e-03
2.906250000000000e-01 4.358430482051222e-01 -1.238916083539962e-03
2.937500000000000e-01 4.434944407157500e-01 -1.242631149885020e-03
2.968750000000000e-01 4.512541104391968e-01 -1.247687594797953e-03
3.000000000000000e-01 4.591239518646220e-01 -1.250474089830488e-03
3.031250000000000e-01 4.671058863791195e-01 -1.254889809142099e-03
3.062500000000000e-01 4.752018627368176e-01 -1.259661772838891e-03
3.093750000000000e-01 4.834138575346580e-01 -1.264677654353967e-03
3.125000000000000e-01 4.917438756949728e-01 -1.270496939332555e-03
3.156250000000000e-01 5.001939509549778e-01 -1.276314071188582e-03
3.187500000000000e-01 5.087661463633005e-01 -1.279879554901409e-03
3.218750000000000e-01 5.174625547836644e-01 -1.285954092521601e-03
3.250000000000000e-01 5.262852994058529e-01 -1.290979544163171e-03
3.281250000000000e-01 5.352365342640750e-01 -1.296960423118170e-03
3.312500000000000e-01 5.443184447628656e-01 -1.305130522065672e-03
3.343750000000000e-01 5.535332482106405e-01 -1.309490270503795e-03
3.375000000000000e-01 5.628831943610435e-01 -1.317296123444479e-03
3.406250000000000e-01 5.723705659622137e-01 -1.322719638367597e-03
3.437500000000000e-01 5.819976793141081e-01 -1.330391185335664e-03
3.468750000000000e-01 5.917668848340161e-01 -1.339916777184137e-03
3.500000000000000e-01 6.016805676304035e-01 -1.344867832822314e-03
3.531250000000000e-01 6.117411480852264e-01 -1.354206256248277e-03
3.562500000000000e-01 6.219510824448572e-01 -1.361271238766656e-03
3.593750000000000e-01 6.323128634197650e-01 -1.369578788249714e-03
3.625000000000000e-01 6.428290207931012e-01 -1.380942961422979e-03
3.656250000000000e-01 6.535021220383342e-01 -1.388648778441448e-03
3.687500000000000e-01 6.643347729460869e-01 -1.397184957326233e-03
3.718750000000000e-01 6.753296182603294e-01 -1.407771720473238e-03
3.750000000000000e-01 6.864893423240808e-01 -1.419254647805054e-03
3.781250000000000e-01 6.978166697347804e-01 -1.428403769346377e-03
3.812500000000000e-01 7.093143660094854e-01 -1.439626579958762e-03
3.843750000000000e-01 7.209852382600603e-01 -1.452498910415376e-03
3.875000000000000e-01 7.328321358785219e-01 -1.462942177015387e-03
3.906250000000000e-01 7.448579512327029e-01 -1.475999883060033e-03
3.937500000000000e-01 7.570656203724140e-01 -1.488812770245867e-03
3.968750000000000e-01 7.694581237462648e-01 -1.502011027425204e-03
4.000000000000000e-01 7.820384869293291e-01 -1.516352536480847e-03
4.031250000000000e-01 7.948097813618253e-01 -1.529981330195569e-03
4.062500000000000e-01 8.077751250989945e-01 -1.545740054103156e-03
4.093750000000000e-01 8.209376835723596e-01 -1.560861384959914e-03
4.125000000000000e-01 8.343006703625532e-01 -1.576891302312279e-03
4.156250000000000e-01 8.478673479838968e-01 -1.594190013385844e-03
4.187500000000000e-01 8.616410286809313e-01 -1.610760312105040e-03
4.218750000000000e-01 8.756250752370857e-01 -1.629410715101684e-03
4.250000000000000e-01 8.898229017956865e-01 -1.647779135484817e-03
4.281250000000000e-01 9.042379746935050e-01 -1.666851467119431e-03
4.312500000000000e-01 9.188738133070491e-01 -1.687475654398814e-03
4.343750000000000e-01 9.337339909118028e-01 -1.707456350963269e-03
4.375000000000000e-01 9.488221355546261e-01 -1.729319092078599e-03
4.406250000000000e-01 9.641419309395265e-01 -1.751425147164051e-03
4.437500000000000e-01 9.796971173270190e-01 -1.773736634402960e-03
4.468750000000000e-01 9.954914924472941e-01 -1.797863521893384e-03
4.500000000000000e-01 1.011528912427417e+00 -1.821426504367309e-03
4.531250000000000e-01 1.027813292732786e+00 -1.846228708825551e-03
4.562500000000000e-01 1.044348609123070e+00 -1.871883463597144e-03
4.593750000000000e-01 1.061138898622882e+00 -1.897032599817541e-03
4.625000000000000e-01 1.078188260507393e+00 -1.923746981273696e-03
4.656250000000000e-01 1.095500857303154e+00 -1.950158454872279e-03
4.687500000000000e-01 1.113080915804360e+00 -1.976420296357474e-03
4.718750000000000e-01 1.130932728104805e+00 -2.003630636687781e-03
4.750000000000000e-01 1.149060652645771e+00 -2.029525278086533e-03
4.781250000000000e-01 1.167469115280130e+00 -2.055274359137483e-03
4.812500000000000e-01 1.186162610352890e+00 -2.080598411770735e-03
4.843750000000000e-01 1.205145701798475e+00 -2.103570029626366e-03
4.875000000000000e-01 1.224423024254985e+00 -2.125484655356074e-03
4.906250000000000e-01 1.243999284195726e+00 -2.144805527561809e-03
4.937500000000000e-01 1.263879261078271e+00 -2.160040299377579e-03
4.968750000000000e-01 1.284067808511348e+00 -2.171884162537119e-03
5.000000000000000e-01 1.304569855439823e+00 -2.177779770949786e-03
5.031250000000000e-01 1.325390407348082e+00 -2.176318025391486e-03
5.062500000000000e-01 1.346534547482100e+00 -2.167058500332371e-03
5.093750000000000e-01 1.368007438090487e+00 -2.146319574015633e-03
5.125000000000001e-01 1.389814321684837e+00 -2.112019609614105e-03
5.156250000000000e-01 1.411960522319654e+00 -2.062030800157016e-03
5.187500000000000e-01 1.434451446892208e+00 -1.991061762528092e-03
5.218750000000000e-01 1.457292586462593e+00 -1.895255920846099e-03
5.250000000000000e-01 1.480489517594354e+00 -1.770017252872464e-03
5.281250000000001e-01 1.504047903715979e+00 -1.607354799506893e-03
5.312500000000000e-01 1.527973496503592e+00 -1.400026268149106e-03
5.343750000000000e-01 1.552272137285215e+00 -1.139324372383883e-03
5.375000000000000e-01 1.576949758466886e+00 -8.128029140663855e-04
5.406250000000000e-01 1.602012384981041e+00 -4.076309628696735e-04
5.437500000000001e-01 1.627466135757470e+00 9.128019449467799e-05
5.468750000000000e-01 1.653317225217225e+00 7.038396837679267e-04
5.500000000000000e-01 1.679571964789851e+00 1.451390865452577e-03
5.531250000000000e-01 1.706236764454286e+00 2.358063678164525e-03
5.562500000000000e-01 1.733318134303830e+00 3.453589291104757e-03
5.593750000000001e-01 1.760822686135563e+00 4.770489956933245e-03
5.625000000000000e-01 1.788757135064574e+00 6.342721431667260e-03
5.656250000000000e-01 1.817128301163438e+00 8.207653757305085e-03
5.687500000000000e-01 1.845943111127301e+00 1.040251749525500e-02
5.718750000000000e-01 1.875208599965003e+00 1.295992355553811e-02
5.750000000000001e-01 1.904931912716643e+00 1.590482731765383e-02
5.781250000000000e-01 1.935120306198011e+00 1.924672132580112e-02
5.812500000000000e-01 1.965781150772311e+00 2.296736101867427e-02
5.843750000000000e-01 1.996921932149593e+00 2.701216630387109e-02
5.875000000000000e-01 2.028550253214365e+00 3.128405835685537e-02
5.906250000000001e-01 2.060673835881802e+00 3.563957457863946e-02
5.937500000000000e-01 2.093300522983012e+00 3.989399910923667e-02
5.968750000000000e-01 2.126438280179837e+00 4.383779925212989e-02
6.000000000000001e-01 2.160095197909630e+00 4.725872021387743e-02
6.031250000000000e-01 2.194279493360494e+00 4.996339076089653e-02
6.062500000000001e-01 2.228999512477486e+00 5.180157692968242e-02
6.093750000000000e-01 2.264263732000228e+00 5.268121946256269e-02
6.125000000000000e-01 2.300080761532477e+00 5.257457540662945e-02
6.156250000000001e-01 2.336459345644116e+00 5.151277102749879e-02
6.187500000000000e-01 2.373408366006099e+00 4.957689099960836e-02
6.218750000000001e-01 2.410936843558884e+00 4.688496909729007e-02
6.250000000000000e-01 2.449053940714840e+00 4.357568528364631e-02
6.281250000000000e-01 2.487768963595221e+00 3.979472213324491e-02
6.312500000000001e-01 2.527091364302215e+00 3.568421543889393e-02
6.343750000000000e-01 2.567030743226622e+00 3.137657042870285e-02
6.375000000000001e-01 2.607596851391758e+00 2.698859079095854e-02
6.406250000000000e-01 2.648799592834118e+00 2.261859055223915e-02
6.437500000000000e-01 2.690649027021411e+00 1.834610006971516e-02
6.468750000000001e-01 2.733155371308524e+00 1.423341787968025e-02
6.500000000000000e-01 2.776329003432049e+00 1.032702116062395e-02
6.531250000000001e-01 2.820180464043967e+00 6.658701060147606e-03
6.562500000000000e-01 2.864720459285089e+00 3.247694885077938e-03
6.593750000000000e-01 2.909959863398929e+00 1.031906917336897e-04
6.625000000000001e-01 2.955909721386590e+00 -2.773070389361818e-03
6.656250000000000e-01 3.002581251703353e+00 -5.385212466929504e-03
6.687500000000001e-01 3.049985848997626e+00 -7.741957778412609e-03
6.718750000000000e-01 3.098135086892879e+00 -9.855524862725524e-03
6.750000000000000e-01 3.147040720813310e+00 -1.174003437258609e-02
6.781250000000001e-01 3.196714690853871e+00 -1.341032216196795e-02
6.812500000000000e-01 3.247169124695383e+00 -1.488126099753532e-02
6.843750000000001e-01 3.298416340565477e+00 -1.616743323169471e-02
6.875000000000000e-01 3.350468850246008e+00 -1.728291313056072e-02
6.906250000000000e-01 3.403339362127777e+00 -1.824108918874820e-02
6.937500000000001e-01 3.457040784313211e+00 -1.905425664897341e-02
6.968750000000000e-01 3.511586227767823e+00 -1.973334273598258e-02
7.000000000000001e-01 3.566989009521205e+00 -2.028790444629380e-02
7.031250000000000e-01 3.623262655918307e+00 -2.072598842689206e-02
7.062500000000000e-01 3.680420905921852e+00 -2.105433656348204e-02
7.093750000000001e-01 3.738477714466631e+00 -2.127839376951536e-02
7.125000000000000e-01 3.797447255866536e+00 -2.140228339465581e-02
7.156250000000001e-01 3.857343927275175e+00 -2.142891811060413e-02
7.187500000000000e-01 3.918182352200844e+00 -2.135981772343256e-02
7.218750000000000e-01 3.979977384076828e+00 -2.119525312262243e-02
7.250000000000001e-01 4.042744109887770e+00 -2.093410023156972e-02
7.281250000000000e-01 4.106497853853101e+00 -2.057395809094383e-02
7.312500000000001e-01 4.171254181168399e+00 -2.011111438754017e-02
7.343750000000000e-01 4.237028901805528e+00 -1.954067351885844e-02
7.375000000000000e-01 4.303838074372613e+00 -1.885667058226241e-02
7.406250000000001e-01 4.371698010034643e+00 -1.805232055015781e-02
7.437500000000000e-01 4.440625276495786e+00 -1.712039390198389e-02
7.468750000000001e-01 4.510636702044332e+00 -1.605384696351344e-02
7.500000000000000e-01 4.581749379661216e+00 -1.484679911889467e-02
7.531250000000000e-01 4.653980671193226e+00 -1.349593871590670e-02
7.562500000000001e-01 4.727348211591802e+00 -1.200231635827352e-02
7.593750000000000e-01 4.801869913218528e+00 -1.037332269944220e-02
7.625000000000001e-01 4.877563970218381e+00 -8.624481453010634e-03
7.656250000000000e-01 4.954448862961714e+00 -6.780604473027586e-03
7.687500000000000e-01 5.032543362556198e+00 -4.875904813812747e-03
7.718750000000001e-01 5.111866535429675e+00 -2.952851054265699e-03
7.750000000000000e-01 5.192437747985146e+00 -1.059818047512105e-03
7.781250000000001e-01 5.274276671329015e+00 7.521426636202272e-04
7.812500000000000e-01 5.357403286073669e+00 2.432913163622825e-03
7.843750000000000e-01 5.441837887215693e+00 3.936768537390492e-03
7.875000000000001e-01 5.527601089090773e+00 5.225263950363001e-03
7.906250000000000e-01 5.614713830406605e+00 6.269327191581301e-03
7.937500000000001e-01 5.703197379355005e+00 7.050540384787112e-03
7.968750000000000e-01 5.793073338804412e+00 7.561731815038663e-03
8.000000000000000e-01 5.884363651574169e+00 7.807029435778915e-03
8.031250000000001e-01 5.977090605791737e+00 7.801465081511765e-03
8.062500000000000e-01 6.071276840334257e+00 7.570117621142992e-03
8.093750000000001e-01 6.166945350355728e+00 7.146712310818370e-03
8.125000000000000e-01 6.264119492901173e+00 6.571601245415329e-03
8.156250000000000e-01 6.362822992609162e+00 5.889144400792984e-03
8.187500000000001e-01 6.463079947504072e+00 5.144658857713470e-03
8.218750000000000e-01 6.564914834879517e+00 4.381247251016364e-03
8.250000000000001e-01 6.668352517274371e+00 3.636898329165653e-03
8.281250000000000e-01 6.773418248542846e+00 2.942239610834535e-03
8.312500000000000e-01 6.880137680020114e+00 2.319215790613433e-03
8.343750000000001e-01 6.988536866784961e+00 1.780798682415991e-03
8.375000000000000e-01 7.098642274021019e+00 1.331653191098445e-03
8.406250000000001e-01 7.210480783478133e+00 9.695355917609679e-04
8.437500000000000e-01 7.324079700035414e+00 6.871161400045332e-04
8.468750000000000e-01 7.439466758367605e+00 4.739066565839516e-04
8.500000000000001e-01 7.556670129716381e+00 3.180240470126634e-04
8.531250000000000e-01 7.675718428768239e+00 2.076088850206310e-04
8.562500000000001e-01 7.796640720640633e+00 1.318169844879657e-04
8.593750000000000e-01 7.919466527978115e+00 8.138854667150872e-05
8.625000000000000e-01 8.044225838160141e+00 4.886018773801903e-05
8.656250000000001e-01 8.170949110622363e+00 2.851587388813350e-05
8.687500000000000e-01 8.299667284293170e+00 1.617722535854664e-05
8.718750000000001e-01 8.430411785147284e+00 8.919888190433367e-06
8.750000000000000e-01 8.563214533878281e+00 4.779814217078762e-06
8.781250000000000e-01 8.698107953691880e+00 2.488988161530235e-06
8.812500000000001e-01 8.835124978221932e+00 1.259401964921860e-06
8.843750000000000e-01 8.974299059571019e+00 6.191707259611994e-07
8.875000000000001e-01 9.115664176477637e+00 2.957609090014861e-07
8.906250000000000e-01 9.259254842611947e+00 1.372587234606223e-07
8.937500000000000e-01 9.405106115002161e+00 6.188664128361310e-08
8.968750000000001e-01 9.553253602593529e+00 2.710845317500096e-08
9.000000000000000e-01 9.703733474942130e+00 1.153613623876886e-08
9.031250000000001e-01 9.856582471045494e+00 4.769406710768510e-09
9.062500000000000e-01 1.001183790831228e+01 1.915669216118412e-09
9.093750000000000e-01 1.016953769167313e+01 7.475422600908618e-10
9.125000000000001e-01 1.032972032283505e+01 2.834129793718011e-10
9.156250000000000e-01 1.049242490968134e+01 1.043962117937240e-10
9.187500000000001e-01 1.065769117581972e+01 3.736331240885134e-11
9.218750000000000e-01 1.082555947028058e+01 1.299326755392994e-11
9.250000000000000e-01 1.099607077736805e+01 4.390585816446689e-12
9.281250000000001e-01 1.116926672666618e+01 1.441710643046193e-12
9.312500000000000e-01 1.134518960320255e+01 4.600524537292357e-13
9.343750000000001e-01 1.152388235777201e+01 1.426703480775909e-13
9.375000000000000e-01 1.170538861742293e+01 4.300134324219538e-14
9.406250000000000e-01 1.188975269610854e+01 1.259732197212481e-14
9.437500000000001e-01 1.207701960550600e+01 3.587148540225116e-15
9.468750000000000e-01 1.226723506600578e+01 9.929408124483755e-16
9.500000000000001e-01 1.246044551787411e+01 2.671954159388779e-16
9.531250000000000e-01 1.265669813259115e+01 6.990299505949450e-17
9.562500000000000e-01 1.285604082436773e+01 1.778090427432277e-17
9.593750000000001e-01 1.305852226184337e+01 4.397783869582602e-18
9.625000000000000e-01 1.326419187996850e+01 1.057711150179779e-18
9.656250000000001e-01 1.347309989207381e+01 2.473916558245446e-19
9.687500000000000e-01 1.368529730212962e+01 5.627554804584773e-20
9.718750000000000e-01 1.390083591719824e+01 1.245097596442651e-20
9.750000000000001e-01 1.411976836008246e+01 2.679591141025152e-21
9.781250000000000e-01 1.434214808217320e+01 5.609806073151735e-22
9.812500000000001e-01 1.456802937649935e+01 1.142547311312337e-22
9.843750000000000e-01 1.479746739098328e+01 2.264021663345157e-23
9.875000000000000e-01 1.503051814190487e+01 4.365148323511798e-24
9.906250000000001e-01 1.526723852757770e+01 8.190237885373940e-25
9.937500000000000e-01 1.550768634224049e+01 1.492488255782768e-25
9.968750000000001e-01 1.575192029016732e+01 2.829584986204888e-26
1.000000000000000e+00 1.600000000000000e+01 -3.550089729220369e-27
