0.000000000000000e+00 0.000000000000000e+00 -5.490080619525659e-04
3.125000000000000e-03 3.369263549427258e-03 -5.490080619525681e-04
6.250000000000000e-03 6.739349689698711e-03 -3.121264685015773e-05
9.375000000000001e-03 1.011108121249049e-02 2.507664254826479e-05
1.250000000000000e-02 1.348528131119160e-02 -1.203503649117879e-05
1.562500000000000e-02 1.686277378188298e-02 -6.973982466088671e-05
1.875000000000000e-02 2.024438322446370e-02 1.377139805881569e-05
2.187500000000000e-02 2.363093524397333e-02 7.858241803669287e-05
2.500000000000000e-02 2.702325665215984e-02 1.966119668627600e-05
2.812500000000000e-02 3.042217566934200e-02 -7.141490958465424e-06
3.125000000000000e-02 3.382852212661575e-02 -5.180020128960206e-06
3.437500000000000e-02 3.724312766845378e-02 2.832883719376127e-05
3.750000000000001e-02 4.066682595574785e-02 -3.240093829874515e-06
4.062500000000000e-02 4.410045286934348e-02 1.829953789184144e-05
4.375000000000000e-02 4.754484671411652e-02 -1.700779907991485e-05
4.687500000000000e-02 5.100084842364160e-02 -1.916862236897141e-05
5.000000000000000e-02 5.446930176550237e-02 2.570759071027302e-05
5.312500000000001e-02 5.795105354729364e-02 -7.583089741024760e-06
5.625000000000000e-02 6.144695382336569e-02 -9.678440010042145e-06
5.937500000000000e-02 6.495785610236132e-02 1.007977548559636e-05
6.250000000000000e-02 6.848461755559625e-02 -1.046951894675666e-05
6.562500000000000e-02 7.202809922633362e-02 8.587554801426994e-06
6.875000000000001e-02 7.558916624000402e-02 -9.986524229238460e-06
7.187500000000001e-02 7.916868801542200e-02 -6.349849565956777e-06
7.500000000000001e-02 8.276753847705080e-02 -1.778875967738040e-05
7.812500000000000e-02 8.638659626836727e-02 -8.827375760282558e-06
8.125000000000000e-02 9.002674496637868e-02 -6.880180253389943e-06
8.437500000000001e-02 9.368887329734420e-02 -7.220358578781516e-06
8.750000000000001e-02 9.737387535375355e-02 -4.849660210675330e-07
9.062500000000001e-02 1.010826508126157e-01 -5.933977999584053e-06
9.375000000000000e-02 1.048161051551108e-01 -5.528256533535151e-06
9.687500000000000e-02 1.085751498876601e-01 -1.909341234365863e-05
1.000000000000000e-01 1.123607027644654e-01 -1.233835971478336e-05
1.031250000000000e-01 1.161736880115753e-01 -7.266418601935947e-06
1.062500000000000e-01 1.200150365525305e-01 3.658421026108266e-06
1.093750000000000e-01 1.238856862356450e-01 -3.307305630810172e-06
1.125000000000000e-01 1.277865820629775e-01 -8.291599201469511e-07
1.156250000000000e-01 1.317186764210495e-01 1.939092611944532e-06
1.187500000000000e-01 1.356829293133661e-01 -3.058894058066324e-06
1.218750000000000e-01 1.396803085947971e-01 -5.516412162931681e-06
1.250000000000000e-01 1.437117902078738e-01 -3.699881892712645e-06
1.281250000000000e-01 1.477783584210617e-01 3.116895090111740e-06
1.312500000000000e-01 1.518810060690650e-01 1.708581960591843e-06
1.343750000000000e-01 1.560207347952229e-01 -3.455066399197973e-06
1.375000000000000e-01 1.601985552960564e-01 -8.406714787488468e-07
1.406250000000000e-01 1.644154875680252e-01 -6.784607674749261e-06
1.437500000000000e-01 1.686725611565558e-01 4.639747169518863e-06
1.468750000000000e-01 1.729708154074000e-01 -3.721841543630183e-06
1.500000000000000e-01 1.773112997203869e-01 -6.142787007203183e-06
1.531250000000000e-01 1.816950738056289e-01 -4.421567554044918e-06
1.562500000000000e-01 1.861232079422458e-01 -1.552471561781325e-06
1.593750000000000e-01 1.905967832396682e-01 1.432921670996932e-06
1.625000000000000e-01 1.951168919015860e-01 -3.362267486510675e-06
1.656250000000000e-01 1.996846374926046e-01 -5.928363368657186e-06
1.687500000000000e-01 2.043011352076760e-01 -6.240684418254177e-06
1.718750000000000e-01 2.089675121443681e-01 -9.985867582728159e-06
1.750000000000000e-01 2.136849075780412e-01 -4.697853483926147e-06
1.781250000000000e-01 2.184544732399964e-01 2.611532263510960e-06
1.812500000000000e-01 2.232773735986666e-01 -6.730254969030527e-06
1.843750000000000e-01 2.281547861439151e-01 -1.670497007629359e-06
1.875000000000000e-01 2.330879016745160e-01 -5.739372276203791e-06
1.906250000000000e-01 2.380779245888810e-01 -5.717597131233695e-06
1.937500000000000e-01 2.431260731791094e-01 -7.365884128788691e-06
1.968750000000000e-01 2.482335799284277e-01 -2.713264752941552e-06
2.000000000000000e-01 2.534016918120952e-01 -1.160299863445649e-06
2.031250000000000e-01 2.586316706018478e-01 -6.246171411889305e-07
2.062500000000000e-01 2.639247931739538e-01 -4.540041204593749e-06
2.093750000000000e-01 2.692823518209576e-01 -3.146231690604146e-06
2.125000000000000e-01 2.747056545671873e-01 -3.960852619619643e-06
2.156250000000000e-01 2.801960254881028e-01 -4.010886160919879e-06
2.187500000000000e-01 2.857548050335636e-01 -2.421441948758525e-06
2.218750000000000e-01 2.913833503550930e-01 -3.359567589978061e-06
2.250000000000000e-01 2.970830356372213e-01 -4.454591364006243e-07
2.281250000000000e-01 3.028552524329863e-01 -2.919242603149625e-06
2.312500000000000e-01 3.087014100036755e-01 -4.856456321397425e-06
2.343750000000000e-01 3.146229356628902e-01 -5.945281015391214e-07
2.375000000000000e-01 3.206212751250189e-01 -3.963304706350764e-06
2.406250000000000e-01 3.266978928582008e-01 -6.936510960247876e-06
2.437500000000000e-01 3.328542724418705e-01 -1.746694078831452e-06
2.468750000000000e-01 3.390919169289667e-01 -6.457908323552930e-06
2.500000000000000e-01 3.454123492128958e-01 -3.546813564221791e-06
2.531250000000000e-01 3.518171123993401e-01 -7.620465361858095e-06
2.562500000000000e-01 3.583077701830001e-01 -3.200133321376098e-06
2.593750000000000e-01 3.648859072293631e-01 -3.894294903203735e-06
2.625000000000000e-01 3.715531295615936e-01 -1.913299352429643e-06
2.656250000000000e-01 3.783110649526354e-01 -1.646680005199490e-06
2.687500000000000e-01 3.851613633226258e-01 -4.037736083825673e-06
2.718750000000000e-01 3.921056971417164e-01 -4.549407713340556e-06
2.750000000000000e-01 3.991457618383991e-01 -4.367635875149092e-06
2.781250000000000e-01 4.062832762134377e-01 -2.776628393113547e-06
2.812500000000000e-01 4.135199828595055e-01 -3.372872191659931e-06
2.843750000000000e-01 4.208576485866312e-01 -2.486417515713382e-06
2.875000000000000e-01 4.282980648535585e-01 -2.431239631045141e-06
2.906250000000000e-01 4.358430482051222e-01 -3.416907288331692e-06
2.937500000000000e-01 4.434944407157500e-01 -5.567092607756819e-06
2.968750000000000e-01 4.512541104391968e-01 -2.181870879428752e-06
3.000000000000000e-01 4.591239518646220e-01 -6.370994776109201e-06
3.031250000000000e-01 4.671058863791195e-01 -1.647856698722037e-06
3.062500000000000e-01 4.752018627368176e-01 -4.415805769834574e-06
3.093750000000000e-01 4.834138575346580e-01 -3.198469122121387e-06
3.125000000000000e-01 4.917438756949728e-01 -4.356634349816855e-06
3.156250000000000e-01 5.001939509549778e-01 -4.126517457664827e-06
3.187500000000000e-01 5.087661463633005e-01 -2.781706966315054e-06
3.218750000000000e-01 5.174625547836644e-01 -4.918023077785683e-06
3.250000000000000e-01 5.262852994058529e-01 -3.199822058199435e-06
3.281250000000000e-01 5.352365342640750e-01 -4.052279786240369e-06
3.312500000000000e-01 5.443184447628656e-01 -3.093440795014960e-06
3.343750000000000e-01 5.535332482106405e-01 -4.777732104156534e-06
3.375000000000000e-01 5.628831943610435e-01 -2.839993666992452e-06
3.406250000000000e-01 5.723705659622137e-01 -5.782871516992288e-06
3.437500000000000e-01 5.819976793141081e-01 -2.048768174693348e-06
3.468750000000000e-01 5.917668848340161e-01 -3.935182917830051e-06
3.500000000000000e-01 6.016805676304035e-01 -3.489990852668544e-06
3.531250000000000e-01 6.117411480852264e-01 -3.718600324686899e-06
3.562500000000000e-01 6.219510824448572e-01 -4.743610201191337e-06
3.593750000000000e-01 6.323128634197650e-01 -4.009506428620846e-06
3.625000000000000e-01 6.428290207931012e-01 -4.196705570963606e-06
3.656250000000000e-01 6.535021220383342e-01 -2.539828498416321e-06
3.687500000000000e-01 6.643347729460869e-01 -5.841133529165144e-06
3.718750000000000e-01 6.753296182603294e-01 -4.030137213698537e-06
3.750000000000000e-01 6.864893423240808e-01 -4.117816868462008e-06
3.781250000000000e-01 6.978166697347804e-01 -2.104128124095840e-06
3.812500000000000e-01 7.093143660094854e-01 -4.745517828935937e-06
3.843750000000000e-01 7.209852382600603e-01 -3.227118519516231e-06
3.875000000000000e-01 7.328321358785219e-01 -3.437126008200750e-06
3.906250000000000e-01 7.448579512327029e-01 -5.017624710688912e-06
3.937500000000000e-01 7.570656203724140e-01 -3.764609660555858e-06
3.968750000000000e-01 7.694581237462648e-01 -5.695589029792008e-06
4.000000000000000e-01 7.820384869293291e-01 -3.914774035041133e-06
4.031250000000000e-01 7.948097813618253e-01 -4.746249145357302e-06
4.062500000000000e-01 8.077751250989945e-01 -3.083193792473637e-06
4.093750000000000e-01 8.209376835723596e-01 -4.317411277893127e-06
4.125000000000000e-01 8.343006703625532e-01 -3.399021341385158e-06
4.156250000000000e-01 8.478673479838968e-01 -4.038721139758135e-06
4.187500000000000e-01 8.616410286809313e-01 -5.328007297131491e-06
4.218750000000000e-01 8.756250752370857e-01 -3.975969282124165e-06
4.250000000000000e-01 8.898229017956865e-01 -5.277213107307649e-06
4.281250000000000e-01 9.042379746935050e-01 -3.953841394720917e-06
4.312500000000000e-01 9.188738133070491e-01 -4.734500041576638e-06
4.343750000000000e-01 9.337339909118028e-01 -3.478828697203061e-06
4.375000000000000e-01 9.488221355546261e-01 -4.635301641909808e-06
4.406250000000000e-01 9.641419309395265e-01 -4.990987791966299e-06
4.437500000000000e-01 9.796971173270190e-01 -3.865768985256648e-06
4.468750000000000e-01 9.954914924472941e-01 -4.733584931408024e-06
4.500000000000000e-01 1.011528912427417e+00 -4.072165455914737e-06
4.531250000000000e-01 1.027813292732786e+00 -6.021083703643639e-06
4.562500000000000e-01 1.044348609123070e+00 -4.396888495204568e-06
4.593750000000000e-01 1.061138898622882e+00 -4.746692916492585e-06
4.625000000000000e-01 1.078188260507393e+00 -4.737420404227746e-06
4.656250000000000e-01 1.095500857303154e+00 -4.025764640110475e-06
4.687500000000000e-01 1.113080915804360e+00 -5.783309208322721e-06
4.718750000000000e-01 1.130932728104805e+00 -3.934558836714305e-06
4.750000000000000e-01 1.149060652645771e+00 -6.054375498107449e-06
4.781250000000000e-01 1.167469115280130e+00 -4.756477076522357e-06
4.812500000000000e-01 1.186162610352890e+00 -4.870893253458256e-06
4.843750000000000e-01 1.205145701798475e+00 -5.822364010710883e-06
4.875000000000000e-01 1.224423024254985e+00 -3.652199058630918e-06
4.906250000000000e-01 1.243999284195726e+00 -6.726960100617695e-06
4.937500000000000e-01 1.263879261078271e+00 -4.263224404941185e-06
4.968750000000000e-01 1.284067808511348e+00 -6.085956890169734e-06
5.000000000000000e-01 1.304569855439823e+00 -6.032751371376977e-06
5.031250000000000e-01 1.325390407348082e+00 -3.950085145203756e-06
5.062500000000000e-01 1.346534547482100e+00 -7.371127730601421e-06
5.093750000000000e-01 1.368007438090487e+00 -3.655681816421067e-06
5.125000000000001e-01 1.389814321684837e+00 -7.052790721106733e-06
5.156250000000000e-01 1.411960522319654e+00 -6.143398595324507e-06
5.187500000000000e-01 1.434451446892208e+00 -4.623938456872599e-06
5.218750000000000e-01 1.457292586462593e+00 -8.109491156649951e-06
5.250000000000000e-01 1.480489517594354e+00 -3.445987224650171e-06
5.281250000000001e-01 1.504047903715979e+00 -7.960192262975672e-06
5.312500000000000e-01 1.527973496503592e+00 -6.207576214930067e-06
5.343750000000000e-01 1.552272137285215e+00 -5.071034468749035e-06
5.375000000000000e-01 1.576949758466886e+00 -8.969846732199939e-06
5.406250000000000e-01 1.602012384981041e+00 -3.578463562601038e-06
5.437500000000001e-01 1.627466135757470e+00 -8.759594916854990e-06
5.468750000000000e-01 1.653317225217225e+00 -6.938501413559254e-06
5.500000000000000e-01 1.679571964789851e+00 -5.248704812313104e-06
5.531250000000000e-01 1.706236764454286e+00 -9.675631862019490e-06
5.562500000000000e-01 1.733318134303830e+00 -4.220851051716602e-06
5.593750000000001e-01 1.760822686135563e+00 -9.693342797145106e-06
5.625000000000000e-01 1.788757135064574e+00 -7.565684061351130e-06
5.656250000000000e-01 1.817128301163438e+00 -4.897663511359445e-06
5.687500000000000e-01 1.845943111127301e+00 -1.198880461061537e-05
5.718750000000000e-01 1.875208599965003e+00 -4.659818706526756e-06
5.750000000000001e-01 1.904931912716643e+00 -8.947339321163201e-06
5.781250000000000e-01 1.935120306198011e+00 -1.076010618788088e-05
5.812500000000000e-01 1.965781150772311e+00 -4.055427990232928e-06
5.843750000000000e-01 1.996921932149593e+00 -1.298741268132663e-05
5.875000000000000e-01 2.028550253214365e+00 -7.543733834203627e-06
5.906250000000001e-01 2.060673835881802e+00 -6.670356893807825e-06
5.937500000000000e-01 2.093300522983012e+00 -1.466759902297526e-05
5.968750000000000e-01 2.126438280179837e+00 -4.802066628901301e-06
6.000000000000001e-01 2.160095197909630e+00 -1.107312969166720e-05
6.031250000000000e-01 2.194279493360494e+00 -1.381505420750494e-05
6.062500000000001e-01 2.228999512477486e+00 -4.041852143816415e-06
6.093750000000000e-01 2.264263732000228e+00 -1.550918757141506e-05
6.125000000000000e-01 2.300080761532477e+00 -1.159385016626770e-05
6.156250000000001e-01 2.336459345644116e+00 -5.328901531746870e-06
6.187500000000000e-01 2.373408366006099e+00 -1.902650940800520e-05
6.218750000000001e-01 2.410936843558884e+00 -9.172071155202434e-06
6.250000000000000e-01 2.449053940714840e+00 -7.900451301531387e-06
6.281250000000000e-01 2.487768963595221e+00 -2.164270646830465e-05
6.312500000000001e-01 2.527091364302215e+00 -7.257560568861412e-06
6.343750000000000e-01 2.567030743226622e+00 -1.097179616423761e-05
6.375000000000001e-01 2.607596851391758e+00 -2.396688463429956e-05
6.406250000000000e-01 2.648799592834118e+00 -6.012182420300276e-06
6.437500000000000e-01 2.690649027021411e+00 -1.381758115790614e-05
6.468750000000001e-01 2.733155371308524e+00 -2.671938524072624e-05
6.500000000000000e-01 2.776329003432049e+00 -5.389977325353728e-06
6.531250000000001e-01 2.820180464043967e+00 -1.583729915835143e-05
6.562500000000000e-01 2.864720459285089e+00 -3.072531106078903e-05
6.593750000000000e-01 2.909959863398929e+00 -5.611617349749196e-06
6.625000000000001e-01 2.955909721386590e+00 -1.616649070557610e-05
6.656250000000000e-01 3.002581251703353e+00 -3.648315380388678e-05
6.687500000000001e-01 3.049985848997626e+00 -7.608202791970457e-06
6.718750000000000e-01 3.098135086892879e+00 -1.360342402024584e-05
6.750000000000000e-01 3.147040720813310e+00 -4.369876164617888e-05
6.781250000000001e-01 3.196714690853871e+00 -1.385177629033658e-05
6.812500000000000e-01 3.247169124695383e+00 -7.162587650761688e-06
6.843750000000001e-01 3.298416340565477e+00 -4.958666775316123e-05
6.875000000000000e-01 3.350468850246008e+00 -2.832915699658909e-05
6.906250000000000e-01 3.403339362127777e+00 1.300612160670587e-06
6.937500000000001e-01 3.457040784313211e+00 -4.710874502969243e-05
6.968750000000000e-01 3.511586227767823e+00 -5.350645093107991e-05
7.000000000000001e-01 3.566989009521205e+00 1.863078884496723e-06
7.031250000000000e-01 3.623262655918307e+00 -2.698994994200395e-05
7.062500000000000e-01 3.680420905921852e+00 -8.017132803116004e-05
7.093750000000001e-01 3.738477714466631e+00 -2.563218260243518e-05
7.125000000000000e-01 3.797447255866536e+00 5.999914161704632e-06
7.156250000000001e-01 3.857343927275175e+00 -7.601177109562221e-05
7.187500000000000e-01 3.918182352200844e+00 -8.914302831652137e-05
7.218750000000000e-01 3.979977384076828e+00 4.212655961158373e-06
7.250000000000001e-01 4.042744109887770e+00 -1.296965696266157e-05
7.281250000000000e-01 4.106497853853101e+00 -1.263838083932841e-04
7.312500000000001e-01 4.171254181168399e+00 -9.429448765237120e-05
7.343750000000000e-01 4.237028901805528e+00 2.682759121967699e-05
7.375000000000000e-01 4.303838074372613e+00 -3.000160997365702e-05
7.406250000000001e-01 4.371698010034643e+00 -1.831665538211969e-04
7.437500000000000e-01 4.440625276495786e+00 -1.312388699977993e-04
7.468750000000001e-01 4.510636702044332e+00 4.449828191963327e-05
7.500000000000000e-01 4.581749379661216e+00 -6.188844765880516e-06
7.531250000000000e-01 4.653980671193226e+00 -2.430573533820001e-04
7.562500000000001e-01 4.727348211591802e+00 -2.594493159719724e-04
7.593750000000000e-01 4.801869913218528e+00 6.031270180054702e-06
7.625000000000001e-01 4.877563970218381e+00 1.095471711816706e-04
7.656250000000000e-01 4.954448862961714e+00 -1.907853881879079e-04
7.687500000000000e-01 5.032543362556198e+00 -4.979356843726930e-04
7.718750000000001e-01 5.111866535429675e+00 -3.321433094053783e-04
7.750000000000000e-01 5.192437747985146e+00 1.317042878010762e-04
7.781250000000001e-01 5.274276671329015e+00 2.318613138205078e-04
7.812500000000000e-01 5.357403286073669e+00 -3.090127470892661e-04
7.843750000000000e-01 5.441837887215693e+00 -9.569386052129688e-04
7.875000000000001e-01 5.527601089090773e+00 -9.359384869183306e-04
7.906250000000000e-01 5.614713830406605e+00 -1.259403240865006e-04
7.937500000000001e-01 5.703197379355005e+00 7.133772611176707e-04
7.968750000000000e-01 5.793073338804412e+00 6.150160904014157e-04
8.000000000000000e-01 5.884363651574169e+00 -6.995694449237880e-04
8.031250000000001e-01 5.977090605791737e+00 -2.496557996743518e-03
8.062500000000000e-01 6.071276840334257e+00 -3.482104569090962e-03
8.093750000000001e-01 6.166945350355728e+00 -2.607224460221331e-03
8.125000000000000e-01 6.264119492901173e+00 3.573541925592122e-04
8.156250000000000e-01 6.362822992609162e+00 4.771369771875838e-03
8.187500000000001e-01 6.463079947504072e+00 9.502429588294534e-03
8.218750000000000e-01 6.564914834879517e+00 1.342915180144286e-02
8.250000000000001e-01 6.668352517274371e+00 1.580648663090767e-02
8.281250000000000e-01 6.773418248542846e+00 1.638857377843017e-02
8.312500000000000e-01 6.880137680020114e+00 1.535009055318243e-02
8.343750000000001e-01 6.988536866784961e+00 1.311080681855731e-02
8.375000000000000e-01 7.098642274021019e+00 1.016064078096677e-02
8.406250000000001e-01 7.210480783478133e+00 6.939121789534286e-03
8.437500000000000e-01 7.324079700035414e+00 3.778100247690228e-03
8.468750000000000e-01 7.439466758367605e+00 8.904951621007229e-04
8.500000000000001e-01 7.556670129716381e+00 -1.615703105860190e-03
8.531250000000000e-01 7.675718428768239e+00 -3.711126582892030e-03
8.562500000000001e-01 7.796640720640633e+00 -5.413542059673758e-03
8.593750000000000e-01 7.919466527978115e+00 -6.759484673194035e-03
8.625000000000000e-01 8.044225838160141e+00 -7.787799093580473e-03
8.656250000000001e-01 8.170949110622363e+00 -8.536954773327084e-03
8.687500000000000e-01 8.299667284293170e+00 -9.047855864749108e-03
8.718750000000001e-01 8.430411785147284e+00 -9.360646708176074e-03
8.750000000000000e-01 8.563214533878281e+00 -9.501669928441607e-03
8.781250000000000e-01 8.698107953691880e+00 -9.468580511853918e-03
8.812500000000001e-01 8.835124978221932e+00 -9.225934530938821e-03
8.843750000000000e-01 8.974299059571019e+00 -8.717678139557339e-03
8.875000000000001e-01 9.115664176477637e+00 -7.892075731612965e-03
8.906250000000000e-01 9.259254842611947e+00 -6.728142882165755e-03
8.937500000000000e-01 9.405106115002161e+00 -5.253489330325381e-03
8.968750000000001e-01 9.553253602593529e+00 -3.548930439612947e-03
9.000000000000000e-01 9.703733474942130e+00 -1.740177309723789e-03
9.031250000000001e-01 9.856582471045494e+00 2.064501214761870e-05
9.062500000000000e-01 1.001183790831228e+01 1.579977693779482e-03
9.093750000000000e-01 1.016953769167313e+01 2.809554661543234e-03
9.125000000000001e-01 1.032972032283505e+01 3.628919899165626e-03
9.156250000000000e-01 1.049242490968134e+01 4.017867236306027e-03
9.187500000000001e-01 1.065769117581972e+01 4.015364267364968e-03
9.218750000000000e-01 1.082555947028058e+01 3.705702203312347e-03
9.250000000000000e-01 1.099607077736805e+01 3.196640998821917e-03
9.281250000000001e-01 1.116926672666618e+01 2.596328023303842e-03
9.312500000000000e-01 1.134518960320255e+01 1.995078018093469e-03
9.343750000000001e-01 1.152388235777201e+01 1.455419550797537e-03
9.375000000000000e-01 1.170538861742293e+01 1.010599737950304e-03
9.406250000000000e-01 1.188975269610854e+01 6.693283287840933e-04
9.437500000000001e-01 1.207701960550600e+01 4.235660120129181e-04
9.468750000000000e-01 1.226723506600578e+01 2.564890803282463e-04
9.500000000000001e-01 1.246044551787411e+01 1.488146560768487e-04
9.531250000000000e-01 1.265669813259115e+01 8.282322937924177e-05
9.562500000000000e-01 1.285604082436773e+01 4.426277751901790e-05
9.593750000000001e-01 1.305852226184337e+01 2.273601128977132e-05
9.625000000000000e-01 1.326419187996850e+01 1.123448604090260e-05
9.656250000000001e-01 1.347309989207381e+01 5.344410068273906e-06
9.687500000000000e-01 1.368529730212962e+01 2.449470909557140e-06
9.718750000000000e-01 1.390083591719824e+01 1.082346240230190e-06
9.750000000000001e-01 1.411976836008246e+01 4.613778456066404e-07
9.781250000000000e-01 1.434214808217320e+01 1.898458299580669e-07
9.812500000000001e-01 1.456802937649935e+01 7.544652886694464e-08
9.843750000000000e-01 1.479746739098328e+01 2.897367002828966e-08
9.875000000000000e-01 1.503051814190487e+01 1.075630383814334e-08
9.906250000000001e-01 1.526723852757770e+01 3.865364459610647e-09
9.937500000000000e-01 1.550768634224049e+01 1.336453100467283e-09
9.968750000000001e-01 1.575192029016732e+01 4.711689557548172e-10
1.000000000000000e+00 1.600000000000000e+01 1.001548922529634e-10
