0.000000000000000e+00 0.000000000000000e+00 -8.702639854288407e-04
3.125000000000000e-03 3.369263549427258e-03 -8.702639854288427e-04
6.250000000000000e-03 6.739349689698711e-03 1.130477929715195e-04
9.375000000000001e-03 1.011108121249049e-02 1.394969045283359e-04
1.250000000000000e-02 1.348528131119160e-02 -1.054631742894566e-04
1.562500000000000e-02 1.686277378188298e-02 -1.050069767938954e-04
1.875000000000000e-02 2.024438322446370e-02 -1.132781926186353e-05
2.187500000000000e-02 2.363093524397333e-02 1.739799861795984e-05
2.500000000000000e-02 2.702325665215984e-02 -4.323696076073987e-05
2.812500000000000e-02 3.042217566934200e-02 -3.240516033676301e-05
3.125000000000000e-02 3.382852212661575e-02 -4.092150941012356e-05
3.437500000000000e-02 3.724312766845378e-02 -4.807646926057495e-06
3.750000000000001e-02 4.066682595574785e-02 1.291907249552628e-05
4.062500000000000e-02 4.410045286934348e-02 -2.857893619948281e-06
4.375000000000000e-02 4.754484671411652e-02 -1.749251380042504e-05
4.687500000000000e-02 5.100084842364160e-02 3.514048851396557e-05
5.000000000000000e-02 5.446930176550237e-02 -3.381038663587597e-05
5.312500000000001e-02 5.795105354729364e-02 3.388912751335787e-06
5.625000000000000e-02 6.144695382336569e-02 -1.278149261767455e-05
5.937500000000000e-02 6.495785610236132e-02 3.597829320396204e-06
6.250000000000000e-02 6.848461755559625e-02 -7.597002199017444e-06
6.562500000000000e-02 7.202809922633362e-02 1.931621228780348e-05
6.875000000000001e-02 7.558916624000402e-02 -1.388418964733155e-05
7.187500000000001e-02 7.916868801542200e-02 5.412610849606982e-06
7.500000000000001e-02 8.276753847705080e-02 -1.663404366806970e-05
7.812500000000000e-02 8.638659626836727e-02 -7.775145804014188e-06
8.125000000000000e-02 9.002674496637868e-02 -7.876612582052079e-06
8.437500000000001e-02 9.368887329734420e-02 -4.563404358294863e-06
8.750000000000001e-02 9.737387535375355e-02 8.208622895193180e-06
9.062500000000001e-02 1.010826508126157e-01 1.338367372344385e-05
9.375000000000000e-02 1.048161051551108e-01 -5.687380454993990e-06
9.687500000000000e-02 1.085751498876601e-01 3.718702375997198e-06
1.000000000000000e-01 1.123607027644654e-01 7.686748112639424e-08
1.031250000000000e-01 1.161736880115753e-01 5.692858299989424e-06
1.062500000000000e-01 1.200150365525305e-01 -8.175766900772826e-06
1.093750000000000e-01 1.238856862356450e-01 -1.898744289805584e-05
1.125000000000000e-01 1.277865820629775e-01 -4.469150433849881e-06
1.156250000000000e-01 1.317186764210495e-01 -1.020828950786601e-05
1.187500000000000e-01 1.356829293133661e-01 -1.236777238589676e-05
1.218750000000000e-01 1.396803085947971e-01 -4.205914603865609e-06
1.250000000000000e-01 1.437117902078738e-01 -3.448259237452949e-06
1.281250000000000e-01 1.477783584210617e-01 -1.790321845205918e-06
1.312500000000000e-01 1.518810060690650e-01 -4.974588576993046e-06
1.343750000000000e-01 1.560207347952229e-01 -1.564922015829798e-05
1.375000000000000e-01 1.601985552960564e-01 -4.611162869689835e-06
1.406250000000000e-01 1.644154875680252e-01 -3.355372088366366e-06
1.437500000000000e-01 1.686725611565558e-01 -2.331433444432356e-06
1.468750000000000e-01 1.729708154074000e-01 -1.589284828978975e-05
1.500000000000000e-01 1.773112997203869e-01 -1.050011900220740e-06
1.531250000000000e-01 1.816950738056289e-01 -1.204111812153327e-05
1.562500000000000e-01 1.861232079422458e-01 1.247615551335760e-06
1.593750000000000e-01 1.905967832396682e-01 -7.269220294928601e-06
1.625000000000000e-01 1.951168919015860e-01 -3.302193241294686e-06
1.656250000000000e-01 1.996846374926046e-01 -7.684590935028883e-06
1.687500000000000e-01 2.043011352076760e-01 -3.361659615263695e-06
1.718750000000000e-01 2.089675121443681e-01 -1.993172334671623e-06
1.750000000000000e-01 2.136849075780412e-01 1.651632101793833e-06
1.781250000000000e-01 2.184544732399964e-01 -4.159675201078287e-06
1.812500000000000e-01 2.232773735986666e-01 1.317222830943706e-06
1.843750000000000e-01 2.281547861439151e-01 -2.270463427781443e-06
1.875000000000000e-01 2.330879016745160e-01 -4.178021201082699e-06
1.906250000000000e-01 2.380779245888810e-01 -4.398673021600834e-06
1.937500000000000e-01 2.431260731791094e-01 -6.569845585812198e-06
1.968750000000000e-01 2.482335799284277e-01 -3.881034387263222e-06
2.000000000000000e-01 2.534016918120952e-01 -4.465438468108251e-06
2.031250000000000e-01 2.586316706018478e-01 -1.072323105144789e-05
2.062500000000000e-01 2.639247931739538e-01 -5.768969802176774e-06
2.093750000000000e-01 2.692823518209576e-01 -4.565278839407729e-06
2.125000000000000e-01 2.747056545671873e-01 -5.613806620219465e-06
2.156250000000000e-01 2.801960254881028e-01 -3.736429608389207e-06
2.187500000000000e-01 2.857548050335636e-01 -7.827038411145280e-06
2.218750000000000e-01 2.913833503550930e-01 -3.642832965194259e-06
2.250000000000000e-01 2.970830356372213e-01 -8.139897476949446e-06
2.281250000000000e-01 3.028552524329863e-01 -8.391141256430995e-07
2.312500000000000e-01 3.087014100036755e-01 -8.486669871806711e-06
2.343750000000000e-01 3.146229356628902e-01 -3.749900465470876e-06
2.375000000000000e-01 3.206212751250189e-01 -5.175418269858418e-06
2.406250000000000e-01 3.266978928582008e-01 -1.451641409475019e-06
2.437500000000000e-01 3.328542724418705e-01 -4.466653313078976e-06
2.468750000000000e-01 3.390919169289667e-01 -3.038413633765327e-06
2.500000000000000e-01 3.454123492128958e-01 -3.210542654214894e-06
2.531250000000000e-01 3.518171123993401e-01 -4.242117693993316e-06
2.562500000000000e-01 3.583077701830001e-01 -4.563687907241395e-06
2.593750000000000e-01 3.648859072293631e-01 -2.743541898646859e-06
2.625000000000000e-01 3.715531295615936e-01 -8.061428723988434e-06
2.656250000000000e-01 3.783110649526354e-01 -5.066783346070049e-06
2.687500000000000e-01 3.851613633226258e-01 -4.455093623828166e-06
2.718750000000000e-01 3.921056971417164e-01 -5.906370131435032e-06
2.750000000000000e-01 3.991457618383991e-01 -5.505749948645174e-06
2.781250000000000e-01 4.062832762134377e-01 -8.508429429913560e-06
2.812500000000000e-01 4.135199828595055e-01 -3.982485510613923e-06
2.843750000000000e-01 4.208576485866312e-01 -5.872909842538084e-06
2.875000000000000e-01 4.282980648535585e-01 -3.153393911212625e-06
2.906250000000000e-01 4.358430482051222e-01 -6.626058528286258e-06
2.937500000000000e-01 4.434944407157500e-01 -3.131820323169249e-06
2.968750000000000e-01 4.512541104391968e-01 -4.808980713901588e-06
3.000000000000000e-01 4.591239518646220e-01 -4.060366589415503e-06
3.031250000000000e-01 4.671058863791195e-01 -3.217937441545315e-06
3.062500000000000e-01 4.752018627368176e-01 -2.704109418091223e-06
3.093750000000000e-01 4.834138575346580e-01 -7.356819319481441e-06
3.125000000000000e-01 4.917438756949728e-01 -4.889427412030905e-06
3.156250000000000e-01 5.001939509549778e-01 -5.466754237597965e-06
3.187500000000000e-01 5.087661463633005e-01 -4.656805844054931e-06
3.218750000000000e-01 5.174625547836644e-01 -4.953088353617515e-06
3.250000000000000e-01 5.262852994058529e-01 -7.138177231767774e-06
3.281250000000000e-01 5.352365342640750e-01 -4.515793772498550e-06
3.312500000000000e-01 5.443184447628656e-01 -6.252218465581383e-06
3.343750000000000e-01 5.535332482106405e-01 -4.403947775481263e-06
3.375000000000000e-01 5.628831943610435e-01 -4.671494868527193e-06
3.406250000000000e-01 5.723705659622137e-01 -2.963818175086808e-06
3.437500000000000e-01 5.819976793141081e-01 -5.785667710334943e-06
3.468750000000000e-01 5.917668848340161e-01 -4.237858781014849e-06
3.500000000000000e-01 6.016805676304035e-01 -6.192389374041537e-06
3.531250000000000e-01 6.117411480852264e-01 -4.826142898645353e-06
3.562500000000000e-01 6.219510824448572e-01 -5.342252527447757e-06
3.593750000000000e-01 6.323128634197650e-01 -4.321772890395118e-06
3.625000000000000e-01 6.428290207931012e-01 -6.227965597343326e-06
3.656250000000000e-01 6.535021220383342e-01 -6.431394048082607e-06
3.687500000000000e-01 6.643347729460869e-01 -3.632739905616447e-06
3.718750000000000e-01 6.753296182603294e-01 -5.970923710340998e-06
3.750000000000000e-01 6.864893423240808e-01 -4.702224284400398e-06
3.781250000000000e-01 6.978166697347804e-01 -6.141332905823101e-06
3.812500000000000e-01 7.093143660094854e-01 -4.124802912939986e-06
3.843750000000000e-01 7.209852382600603e-01 -6.433063664246790e-06
3.875000000000000e-01 7.328321358785219e-01 -4.299619737884835e-06
3.906250000000000e-01 7.448579512327029e-01 -5.866670870025939e-06
3.937500000000000e-01 7.570656203724140e-01 -5.173077583630317e-06
3.968750000000000e-01 7.694581237462648e-01 -4.651098415435038e-06
4.000000000000000e-01 7.820384869293291e-01 -6.259774816602078e-06
4.031250000000000e-01 7.948097813618253e-01 -4.878252130806297e-06
4.062500000000000e-01 8.077751250989945e-01 -6.663405595252411e-06
4.093750000000000e-01 8.209376835723596e-01 -4.999503357320534e-06
4.125000000000000e-01 8.343006703625532e-01 -6.780861973727881e-06
4.156250000000000e-01 8.478673479838968e-01 -3.932454220795564e-06
4.187500000000000e-01 8.616410286809313e-01 -5.648922264805729e-06
4.218750000000000e-01 8.756250752370857e-01 -5.442537929708916e-06
4.250000000000000e-01 8.898229017956865e-01 -5.080811848647311e-06
4.281250000000000e-01 9.042379746935050e-01 -7.185987100373587e-06
4.312500000000000e-01 9.188738133070491e-01 -5.574597178428104e-06
4.343750000000000e-01 9.337339909118028e-01 -6.829567314402401e-06
4.375000000000000e-01 9.488221355546261e-01 -4.127216927912666e-06
4.406250000000000e-01 9.641419309395265e-01 -6.425228715482655e-06
4.437500000000000e-01 9.796971173270190e-01 -5.895449771032139e-06
4.468750000000000e-01 9.954914924472941e-01 -5.478393255513045e-06
4.500000000000000e-01 1.011528912427417e+00 -6.507635845907244e-06
4.531250000000000e-01 1.027813292732786e+00 -5.138687234079097e-06
4.562500000000000e-01 1.044348609123070e+00 -7.466114091589126e-06
4.593750000000000e-01 1.061138898622882e+00 -5.630079697666492e-06
4.625000000000000e-01 1.078188260507393e+00 -6.593241371973884e-06
4.656250000000000e-01 1.095500857303154e+00 -6.088299719458265e-06
4.687500000000000e-01 1.113080915804360e+00 -5.595587947811180e-06
4.718750000000000e-01 1.130932728104805e+00 -7.034857104141289e-06
4.750000000000000e-01 1.149060652645771e+00 -5.616909626019232e-06
4.781250000000000e-01 1.167469115280130e+00 -7.478128968241964e-06
4.812500000000000e-01 1.186162610352890e+00 -6.222425018586157e-06
4.843750000000000e-01 1.205145701798475e+00 -6.634103486035757e-06
4.875000000000000e-01 1.224423024254985e+00 -6.920308128901926e-06
4.906250000000000e-01 1.243999284195726e+00 -5.794834915498332e-06
4.937500000000000e-01 1.263879261078271e+00 -7.802733263877349e-06
4.968750000000000e-01 1.284067808511348e+00 -6.286526107493347e-06
5.000000000000000e-01 1.304569855439823e+00 -7.685446942659071e-06
5.031250000000000e-01 1.325390407348082e+00 -7.156135844916518e-06
5.062500000000000e-01 1.346534547482100e+00 -6.373242056668767e-06
5.093750000000000e-01 1.368007438090487e+00 -8.035423985242231e-06
5.125000000000001e-01 1.389814321684837e+00 -6.207609771283635e-06
5.156250000000000e-01 1.411960522319654e+00 -8.524178053533934e-06
5.187500000000000e-01 1.434451446892208e+00 -7.370188359804300e-06
5.218750000000000e-01 1.457292586462593e+00 -7.234876110244887e-06
5.250000000000000e-01 1.480489517594354e+00 -8.571974812036222e-06
5.281250000000001e-01 1.504047903715979e+00 -6.391035539927076e-06
5.312500000000000e-01 1.527973496503592e+00 -9.591833346594671e-06
5.343750000000000e-01 1.552272137285215e+00 -7.433161364150344e-06
5.375000000000000e-01 1.576949758466886e+00 -7.923785772573744e-06
5.406250000000000e-01 1.602012384981041e+00 -9.472464898073194e-06
5.437500000000001e-01 1.627466135757470e+00 -6.413078391920586e-06
5.468750000000000e-01 1.653317225217225e+00 -1.109424009053564e-05
5.500000000000000e-01 1.679571964789851e+00 -7.806461634932832e-06
5.531250000000000e-01 1.706236764454286e+00 -7.670702839600509e-06
5.562500000000000e-01 1.733318134303830e+00 -1.176267925838966e-05
5.593750000000001e-01 1.760822686135563e+00 -6.663446232730111e-06
5.625000000000000e-01 1.788757135064574e+00 -1.108555954888321e-05
5.656250000000000e-01 1.817128301163438e+00 -9.831431153300765e-06
5.687500000000000e-01 1.845943111127301e+00 -7.662160896364288e-06
5.718750000000000e-01 1.875208599965003e+00 -1.335865198359027e-05
5.750000000000001e-01 1.904931912716643e+00 -7.553047682164585e-06
5.781250000000000e-01 1.935120306198011e+00 -1.091187895478178e-05
5.812500000000000e-01 1.965781150772311e+00 -1.303404711025675e-05
5.843750000000000e-01 1.996921932149593e+00 -6.976858353863571e-06
5.875000000000000e-01 2.028550253214365e+00 -1.449152119767376e-05
5.906250000000001e-01 2.060673835881802e+00 -1.098450872606645e-05
5.937500000000000e-01 2.093300522983012e+00 -8.760551929036399e-06
5.968750000000000e-01 2.126438280179837e+00 -1.677126163544534e-05
6.000000000000001e-01 2.160095197909630e+00 -8.879503511908453e-06
6.031250000000000e-01 2.194279493360494e+00 -1.216825109961121e-05
6.062500000000001e-01 2.228999512477486e+00 -1.741627218860545e-05
6.093750000000000e-01 2.264263732000228e+00 -7.805825642147401e-06
6.125000000000000e-01 2.300080761532477e+00 -1.607882750715829e-05
6.156250000000001e-01 2.336459345644116e+00 -1.700937090379829e-05
6.187500000000000e-01 2.373408366006099e+00 -7.959442333902807e-06
6.218750000000001e-01 2.410936843558884e+00 -1.985822798748733e-05
6.250000000000000e-01 2.449053940714840e+00 -1.639319064679024e-05
6.281250000000000e-01 2.487768963595221e+00 -8.953589666577613e-06
6.312500000000001e-01 2.527091364302215e+00 -2.339465533396509e-05
6.343750000000000e-01 2.567030743226622e+00 -1.615479909054427e-05
6.375000000000001e-01 2.607596851391758e+00 -1.014718226068890e-05
6.406250000000000e-01 2.648799592834118e+00 -2.692680332959941e-05
6.437500000000000e-01 2.690649027021411e+00 -1.681115539145383e-05
6.468750000000001e-01 2.733155371308524e+00 -1.097803608819558e-05
6.500000000000000e-01 2.776329003432049e+00 -3.073772402010415e-05
6.531250000000001e-01 2.820180464043967e+00 -1.892857854408519e-05
6.562500000000000e-01 2.864720459285089e+00 -1.082391066920272e-05
6.593750000000000e-01 2.909959863398929e+00 -3.468662028130447e-05
6.625000000000001e-01 2.955909721386590e+00 -2.354489464553894e-05
6.656250000000000e-01 3.002581251703353e+00 -9.433711991293349e-06
6.687500000000001e-01 3.049985848997626e+00 -3.776901554506395e-05
6.718750000000000e-01 3.098135086892879e+00 -3.221549270096708e-05
6.750000000000000e-01 3.147040720813310e+00 -7.585400232571096e-06
6.781250000000001e-01 3.196714690853871e+00 -3.723309543348353e-05
6.812500000000000e-01 3.247169124695383e+00 -4.612888666877390e-05
6.843750000000001e-01 3.298416340565477e+00 -9.192295862974498e-06
6.875000000000000e-01 3.350468850246008e+00 -2.899398888297323e-05
6.906250000000000e-01 3.403339362127777e+00 -6.262454748940898e-05
6.937500000000001e-01 3.457040784313211e+00 -2.298929102044843e-05
6.968750000000000e-01 3.511586227767823e+00 -1.233810904555974e-05
7.000000000000001e-01 3.566989009521205e+00 -6.931678723664278e-05
7.031250000000000e-01 3.623262655918307e+00 -5.789710960199145e-05
7.062500000000000e-01 3.680420905921852e+00 -2.689368487172315e-06
7.093750000000001e-01 3.738477714466631e+00 -4.585733328205740e-05
7.125000000000000e-01 3.797447255866536e+00 -1.004854937437222e-04
7.156250000000001e-01 3.857343927275175e+00 -3.835992266876507e-05
7.187500000000000e-01 3.918182352200844e+00 1.086271556483497e-07
7.218750000000000e-01 3.979977384076828e+00 -9.083409174145931e-05
7.250000000000001e-01 4.042744109887770e+00 -1.271715200099185e-04
7.281250000000000e-01 4.106497853853101e+00 -2.322170390734351e-05
7.312500000000001e-01 4.171254181168399e+00 -2.105784606067333e-07
7.343750000000000e-01 4.237028901805528e+00 -1.365963708132461e-04
7.375000000000000e-01 4.303838074372613e+00 -1.773372313773607e-04
7.406250000000001e-01 4.371698010034643e+00 -2.858535933734076e-05
7.437500000000000e-01 4.440625276495786e+00 2.443200144227687e-05
7.468750000000001e-01 4.510636702044332e+00 -1.620956812813198e-04
7.500000000000000e-01 4.581749379661216e+00 -2.878379497047936e-04
7.531250000000000e-01 4.653980671193226e+00 -1.154733005753228e-04
7.562500000000001e-01 4.727348211591802e+00 8.136807404402338e-05
7.593750000000000e-01 4.801869913218528e+00 -6.970262734710400e-05
7.625000000000001e-01 4.877563970218381e+00 -4.131472497063758e-04
7.656250000000000e-01 4.954448862961714e+00 -4.449066585958601e-04
7.687500000000000e-01 5.032543362556198e+00 -6.395969265851146e-05
7.718750000000001e-01 5.111866535429675e+00 2.119906096285539e-04
7.750000000000000e-01 5.192437747985146e+00 -9.364561815636484e-05
7.781250000000001e-01 5.274276671329015e+00 -7.512278734306143e-04
7.812500000000000e-01 5.357403286073669e+00 -1.021294001681013e-03
7.843750000000000e-01 5.441837887215693e+00 -4.932553065564178e-04
7.875000000000001e-01 5.527601089090773e+00 3.903080760850127e-04
7.906250000000000e-01 5.614713830406605e+00 6.862851841833313e-04
7.937500000000001e-01 5.703197379355005e+00 -1.832495436149883e-04
7.968750000000000e-01 5.793073338804412e+00 -1.857094777842601e-03
8.000000000000000e-01 5.884363651574169e+00 -3.204244750414141e-03
8.031250000000001e-01 5.977090605791737e+00 -3.032303903850356e-03
8.062500000000000e-01 6.071276840334257e+00 -7.802338239149508e-04
8.093750000000001e-01 6.166945350355728e+00 3.226905883701762e-03
8.125000000000000e-01 6.264119492901173e+00 8.007917165122024e-03
8.156250000000000e-01 6.362822992609162e+00 1.240078092021269e-02
8.187500000000001e-01 6.463079947504072e+00 1.549281028238525e-02
8.218750000000000e-01 6.564914834879517e+00 1.683762081440002e-02
8.250000000000001e-01 6.668352517274371e+00 1.644972846426723e-02
8.281250000000000e-01 6.773418248542846e+00 1.466166715799361e-02
8.312500000000000e-01 6.880137680020114e+00 1.194538041406928e-02
8.343750000000001e-01 6.988536866784961e+00 8.768121476351526e-03
8.375000000000000e-01 7.098642274021019e+00 5.509613681353866e-03
8.406250000000001e-01 7.210480783478133e+00 2.433988132912935e-03
8.437500000000000e-01 7.324079700035414e+00 -3.044955581974544e-04
8.468750000000000e-01 7.439466758367605e+00 -2.640471749310527e-03
8.500000000000001e-01 7.556670129716381e+00 -4.570430313192952e-03
8.531250000000000e-01 7.675718428768239e+00 -6.124456611679752e-03
8.562500000000001e-01 7.796640720640633e+00 -7.342945708462301e-03
8.593750000000000e-01 7.919466527978115e+00 -8.264649819352146e-03
8.625000000000000e-01 8.044225838160141e+00 -8.926283219642880e-03
8.656250000000001e-01 8.170949110622363e+00 -9.365467600940562e-03
8.687500000000000e-01 8.299667284293170e+00 -9.617055543618674e-03
8.718750000000001e-01 8.430411785147284e+00 -9.700841321914160e-03
8.750000000000000e-01 8.563214533878281e+00 -9.608657139504222e-03
8.781250000000000e-01 8.698107953691880e+00 -9.302297056092526e-03
8.812500000000001e-01 8.835124978221932e+00 -8.727135908837594e-03
8.843750000000000e-01 8.974299059571019e+00 -7.836552544688461e-03
8.875000000000001e-01 9.115664176477637e+00 -6.616476938052531e-03
8.906250000000000e-01 9.259254842611947e+00 -5.100864917316996e-03
8.937500000000000e-01 9.405106115002161e+00 -3.374249556236978e-03
8.968750000000001e-01 9.553253602593529e+00 -1.562299123195063e-03
9.000000000000000e-01 9.703733474942130e+00 1.865759701479768e-04
9.031250000000001e-01 9.856582471045494e+00 1.724954527626187e-03
9.062500000000000e-01 1.001183790831228e+01 2.931195036635314e-03
9.093750000000000e-01 1.016953769167313e+01 3.730066728906234e-03
9.125000000000001e-01 1.032972032283505e+01 4.104041727338613e-03
9.156250000000000e-01 1.049242490968134e+01 4.092129558229060e-03
9.187500000000001e-01 1.065769117581972e+01 3.776832787916212e-03
9.218750000000000e-01 1.082555947028058e+01 3.263494714785093e-03
9.250000000000000e-01 1.099607077736805e+01 2.658273540015683e-03
9.281250000000001e-01 1.116926672666618e+01 2.050489530214564e-03
9.312500000000000e-01 1.134518960320255e+01 1.502700791760279e-03
9.343750000000001e-01 1.152388235777201e+01 1.048872079760534e-03
9.375000000000000e-01 1.170538861742293e+01 6.986675798765664e-04
9.406250000000000e-01 1.188975269610854e+01 4.448721782285825e-04
9.437500000000001e-01 1.207701960550600e+01 2.711644480479121e-04
9.468750000000000e-01 1.226723506600578e+01 1.584175924685190e-04
9.500000000000001e-01 1.246044551787411e+01 8.880321772048786e-05
9.531250000000000e-01 1.265669813259115e+01 4.781265843799644e-05
9.562500000000000e-01 1.285604082436773e+01 2.474806477713748e-05
9.593750000000001e-01 1.305852226184337e+01 1.232497613573433e-05
9.625000000000000e-01 1.326419187996850e+01 5.910325870655296e-06
9.656250000000001e-01 1.347309989207381e+01 2.731030704411825e-06
9.687500000000000e-01 1.368529730212962e+01 1.216799778169080e-06
9.718750000000000e-01 1.390083591719824e+01 5.230669462233338e-07
9.750000000000001e-01 1.411976836008246e+01 2.170660784565934e-07
9.781250000000000e-01 1.434214808217320e+01 8.700788134611537e-08
9.812500000000001e-01 1.456802937649935e+01 3.370371762258986e-08
9.843750000000000e-01 1.479746739098328e+01 1.262301469787676e-08
9.875000000000000e-01 1.503051814190487e+01 4.572701482701730e-09
9.906250000000001e-01 1.526723852757770e+01 1.604119424332978e-09
9.937500000000000e-01 1.550768634224049e+01 5.417538783758089e-10
9.968750000000001e-01 1.575192029016732e+01 1.868397935140171e-10
1.000000000000000e+00 1.600000000000000e+01 3.727655473541429e-11
