0.000000000000000e+00 0.000000000000000e+00 -8.614873614412001e-04
3.125000000000000e-03 3.369263549427258e-03 -8.614873614411999e-04
6.250000000000000e-03 6.739349689698711e-03 1.588996665960501e-04
9.375000000000001e-03 1.011108121249049e-02 -2.722247920340649e-04
1.250000000000000e-02 1.348528131119160e-02 2.896971525082955e-04
1.562500000000000e-02 1.686277378188298e-02 -3.678172812386844e-04
1.875000000000000e-02 2.024438322446370e-02 3.126957999414401e-04
2.187500000000000e-02 2.363093524397333e-02 -3.764773993685690e-04
2.500000000000000e-02 2.702325665215984e-02 2.990228050602346e-04
2.812500000000000e-02 3.042217566934200e-02 -3.403727867696857e-04
3.125000000000000e-02 3.382852212661575e-02 2.959900311732125e-04
3.437500000000000e-02 3.724312766845378e-02 -3.334732659466561e-04
3.750000000000001e-02 4.066682595574785e-02 3.007069649868064e-04
4.062500000000000e-02 4.410045286934348e-02 -3.272274309205092e-04
4.375000000000000e-02 4.754484671411652e-02 2.860188102322614e-04
4.687500000000000e-02 5.100084842364160e-02 -3.023122347790837e-04
5.000000000000000e-02 5.446930176550237e-02 2.881091271521776e-04
5.312500000000001e-02 5.795105354729364e-02 -2.556122159541674e-04
5.625000000000000e-02 6.144695382336569e-02 2.438972548844501e-04
5.937500000000000e-02 6.495785610236132e-02 -2.341378733309308e-04
6.250000000000000e-02 6.848461755559625e-02 2.322890300094917e-04
6.562500000000000e-02 7.202809922633362e-02 -2.207285491457942e-04
6.875000000000001e-02 7.558916624000402e-02 2.058091942783255e-04
7.187500000000001e-02 7.916868801542200e-02 -1.883260507812107e-04
7.500000000000001e-02 8.276753847705080e-02 1.799852609560934e-04
7.812500000000000e-02 8.638659626836727e-02 -1.900620923642958e-04
8.125000000000000e-02 9.002674496637868e-02 1.698278846516479e-04
8.437500000000001e-02 9.368887329734420e-02 -1.333875908741307e-04
8.750000000000001e-02 9.737387535375355e-02 1.368735623293770e-04
9.062500000000001e-02 1.010826508126157e-01 -1.153846406696180e-04
9.375000000000000e-02 1.048161051551108e-01 1.054953883296448e-04
9.687500000000000e-02 1.085751498876601e-01 -9.397972323716859e-05
1.000000000000000e-01 1.123607027644654e-01 8.343883282654634e-05
1.031250000000000e-01 1.161736880115753e-01 -6.628063860864106e-05
1.062500000000000e-01 1.200150365525305e-01 5.948234826730709e-05
1.093750000000000e-01 1.238856862356450e-01 -3.541778682630810e-05
1.125000000000000e-01 1.277865820629775e-01 3.783354687769633e-05
1.156250000000000e-01 1.317186764210495e-01 -1.886376314535584e-05
1.187500000000000e-01 1.356829293133661e-01 1.411177371547112e-05
1.218750000000000e-01 1.396803085947971e-01 1.841831238633748e-05
1.250000000000000e-01 1.437117902078738e-01 -4.849576860417855e-06
1.281250000000000e-01 1.477783584210617e-01 2.839264400780899e-05
1.312500000000000e-01 1.518810060690650e-01 -2.931986694104757e-05
1.343750000000000e-01 1.560207347952229e-01 4.492785832263547e-05
1.375000000000000e-01 1.601985552960564e-01 -4.275618955165127e-05
1.406250000000000e-01 1.644154875680252e-01 6.038140214414873e-05
1.437500000000000e-01 1.686725611565558e-01 -6.051064209404073e-05
1.468750000000000e-01 1.729708154074000e-01 6.829787677067959e-05
1.500000000000000e-01 1.773112997203869e-01 -6.795987284652041e-05
1.531250000000000e-01 1.816950738056289e-01 8.056873377658686e-05
1.562500000000000e-01 1.861232079422458e-01 -7.849040794257633e-05
1.593750000000000e-01 1.905967832396682e-01 8.741259911411027e-05
1.625000000000000e-01 1.951168919015860e-01 -7.777478368934834e-05
1.656250000000000e-01 1.996846374926046e-01 8.322730313947054e-05
1.687500000000000e-01 2.043011352076760e-01 -7.940477961113700e-05
1.718750000000000e-01 2.089675121443681e-01 8.410362565308647e-05
1.750000000000000e-01 2.136849075780412e-01 -7.550336849349583e-05
1.781250000000000e-01 2.184544732399964e-01 8.233832243662382e-05
1.812500000000000e-01 2.232773735986666e-01 -7.073001257795168e-05
1.843750000000000e-01 2.281547861439151e-01 6.566771629350299e-05
1.875000000000000e-01 2.330879016745160e-01 -5.759609202400462e-05
1.906250000000000e-01 2.380779245888810e-01 5.627588097881338e-05
1.937500000000000e-01 2.431260731791094e-01 -4.799088559831021e-05
1.968750000000000e-01 2.482335799284277e-01 4.055104408400523e-05
2.000000000000000e-01 2.534016918120952e-01 -3.283552797490568e-05
2.031250000000000e-01 2.586316706018478e-01 2.791266362723521e-05
2.062500000000000e-01 2.639247931739538e-01 -1.923531305519703e-05
2.093750000000000e-01 2.692823518209576e-01 1.563404623175964e-05
2.125000000000000e-01 2.747056545671873e-01 -2.779012736455474e-06
2.156250000000000e-01 2.801960254881028e-01 -4.129118410794041e-06
2.187500000000000e-01 2.857548050335636e-01 1.321480729980332e-05
2.218750000000000e-01 2.913833503550930e-01 -1.785111247207365e-05
2.250000000000000e-01 2.970830356372213e-01 2.940217399439753e-05
2.281250000000000e-01 3.028552524329863e-01 -3.113803202431376e-05
2.312500000000000e-01 3.087014100036755e-01 3.778413271095943e-05
2.343750000000000e-01 3.146229356628902e-01 -4.018691734541228e-05
2.375000000000000e-01 3.206212751250189e-01 4.846330807413429e-05
2.406250000000000e-01 3.266978928582008e-01 -4.902704510719766e-05
2.437500000000000e-01 3.328542724418705e-01 5.213284434889936e-05
2.468750000000000e-01 3.390919169289667e-01 -5.386384704637869e-05
2.500000000000000e-01 3.454123492128958e-01 5.521885590155555e-05
2.531250000000000e-01 3.518171123993401e-01 -5.254982198752855e-05
2.562500000000000e-01 3.583077701830001e-01 5.270525964666135e-05
2.593750000000000e-01 3.648859072293631e-01 -4.442222074450102e-05
2.625000000000000e-01 3.715531295615936e-01 4.628841660382336e-05
2.656250000000000e-01 3.783110649526354e-01 -3.644154398922058e-05
2.687500000000000e-01 3.851613633226258e-01 3.379794745318232e-05
2.718750000000000e-01 3.921056971417164e-01 -2.346086065711756e-05
2.750000000000000e-01 3.991457618383991e-01 2.164155740343661e-05
2.781250000000000e-01 4.062832762134377e-01 -9.276369608559274e-06
2.812500000000000e-01 4.135199828595055e-01 7.163936213053564e-06
2.843750000000000e-01 4.208576485866312e-01 5.195829487504057e-06
2.875000000000000e-01 4.282980648535585e-01 -8.014401138916571e-06
2.906250000000000e-01 4.358430482051222e-01 2.098886586487457e-05
2.937500000000000e-01 4.434944407157500e-01 -2.058200687685316e-05
2.968750000000000e-01 4.512541104391968e-01 3.230273312878835e-05
3.000000000000000e-01 4.591239518646220e-01 -3.108135832645099e-05
3.031250000000000e-01 4.671058863791195e-01 4.070522350455114e-05
3.062500000000000e-01 4.752018627368176e-01 -3.848703118475995e-05
3.093750000000000e-01 4.834138575346580e-01 4.403330342280400e-05
3.125000000000000e-01 4.917438756949728e-01 -4.047504066697088e-05
3.156250000000000e-01 5.001939509549778e-01 4.290304655294844e-05
3.187500000000000e-01 5.087661463633005e-01 -3.599385923046555e-05
3.218750000000000e-01 5.174625547836644e-01 3.485924671566439e-05
3.250000000000000e-01 5.262852994058529e-01 -2.582786069208875e-05
3.281250000000000e-01 5.352365342640750e-01 2.249835987014685e-05
3.312500000000000e-01 5.443184447628656e-01 -1.302679358070376e-05
3.343750000000000e-01 5.535332482106405e-01 7.492015139538552e-06
3.375000000000000e-01 5.628831943610435e-01 2.793762417347188e-06
3.406250000000000e-01 5.723705659622137e-01 -7.078312605052923e-06
3.437500000000000e-01 5.819976793141081e-01 1.816530352731615e-05
3.468750000000000e-01 5.917668848340161e-01 -2.111863461297589e-05
3.500000000000000e-01 6.016805676304035e-01 2.999243850015074e-05
3.531250000000000e-01 6.117411480852264e-01 -2.982590960841072e-05
3.562500000000000e-01 6.219510824448572e-01 3.688136573302600e-05
3.593750000000000e-01 6.323128634197650e-01 -3.364037542470314e-05
3.625000000000000e-01 6.428290207931012e-01 3.767201645294361e-05
3.656250000000000e-01 6.535021220383342e-01 -3.120259509841651e-05
3.687500000000000e-01 6.643347729460869e-01 3.000783599327824e-05
3.718750000000000e-01 6.753296182603294e-01 -1.988272274311455e-05
3.750000000000000e-01 6.864893423240808e-01 1.749331349221694e-05
3.781250000000000e-01 6.978166697347804e-01 -5.039638930333999e-06
3.812500000000000e-01 7.093143660094854e-01 6.193615691089192e-07
3.843750000000000e-01 7.209852382600603e-01 1.103156150868831e-05
3.875000000000000e-01 7.328321358785219e-01 -1.426876854528753e-05
3.906250000000000e-01 7.448579512327029e-01 2.503793999605686e-05
3.937500000000000e-01 7.570656203724140e-01 -2.541219171077581e-05
3.968750000000000e-01 7.694581237462648e-01 3.323389763972919e-05
4.000000000000000e-01 7.820384869293291e-01 -3.014485967401243e-05
4.031250000000000e-01 7.948097813618253e-01 3.226804776619516e-05
4.062500000000000e-01 8.077751250989945e-01 -2.546274801327179e-05
4.093750000000000e-01 8.209376835723596e-01 2.329534714368610e-05
4.125000000000000e-01 8.343006703625532e-01 -1.285797213607503e-05
4.156250000000000e-01 8.478673479838968e-01 8.225327124438840e-06
4.187500000000000e-01 8.616410286809313e-01 3.569072681272420e-06
4.218750000000000e-01 8.756250752370857e-01 -8.906248431946468e-06
4.250000000000000e-01 8.898229017956865e-01 2.035150747643527e-05
4.281250000000000e-01 9.042379746935050e-01 -2.172207429365957e-05
4.312500000000000e-01 9.188738133070491e-01 2.961337203565034e-05
4.343750000000000e-01 9.337339909118028e-01 -2.671806257589922e-05
4.375000000000000e-01 9.488221355546261e-01 2.982045286160214e-05
4.406250000000000e-01 9.641419309395265e-01 -2.182324579699774e-05
4.437500000000000e-01 9.796971173270190e-01 1.941018214724514e-05
4.468750000000000e-01 9.954914924472941e-01 -7.644484527439043e-06
4.500000000000000e-01 1.011528912427417e+00 2.298815895892390e-06
4.531250000000000e-01 1.027813292732786e+00 1.039997898302518e-05
4.562500000000000e-01 1.044348609123070e+00 -1.481425391453974e-05
4.593750000000000e-01 1.061138898622882e+00 2.461359231543830e-05
4.625000000000000e-01 1.078188260507393e+00 -2.486465984225166e-05
4.656250000000000e-01 1.095500857303154e+00 2.918035954806084e-05
4.687500000000000e-01 1.113080915804360e+00 -2.319801308160913e-05
4.718750000000000e-01 1.130932728104805e+00 2.146755780094971e-05
4.750000000000000e-01 1.149060652645771e+00 -9.289819272404125e-06
4.781250000000000e-01 1.167469115280130e+00 3.389473254699624e-06
4.812500000000000e-01 1.186162610352890e+00 1.042824616912436e-05
4.843750000000000e-01 1.205145701798475e+00 -1.589967500040815e-05
4.875000000000000e-01 1.224423024254985e+00 2.610486486136600e-05
4.906250000000000e-01 1.243999284195726e+00 -2.598473130081797e-05
4.937500000000000e-01 1.263879261078271e+00 2.923132126919320e-05
4.968750000000000e-01 1.284067808511348e+00 -2.033396605606234e-05
5.000000000000000e-01 1.304569855439823e+00 1.504963681431668e-05
5.031250000000000e-01 1.325390407348082e+00 -5.945223115120706e-07
5.062500000000000e-01 1.346534547482100e+00 -7.984401233403671e-06
5.093750000000000e-01 1.368007438090487e+00 2.221392702922045e-05
5.125000000000001e-01 1.389814321684837e+00 -2.590015747296593e-05
5.156250000000000e-01 1.411960522319654e+00 3.172781596575773e-05
5.187500000000000e-01 1.434451446892208e+00 -2.458945544015845e-05
5.218750000000000e-01 1.457292586462593e+00 1.916314657148834e-05
5.250000000000000e-01 1.480489517594354e+00 -2.797151317757381e-06
5.281250000000001e-01 1.504047903715979e+00 -8.126597467014863e-06
5.312500000000000e-01 1.527973496503592e+00 2.399125712072565e-05
5.343750000000000e-01 1.552272137285215e+00 -2.851333493136288e-05
5.375000000000000e-01 1.576949758466886e+00 3.289491821550605e-05
5.406250000000000e-01 1.602012384981041e+00 -2.320782886587722e-05
5.437500000000001e-01 1.627466135757470e+00 1.398617715196616e-05
5.468750000000000e-01 1.653317225217225e+00 5.346386707132974e-06
5.500000000000000e-01 1.679571964789851e+00 -1.747839270428462e-05
5.531250000000000e-01 1.706236764454286e+00 3.149682892839817e-05
5.562500000000000e-01 1.733318134303830e+00 -3.152270833817904e-05
5.593750000000001e-01 1.760822686135563e+00 2.870839537212377e-05
5.625000000000000e-01 1.788757135064574e+00 -1.163669093547082e-05
5.656250000000000e-01 1.817128301163438e+00 -3.319766962516958e-06
5.687500000000000e-01 1.845943111127301e+00 2.382136228347431e-05
5.718750000000000e-01 1.875208599965003e+00 -3.218859026870805e-05
5.750000000000001e-01 1.904931912716643e+00 3.588941287250390e-05
5.781250000000000e-01 1.935120306198011e+00 -2.215995598361962e-05
5.812500000000000e-01 1.965781150772311e+00 6.206888028256670e-06
5.843750000000000e-01 1.996921932149593e+00 1.780179405925701e-05
5.875000000000000e-01 2.028550253214365e+00 -3.127201322708099e-05
5.906250000000001e-01 2.060673835881802e+00 3.903484874434511e-05
5.937500000000000e-01 2.093300522983012e+00 -2.723756098513214e-05
5.968750000000000e-01 2.126438280179837e+00 9.463942863088820e-06
6.000000000000001e-01 2.160095197909630e+00 1.777653938343634e-05
6.031250000000000e-01 2.194279493360494e+00 -3.419145526058118e-05
6.062500000000001e-01 2.228999512477486e+00 4.159390192313840e-05
6.093750000000000e-01 2.264263732000228e+00 -2.672379798599385e-05
6.125000000000000e-01 2.300080761532477e+00 3.730219419404280e-06
6.156250000000001e-01 2.336459345644116e+00 2.628537587538440e-05
6.187500000000000e-01 2.373408366006099e+00 -4.119407681803458e-05
6.218750000000001e-01 2.410936843558884e+00 4.103982169937085e-05
6.250000000000000e-01 2.449053940714840e+00 -1.665948887976986e-05
6.281250000000000e-01 2.487768963595221e+00 -1.366165453142291e-05
6.312500000000001e-01 2.527091364302215e+00 4.199321808806518e-05
6.343750000000000e-01 2.567030743226622e+00 -4.579096008052445e-05
6.375000000000001e-01 2.607596851391758e+00 2.777919724775309e-05
6.406250000000000e-01 2.648799592834118e+00 1.003355550523724e-05
6.437500000000000e-01 2.690649027021411e+00 -4.114682983668980e-05
6.468750000000001e-01 2.733155371308524e+00 5.209746309789522e-05
6.500000000000000e-01 2.776329003432049e+00 -2.910111433907111e-05
6.531250000000001e-01 2.820180464043967e+00 -1.124291419804294e-05
6.562500000000000e-01 2.864720459285089e+00 4.878136749234890e-05
6.593750000000000e-01 2.909959863398929e+00 -5.415013319836855e-05
6.625000000000001e-01 2.955909721386590e+00 2.446081680601582e-05
6.656250000000000e-01 3.002581251703353e+00 2.567323550175453e-05
6.687500000000001e-01 3.049985848997626e+00 -5.922978273083631e-05
6.718750000000000e-01 3.098135086892879e+00 5.194205745554121e-05
6.750000000000000e-01 3.147040720813310e+00 -3.970341208632914e-06
6.781250000000001e-01 3.196714690853871e+00 -4.989160827128295e-05
6.812500000000000e-01 3.247169124695383e+00 6.737588865508840e-05
6.843750000000001e-01 3.298416340565477e+00 -3.072693135105380e-05
6.875000000000000e-01 3.350468850246008e+00 -3.505815109567361e-05
6.906250000000000e-01 3.403339362127777e+00 7.410686124982632e-05
6.937500000000001e-01 3.457040784313211e+00 -5.102448488364213e-05
6.968750000000000e-01 3.511586227767823e+00 -2.216338084758478e-05
7.000000000000001e-01 3.566989009521205e+00 7.793267958654959e-05
7.031250000000000e-01 3.623262655918307e+00 -6.500168877670113e-05
7.062500000000000e-01 3.680420905921852e+00 -1.633300902909422e-05
7.093750000000001e-01 3.738477714466631e+00 8.413058966127149e-05
7.125000000000000e-01 3.797447255866536e+00 -7.306660250236456e-05
7.156250000000001e-01 3.857343927275175e+00 -2.170039554539108e-05
7.187500000000000e-01 3.918182352200844e+00 9.564595541941425e-05
7.218750000000000e-01 3.979977384076828e+00 -7.285520909936694e-05
7.250000000000001e-01 4.042744109887770e+00 -4.259436138271086e-05
7.281250000000000e-01 4.106497853853101e+00 1.108627190595925e-04
7.312500000000001e-01 4.171254181168399e+00 -5.652482233142304e-05
7.343750000000000e-01 4.237028901805528e+00 -8.181477437292846e-05
7.375000000000000e-01 4.303838074372613e+00 1.188613989512818e-04
7.406250000000001e-01 4.371698010034643e+00 -1.112405396627269e-05
7.437500000000000e-01 4.440625276495786e+00 -1.324518767342091e-04
7.468750000000001e-01 4.510636702044332e+00 9.423630057787675e-05
7.500000000000000e-01 4.581749379661216e+00 7.121855633122819e-05
7.531250000000000e-01 4.653980671193226e+00 -1.618601996057952e-04
7.562500000000001e-01 4.727348211591802e+00 3.532939218796251e-06
7.593750000000000e-01 4.801869913218528e+00 1.625101504036450e-04
7.625000000000001e-01 4.877563970218381e+00 -1.042129348847663e-04
7.656250000000000e-01 4.954448862961714e+00 -1.484556152243072e-04
7.687500000000000e-01 5.032543362556198e+00 1.625645157676402e-04
7.718750000000001e-01 5.111866535429675e+00 8.165219168624485e-05
7.750000000000000e-01 5.192437747985146e+00 -2.326788508103586e-04
7.781250000000001e-01 5.274276671329015e+00 -4.317587061832246e-05
7.812500000000000e-01 5.357403286073669e+00 2.486941511343636e-04
7.843750000000000e-01 5.441837887215693e+00 -3.202654311921342e-05
7.875000000000001e-01 5.527601089090773e+00 -3.053236513504506e-04
7.906250000000000e-01 5.614713830406605e+00 4.229827405740579e-05
7.937500000000001e-01 5.703197379355005e+00 3.119332980892738e-04
7.968750000000000e-01 5.793073338804412e+00 -9.039332513417321e-05
8.000000000000000e-01 5.884363651574169e+00 -3.999504015592204e-04
8.031250000000001e-01 5.977090605791737e+00 2.763739073682364e-05
8.062500000000000e-01 6.071276840334257e+00 4.218160275328496e-04
8.093750000000001e-01 6.166945350355728e+00 3.547327163656825e-06
8.125000000000000e-01 6.264119492901173e+00 -5.436942691617864e-04
8.156250000000000e-01 6.362822992609162e+00 -2.338946465990509e-04
8.187500000000001e-01 6.463079947504072e+00 4.897798479514796e-04
8.218750000000000e-01 6.564914834879517e+00 4.271965240501754e-04
8.250000000000001e-01 6.668352517274371e+00 -4.377597835462277e-04
8.281250000000000e-01 6.773418248542846e+00 -8.421118362563837e-04
8.312500000000000e-01 6.880137680020114e+00 -1.024217098589419e-04
8.343750000000001e-01 6.988536866784961e+00 8.530140564853483e-04
8.375000000000000e-01 7.098642274021019e+00 6.954891673920489e-04
8.406250000000001e-01 7.210480783478133e+00 -5.610734192717002e-04
8.437500000000000e-01 7.324079700035414e+00 -1.516575885893844e-03
8.468750000000000e-01 7.439466758367605e+00 -9.861022004049990e-04
8.500000000000001e-01 7.556670129716381e+00 6.755038204342021e-04
8.531250000000000e-01 7.675718428768239e+00 1.894791716362798e-03
8.562500000000001e-01 7.796640720640633e+00 1.360496218957314e-03
8.593750000000000e-01 7.919466527978115e+00 -8.270207014467732e-04
8.625000000000000e-01 8.044225838160141e+00 -3.255409748807670e-03
8.656250000000001e-01 8.170949110622363e+00 -4.250080362132109e-03
8.687500000000000e-01 8.299667284293170e+00 -2.928276515009605e-03
8.718750000000001e-01 8.430411785147284e+00 4.210446685104275e-04
8.750000000000000e-01 8.563214533878281e+00 4.667966337278525e-03
8.781250000000000e-01 8.698107953691880e+00 8.490606411383274e-03
8.812500000000001e-01 8.835124978221932e+00 1.092255035553355e-02
8.843750000000000e-01 8.974299059571019e+00 1.159575957460015e-02
8.875000000000001e-01 9.115664176477637e+00 1.067725981352321e-02
8.906250000000000e-01 9.259254842611947e+00 8.637401133015947e-03
8.937500000000000e-01 9.405106115002161e+00 6.006801877755216e-03
8.968750000000001e-01 9.553253602593529e+00 3.226079787394599e-03
9.000000000000000e-01 9.703733474942130e+00 6.044784029087904e-04
9.031250000000001e-01 9.856582471045494e+00 -1.668612802758101e-03
9.062500000000000e-01 1.001183790831228e+01 -3.504315202073224e-03
9.093750000000000e-01 1.016953769167313e+01 -4.904174375255458e-03
9.125000000000001e-01 1.032972032283505e+01 -5.936341792920370e-03
9.156250000000000e-01 1.049242490968134e+01 -6.692782328212553e-03
9.187500000000001e-01 1.065769117581972e+01 -7.237162343695393e-03
9.218750000000000e-01 1.082555947028058e+01 -7.571207455383839e-03
9.250000000000000e-01 1.099607077736805e+01 -7.633280462191711e-03
9.281250000000001e-01 1.116926672666618e+01 -7.329294466572520e-03
9.312500000000000e-01 1.134518960320255e+01 -6.581381706266712e-03
9.343750000000001e-01 1.152388235777201e+01 -5.376181847452825e-03
9.375000000000000e-01 1.170538861742293e+01 -3.794184501879533e-03
9.406250000000000e-01 1.188975269610854e+01 -2.007354870993308e-03
9.437500000000001e-01 1.207701960550600e+01 -2.431417190976489e-04
9.468750000000000e-01 1.226723506600578e+01 1.272964218654382e-03
9.500000000000001e-01 1.246044551787411e+01 2.374526194980543e-03
9.531250000000000e-01 1.265669813259115e+01 2.989742721512430e-03
9.562500000000000e-01 1.285604082436773e+01 3.145040747770814e-03
9.593750000000001e-01 1.305852226184337e+01 2.940413616629551e-03
9.625000000000000e-01 1.326419187996850e+01 2.510279703673568e-03
9.656250000000001e-01 1.347309989207381e+01 1.985630415196273e-03
9.687500000000000e-01 1.368529730212962e+01 1.468392790099688e-03
9.718750000000000e-01 1.390083591719824e+01 1.021420317503667e-03
9.750000000000001e-01 1.411976836008246e+01 6.712979111860794e-04
9.781250000000000e-01 1.434214808217320e+01 4.182793718349011e-04
9.812500000000001e-01 1.456802937649935e+01 2.477595074790216e-04
9.843750000000000e-01 1.479746739098328e+01 1.398505858562386e-04
9.875000000000000e-01 1.503051814190487e+01 7.532383221502397e-05
9.906250000000001e-01 1.526723852757770e+01 3.886757022464556e-05
9.937500000000000e-01 1.550768634224049e+01 1.905510453906288e-05
9.968750000000001e-01 1.575192029016732e+01 9.223671486544490e-06
1.000000000000000e+00 1.600000000000000e+01 3.732064176541807e-06
