0.000000000000000e+00 0.000000000000000e+00 7.852823511005353e-01
3.125000000000000e-03 3.369263549427258e-03 7.852823511005353e-01
6.250000000000000e-03 6.739349689698711e-03 7.619982011767608e-01
9.375000000000001e-03 1.011108121249049e-02 7.565866752009388e-01
1.250000000000000e-02 1.348528131119160e-02 7.534495446766172e-01
1.562500000000000e-02 1.686277378188298e-02 7.516392613979915e-01
1.875000000000000e-02 2.024438322446370e-02 7.499940030696250e-01
2.187500000000000e-02 2.363093524397333e-02 7.486256248743975e-01
2.500000000000000e-02 2.702325665215984e-02 7.472257008270303e-01
2.812500000000000e-02 3.042217566934200e-02 7.458908283770460e-01
3.125000000000000e-02 3.382852212661575e-02 7.445047972642995e-01
3.437500000000000e-02 3.724312766845378e-02 7.431412859067726e-01
3.750000000000001e-02 4.066682595574785e-02 7.415789102915671e-01
4.062500000000000e-02 4.410045286934348e-02 7.400618596755111e-01
4.375000000000000e-02 4.754484671411652e-02 7.383192372349121e-01
4.687500000000000e-02 5.100084842364160e-02 7.365980921041346e-01
5.000000000000000e-02 5.446930176550237e-02 7.347163538929025e-01
5.312500000000001e-02 5.795105354729364e-02 7.327582922837603e-01
5.625000000000000e-02 6.144695382336569e-02 7.306585855416035e-01
5.937500000000000e-02 6.495785610236132e-02 7.284660760854468e-01
6.250000000000000e-02 6.848461755559625e-02 7.261205304659488e-01
6.562500000000000e-02 7.202809922633362e-02 7.237065457320174e-01
6.875000000000001e-02 7.558916624000402e-02 7.211087373709094e-01
7.187500000000001e-02 7.916868801542200e-02 7.184429954191598e-01
7.500000000000001e-02 8.276753847705080e-02 7.155793995267757e-01
7.812500000000000e-02 8.638659626836727e-02 7.126302472749619e-01
8.125000000000000e-02 9.002674496637868e-02 7.095206054907929e-01
8.437500000000001e-02 9.368887329734420e-02 7.062885343018818e-01
8.750000000000001e-02 9.737387535375355e-02 7.028911599622722e-01
9.062500000000001e-02 1.010826508126157e-01 6.993677876427807e-01
9.375000000000000e-02 1.048161051551108e-01 6.956592132981504e-01
9.687500000000000e-02 1.085751498876601e-01 6.918365837177316e-01
1.000000000000000e-01 1.123607027644654e-01 6.878346838114332e-01
1.031250000000000e-01 1.161736880115753e-01 6.836933886446774e-01
1.062500000000000e-01 1.200150365525305e-01 6.793620734636443e-01
1.093750000000000e-01 1.238856862356450e-01 6.748895058952707e-01
1.125000000000000e-01 1.277865820629775e-01 6.702286917962491e-01
1.156250000000000e-01 1.317186764210495e-01 6.654203687505130e-01
1.187500000000000e-01 1.356829293133661e-01 6.604138837000455e-01
1.218750000000000e-01 1.396803085947971e-01 6.552427565403594e-01
1.250000000000000e-01 1.437117902078738e-01 6.498886347051196e-01
1.281250000000000e-01 1.477783584210617e-01 6.443588980910659e-01
1.312500000000000e-01 1.518810060690650e-01 6.386373151008026e-01
1.343750000000000e-01 1.560207347952229e-01 6.327438183828950e-01
1.375000000000000e-01 1.601985552960564e-01 6.266279868656028e-01
1.406250000000000e-01 1.644154875680252e-01 6.203513487439675e-01
1.437500000000000e-01 1.686725611565558e-01 6.138833155323373e-01
1.468750000000000e-01 1.729708154074000e-01 6.072099323342073e-01
1.500000000000000e-01 1.773112997203869e-01 6.003411428978918e-01
1.531250000000000e-01 1.816950738056289e-01 5.932890672915304e-01
1.562500000000000e-01 1.861232079422458e-01 5.860338571639252e-01
1.593750000000000e-01 1.905967832396682e-01 5.785885038143912e-01
1.625000000000000e-01 1.951168919015860e-01 5.709437187703167e-01
1.656250000000000e-01 1.996846374926046e-01 5.631144080046305e-01
1.687500000000000e-01 2.043011352076760e-01 5.550857041677089e-01
1.718750000000000e-01 2.089675121443681e-01 5.468697035696714e-01
1.750000000000000e-01 2.136849075780412e-01 5.384717689987215e-01
1.781250000000000e-01 2.184544732399964e-01 5.298848529964980e-01
1.812500000000000e-01 2.232773735986666e-01 5.211212885505200e-01
1.843750000000000e-01 2.281547861439151e-01 5.121826655132705e-01
1.875000000000000e-01 2.330879016745160e-01 5.030715686639311e-01
1.906250000000000e-01 2.380779245888810e-01 4.937983534828514e-01
1.937500000000000e-01 2.431260731791094e-01 4.843664660926294e-01
1.968750000000000e-01 2.482335799284277e-01 4.747798106857435e-01
2.000000000000000e-01 2.534016918120952e-01 4.650565828373574e-01
2.031250000000000e-01 2.586316706018478e-01 4.551892568746806e-01
2.062500000000000e-01 2.639247931739538e-01 4.452026253488048e-01
2.093750000000000e-01 2.692823518209576e-01 4.350938056606943e-01
2.125000000000000e-01 2.747056545671873e-01 4.248798772361422e-01
2.156250000000000e-01 2.801960254881028e-01 4.145665720686511e-01
2.187500000000000e-01 2.857548050335636e-01 4.041717406558526e-01
2.218750000000000e-01 2.913833503550930e-01 3.936942780759561e-01
2.250000000000000e-01 2.970830356372213e-01 3.831645967411254e-01
2.281250000000000e-01 3.028552524329863e-01 3.725733606381790e-01
2.312500000000000e-01 3.087014100036755e-01 3.619526051976527e-01
2.343750000000000e-01 3.146229356628902e-01 3.512997366540310e-01
2.375000000000000e-01 3.206212751250189e-01 3.406388466323970e-01
2.406250000000000e-01 3.266978928582008e-01 3.299714755728534e-01
2.437500000000000e-01 3.328542724418705e-01 3.193259034184157e-01
2.468750000000000e-01 3.390919169289667e-01 3.086943589615923e-01
2.500000000000000e-01 3.454123492128958e-01 2.981129989055882e-01
2.531250000000000e-01 3.518171123993401e-01 2.875722193325445e-01
2.562500000000000e-01 3.583077701830001e-01 2.771018997776882e-01
2.593750000000000e-01 3.648859072293631e-01 2.666999329407376e-01
2.625000000000000e-01 3.715531295615936e-01 2.563920116117336e-01
2.656250000000000e-01 3.783110649526354e-01 2.461716822436331e-01
2.687500000000000e-01 3.851613633226258e-01 2.360715717373173e-01
2.718750000000000e-01 3.921056971417164e-01 2.260787679612025e-01
2.750000000000000e-01 3.991457618383991e-01 2.162231502195260e-01
2.781250000000000e-01 4.062832762134377e-01 2.064978248984853e-01
2.812500000000000e-01 4.135199828595055e-01 1.969250862015160e-01
2.843750000000000e-01 4.208576485866312e-01 1.874973841424208e-01
2.875000000000000e-01 4.282980648535585e-01 1.782413132118328e-01
2.906250000000000e-01 4.358430482051222e-01 1.691422344856812e-01
2.937500000000000e-01 4.434944407157500e-01 1.602254660429860e-01
2.968750000000000e-01 4.512541104391968e-01 1.514810304507331e-01
3.000000000000000e-01 4.591239518646220e-01 1.429264060672562e-01
3.031250000000000e-01 4.671058863791195e-01 1.345519156420462e-01
3.062500000000000e-01 4.752018627368176e-01 1.263782917644688e-01
3.093750000000000e-01 4.834138575346580e-01 1.183898035423028e-01
3.125000000000000e-01 4.917438756949728e-01 1.106052963890576e-01
3.156250000000000e-01 5.001939509549778e-01 1.030138694735112e-01
3.187500000000000e-01 5.087661463633005e-01 9.562792864754939e-02
3.218750000000000e-01 5.174625547836644e-01 8.843558389813531e-02
3.250000000000000e-01 5.262852994058529e-01 8.145285142865483e-02
3.281250000000000e-01 5.352365342640750e-01 7.466408901748672e-02
3.312500000000000e-01 5.443184447628656e-01 6.808127332837528e-02
3.343750000000000e-01 5.535332482106405e-01 6.169398329678409e-02
3.375000000000000e-01 5.628831943610435e-01 5.551117727630860e-02
3.406250000000000e-01 5.723705659622137e-01 4.951888135878704e-02
3.437500000000000e-01 5.819976793141081e-01 4.372888199844359e-02
3.468750000000000e-01 5.917668848340161e-01 3.812783047443467e-02
3.500000000000000e-01 6.016805676304035e-01 3.272179903663550e-02
3.531250000000000e-01 6.117411480852264e-01 2.750015786216130e-02
3.562500000000000e-01 6.219510824448572e-01 2.247087707560685e-02
3.593750000000000e-01 6.323128634197650e-01 1.761960566051204e-02
3.625000000000000e-01 6.428290207931012e-01 1.295265287262595e-02
3.656250000000000e-01 6.535021220383342e-01 8.460054002938701e-03
3.687500000000000e-01 6.643347729460869e-01 4.145880192665146e-03
3.718750000000000e-01 6.753296182603294e-01 -2.428377139825714e-06
3.750000000000000e-01 6.864893423240808e-01 -3.978801657123765e-03
3.781250000000000e-01 6.978166697347804e-01 -7.793885483383538e-03
3.812500000000000e-01 7.093143660094854e-01 -1.144559122288778e-02
3.843750000000000e-01 7.209852382600603e-01 -1.494420864830607e-02
3.875000000000000e-01 7.328321358785219e-01 -1.828493188058472e-02
3.906250000000000e-01 7.448579512327029e-01 -2.147861268846816e-02
3.937500000000000e-01 7.570656203724140e-01 -2.452387616962449e-02
3.968750000000000e-01 7.694581237462648e-01 -2.742940710675145e-02
4.000000000000000e-01 7.820384869293291e-01 -3.019181666024538e-02
4.031250000000000e-01 7.948097813618253e-01 -3.282140647124492e-02
4.062500000000000e-01 8.077751250989945e-01 -3.531719097365332e-02
4.093750000000000e-01 8.209376835723596e-01 -3.768681818771508e-02
4.125000000000000e-01 8.343006703625532e-01 -3.992792919102550e-02
4.156250000000000e-01 8.478673479838968e-01 -4.204987767796789e-02
4.187500000000000e-01 8.616410286809313e-01 -4.405212561718795e-02
4.218750000000000e-01 8.756250752370857e-01 -4.594155899596129e-02
4.250000000000000e-01 8.898229017956865e-01 -4.771640857269131e-02
4.281250000000000e-01 9.042379746935050e-01 -4.938491887247103e-02
4.312500000000000e-01 9.188738133070491e-01 -5.094706072357962e-02
4.343750000000000e-01 9.337339909118028e-01 -5.240914865515607e-02
4.375000000000000e-01 9.488221355546261e-01 -5.376974998695148e-02
4.406250000000000e-01 9.641419309395265e-01 -5.503584385825951e-02
4.437500000000000e-01 9.796971173270190e-01 -5.620777077904023e-02
4.468750000000000e-01 9.954914924472941e-01 -5.729151369117903e-02
4.500000000000000e-01 1.011528912427417e+00 -5.828606476128342e-02
4.531250000000000e-01 1.027813292732786e+00 -5.919697399487995e-02
4.562500000000000e-01 1.044348609123070e+00 -6.002448971216078e-02
4.593750000000000e-01 1.061138898622882e+00 -6.077436475756580e-02
4.625000000000000e-01 1.078188260507393e+00 -6.144639331135675e-02
4.656250000000000e-01 1.095500857303154e+00 -6.204489609777628e-02
4.687500000000000e-01 1.113080915804360e+00 -6.256959714473563e-02
4.718750000000000e-01 1.130932728104805e+00 -6.302551579080250e-02
4.750000000000000e-01 1.149060652645771e+00 -6.341314044609167e-02
4.781250000000000e-01 1.167469115280130e+00 -6.373638152008640e-02
4.812500000000000e-01 1.186162610352890e+00 -6.399499555977720e-02
4.843750000000000e-01 1.205145701798475e+00 -6.419252722501934e-02
4.875000000000000e-01 1.224423024254985e+00 -6.432908766200042e-02
4.906250000000000e-01 1.243999284195726e+00 -6.440838037110549e-02
4.937500000000000e-01 1.263879261078271e+00 -6.443083018629828e-02
4.968750000000000e-01 1.284067808511348e+00 -6.439914887495941e-02
5.000000000000000e-01 1.304569855439823e+00 -6.431333170201657e-02
5.031250000000000e-01 1.325390407348082e+00 -6.417579750805572e-02
5.062500000000000e-01 1.346534547482100e+00 -6.398653937808602e-02
5.093750000000000e-01 1.368007438090487e+00 -6.374794615785276e-02
5.125000000000001e-01 1.389814321684837e+00 -6.346024936970510e-02
5.156250000000000e-01 1.411960522319654e+00 -6.312515449608815e-02
5.187500000000000e-01 1.434451446892208e+00 -6.274288358735340e-02
5.218750000000000e-01 1.457292586462593e+00 -6.231455301366337e-02
5.250000000000000e-01 1.480489517594354e+00 -6.184021485511833e-02
5.281250000000001e-01 1.504047903715979e+00 -6.132079061658518e-02
5.312500000000000e-01 1.527973496503592e+00 -6.075614350576479e-02
5.343750000000000e-01 1.552272137285215e+00 -6.014695767991479e-02
5.375000000000000e-01 1.576949758466886e+00 -5.949292059107840e-02
5.406250000000000e-01 1.602012384981041e+00 -5.879428009662548e-02
5.437500000000001e-01 1.627466135757470e+00 -5.805055728417882e-02
5.468750000000000e-01 1.653317225217225e+00 -5.726152687444316e-02
5.500000000000000e-01 1.679571964789851e+00 -5.642652942020310e-02
5.531250000000000e-01 1.706236764454286e+00 -5.554494251501436e-02
5.562500000000000e-01 1.733318134303830e+00 -5.461589203042749e-02
5.593750000000001e-01 1.760822686135563e+00 -5.363843060620697e-02
5.625000000000000e-01 1.788757135064574e+00 -5.261144118907235e-02
5.656250000000000e-01 1.817128301163438e+00 -5.153369532351862e-02
5.687500000000000e-01 1.845943111127301e+00 -5.040383250774690e-02
5.718750000000000e-01 1.875208599965003e+00 -4.922038492805188e-02
5.750000000000001e-01 1.904931912716643e+00 -4.798178676925364e-02
5.781250000000000e-01 1.935120306198011e+00 -4.668639881021890e-02
5.812500000000000e-01 1.965781150772311e+00 -4.533253560738683e-02
5.843750000000000e-01 1.996921932149593e+00 -4.391850250456864e-02
5.875000000000000e-01 2.028550253214365e+00 -4.244264108595618e-02
5.906250000000001e-01 2.060673835881802e+00 -4.090338543555321e-02
5.937500000000000e-01 2.093300522983012e+00 -3.929933004314500e-02
5.968750000000000e-01 2.126438280179837e+00 -3.762931067090165e-02
6.000000000000001e-01 2.160095197909630e+00 -3.589249900515348e-02
6.031250000000000e-01 2.194279493360494e+00 -3.408851155478131e-02
6.062500000000001e-01 2.228999512477486e+00 -3.221753255293118e-02
6.093750000000000e-01 2.264263732000228e+00 -3.028044969005309e-02
6.125000000000000e-01 2.300080761532477e+00 -2.827900028024424e-02
6.156250000000001e-01 2.336459345644116e+00 -2.621592396137859e-02
6.187500000000000e-01 2.373408366006099e+00 -2.409511629413238e-02
6.218750000000001e-01 2.410936843558884e+00 -2.192177576627449e-02
6.250000000000000e-01 2.449053940714840e+00 -1.970253490042119e-02
6.281250000000000e-01 2.487768963595221e+00 -1.744556464896902e-02
6.312500000000001e-01 2.527091364302215e+00 -1.516064033549328e-02
6.343750000000000e-01 2.567030743226622e+00 -1.285915738215443e-02
6.375000000000001e-01 2.607596851391758e+00 -1.055408622302194e-02
6.406250000000000e-01 2.648799592834118e+00 -8.259858310637658e-03
6.437500000000000e-01 2.690649027021411e+00 -5.992178969535663e-03
6.468750000000001e-01 2.733155371308524e+00 -3.767767804314493e-03
6.500000000000000e-01 2.776329003432049e+00 -1.604032967901354e-03
6.531250000000001e-01 2.820180464043967e+00 4.813088137012782e-04
6.562500000000000e-01 2.864720459285089e+00 2.470649724864021e-03
6.593750000000000e-01 2.909959863398929e+00 4.346925734423159e-03
6.625000000000001e-01 2.955909721386590e+00 6.094047346220824e-03
6.656250000000000e-01 3.002581251703353e+00 7.697305539519323e-03
6.687500000000001e-01 3.049985848997626e+00 9.143735152873343e-03
6.718750000000000e-01 3.098135086892879e+00 1.042242256827893e-02
6.750000000000000e-01 3.147040720813310e+00 1.152475010826846e-02
6.781250000000001e-01 3.196714690853871e+00 1.244457521879441e-02
6.812500000000000e-01 3.247169124695383e+00 1.317834743430679e-02
6.843750000000001e-01 3.298416340565477e+00 1.372516960815134e-02
6.875000000000000e-01 3.350468850246008e+00 1.408681148552440e-02
6.906250000000000e-01 3.403339362127777e+00 1.426768324943189e-02
6.937500000000001e-01 3.457040784313211e+00 1.427477436269973e-02
6.968750000000000e-01 3.511586227767823e+00 1.411755935427658e-02
7.000000000000001e-01 3.566989009521205e+00 1.380786791193894e-02
7.031250000000000e-01 3.623262655918307e+00 1.335971267901984e-02
7.062500000000000e-01 3.680420905921852e+00 1.278906549375032e-02
7.093750000000001e-01 3.738477714466631e+00 1.211357233066522e-02
7.125000000000000e-01 3.797447255866536e+00 1.135219948811259e-02
7.156250000000001e-01 3.857343927275175e+00 1.052480874079104e-02
7.187500000000000e-01 3.918182352200844e+00 9.651666805893961e-03
7.218750000000000e-01 3.979977384076828e+00 8.752903559036188e-03
7.250000000000001e-01 4.042744109887770e+00 7.847942555056454e-03
7.281250000000000e-01 4.106497853853101e+00 6.954934952315462e-03
7.312500000000001e-01 4.171254181168399e+00 6.090232438421126e-03
7.343750000000000e-01 4.237028901805528e+00 5.267935189063599e-03
7.375000000000000e-01 4.303838074372613e+00 4.499546906048624e-03
7.406250000000001e-01 4.371698010034643e+00 3.793760965595259e-03
7.437500000000000e-01 4.440625276495786e+00 3.156390713938234e-03
7.468750000000001e-01 4.510636702044332e+00 2.590444470719100e-03
7.500000000000000e-01 4.581749379661216e+00 2.096333499640174e-03
7.531250000000000e-01 4.653980671193226e+00 1.672190613308063e-03
7.562500000000001e-01 4.727348211591802e+00 1.314269373121786e-03
7.593750000000000e-01 4.801869913218528e+00 1.017389710027010e-03
7.625000000000001e-01 4.877563970218381e+00 7.753953792650840e-04
7.656250000000000e-01 4.954448862961714e+00 5.815916367341635e-04
7.687500000000000e-01 5.032543362556198e+00 4.291371734410803e-04
7.718750000000001e-01 5.111866535429675e+00 3.113717206724901e-04
7.750000000000000e-01 5.192437747985146e+00 2.220688135367887e-04
7.781250000000001e-01 5.274276671329015e+00 1.556110061436246e-04
7.812500000000000e-01 5.357403286073669e+00 1.070915738096911e-04
7.843750000000000e-01 5.441837887215693e+00 7.235187215077034e-05
7.875000000000001e-01 5.527601089090773e+00 4.796678742166586e-05
7.906250000000000e-01 5.614713830406605e+00 3.119211535775934e-05
7.937500000000001e-01 5.703197379355005e+00 1.988747867623780e-05
7.968750000000000e-01 5.793073338804412e+00 1.242691943284111e-05
8.000000000000000e-01 5.884363651574169e+00 7.607034808957928e-06
8.031250000000001e-01 5.977090605791737e+00 4.559910413010415e-06
8.062500000000000e-01 6.071276840334257e+00 2.675524211725999e-06
8.093750000000001e-01 6.166945350355728e+00 1.536024030623393e-06
8.125000000000000e-01 6.264119492901173e+00 8.624840825707318e-07
8.156250000000000e-01 6.362822992609162e+00 4.734764225176064e-07
8.187500000000001e-01 6.463079947504072e+00 2.540230801750149e-07
8.218750000000000e-01 6.564914834879517e+00 1.331411525202039e-07
8.250000000000001e-01 6.668352517274371e+00 6.814848126224290e-08
8.281250000000000e-01 6.773418248542846e+00 3.405250820077387e-08
8.312500000000000e-01 6.880137680020114e+00 1.660502456773034e-08
8.343750000000001e-01 6.988536866784961e+00 7.899146799355182e-09
8.375000000000000e-01 7.098642274021019e+00 3.664614913452981e-09
8.406250000000001e-01 7.210480783478133e+00 1.657470887545253e-09
8.437500000000000e-01 7.324079700035414e+00 7.306334988929823e-10
8.468750000000000e-01 7.439466758367605e+00 3.138058061383283e-10
8.500000000000001e-01 7.556670129716381e+00 1.312824645958669e-10
8.531250000000000e-01 7.675718428768239e+00 5.348334244534918e-11
8.562500000000001e-01 7.796640720640633e+00 2.121208246184376e-11
8.593750000000000e-01 7.919466527978115e+00 8.188287589691362e-12
8.625000000000000e-01 8.044225838160141e+00 3.075708481546029e-12
8.656250000000001e-01 8.170949110622363e+00 1.123937258290347e-12
8.687500000000000e-01 8.299667284293170e+00 3.994767542898888e-13
8.718750000000001e-01 8.430411785147284e+00 1.380722583240520e-13
8.750000000000000e-01 8.563214533878281e+00 4.639860201907540e-14
8.781250000000000e-01 8.698107953691880e+00 1.515688999666191e-14
8.812500000000001e-01 8.835124978221932e+00 4.812273054442664e-15
8.843750000000000e-01 8.974299059571019e+00 1.484767912891290e-15
8.875000000000001e-01 9.115664176477637e+00 4.451158928583235e-16
8.906250000000000e-01 9.259254842611947e+00 1.296393052457044e-16
8.937500000000000e-01 9.405106115002161e+00 3.667726010366230e-17
8.968750000000001e-01 9.553253602593529e+00 1.007872904668494e-17
9.000000000000000e-01 9.703733474942130e+00 2.689799431903014e-18
9.031250000000001e-01 9.856582471045494e+00 6.971081220901233e-19
9.062500000000000e-01 1.001183790831228e+01 1.754331164820834e-19
9.093750000000000e-01 1.016953769167313e+01 4.286702485384659e-20
9.125000000000001e-01 1.032972032283505e+01 1.016970846982439e-20
9.156250000000000e-01 1.049242490968134e+01 2.342307556529106e-21
9.187500000000001e-01 1.065769117581972e+01 5.237331955151546e-22
9.218750000000000e-01 1.082555947028058e+01 1.136818335948607e-22
9.250000000000000e-01 1.099607077736805e+01 2.395378866276317e-23
9.281250000000001e-01 1.116926672666618e+01 4.899481800873829e-24
9.312500000000000e-01 1.134518960320255e+01 9.727753956978518e-25
9.343750000000001e-01 1.152388235777201e+01 1.874813826819000e-25
9.375000000000000e-01 1.170538861742293e+01 3.507408221855642e-26
9.406250000000000e-01 1.188975269610854e+01 6.369410047213730e-27
9.437500000000001e-01 1.207701960550600e+01 1.122797640486288e-27
9.468750000000000e-01 1.226723506600578e+01 1.921322347997041e-28
9.500000000000001e-01 1.246044551787411e+01 3.191573021115499e-29
9.531250000000000e-01 1.265669813259115e+01 5.146673801239979e-30
9.562500000000000e-01 1.285604082436773e+01 8.057110816976180e-31
9.593750000000001e-01 1.305852226184337e+01 1.224555025578192e-31
9.625000000000000e-01 1.326419187996850e+01 1.806927724655407e-32
9.656250000000001e-01 1.347309989207381e+01 2.588723608654030e-33
9.687500000000000e-01 1.368529730212962e+01 3.601086117069213e-34
9.718750000000000e-01 1.390083591719824e+01 4.864141676538283e-35
9.750000000000001e-01 1.411976836008246e+01 6.380095043976921e-36
9.781250000000000e-01 1.434214808217320e+01 8.126825193253999e-37
9.812500000000001e-01 1.456802937649935e+01 1.005340834275111e-37
9.843750000000000e-01 1.479746739098328e+01 1.207900762171282e-38
9.875000000000000e-01 1.503051814190487e+01 1.409621699102670e-39
9.906250000000001e-01 1.526723852757770e+01 1.597939085131735e-40
9.937500000000000e-01 1.550768634224049e+01 1.758550520921709e-41
9.968750000000001e-01 1.575192029016732e+01 2.003599194890112e-42
1.000000000000000e+00 1.600000000000000e+01 -6.970150349097475e-43
