0.000000000000000e+00 0.000000000000000e+00 1.382742523503890e-04
3.125000000000000e-03 3.369263549427258e-03 1.382742523503900e-04
6.250000000000000e-03 6.739349689698711e-03 5.271441287068562e-06
9.375000000000001e-03 1.011108121249049e-02 1.599697700235923e-05
1.250000000000000e-02 1.348528131119160e-02 2.603459489885579e-05
1.562500000000000e-02 1.686277378188298e-02 -2.840884076282447e-05
1.875000000000000e-02 2.024438322446370e-02 1.577634608639499e-05
2.187500000000000e-02 2.363093524397333e-02 1.819602485302249e-05
2.500000000000000e-02 2.702325665215984e-02 -3.978045880749498e-05
2.812500000000000e-02 3.042217566934200e-02 -1.482779944922988e-06
3.125000000000000e-02 3.382852212661575e-02 -3.147436057010433e-05
3.437500000000000e-02 3.724312766845378e-02 -2.236155372613584e-05
3.750000000000001e-02 4.066682595574785e-02 -2.433384111266882e-05
4.062500000000000e-02 4.410045286934348e-02 -7.824271970055726e-06
4.375000000000000e-02 4.754484671411652e-02 -8.395281912255669e-06
4.687500000000000e-02 5.100084842364160e-02 -1.475024985136585e-05
5.000000000000000e-02 5.446930176550237e-02 -3.016441908041594e-05
5.312500000000001e-02 5.795105354729364e-02 1.283202132761524e-05
5.625000000000000e-02 6.144695382336569e-02 -2.210810284614358e-05
5.937500000000000e-02 6.495785610236132e-02 -1.418151629738186e-05
6.250000000000000e-02 6.848461755559625e-02 -1.910791841658152e-05
6.562500000000000e-02 7.202809922633362e-02 -2.762269443213552e-05
6.875000000000001e-02 7.558916624000402e-02 -2.725038231887121e-05
7.187500000000001e-02 7.916868801542200e-02 -2.292192007195630e-05
7.500000000000001e-02 8.276753847705080e-02 -1.861564682441334e-05
7.812500000000000e-02 8.638659626836727e-02 -2.036043390314065e-05
8.125000000000000e-02 9.002674496637868e-02 -2.394920235698729e-05
8.437500000000001e-02 9.368887329734420e-02 -1.985688754211119e-05
8.750000000000001e-02 9.737387535375355e-02 -1.342836634603020e-05
9.062500000000001e-02 1.010826508126157e-01 -2.004315763746104e-05
9.375000000000000e-02 1.048161051551108e-01 -1.936259685892503e-05
9.687500000000000e-02 1.085751498876601e-01 -1.526007868512143e-05
1.000000000000000e-01 1.123607027644654e-01 -2.080267595817222e-05
1.031250000000000e-01 1.161736880115753e-01 -2.567974989804883e-05
1.062500000000000e-01 1.200150365525305e-01 -6.264220464247105e-06
1.093750000000000e-01 1.238856862356450e-01 -4.510103091129595e-06
1.125000000000000e-01 1.277865820629775e-01 -1.771795143409053e-05
1.156250000000000e-01 1.317186764210495e-01 -1.639563373803263e-05
1.187500000000000e-01 1.356829293133661e-01 -1.821980357865902e-05
1.218750000000000e-01 1.396803085947971e-01 -2.147379233001865e-05
1.250000000000000e-01 1.437117902078738e-01 -1.303086714231692e-05
1.281250000000000e-01 1.477783584210617e-01 -2.255863486091628e-05
1.312500000000000e-01 1.518810060690650e-01 -1.748724559094065e-05
1.343750000000000e-01 1.560207347952229e-01 -1.752904757587837e-05
1.375000000000000e-01 1.601985552960564e-01 -1.385249593158755e-05
1.406250000000000e-01 1.644154875680252e-01 -2.077654662343976e-05
1.437500000000000e-01 1.686725611565558e-01 -1.590152323126513e-05
1.468750000000000e-01 1.729708154074000e-01 -1.675342956692339e-05
1.500000000000000e-01 1.773112997203869e-01 -1.618863025532992e-05
1.531250000000000e-01 1.816950738056289e-01 -1.959715779805223e-05
1.562500000000000e-01 1.861232079422458e-01 -2.173942764468734e-05
1.593750000000000e-01 1.905967832396682e-01 -2.110983585195758e-05
1.625000000000000e-01 1.951168919015860e-01 -2.022787355166154e-05
1.656250000000000e-01 1.996846374926046e-01 -1.508971989393151e-05
1.687500000000000e-01 2.043011352076760e-01 -1.815908183764666e-05
1.718750000000000e-01 2.089675121443681e-01 -1.862768414459864e-05
1.750000000000000e-01 2.136849075780412e-01 -1.779548215420946e-05
1.781250000000000e-01 2.184544732399964e-01 -1.576383200180360e-05
1.812500000000000e-01 2.232773735986666e-01 -1.591519615967758e-05
1.843750000000000e-01 2.281547861439151e-01 -1.822744875055769e-05
1.875000000000000e-01 2.330879016745160e-01 -1.789558103969417e-05
1.906250000000000e-01 2.380779245888810e-01 -1.760337976199792e-05
1.937500000000000e-01 2.431260731791094e-01 -1.914420216802019e-05
1.968750000000000e-01 2.482335799284277e-01 -1.290500717966317e-05
2.000000000000000e-01 2.534016918120952e-01 -1.664820864639678e-05
2.031250000000000e-01 2.586316706018478e-01 -1.663332828204024e-05
2.062500000000000e-01 2.639247931739538e-01 -1.964035971174406e-05
2.093750000000000e-01 2.692823518209576e-01 -1.746911295323747e-05
2.125000000000000e-01 2.747056545671873e-01 -1.711026699756940e-05
2.156250000000000e-01 2.801960254881028e-01 -1.871601999356715e-05
2.187500000000000e-01 2.857548050335636e-01 -1.935641010991011e-05
2.218750000000000e-01 2.913833503550930e-01 -1.850954949011670e-05
2.250000000000000e-01 2.970830356372213e-01 -1.858197708574683e-05
2.281250000000000e-01 3.028552524329863e-01 -2.139808509896143e-05
2.312500000000000e-01 3.087014100036755e-01 -1.573356406415171e-05
2.343750000000000e-01 3.146229356628902e-01 -1.673549529347890e-05
2.375000000000000e-01 3.206212751250189e-01 -1.956549352937156e-05
2.406250000000000e-01 3.266978928582008e-01 -1.777062198768053e-05
2.437500000000000e-01 3.328542724418705e-01 -1.661646320178227e-05
2.468750000000000e-01 3.390919169289667e-01 -1.649677547169142e-05
2.500000000000000e-01 3.454123492128958e-01 -1.779849604509127e-05
2.531250000000000e-01 3.518171123993401e-01 -1.913138135270153e-05
2.562500000000000e-01 3.583077701830001e-01 -1.636174253539088e-05
2.593750000000000e-01 3.648859072293631e-01 -1.820470199240242e-05
2.625000000000000e-01 3.715531295615936e-01 -1.744820999653418e-05
2.656250000000000e-01 3.783110649526354e-01 -1.782804360142726e-05
2.687500000000000e-01 3.851613633226258e-01 -1.933629317318856e-05
2.718750000000000e-01 3.921056971417164e-01 -1.757972053776283e-05
2.750000000000000e-01 3.991457618383991e-01 -1.955654243436996e-05
2.781250000000000e-01 4.062832762134377e-01 -1.938502733409951e-05
2.812500000000000e-01 4.135199828595055e-01 -1.835244303936428e-05
2.843750000000000e-01 4.208576485866312e-01 -1.754182743083099e-05
2.875000000000000e-01 4.282980648535585e-01 -1.735332078580475e-05
2.906250000000000e-01 4.358430482051222e-01 -1.817510447075431e-05
2.937500000000000e-01 4.434944407157500e-01 -1.852767908803188e-05
2.968750000000000e-01 4.512541104391968e-01 -1.770655900041194e-05
3.000000000000000e-01 4.591239518646220e-01 -1.796997111715601e-05
3.031250000000000e-01 4.671058863791195e-01 -1.812787094359881e-05
3.062500000000000e-01 4.752018627368176e-01 -1.796754944481411e-05
3.093750000000000e-01 4.834138575346580e-01 -1.870238323916676e-05
3.125000000000000e-01 4.917438756949728e-01 -1.857987299889877e-05
3.156250000000000e-01 5.001939509549778e-01 -1.913495637191445e-05
3.187500000000000e-01 5.087661463633005e-01 -1.848003969713926e-05
3.218750000000000e-01 5.174625547836644e-01 -1.857191930322755e-05
3.250000000000000e-01 5.262852994058529e-01 -1.861007959434268e-05
3.281250000000000e-01 5.352365342640750e-01 -1.860890230353282e-05
3.312500000000000e-01 5.443184447628656e-01 -1.852248273171532e-05
3.343750000000000e-01 5.535332482106405e-01 -1.776671428617665e-05
3.375000000000000e-01 5.628831943610435e-01 -1.873506793983882e-05
3.406250000000000e-01 5.723705659622137e-01 -1.935634261630829e-05
3.437500000000000e-01 5.819976793141081e-01 -1.877628074256416e-05
3.468750000000000e-01 5.917668848340161e-01 -1.827218221161713e-05
3.500000000000000e-01 6.016805676304035e-01 -1.941851843685762e-05
3.531250000000000e-01 6.117411480852264e-01 -1.868680464380510e-05
3.562500000000000e-01 6.219510824448572e-01 -1.877061960275127e-05
3.593750000000000e-01 6.323128634197650e-01 -1.921211326622685e-05
3.625000000000000e-01 6.428290207931012e-01 -1.883955027549970e-05
3.656250000000000e-01 6.535021220383342e-01 -1.955510436639225e-05
3.687500000000000e-01 6.643347729460869e-01 -1.926354865091636e-05
3.718750000000000e-01 6.753296182603294e-01 -1.914615494367011e-05
3.750000000000000e-01 6.864893423240808e-01 -1.898870023447744e-05
3.781250000000000e-01 6.978166697347804e-01 -1.927878319903794e-05
3.812500000000000e-01 7.093143660094854e-01 -1.896019526929321e-05
3.843750000000000e-01 7.209852382600603e-01 -1.939719660340632e-05
3.875000000000000e-01 7.328321358785219e-01 -1.992808540462951e-05
3.906250000000000e-01 7.448579512327029e-01 -1.979688810216192e-05
3.937500000000000e-01 7.570656203724140e-01 -1.987794512181763e-05
3.968750000000000e-01 7.694581237462648e-01 -1.987095346866506e-05
4.000000000000000e-01 7.820384869293291e-01 -1.967731718823669e-05
4.031250000000000e-01 7.948097813618253e-01 -1.909080621615420e-05
4.062500000000000e-01 8.077751250989945e-01 -1.996404192552938e-05
4.093750000000000e-01 8.209376835723596e-01 -2.040586705432521e-05
4.125000000000000e-01 8.343006703625532e-01 -2.034347498812379e-05
4.156250000000000e-01 8.478673479838968e-01 -1.998015647896445e-05
4.187500000000000e-01 8.616410286809313e-01 -2.026405745436055e-05
4.218750000000000e-01 8.756250752370857e-01 -2.077480193736600e-05
4.250000000000000e-01 8.898229017956865e-01 -2.038339100700054e-05
4.281250000000000e-01 9.042379746935050e-01 -2.056001217816053e-05
4.312500000000000e-01 9.188738133070491e-01 -2.043457655432020e-05
4.343750000000000e-01 9.337339909118028e-01 -2.093597349232807e-05
4.375000000000000e-01 9.488221355546261e-01 -2.102908622530028e-05
4.406250000000000e-01 9.641419309395265e-01 -2.115273163003088e-05
4.437500000000000e-01 9.796971173270190e-01 -2.135229672985548e-05
4.468750000000000e-01 9.954914924472941e-01 -2.110282854004005e-05
4.500000000000000e-01 1.011528912427417e+00 -2.147089270547555e-05
4.531250000000000e-01 1.027813292732786e+00 -2.129737704743911e-05
4.562500000000000e-01 1.044348609123070e+00 -2.175474349841453e-05
4.593750000000000e-01 1.061138898622882e+00 -2.199518248841025e-05
4.625000000000000e-01 1.078188260507393e+00 -2.202058688422745e-05
4.656250000000000e-01 1.095500857303154e+00 -2.238479135552300e-05
4.687500000000000e-01 1.113080915804360e+00 -2.211986960514925e-05
4.718750000000000e-01 1.130932728104805e+00 -2.245953230602319e-05
4.750000000000000e-01 1.149060652645771e+00 -2.264765648045651e-05
4.781250000000000e-01 1.167469115280130e+00 -2.286707144443715e-05
4.812500000000000e-01 1.186162610352890e+00 -2.326042579212886e-05
4.843750000000000e-01 1.205145701798475e+00 -2.313662320124276e-05
4.875000000000000e-01 1.224423024254985e+00 -2.340071937423111e-05
4.906250000000000e-01 1.243999284195726e+00 -2.357772051619694e-05
4.937500000000000e-01 1.263879261078271e+00 -2.379305183389061e-05
4.968750000000000e-01 1.284067808511348e+00 -2.438469400684045e-05
5.000000000000000e-01 1.304569855439823e+00 -2.431684049698192e-05
5.031250000000000e-01 1.325390407348082e+00 -2.441261723685940e-05
5.062500000000000e-01 1.346534547482100e+00 -2.492198311303551e-05
5.093750000000000e-01 1.368007438090487e+00 -2.493651712888376e-05
5.125000000000001e-01 1.389814321684837e+00 -2.555846208650949e-05
5.156250000000000e-01 1.411960522319654e+00 -2.587714235655505e-05
5.187500000000000e-01 1.434451446892208e+00 -2.555414379425505e-05
5.218750000000000e-01 1.457292586462593e+00 -2.645375993107822e-05
5.250000000000000e-01 1.480489517594354e+00 -2.675058643097945e-05
5.281250000000001e-01 1.504047903715979e+00 -2.671534360030177e-05
5.312500000000000e-01 1.527973496503592e+00 -2.745788147196475e-05
5.343750000000000e-01 1.552272137285215e+00 -2.752512809401481e-05
5.375000000000000e-01 1.576949758466886e+00 -2.812572801512913e-05
5.406250000000000e-01 1.602012384981041e+00 -2.854042252638290e-05
5.437500000000001e-01 1.627466135757470e+00 -2.855648019886146e-05
5.468750000000000e-01 1.653317225217225e+00 -2.963017438480439e-05
5.500000000000000e-01 1.679571964789851e+00 -2.963785946067125e-05
5.531250000000000e-01 1.706236764454286e+00 -3.000893438131122e-05
5.562500000000000e-01 1.733318134303830e+00 -3.115533674934539e-05
5.593750000000001e-01 1.760822686135563e+00 -3.083383540252836e-05
5.625000000000000e-01 1.788757135064574e+00 -3.183056867596989e-05
5.656250000000000e-01 1.817128301163438e+00 -3.271588040202400e-05
5.687500000000000e-01 1.845943111127301e+00 -3.231571836485528e-05
5.718750000000000e-01 1.875208599965003e+00 -3.397458188968707e-05
5.750000000000001e-01 1.904931912716643e+00 -3.435142586097739e-05
5.781250000000000e-01 1.935120306198011e+00 -3.418820834856030e-05
5.812500000000000e-01 1.965781150772311e+00 -3.637369686940332e-05
5.843750000000000e-01 1.996921932149593e+00 -3.613808358727118e-05
5.875000000000000e-01 2.028550253214365e+00 -3.647769248270853e-05
5.906250000000001e-01 2.060673835881802e+00 -3.905351614376053e-05
5.937500000000000e-01 2.093300522983012e+00 -3.820589714383544e-05
5.968750000000000e-01 2.126438280179837e+00 -3.922433527541139e-05
6.000000000000001e-01 2.160095197909630e+00 -4.210105841520354e-05
6.031250000000000e-01 2.194279493360494e+00 -4.066177571048347e-05
6.062500000000001e-01 2.228999512477486e+00 -4.238681311648898e-05
6.093750000000000e-01 2.264263732000228e+00 -4.565497969865756e-05
6.125000000000000e-01 2.300080761532477e+00 -4.360479814800520e-05
6.156250000000001e-01 2.336459345644116e+00 -4.595032239261642e-05
6.187500000000000e-01 2.373408366006099e+00 -4.994261577822893e-05
6.218750000000001e-01 2.410936843558884e+00 -4.721972018587077e-05
6.250000000000000e-01 2.449053940714840e+00 -4.982808497256371e-05
6.281250000000000e-01 2.487768963595221e+00 -5.520363316080893e-05
6.312500000000001e-01 2.527091364302215e+00 -5.182413405360662e-05
6.343750000000000e-01 2.567030743226622e+00 -5.387553402545792e-05
6.375000000000001e-01 2.607596851391758e+00 -6.156444027307017e-05
6.406250000000000e-01 2.648799592834118e+00 -5.812068109207500e-05
6.437500000000000e-01 2.690649027021411e+00 -5.797881492733773e-05
6.468750000000001e-01 2.733155371308524e+00 -6.872128029063735e-05
6.500000000000000e-01 2.776329003432049e+00 -6.728760636220832e-05
6.531250000000001e-01 2.820180464043967e+00 -6.263640967807887e-05
6.562500000000000e-01 2.864720459285089e+00 -7.533084400707187e-05
6.593750000000000e-01 2.909959863398929e+00 -8.044798664685013e-05
6.625000000000001e-01 2.955909721386590e+00 -7.033155092227187e-05
6.656250000000000e-01 3.002581251703353e+00 -7.928566922885159e-05
6.687500000000001e-01 3.049985848997626e+00 -9.624206077444329e-05
6.718750000000000e-01 3.098135086892879e+00 -8.674003235540254e-05
6.750000000000000e-01 3.147040720813310e+00 -8.140702224689123e-05
6.781250000000001e-01 3.196714690853871e+00 -1.070077863261348e-04
6.812500000000000e-01 3.247169124695383e+00 -1.159805844204844e-04
6.843750000000001e-01 3.298416340565477e+00 -9.452980475453496e-05
6.875000000000000e-01 3.350468850246008e+00 -1.039056327232878e-04
6.906250000000000e-01 3.403339362127777e+00 -1.433416009109969e-04
6.937500000000001e-01 3.457040784313211e+00 -1.400611993151817e-04
6.968750000000000e-01 3.511586227767823e+00 -1.086800202165641e-04
7.000000000000001e-01 3.566989009521205e+00 -1.344577033182385e-04
7.031250000000000e-01 3.623262655918307e+00 -1.930929242644394e-04
7.062500000000000e-01 3.680420905921852e+00 -1.831410571719530e-04
7.093750000000001e-01 3.738477714466631e+00 -1.315062581312916e-04
7.125000000000000e-01 3.797447255866536e+00 -1.628779891160478e-04
7.156250000000001e-01 3.857343927275175e+00 -2.626373501367492e-04
7.187500000000000e-01 3.918182352200844e+00 -2.774470262633424e-04
7.218750000000000e-01 3.979977384076828e+00 -1.857043301962161e-04
7.250000000000001e-01 4.042744109887770e+00 -1.670108636537824e-04
7.281250000000000e-01 4.106497853853101e+00 -3.176392761400324e-04
7.312500000000001e-01 4.171254181168399e+00 -4.629536154775415e-04
7.343750000000000e-01 4.237028901805528e+00 -3.956966998276644e-04
7.375000000000000e-01 4.303838074372613e+00 -2.079605297236022e-04
7.406250000000001e-01 4.371698010034643e+00 -2.151121065009022e-04
7.437500000000000e-01 4.440625276495786e+00 -5.362306440082851e-04
7.468750000000001e-01 4.510636702044332e+00 -8.812876864163433e-04
7.500000000000000e-01 4.581749379661216e+00 -8.468776648799755e-04
7.531250000000000e-01 4.653980671193226e+00 -3.996014218767175e-04
7.562500000000001e-01 4.727348211591802e+00 1.664191323880842e-06
7.593750000000000e-01 4.801869913218528e+00 -1.984643900117269e-04
7.625000000000001e-01 4.877563970218381e+00 -1.101117074458172e-03
7.656250000000000e-01 4.954448862961714e+00 -2.135515733214238e-03
7.687500000000000e-01 5.032543362556198e+00 -2.342590289824833e-03
7.718750000000001e-01 5.111866535429675e+00 -9.288869822605856e-04
7.750000000000000e-01 5.192437747985146e+00 2.296978607517970e-03
7.781250000000001e-01 5.274276671329015e+00 6.839449898925135e-03
7.812500000000000e-01 5.357403286073669e+00 1.175863949576123e-02
7.843750000000000e-01 5.441837887215693e+00 1.605519967514893e-02
7.875000000000001e-01 5.527601089090773e+00 1.898293617457259e-02
7.906250000000000e-01 5.614713830406605e+00 2.019904813665109e-02
7.937500000000001e-01 5.703197379355005e+00 1.974080928743862e-02
7.968750000000000e-01 5.793073338804412e+00 1.790884630234689e-02
8.000000000000000e-01 5.884363651574169e+00 1.512489968200899e-02
8.031250000000001e-01 5.977090605791737e+00 1.181533309929398e-02
8.062500000000000e-01 6.071276840334257e+00 8.342043840899727e-03
8.093750000000001e-01 6.166945350355728e+00 4.970010083847102e-03
8.125000000000000e-01 6.264119492901173e+00 1.869690306107960e-03
8.156250000000000e-01 6.362822992609162e+00 -8.699005081439801e-04
8.187500000000001e-01 6.463079947504072e+00 -3.216692864553441e-03
8.218750000000000e-01 6.564914834879517e+00 -5.178004729190467e-03
8.250000000000001e-01 6.668352517274371e+00 -6.782500876433686e-03
8.281250000000000e-01 6.773418248542846e+00 -8.070318233383987e-03
8.312500000000000e-01 6.880137680020114e+00 -9.081880952135900e-03
8.343750000000001e-01 6.988536866784961e+00 -9.852829747740264e-03
8.375000000000000e-01 7.098642274021019e+00 -1.041056176035366e-02
8.406250000000001e-01 7.210480783478133e+00 -1.077682952601031e-02
8.437500000000000e-01 7.324079700035414e+00 -1.096944630772472e-02
8.468750000000000e-01 7.439466758367605e+00 -1.100158811585416e-02
8.500000000000001e-01 7.556670129716381e+00 -1.087581943430059e-02
8.531250000000000e-01 7.675718428768239e+00 -1.057797031888298e-02
8.562500000000001e-01 7.796640720640633e+00 -1.007642919606880e-02
8.593750000000000e-01 7.919466527978115e+00 -9.331096299300422e-03
8.625000000000000e-01 8.044225838160141e+00 -8.309851998571729e-03
8.656250000000001e-01 8.170949110622363e+00 -7.006155806164886e-03
8.687500000000000e-01 8.299667284293170e+00 -5.450679785577823e-03
8.718750000000001e-01 8.430411785147284e+00 -3.713247879970588e-03
8.750000000000000e-01 8.563214533878281e+00 -1.895548180059243e-03
8.781250000000000e-01 8.698107953691880e+00 -1.176983249862692e-04
8.812500000000001e-01 8.835124978221932e+00 1.497951457484536e-03
8.843750000000000e-01 8.974299059571019e+00 2.843205223730779e-03
8.875000000000001e-01 9.115664176477637e+00 3.838588503525728e-03
8.906250000000000e-01 9.259254842611947e+00 4.444009089447047e-03
8.937500000000000e-01 9.405106115002161e+00 4.663356908113746e-03
8.968750000000001e-01 9.553253602593529e+00 4.541637735714656e-03
9.000000000000000e-01 9.703733474942130e+00 4.154947753104328e-03
9.031250000000001e-01 9.856582471045494e+00 3.595611579765447e-03
9.062500000000000e-01 1.001183790831228e+01 2.956158812435705e-03
9.093750000000000e-01 1.016953769167313e+01 2.315875435121669e-03
9.125000000000001e-01 1.032972032283505e+01 1.732483836021629e-03
9.156250000000000e-01 1.049242490968134e+01 1.239687007174634e-03
9.187500000000001e-01 1.065769117581972e+01 8.496341339770762e-04
9.218750000000000e-01 1.082555947028058e+01 5.583774683076935e-04
9.250000000000000e-01 1.099607077736805e+01 3.522381201593533e-04
9.281250000000001e-01 1.116926672666618e+01 2.134753508608099e-04
9.312500000000000e-01 1.134518960320255e+01 1.243989276749602e-04
9.343750000000001e-01 1.152388235777201e+01 6.975393811774350e-05
9.375000000000000e-01 1.170538861742293e+01 3.766218257512503e-05
9.406250000000000e-01 1.188975269610854e+01 1.959329893372684e-05
9.437500000000001e-01 1.207701960550600e+01 9.827372916332323e-06
9.468750000000000e-01 1.226723506600578e+01 4.754900091558054e-06
9.500000000000001e-01 1.246044551787411e+01 2.220502307125007e-06
9.531250000000000e-01 1.265669813259115e+01 1.001349281766169e-06
9.562500000000000e-01 1.285604082436773e+01 4.362658165945598e-07
9.593750000000001e-01 1.305852226184337e+01 1.837146455581110e-07
9.625000000000000e-01 1.326419187996850e+01 7.480817991862498e-08
9.656250000000001e-01 1.347309989207381e+01 2.946751828055069e-08
9.687500000000000e-01 1.368529730212962e+01 1.123298228245525e-08
9.718750000000000e-01 1.390083591719824e+01 4.145372369248693e-09
9.750000000000001e-01 1.411976836008246e+01 1.481499506413827e-09
9.781250000000000e-01 1.434214808217320e+01 5.129258850242213e-10
9.812500000000001e-01 1.456802937649935e+01 1.720924814956618e-10
9.843750000000000e-01 1.479746739098328e+01 5.597039721735205e-11
9.875000000000000e-01 1.503051814190487e+01 1.765035171450704e-11
9.906250000000001e-01 1.526723852757770e+01 5.401118214420055e-12
9.937500000000000e-01 1.550768634224049e+01 1.596006693524911e-12
9.968750000000001e-01 1.575192029016732e+01 4.848621777774185e-13
1.000000000000000e+00 1.600000000000000e+01 6.045935598533167e-14
