0.000000000000000e+00 0.000000000000000e+00 -1.257888208399006e-03
3.125000000000000e-03 3.369263549427258e-03 -1.257888208399007e-03
6.250000000000000e-03 6.739349689698711e-03 1.628608417789139e-04
9.375000000000001e-03 1.011108121249049e-02 5.402066677821833e-05
1.250000000000000e-02 1.348528131119160e-02 -2.015682864855968e-04
1.562500000000000e-02 1.686277378188298e-02 -1.512639549997621e-04
1.875000000000000e-02 2.024438322446370e-02 -1.127636806028992e-04
2.187500000000000e-02 2.363093524397333e-02 -6.375800638603598e-05
2.500000000000000e-02 2.702325665215984e-02 -9.708916521877612e-05
2.812500000000000e-02 3.042217566934200e-02 -1.067116694577173e-04
3.125000000000000e-02 3.382852212661575e-02 -1.115154597511442e-04
3.437500000000000e-02 3.724312766845378e-02 -9.620315041983354e-05
3.750000000000001e-02 4.066682595574785e-02 -1.378925065319491e-04
4.062500000000000e-02 4.410045286934348e-02 -6.175276042200276e-05
4.375000000000000e-02 4.754484671411652e-02 -1.189510470201682e-04
4.687500000000000e-02 5.100084842364160e-02 -7.450849484898427e-05
5.000000000000000e-02 5.446930176550237e-02 -1.101603098099066e-04
5.312500000000001e-02 5.795105354729364e-02 -8.211140097391270e-05
5.625000000000000e-02 6.144695382336569e-02 -8.856356453337256e-05
5.937500000000000e-02 6.495785610236132e-02 -1.057150594693083e-04
6.250000000000000e-02 6.848461755559625e-02 -1.041152845311503e-04
6.562500000000000e-02 7.202809922633362e-02 -9.442237077362874e-05
6.875000000000001e-02 7.558916624000402e-02 -9.929985624928361e-05
7.187500000000001e-02 7.916868801542200e-02 -1.032121192473364e-04
7.500000000000001e-02 8.276753847705080e-02 -1.006944942401884e-04
7.812500000000000e-02 8.638659626836727e-02 -8.890429462627175e-05
8.125000000000000e-02 9.002674496637868e-02 -1.023854613503009e-04
8.437500000000001e-02 9.368887329734420e-02 -9.824111206335532e-05
8.750000000000001e-02 9.737387535375355e-02 -1.095303037116364e-04
9.062500000000001e-02 1.010826508126157e-01 -1.107142866465283e-04
9.375000000000000e-02 1.048161051551108e-01 -1.051415378777665e-04
9.687500000000000e-02 1.085751498876601e-01 -1.191502335636504e-04
1.000000000000000e-01 1.123607027644654e-01 -8.239952171826640e-05
1.031250000000000e-01 1.161736880115753e-01 -1.015656264071389e-04
1.062500000000000e-01 1.200150365525305e-01 -9.907477653014675e-05
1.093750000000000e-01 1.238856862356450e-01 -1.029632741952074e-04
1.125000000000000e-01 1.277865820629775e-01 -9.326226494847588e-05
1.156250000000000e-01 1.317186764210495e-01 -1.053798023288568e-04
1.187500000000000e-01 1.356829293133661e-01 -9.554081267045179e-05
1.218750000000000e-01 1.396803085947971e-01 -1.035109382185051e-04
1.250000000000000e-01 1.437117902078738e-01 -9.785243727375251e-05
1.281250000000000e-01 1.477783584210617e-01 -9.325293559889097e-05
1.312500000000000e-01 1.518810060690650e-01 -9.676710966792900e-05
1.343750000000000e-01 1.560207347952229e-01 -1.083254224887948e-04
1.375000000000000e-01 1.601985552960564e-01 -9.962589346790035e-05
1.406250000000000e-01 1.644154875680252e-01 -9.814684437783706e-05
1.437500000000000e-01 1.686725611565558e-01 -9.688642479321281e-05
1.468750000000000e-01 1.729708154074000e-01 -1.024804744812625e-04
1.500000000000000e-01 1.773112997203869e-01 -1.034750457010305e-04
1.531250000000000e-01 1.816950738056289e-01 -1.045620162991298e-04
1.562500000000000e-01 1.861232079422458e-01 -1.025690483198796e-04
1.593750000000000e-01 1.905967832396682e-01 -1.019146125815691e-04
1.625000000000000e-01 1.951168919015860e-01 -1.061352420300767e-04
1.656250000000000e-01 1.996846374926046e-01 -9.325879291909730e-05
1.687500000000000e-01 2.043011352076760e-01 -1.041769556318920e-04
1.718750000000000e-01 2.089675121443681e-01 -9.696932010961027e-05
1.750000000000000e-01 2.136849075780412e-01 -1.016401384044978e-04
1.781250000000000e-01 2.184544732399964e-01 -1.001273947171853e-04
1.812500000000000e-01 2.232773735986666e-01 -1.006823455444809e-04
1.843750000000000e-01 2.281547861439151e-01 -9.598140992303553e-05
1.875000000000000e-01 2.330879016745160e-01 -1.023576688756012e-04
1.906250000000000e-01 2.380779245888810e-01 -9.563895981929092e-05
1.937500000000000e-01 2.431260731791094e-01 -1.023523577991112e-04
1.968750000000000e-01 2.482335799284277e-01 -1.043572419954335e-04
2.000000000000000e-01 2.534016918120952e-01 -1.062865893911900e-04
2.031250000000000e-01 2.586316706018478e-01 -1.040615247855843e-04
2.062500000000000e-01 2.639247931739538e-01 -1.011465709899746e-04
2.093750000000000e-01 2.692823518209576e-01 -1.018180525210949e-04
2.125000000000000e-01 2.747056545671873e-01 -9.875971207432009e-05
2.156250000000000e-01 2.801960254881028e-01 -1.056102135705511e-04
2.187500000000000e-01 2.857548050335636e-01 -1.027895952908852e-04
2.218750000000000e-01 2.913833503550930e-01 -1.019110342019624e-04
2.250000000000000e-01 2.970830356372213e-01 -9.760114647393567e-05
2.281250000000000e-01 3.028552524329863e-01 -1.045551312222732e-04
2.312500000000000e-01 3.087014100036755e-01 -9.872052115159169e-05
2.343750000000000e-01 3.146229356628902e-01 -1.004586876012782e-04
2.375000000000000e-01 3.206212751250189e-01 -1.012634459768360e-04
2.406250000000000e-01 3.266978928582008e-01 -1.047451731841240e-04
2.437500000000000e-01 3.328542724418705e-01 -1.032542931055958e-04
2.468750000000000e-01 3.390919169289667e-01 -1.055438725442634e-04
2.500000000000000e-01 3.454123492128958e-01 -1.028365151402523e-04
2.531250000000000e-01 3.518171123993401e-01 -1.026926627982395e-04
2.562500000000000e-01 3.583077701830001e-01 -1.049703326582201e-04
2.593750000000000e-01 3.648859072293631e-01 -1.005443498446139e-04
2.625000000000000e-01 3.715531295615936e-01 -1.038586382975625e-04
2.656250000000000e-01 3.783110649526354e-01 -1.002880676738117e-04
2.687500000000000e-01 3.851613633226258e-01 -1.031341799979126e-04
2.718750000000000e-01 3.921056971417164e-01 -1.029469174393322e-04
2.750000000000000e-01 3.991457618383991e-01 -1.050341526589745e-04
2.781250000000000e-01 4.062832762134377e-01 -1.021171002240922e-04
2.812500000000000e-01 4.135199828595055e-01 -1.066386333730691e-04
2.843750000000000e-01 4.208576485866312e-01 -1.049894834043380e-04
2.875000000000000e-01 4.282980648535585e-01 -1.043199114131147e-04
2.906250000000000e-01 4.358430482051222e-01 -1.049576404510045e-04
2.937500000000000e-01 4.434944407157500e-01 -1.034589048358020e-04
2.968750000000000e-01 4.512541104391968e-01 -1.057829266703855e-04
3.000000000000000e-01 4.591239518646220e-01 -1.034940901906574e-04
3.031250000000000e-01 4.671058863791195e-01 -1.055704972729236e-04
3.062500000000000e-01 4.752018627368176e-01 -1.042282587539816e-04
3.093750000000000e-01 4.834138575346580e-01 -1.070207036636263e-04
3.125000000000000e-01 4.917438756949728e-01 -1.048573685473263e-04
3.156250000000000e-01 5.001939509549778e-01 -1.063298659590791e-04
3.187500000000000e-01 5.087661463633005e-01 -1.064375043621582e-04
3.218750000000000e-01 5.174625547836644e-01 -1.056324066572271e-04
3.250000000000000e-01 5.262852994058529e-01 -1.069879529523809e-04
3.281250000000000e-01 5.352365342640750e-01 -1.072213515913632e-04
3.312500000000000e-01 5.443184447628656e-01 -1.078244793205724e-04
3.343750000000000e-01 5.535332482106405e-01 -1.059673698364714e-04
3.375000000000000e-01 5.628831943610435e-01 -1.082582987515344e-04
3.406250000000000e-01 5.723705659622137e-01 -1.062881141020516e-04
3.437500000000000e-01 5.819976793141081e-01 -1.078728068613385e-04
3.468750000000000e-01 5.917668848340161e-01 -1.098118359376877e-04
3.500000000000000e-01 6.016805676304035e-01 -1.100292999315701e-04
3.531250000000000e-01 6.117411480852264e-01 -1.090438209964410e-04
3.562500000000000e-01 6.219510824448572e-01 -1.079220223310351e-04
3.593750000000000e-01 6.323128634197650e-01 -1.099366355947577e-04
3.625000000000000e-01 6.428290207931012e-01 -1.097241863814412e-04
3.656250000000000e-01 6.535021220383342e-01 -1.103000611288624e-04
3.687500000000000e-01 6.643347729460869e-01 -1.105687278235932e-04
3.718750000000000e-01 6.753296182603294e-01 -1.113808417304193e-04
3.750000000000000e-01 6.864893423240808e-01 -1.120027512775370e-04
3.781250000000000e-01 6.978166697347804e-01 -1.121854863697111e-04
3.812500000000000e-01 7.093143660094854e-01 -1.121798994227681e-04
3.843750000000000e-01 7.209852382600603e-01 -1.124931233168927e-04
3.875000000000000e-01 7.328321358785219e-01 -1.129120519850701e-04
3.906250000000000e-01 7.448579512327029e-01 -1.137386210867535e-04
3.937500000000000e-01 7.570656203724140e-01 -1.144786755257200e-04
3.968750000000000e-01 7.694581237462648e-01 -1.149069491824170e-04
4.000000000000000e-01 7.820384869293291e-01 -1.155259121285055e-04
4.031250000000000e-01 7.948097813618253e-01 -1.151094892650999e-04
4.062500000000000e-01 8.077751250989945e-01 -1.163566662822898e-04
4.093750000000000e-01 8.209376835723596e-01 -1.163034283109328e-04
4.125000000000000e-01 8.343006703625532e-01 -1.177695165551911e-04
4.156250000000000e-01 8.478673479838968e-01 -1.188102357403821e-04
4.187500000000000e-01 8.616410286809313e-01 -1.184085306735593e-04
4.218750000000000e-01 8.756250752370857e-01 -1.200455025290324e-04
4.250000000000000e-01 8.898229017956865e-01 -1.191845860061659e-04
4.281250000000000e-01 9.042379746935050e-01 -1.208376207070525e-04
4.312500000000000e-01 9.188738133070491e-01 -1.219412126147982e-04
4.343750000000000e-01 9.337339909118028e-01 -1.221472807579955e-04
4.375000000000000e-01 9.488221355546261e-01 -1.238204765426121e-04
4.406250000000000e-01 9.641419309395265e-01 -1.231852478028829e-04
4.437500000000000e-01 9.796971173270190e-01 -1.248561634689666e-04
4.468750000000000e-01 9.954914924472941e-01 -1.261009550323512e-04
4.500000000000000e-01 1.011528912427417e+00 -1.266690910630377e-04
4.531250000000000e-01 1.027813292732786e+00 -1.280345158722091e-04
4.562500000000000e-01 1.044348609123070e+00 -1.282508404024857e-04
4.593750000000000e-01 1.061138898622882e+00 -1.293198528150549e-04
4.625000000000000e-01 1.078188260507393e+00 -1.312360844351706e-04
4.656250000000000e-01 1.095500857303154e+00 -1.326996709393829e-04
4.687500000000000e-01 1.113080915804360e+00 -1.323787730021968e-04
4.718750000000000e-01 1.130932728104805e+00 -1.341148950533504e-04
4.750000000000000e-01 1.149060652645771e+00 -1.364347160027120e-04
4.781250000000000e-01 1.167469115280130e+00 -1.365409395768885e-04
4.812500000000000e-01 1.186162610352890e+00 -1.384586951808848e-04
4.843750000000000e-01 1.205145701798475e+00 -1.399238829852751e-04
4.875000000000000e-01 1.224423024254985e+00 -1.412728274657277e-04
4.906250000000000e-01 1.243999284195726e+00 -1.431556677448139e-04
4.937500000000000e-01 1.263879261078271e+00 -1.442721492036556e-04
4.968750000000000e-01 1.284067808511348e+00 -1.465858964368923e-04
5.000000000000000e-01 1.304569855439823e+00 -1.480460740207770e-04
5.031250000000000e-01 1.325390407348082e+00 -1.497771345388893e-04
5.062500000000000e-01 1.346534547482100e+00 -1.522338754900786e-04
5.093750000000000e-01 1.368007438090487e+00 -1.536776584259877e-04
5.125000000000001e-01 1.389814321684837e+00 -1.562331702485200e-04
5.156250000000000e-01 1.411960522319654e+00 -1.584305499651784e-04
5.187500000000000e-01 1.434451446892208e+00 -1.604638466806873e-04
5.218750000000000e-01 1.457292586462593e+00 -1.633944381386007e-04
5.250000000000000e-01 1.480489517594354e+00 -1.655763251221377e-04
5.281250000000001e-01 1.504047903715979e+00 -1.683822498146340e-04
5.312500000000000e-01 1.527973496503592e+00 -1.713605728188575e-04
5.343750000000000e-01 1.552272137285215e+00 -1.740242611480433e-04
5.375000000000000e-01 1.576949758466886e+00 -1.774100677280843e-04
5.406250000000000e-01 1.602012384981041e+00 -1.805389471895603e-04
5.437500000000001e-01 1.627466135757470e+00 -1.839832191782088e-04
5.468750000000000e-01 1.653317225217225e+00 -1.877188935897377e-04
5.500000000000000e-01 1.679571964789851e+00 -1.913223496142568e-04
5.531250000000000e-01 1.706236764454286e+00 -1.955768887443558e-04
5.562500000000000e-01 1.733318134303830e+00 -1.996360264211436e-04
5.593750000000001e-01 1.760822686135563e+00 -2.040358380958226e-04
5.625000000000000e-01 1.788757135064574e+00 -2.090724267950496e-04
5.656250000000000e-01 1.817128301163438e+00 -2.136549476790665e-04
5.687500000000000e-01 1.845943111127301e+00 -2.190719868414805e-04
5.718750000000000e-01 1.875208599965003e+00 -2.249467652765736e-04
5.750000000000001e-01 1.904931912716643e+00 -2.303308252782326e-04
5.781250000000000e-01 1.935120306198011e+00 -2.368687001465720e-04
5.812500000000000e-01 1.965781150772311e+00 -2.437644180753503e-04
5.843750000000000e-01 1.996921932149593e+00 -2.503088989845859e-04
5.875000000000000e-01 2.028550253214365e+00 -2.581089055146408e-04
5.906250000000001e-01 2.060673835881802e+00 -2.663468042966156e-04
5.937500000000000e-01 2.093300522983012e+00 -2.744959628603979e-04
5.968750000000000e-01 2.126438280179837e+00 -2.837574944422828e-04
6.000000000000001e-01 2.160095197909630e+00 -2.936274929669734e-04
6.031250000000000e-01 2.194279493360494e+00 -3.039525380329940e-04
6.062500000000001e-01 2.228999512477486e+00 -3.152149532547451e-04
6.093750000000000e-01 2.264263732000228e+00 -3.270193787797417e-04
6.125000000000000e-01 2.300080761532477e+00 -3.400447592339927e-04
6.156250000000001e-01 2.336459345644116e+00 -3.543560739780642e-04
6.187500000000000e-01 2.373408366006099e+00 -3.687244808877999e-04
6.218750000000001e-01 2.410936843558884e+00 -3.845449106474884e-04
6.250000000000000e-01 2.449053940714840e+00 -4.031167666433976e-04
6.281250000000000e-01 2.487768963595221e+00 -4.220695011904756e-04
6.312500000000001e-01 2.527091364302215e+00 -4.410124625697126e-04
6.343750000000000e-01 2.567030743226622e+00 -4.634632174830368e-04
6.375000000000001e-01 2.607596851391758e+00 -4.897015000805385e-04
6.406250000000000e-01 2.648799592834118e+00 -5.157108045090914e-04
6.437500000000000e-01 2.690649027021411e+00 -5.412022488522000e-04
6.468750000000001e-01 2.733155371308524e+00 -5.719586970001395e-04
6.500000000000000e-01 2.776329003432049e+00 -6.102241999721891e-04
6.531250000000001e-01 2.820180464043967e+00 -6.482899722095034e-04
6.562500000000000e-01 2.864720459285089e+00 -6.805152405305323e-04
6.593750000000000e-01 2.909959863398929e+00 -7.171029768383054e-04
6.625000000000001e-01 2.955909721386590e+00 -7.703838904011234e-04
6.656250000000000e-01 3.002581251703353e+00 -8.292585201398186e-04
6.687500000000001e-01 3.049985848997626e+00 -8.684719600023659e-04
6.718750000000000e-01 3.098135086892879e+00 -8.882977609032279e-04
6.750000000000000e-01 3.147040720813310e+00 -9.223062341144619e-04
6.781250000000001e-01 3.196714690853871e+00 -9.881383804448409e-04
6.812500000000000e-01 3.247169124695383e+00 -1.041619869200041e-03
6.843750000000001e-01 3.298416340565477e+00 -1.003660477460909e-03
6.875000000000000e-01 3.350468850246008e+00 -8.427040779781714e-04
6.906250000000000e-01 3.403339362127777e+00 -6.173260247587600e-04
6.937500000000001e-01 3.457040784313211e+00 -4.080803023554224e-04
6.968750000000000e-01 3.511586227767823e+00 -1.757761010141511e-04
7.000000000000001e-01 3.566989009521205e+00 3.310139461860180e-04
7.031250000000000e-01 3.623262655918307e+00 1.520894437246804e-03
7.062500000000000e-01 3.680420905921852e+00 3.771141387897729e-03
7.093750000000001e-01 3.738477714466631e+00 7.218329133757071e-03
7.125000000000000e-01 3.797447255866536e+00 1.164791281763766e-02
7.156250000000001e-01 3.857343927275175e+00 1.653531337087745e-02
7.187500000000000e-01 3.918182352200844e+00 2.120339571380919e-02
7.218750000000000e-01 3.979977384076828e+00 2.501357134088691e-02
7.250000000000001e-01 4.042744109887770e+00 2.751402703971299e-02
7.281250000000000e-01 4.106497853853101e+00 2.850333893549646e-02
7.312500000000001e-01 4.171254181168399e+00 2.801552581514981e-02
7.343750000000000e-01 4.237028901805528e+00 2.625595153975563e-02
7.375000000000000e-01 4.303838074372613e+00 2.352316555903360e-02
7.406250000000001e-01 4.371698010034643e+00 2.014064529077891e-02
7.437500000000000e-01 4.440625276495786e+00 1.640836211387895e-02
7.468750000000001e-01 4.510636702044332e+00 1.257581515193354e-02
7.500000000000000e-01 4.581749379661216e+00 8.832083001885822e-03
7.531250000000000e-01 4.653980671193226e+00 5.307637985182379e-03
7.562500000000001e-01 4.727348211591802e+00 2.082608878329565e-03
7.593750000000000e-01 4.801869913218528e+00 -8.026423709777701e-04
7.625000000000001e-01 4.877563970218381e+00 -3.336965071999603e-03
7.656250000000000e-01 4.954448862961714e+00 -5.529187898397479e-03
7.687500000000000e-01 5.032543362556198e+00 -7.400396959615634e-03
7.718750000000001e-01 5.111866535429675e+00 -8.978077706974456e-03
7.750000000000000e-01 5.192437747985146e+00 -1.029172062768591e-02
7.781250000000001e-01 5.274276671329015e+00 -1.136990204720789e-02
7.812500000000000e-01 5.357403286073669e+00 -1.223866497725644e-02
7.843750000000000e-01 5.441837887215693e+00 -1.292063447600702e-02
7.875000000000001e-01 5.527601089090773e+00 -1.343462587498460e-02
7.906250000000000e-01 5.614713830406605e+00 -1.379532542434513e-02
7.937500000000001e-01 5.703197379355005e+00 -1.401306200362249e-02
7.968750000000000e-01 5.793073338804412e+00 -1.409403301275140e-02
8.000000000000000e-01 5.884363651574169e+00 -1.404069578276107e-02
8.031250000000001e-01 5.977090605791737e+00 -1.385214325954339e-02
8.062500000000000e-01 6.071276840334257e+00 -1.352368548105864e-02
8.093750000000001e-01 6.166945350355728e+00 -1.304588154685438e-02
8.125000000000000e-01 6.264119492901173e+00 -1.240386118448238e-02
8.156250000000000e-01 6.362822992609162e+00 -1.157857790008126e-02
8.187500000000001e-01 6.463079947504072e+00 -1.055107504327500e-02
8.218750000000000e-01 6.564914834879517e+00 -9.309567002989468e-03
8.250000000000001e-01 6.668352517274371e+00 -7.857477696837674e-03
8.281250000000000e-01 6.773418248542846e+00 -6.219706861934442e-03
8.312500000000000e-01 6.880137680020114e+00 -4.444766623758791e-03
8.343750000000001e-01 6.988536866784961e+00 -2.601905835633417e-03
8.375000000000000e-01 7.098642274021019e+00 -7.740771111187501e-04
8.406250000000001e-01 7.210480783478133e+00 9.512714799400026e-04
8.437500000000000e-01 7.324079700035414e+00 2.491495716610791e-03
8.468750000000000e-01 7.439466758367605e+00 3.776741433691812e-03
8.500000000000001e-01 7.556670129716381e+00 4.756059490417444e-03
8.531250000000000e-01 7.675718428768239e+00 5.401574370220979e-03
8.562500000000001e-01 7.796640720640633e+00 5.710628413623580e-03
8.593750000000000e-01 7.919466527978115e+00 5.705601271754091e-03
8.625000000000000e-01 8.044225838160141e+00 5.431049415844932e-03
8.656250000000001e-01 8.170949110622363e+00 4.948138710469660e-03
8.687500000000000e-01 8.299667284293170e+00 4.326971382232356e-03
8.718750000000001e-01 8.430411785147284e+00 3.638038457812802e-03
8.750000000000000e-01 8.563214533878281e+00 2.944342801910846e-03
8.781250000000000e-01 8.698107953691880e+00 2.295577880601630e-03
8.812500000000001e-01 8.835124978221932e+00 1.725178329157931e-03
8.843750000000000e-01 8.974299059571019e+00 1.250310317386737e-03
8.875000000000001e-01 9.115664176477637e+00 8.742111899862509e-04
8.906250000000000e-01 9.259254842611947e+00 5.899079155094255e-04
8.937500000000000e-01 9.405106115002161e+00 3.842950461673296e-04
8.968750000000001e-01 9.553253602593529e+00 2.417654265864437e-04
9.000000000000000e-01 9.703733474942130e+00 1.469276596488701e-04
9.031250000000001e-01 9.856582471045494e+00 8.628199299000122e-05
9.062500000000000e-01 1.001183790831228e+01 4.897428898981081e-05
9.093750000000000e-01 1.016953769167313e+01 2.687625809483150e-05
9.125000000000001e-01 1.032972032283505e+01 1.426398569599081e-05
9.156250000000000e-01 1.049242490968134e+01 7.323196292860315e-06
9.187500000000001e-01 1.065769117581972e+01 3.637994148838434e-06
9.218750000000000e-01 1.082555947028058e+01 1.749187394975727e-06
9.250000000000000e-01 1.099607077736805e+01 8.142032637986674e-07
9.281250000000001e-01 1.116926672666618e+01 3.669934394551837e-07
9.312500000000000e-01 1.134518960320255e+01 1.602201782873439e-07
9.343750000000001e-01 1.152388235777201e+01 6.776598391415019e-08
9.375000000000000e-01 1.170538861742293e+01 2.777421535353927e-08
9.406250000000000e-01 1.188975269610854e+01 1.103328829910696e-08
9.437500000000001e-01 1.207701960550600e+01 4.249096508483435e-09
9.468750000000000e-01 1.226723506600578e+01 1.586754680987147e-09
9.500000000000001e-01 1.246044551787411e+01 5.746923734989163e-10
9.531250000000000e-01 1.265669813259115e+01 2.019120485955588e-10
9.562500000000000e-01 1.285604082436773e+01 6.882983719320853e-11
9.593750000000001e-01 1.305852226184337e+01 2.277001877157884e-11
9.625000000000000e-01 1.326419187996850e+01 7.311467094444693e-12
9.656250000000001e-01 1.347309989207381e+01 2.279189759595851e-12
9.687500000000000e-01 1.368529730212962e+01 6.898736874889004e-13
9.718750000000000e-01 1.390083591719824e+01 2.027907758630688e-13
9.750000000000001e-01 1.411976836008246e+01 5.790163293585655e-14
9.781250000000000e-01 1.434214808217320e+01 1.606090650106797e-14
9.812500000000001e-01 1.456802937649935e+01 4.328692377130757e-15
9.843750000000000e-01 1.479746739098328e+01 1.133757731182962e-15
9.875000000000000e-01 1.503051814190487e+01 2.886174302362259e-16
9.906250000000001e-01 1.526723852757770e+01 7.143800553574770e-17
9.937500000000000e-01 1.550768634224049e+01 1.713398462616374e-17
9.968750000000001e-01 1.575192029016732e+01 4.259387564425520e-18
1.000000000000000e+00 1.600000000000000e+01 6.097178140018667e-20
