0.000000000000000e+00 0.000000000000000e+00 5.478486821991923e-04
3.125000000000000e-03 3.369263549427258e-03 5.478486821991929e-04
6.250000000000000e-03 6.739349689698711e-03 1.368315235858653e-06
9.375000000000001e-03 1.011108121249049e-02 -4.141018165401431e-05
1.250000000000000e-02 1.348528131119160e-02 6.139174718651743e-05
1.562500000000000e-02 1.686277378188298e-02 -3.976400106395058e-06
1.875000000000000e-02 2.024438322446370e-02 -1.520451229399215e-05
2.187500000000000e-02 2.363093524397333e-02 -1.192380658898976e-05
2.500000000000000e-02 2.702325665215984e-02 -1.161495814280482e-05
2.812500000000000e-02 3.042217566934200e-02 -2.407651337798116e-06
3.125000000000000e-02 3.382852212661575e-02 -1.057808530254104e-06
3.437500000000000e-02 3.724312766845378e-02 -1.103283689758606e-05
3.750000000000001e-02 4.066682595574785e-02 -2.381101808366414e-05
4.062500000000000e-02 4.410045286934348e-02 -2.224440646777367e-05
4.375000000000000e-02 4.754484671411652e-02 -1.481762300423283e-05
4.687500000000000e-02 5.100084842364160e-02 7.154894982808631e-06
5.000000000000000e-02 5.446930176550237e-02 -1.483496511820907e-05
5.312500000000001e-02 5.795105354729364e-02 -1.629316534537920e-05
5.625000000000000e-02 6.144695382336569e-02 -9.735170847008931e-06
5.937500000000000e-02 6.495785610236132e-02 -1.709591123819874e-06
6.250000000000000e-02 6.848461755559625e-02 -1.668024411947396e-05
6.562500000000000e-02 7.202809922633362e-02 -7.626503487106120e-06
6.875000000000001e-02 7.558916624000402e-02 -1.748456661452102e-05
7.187500000000001e-02 7.916868801542200e-02 -3.158009606612231e-05
7.500000000000001e-02 8.276753847705080e-02 -2.225318132056358e-05
7.812500000000000e-02 8.638659626836727e-02 -2.075031991846162e-05
8.125000000000000e-02 9.002674496637868e-02 -1.348654354757988e-05
8.437500000000001e-02 9.368887329734420e-02 -1.575431038988348e-05
8.750000000000001e-02 9.737387535375355e-02 -1.119561385064474e-05
9.062500000000001e-02 1.010826508126157e-01 -6.383748011633014e-06
9.375000000000000e-02 1.048161051551108e-01 -1.599934392004670e-05
9.687500000000000e-02 1.085751498876601e-01 -2.511692214385224e-05
1.000000000000000e-01 1.123607027644654e-01 -1.650478861474050e-05
1.031250000000000e-01 1.161736880115753e-01 -1.101541732098687e-05
1.062500000000000e-01 1.200150365525305e-01 -9.024579385438029e-06
1.093750000000000e-01 1.238856862356450e-01 -5.983736930435338e-06
1.125000000000000e-01 1.277865820629775e-01 -1.524140778688423e-05
1.156250000000000e-01 1.317186764210495e-01 -9.263665893810198e-06
1.187500000000000e-01 1.356829293133661e-01 -6.578281767333524e-06
1.218750000000000e-01 1.396803085947971e-01 -1.207064625166904e-05
1.250000000000000e-01 1.437117902078738e-01 -1.845215252227076e-05
1.281250000000000e-01 1.477783584210617e-01 -1.645320349487116e-05
1.312500000000000e-01 1.518810060690650e-01 -1.395321129440419e-05
1.343750000000000e-01 1.560207347952229e-01 -1.508006321045497e-05
1.375000000000000e-01 1.601985552960564e-01 -8.933704540281336e-06
1.406250000000000e-01 1.644154875680252e-01 -1.554611565820485e-05
1.437500000000000e-01 1.686725611565558e-01 -1.393823760597966e-05
1.468750000000000e-01 1.729708154074000e-01 -1.314717067890058e-05
1.500000000000000e-01 1.773112997203869e-01 -1.065667379686728e-05
1.531250000000000e-01 1.816950738056289e-01 -1.400659243208009e-05
1.562500000000000e-01 1.861232079422458e-01 -1.661374390119804e-05
1.593750000000000e-01 1.905967832396682e-01 -1.451183947705798e-05
1.625000000000000e-01 1.951168919015860e-01 -1.676700902151717e-05
1.656250000000000e-01 1.996846374926046e-01 -1.744464460741578e-05
1.687500000000000e-01 2.043011352076760e-01 -1.414469372721345e-05
1.718750000000000e-01 2.089675121443681e-01 -1.198035059838198e-05
1.750000000000000e-01 2.136849075780412e-01 -1.609278099725884e-05
1.781250000000000e-01 2.184544732399964e-01 -1.260485131375000e-05
1.812500000000000e-01 2.232773735986666e-01 -1.062810826986322e-05
1.843750000000000e-01 2.281547861439151e-01 -1.501812838824196e-05
1.875000000000000e-01 2.330879016745160e-01 -1.247655341379866e-05
1.906250000000000e-01 2.380779245888810e-01 -1.494194663121835e-05
1.937500000000000e-01 2.431260731791094e-01 -1.296458796255418e-05
1.968750000000000e-01 2.482335799284277e-01 -1.180628367539296e-05
2.000000000000000e-01 2.534016918120952e-01 -1.460109296204813e-05
2.031250000000000e-01 2.586316706018478e-01 -1.235439629921651e-05
2.062500000000000e-01 2.639247931739538e-01 -1.248262215927770e-05
2.093750000000000e-01 2.692823518209576e-01 -1.169134501519006e-05
2.125000000000000e-01 2.747056545671873e-01 -1.496973677677257e-05
2.156250000000000e-01 2.801960254881028e-01 -1.469951744790383e-05
2.187500000000000e-01 2.857548050335636e-01 -1.353045207385762e-05
2.218750000000000e-01 2.913833503550930e-01 -1.426906707920732e-05
2.250000000000000e-01 2.970830356372213e-01 -1.527454680839357e-05
2.281250000000000e-01 3.028552524329863e-01 -1.489159065531531e-05
2.312500000000000e-01 3.087014100036755e-01 -1.432171032773953e-05
2.343750000000000e-01 3.146229356628902e-01 -1.626728517503644e-05
2.375000000000000e-01 3.206212751250189e-01 -1.255787216832983e-05
2.406250000000000e-01 3.266978928582008e-01 -1.245991631898497e-05
2.437500000000000e-01 3.328542724418705e-01 -1.570705617440480e-05
2.468750000000000e-01 3.390919169289667e-01 -1.329875180880463e-05
2.500000000000000e-01 3.454123492128958e-01 -1.317303255994825e-05
2.531250000000000e-01 3.518171123993401e-01 -1.270003365647011e-05
2.562500000000000e-01 3.583077701830001e-01 -1.403247452466055e-05
2.593750000000000e-01 3.648859072293631e-01 -1.485770604141242e-05
2.625000000000000e-01 3.715531295615936e-01 -1.259882029970150e-05
2.656250000000000e-01 3.783110649526354e-01 -1.409123824919397e-05
2.687500000000000e-01 3.851613633226258e-01 -1.364580461187680e-05
2.718750000000000e-01 3.921056971417164e-01 -1.380034893649202e-05
2.750000000000000e-01 3.991457618383991e-01 -1.522418256836680e-05
2.781250000000000e-01 4.062832762134377e-01 -1.364671223121640e-05
2.812500000000000e-01 4.135199828595055e-01 -1.508860049787946e-05
2.843750000000000e-01 4.208576485866312e-01 -1.536331469996696e-05
2.875000000000000e-01 4.282980648535585e-01 -1.399740084006695e-05
2.906250000000000e-01 4.358430482051222e-01 -1.351331361606339e-05
2.937500000000000e-01 4.434944407157500e-01 -1.322796876210347e-05
2.968750000000000e-01 4.512541104391968e-01 -1.444647653149470e-05
3.000000000000000e-01 4.591239518646220e-01 -1.445390170069582e-05
3.031250000000000e-01 4.671058863791195e-01 -1.400794504426893e-05
3.062500000000000e-01 4.752018627368176e-01 -1.389705196959728e-05
3.093750000000000e-01 4.834138575346580e-01 -1.424572099000826e-05
3.125000000000000e-01 4.917438756949728e-01 -1.400037307147189e-05
3.156250000000000e-01 5.001939509549778e-01 -1.448555445316479e-05
3.187500000000000e-01 5.087661463633005e-01 -1.454425513940750e-05
3.218750000000000e-01 5.174625547836644e-01 -1.477573339121811e-05
3.250000000000000e-01 5.262852994058529e-01 -1.435148122851993e-05
3.281250000000000e-01 5.352365342640750e-01 -1.436745179239257e-05
3.312500000000000e-01 5.443184447628656e-01 -1.457376623060716e-05
3.343750000000000e-01 5.535332482106405e-01 -1.448605473142673e-05
3.375000000000000e-01 5.628831943610435e-01 -1.469111542491314e-05
3.406250000000000e-01 5.723705659622137e-01 -1.377365876160281e-05
3.437500000000000e-01 5.819976793141081e-01 -1.474938686514456e-05
3.468750000000000e-01 5.917668848340161e-01 -1.521433870878406e-05
3.500000000000000e-01 6.016805676304035e-01 -1.457812188783741e-05
3.531250000000000e-01 6.117411480852264e-01 -1.406565869761569e-05
3.562500000000000e-01 6.219510824448572e-01 -1.505533989660127e-05
3.593750000000000e-01 6.323128634197650e-01 -1.450319765347333e-05
3.625000000000000e-01 6.428290207931012e-01 -1.453593867111983e-05
3.656250000000000e-01 6.535021220383342e-01 -1.517783437265087e-05
3.687500000000000e-01 6.643347729460869e-01 -1.469066693816546e-05
3.718750000000000e-01 6.753296182603294e-01 -1.560331273297570e-05
3.750000000000000e-01 6.864893423240808e-01 -1.508112174472646e-05
3.781250000000000e-01 6.978166697347804e-01 -1.495935905389293e-05
3.812500000000000e-01 7.093143660094854e-01 -1.479458462332701e-05
3.843750000000000e-01 7.209852382600603e-01 -1.491559895865787e-05
3.875000000000000e-01 7.328321358785219e-01 -1.478914608957168e-05
3.906250000000000e-01 7.448579512327029e-01 -1.510881495512404e-05
3.937500000000000e-01 7.570656203724140e-01 -1.583256255928098e-05
3.968750000000000e-01 7.694581237462648e-01 -1.539129133041324e-05
4.000000000000000e-01 7.820384869293291e-01 -1.570411777459533e-05
4.031250000000000e-01 7.948097813618253e-01 -1.555917274069024e-05
4.062500000000000e-01 8.077751250989945e-01 -1.529948960541873e-05
4.093750000000000e-01 8.209376835723596e-01 -1.506892788015979e-05
4.125000000000000e-01 8.343006703625532e-01 -1.559527261089166e-05
4.156250000000000e-01 8.478673479838968e-01 -1.614307835893484e-05
4.187500000000000e-01 8.616410286809313e-01 -1.572603508569609e-05
4.218750000000000e-01 8.756250752370857e-01 -1.568328496616174e-05
4.250000000000000e-01 8.898229017956865e-01 -1.599497071355381e-05
4.281250000000000e-01 9.042379746935050e-01 -1.634287901290036e-05
4.312500000000000e-01 9.188738133070491e-01 -1.617948061119298e-05
4.343750000000000e-01 9.337339909118028e-01 -1.598259355790947e-05
4.375000000000000e-01 9.488221355546261e-01 -1.616781901952244e-05
4.406250000000000e-01 9.641419309395265e-01 -1.636472612349072e-05
4.437500000000000e-01 9.796971173270190e-01 -1.653149091750184e-05
4.468750000000000e-01 9.954914924472941e-01 -1.674559946191653e-05
4.500000000000000e-01 1.011528912427417e+00 -1.672678350493599e-05
4.531250000000000e-01 1.027813292732786e+00 -1.681620154715971e-05
4.562500000000000e-01 1.044348609123070e+00 -1.681313487099409e-05
4.593750000000000e-01 1.061138898622882e+00 -1.682250920333671e-05
4.625000000000000e-01 1.078188260507393e+00 -1.714398641070907e-05
4.656250000000000e-01 1.095500857303154e+00 -1.727645621004747e-05
4.687500000000000e-01 1.113080915804360e+00 -1.753694385837414e-05
4.718750000000000e-01 1.130932728104805e+00 -1.761402803310984e-05
4.750000000000000e-01 1.149060652645771e+00 -1.761874225265966e-05
4.781250000000000e-01 1.167469115280130e+00 -1.768303364613826e-05
4.812500000000000e-01 1.186162610352890e+00 -1.787675453036656e-05
4.843750000000000e-01 1.205145701798475e+00 -1.817323511535112e-05
4.875000000000000e-01 1.224423024254985e+00 -1.829392763591533e-05
4.906250000000000e-01 1.243999284195726e+00 -1.858493034386909e-05
4.937500000000000e-01 1.263879261078271e+00 -1.846273000269041e-05
4.968750000000000e-01 1.284067808511348e+00 -1.868503785903044e-05
5.000000000000000e-01 1.304569855439823e+00 -1.900528963921709e-05
5.031250000000000e-01 1.325390407348082e+00 -1.915500749374882e-05
5.062500000000000e-01 1.346534547482100e+00 -1.960323519483659e-05
5.093750000000000e-01 1.368007438090487e+00 -1.932503340679592e-05
5.125000000000001e-01 1.389814321684837e+00 -1.976235038575418e-05
5.156250000000000e-01 1.411960522319654e+00 -2.006727170849430e-05
5.187500000000000e-01 1.434451446892208e+00 -2.007596469174324e-05
5.218750000000000e-01 1.457292586462593e+00 -2.096891813108723e-05
5.250000000000000e-01 1.480489517594354e+00 -2.037161858006956e-05
5.281250000000001e-01 1.504047903715979e+00 -2.083238297019529e-05
5.312500000000000e-01 1.527973496503592e+00 -2.181038946958440e-05
5.343750000000000e-01 1.552272137285215e+00 -2.109717875183489e-05
5.375000000000000e-01 1.576949758466886e+00 -2.206591644436619e-05
5.406250000000000e-01 1.602012384981041e+00 -2.224549739437479e-05
5.437500000000001e-01 1.627466135757470e+00 -2.214686288379030e-05
5.468750000000000e-01 1.653317225217225e+00 -2.337042556499143e-05
5.500000000000000e-01 1.679571964789851e+00 -2.273543669588493e-05
5.531250000000000e-01 1.706236764454286e+00 -2.362068260362973e-05
5.562500000000000e-01 1.733318134303830e+00 -2.441112869837064e-05
5.593750000000001e-01 1.760822686135563e+00 -2.358729507071793e-05
5.625000000000000e-01 1.788757135064574e+00 -2.535195773213751e-05
5.656250000000000e-01 1.817128301163438e+00 -2.520576244348246e-05
5.687500000000000e-01 1.845943111127301e+00 -2.496713244755271e-05
5.718750000000000e-01 1.875208599965003e+00 -2.713457561674103e-05
5.750000000000001e-01 1.904931912716643e+00 -2.601615072769140e-05
5.781250000000000e-01 1.935120306198011e+00 -2.690572921739287e-05
5.812500000000000e-01 1.965781150772311e+00 -2.883269006652756e-05
5.843750000000000e-01 1.996921932149593e+00 -2.708515267026401e-05
5.875000000000000e-01 2.028550253214365e+00 -2.927745263314508e-05
5.906250000000001e-01 2.060673835881802e+00 -3.046718872421986e-05
5.937500000000000e-01 2.093300522983012e+00 -2.855171814593612e-05
5.968750000000000e-01 2.126438280179837e+00 -3.199296087573047e-05
6.000000000000001e-01 2.160095197909630e+00 -3.220580380591965e-05
6.031250000000000e-01 2.194279493360494e+00 -3.047066594371939e-05
6.062500000000001e-01 2.228999512477486e+00 -3.502608932598180e-05
6.093750000000000e-01 2.264263732000228e+00 -3.425175395798039e-05
6.125000000000000e-01 2.300080761532477e+00 -3.276441377086808e-05
6.156250000000001e-01 2.336459345644116e+00 -3.843703439709575e-05
6.187500000000000e-01 2.373408366006099e+00 -3.683086480633279e-05
6.218750000000001e-01 2.410936843558884e+00 -3.533318187261756e-05
6.250000000000000e-01 2.449053940714840e+00 -4.233176174531575e-05
6.281250000000000e-01 2.487768963595221e+00 -4.026457830683997e-05
6.312500000000001e-01 2.527091364302215e+00 -3.805347277294690e-05
6.343750000000000e-01 2.567030743226622e+00 -4.675462866878790e-05
6.375000000000001e-01 2.607596851391758e+00 -4.503510419481841e-05
6.406250000000000e-01 2.648799592834118e+00 -4.089300117519312e-05
6.437500000000000e-01 2.690649027021411e+00 -5.143151959544980e-05
6.468750000000001e-01 2.733155371308524e+00 -5.186693254379977e-05
6.500000000000000e-01 2.776329003432049e+00 -4.423540407164843e-05
6.531250000000001e-01 2.820180464043967e+00 -5.553920909447252e-05
6.562500000000000e-01 2.864720459285089e+00 -6.144356585257907e-05
6.593750000000000e-01 2.909959863398929e+00 -4.965592102358524e-05
6.625000000000001e-01 2.955909721386590e+00 -5.762601298341975e-05
6.656250000000000e-01 3.002581251703353e+00 -7.310494300908302e-05
6.687500000000001e-01 3.049985848997626e+00 -6.080199235897471e-05
6.718750000000000e-01 3.098135086892879e+00 -5.748278990223758e-05
6.750000000000000e-01 3.147040720813310e+00 -8.236074519077044e-05
6.781250000000001e-01 3.196714690853871e+00 -8.188963237937214e-05
6.812500000000000e-01 3.247169124695383e+00 -6.135455724211372e-05
6.843750000000001e-01 3.298416340565477e+00 -8.095047674301146e-05
6.875000000000000e-01 3.350468850246008e+00 -1.085366863674341e-04
6.906250000000000e-01 3.403339362127777e+00 -8.614051945221842e-05
6.937500000000001e-01 3.457040784313211e+00 -7.143302511844506e-05
6.968750000000000e-01 3.511586227767823e+00 -1.155736987125859e-04
7.000000000000001e-01 3.566989009521205e+00 -1.380633579538520e-04
7.031250000000000e-01 3.623262655918307e+00 -9.488487376699904e-05
7.062500000000000e-01 3.680420905921852e+00 -8.779578972527313e-05
7.093750000000001e-01 3.738477714466631e+00 -1.589865850795800e-04
7.125000000000000e-01 3.797447255866536e+00 -1.861695274124979e-04
7.156250000000001e-01 3.857343927275175e+00 -1.186448266077732e-04
7.187500000000000e-01 3.918182352200844e+00 -9.875445904371975e-05
7.218750000000000e-01 3.979977384076828e+00 -2.041781795821479e-04
7.250000000000001e-01 4.042744109887770e+00 -2.793352998197322e-04
7.281250000000000e-01 4.106497853853101e+00 -1.950520626093003e-04
7.312500000000001e-01 4.171254181168399e+00 -9.922213139985353e-05
7.343750000000000e-01 4.237028901805528e+00 -2.005240766854204e-04
7.375000000000000e-01 4.303838074372613e+00 -4.109991866146858e-04
7.406250000000001e-01 4.371698010034643e+00 -4.375793740395554e-04
7.437500000000000e-01 4.440625276495786e+00 -2.225707658667172e-04
7.468750000000001e-01 4.510636702044332e+00 -8.342665398764293e-05
7.500000000000000e-01 4.581749379661216e+00 -3.133397227777001e-04
7.531250000000000e-01 4.653980671193226e+00 -7.576612054904376e-04
7.562500000000001e-01 4.727348211591802e+00 -9.311691348817812e-04
7.593750000000000e-01 4.801869913218528e+00 -5.703191968121157e-04
7.625000000000001e-01 4.877563970218381e+00 5.153110186553274e-06
7.656250000000000e-01 4.954448862961714e+00 1.298945342452363e-04
7.687500000000000e-01 5.032543362556198e+00 -5.863052826392042e-04
7.718750000000001e-01 5.111866535429675e+00 -1.821846690809579e-03
7.750000000000000e-01 5.192437747985146e+00 -2.650554956734127e-03
7.781250000000001e-01 5.274276671329015e+00 -2.082321100027916e-03
7.812500000000000e-01 5.357403286073669e+00 3.733981170963210e-04
7.843750000000000e-01 5.441837887215693e+00 4.463421331403210e-03
7.875000000000001e-01 5.527601089090773e+00 9.340594033502981e-03
7.906250000000000e-01 5.614713830406605e+00 1.394823124649733e-02
7.937500000000001e-01 5.703197379355005e+00 1.739620626225684e-02
7.968750000000000e-01 5.793073338804412e+00 1.918609977580370e-02
8.000000000000000e-01 5.884363651574169e+00 1.923865139968223e-02
8.031250000000001e-01 5.977090605791737e+00 1.779464583008066e-02
8.062500000000000e-01 6.071276840334257e+00 1.526470757121589e-02
8.093750000000001e-01 6.166945350355728e+00 1.209489317618366e-02
8.125000000000000e-01 6.264119492901173e+00 8.679037921086968e-03
8.156250000000000e-01 6.362822992609162e+00 5.313876124675499e-03
8.187500000000001e-01 6.463079947504072e+00 2.195133326153912e-03
8.218750000000000e-01 6.564914834879517e+00 -5.706861303422980e-04
8.250000000000001e-01 6.668352517274371e+00 -2.941187442630240e-03
8.281250000000000e-01 6.773418248542846e+00 -4.919137107425999e-03
8.312500000000000e-01 6.880137680020114e+00 -6.532676890589819e-03
8.343750000000001e-01 6.988536866784961e+00 -7.823076612176303e-03
8.375000000000000e-01 7.098642274021019e+00 -8.831615713691456e-03
8.406250000000001e-01 7.210480783478133e+00 -9.594019051102919e-03
8.437500000000000e-01 7.324079700035414e+00 -1.013816486735162e-02
8.468750000000000e-01 7.439466758367605e+00 -1.048767364274359e-02
8.500000000000001e-01 7.556670129716381e+00 -1.066280138562217e-02
8.531250000000000e-01 7.675718428768239e+00 -1.067703125639616e-02
8.562500000000001e-01 7.796640720640633e+00 -1.052886964878906e-02
8.593750000000000e-01 7.919466527978115e+00 -1.019636454704918e-02
8.625000000000000e-01 8.044225838160141e+00 -9.640357384218950e-03
8.656250000000001e-01 8.170949110622363e+00 -8.818452270498862e-03
8.687500000000000e-01 8.299667284293170e+00 -7.704540457307887e-03
8.718750000000001e-01 8.430411785147284e+00 -6.305889790297876e-03
8.750000000000000e-01 8.563214533878281e+00 -4.671400372006060e-03
8.781250000000000e-01 8.698107953691880e+00 -2.889236191415406e-03
8.812500000000001e-01 8.835124978221932e+00 -1.075874378903131e-03
8.843750000000000e-01 8.974299059571019e+00 6.399146805744159e-04
8.875000000000001e-01 9.115664176477637e+00 2.135025738514830e-03
8.906250000000000e-01 9.259254842611947e+00 3.309395743622782e-03
8.937500000000000e-01 9.405106115002161e+00 4.100276854235795e-03
8.968750000000001e-01 9.553253602593529e+00 4.490680047402062e-03
9.000000000000000e-01 9.703733474942130e+00 4.509815689373933e-03
9.031250000000001e-01 9.856582471045494e+00 4.225080316154715e-03
9.062500000000000e-01 1.001183790831228e+01 3.727490866594566e-03
9.093750000000000e-01 1.016953769167313e+01 3.114353808058569e-03
9.125000000000001e-01 1.032972032283505e+01 2.473491608323249e-03
9.156250000000000e-01 1.049242490968134e+01 1.872373432090258e-03
9.187500000000001e-01 1.065769117581972e+01 1.353573405559964e-03
9.218750000000000e-01 1.082555947028058e+01 9.359898553825096e-04
9.250000000000000e-01 1.099607077736805e+01 6.199237014763947e-04
9.281250000000001e-01 1.116926672666618e+01 3.937145939924648e-04
9.312500000000000e-01 1.134518960320255e+01 2.400167708983730e-04
9.343750000000001e-01 1.152388235777201e+01 1.405772180841811e-04
9.375000000000000e-01 1.170538861742293e+01 7.917040028829161e-05
9.406250000000000e-01 1.188975269610854e+01 4.290594203736233e-05
9.437500000000001e-01 1.207701960550600e+01 2.239165595925838e-05
9.468750000000000e-01 1.226723506600578e+01 1.126043614510098e-05
9.500000000000001e-01 1.246044551787411e+01 5.459987613688221e-06
9.531250000000000e-01 1.265669813259115e+01 2.554147592888026e-06
9.562500000000000e-01 1.285604082436773e+01 1.153329971866095e-06
9.593750000000001e-01 1.305852226184337e+01 5.029631411487624e-07
9.625000000000000e-01 1.326419187996850e+01 2.119351869762588e-07
9.656250000000001e-01 1.347309989207381e+01 8.632812335267370e-08
9.687500000000000e-01 1.368529730212962e+01 3.400724547302370e-08
9.718750000000000e-01 1.390083591719824e+01 1.296100144400803e-08
9.750000000000001e-01 1.411976836008246e+01 4.781044494485299e-09
9.781250000000000e-01 1.434214808217320e+01 1.707596089336124e-09
9.812500000000001e-01 1.456802937649935e+01 5.907161239099784e-10
9.843750000000000e-01 1.479746739098328e+01 1.979941814704648e-10
9.875000000000000e-01 1.503051814190487e+01 6.431676678557645e-11
9.906250000000001e-01 1.526723852757770e+01 2.026585649576340e-11
9.937500000000000e-01 1.550768634224049e+01 6.162593711018556e-12
9.968750000000001e-01 1.575192029016732e+01 1.923718358304894e-12
1.000000000000000e+00 1.600000000000000e+01 2.694824356416965e-13
