0.000000000000000e+00 0.000000000000000e+00 -1.003188708192299e-03
3.125000000000000e-03 3.369263549427258e-03 -1.003188708192300e-03
6.250000000000000e-03 6.739349689698711e-03 1.457440628651006e-04
9.375000000000001e-03 1.011108121249049e-02 2.024630402428934e-04
1.250000000000000e-02 1.348528131119160e-02 -4.292554381817498e-05
1.562500000000000e-02 1.686277378188298e-02 -7.920192251481744e-05
1.875000000000000e-02 2.024438322446370e-02 -8.231518060454789e-05
2.187500000000000e-02 2.363093524397333e-02 -3.149160620769532e-05
2.500000000000000e-02 2.702325665215984e-02 -3.518998197986864e-05
2.812500000000000e-02 3.042217566934200e-02 -2.812437629922197e-06
3.125000000000000e-02 3.382852212661575e-02 -1.516167821145531e-05
3.437500000000000e-02 3.724312766845378e-02 1.184684812307769e-05
3.750000000000001e-02 4.066682595574785e-02 -1.877068901780315e-05
4.062500000000000e-02 4.410045286934348e-02 1.404795762388903e-05
4.375000000000000e-02 4.754484671411652e-02 -2.811820756110929e-05
4.687500000000000e-02 5.100084842364160e-02 -7.841825595922810e-06
5.000000000000000e-02 5.446930176550237e-02 1.293397393419563e-06
5.312500000000001e-02 5.795105354729364e-02 2.261824612006274e-05
5.625000000000000e-02 6.144695382336569e-02 -3.593502063241007e-05
5.937500000000000e-02 6.495785610236132e-02 1.800727454485619e-05
6.250000000000000e-02 6.848461755559625e-02 -1.762826585313828e-05
6.562500000000000e-02 7.202809922633362e-02 -4.474388818193811e-06
6.875000000000001e-02 7.558916624000402e-02 -7.608607336245573e-06
7.187500000000001e-02 7.916868801542200e-02 4.323209737111814e-06
7.500000000000001e-02 8.276753847705080e-02 -1.553647260273322e-05
7.812500000000000e-02 8.638659626836727e-02 -9.496332936799334e-06
8.125000000000000e-02 9.002674496637868e-02 -1.059816808576075e-05
8.437500000000001e-02 9.368887329734420e-02 -3.919940245920426e-06
8.750000000000001e-02 9.737387535375355e-02 -1.365217167414253e-06
9.062500000000001e-02 1.010826508126157e-01 9.893199647779740e-06
9.375000000000000e-02 1.048161051551108e-01 -1.392891745226857e-06
9.687500000000000e-02 1.085751498876601e-01 1.139355234653245e-05
1.000000000000000e-01 1.123607027644654e-01 -4.265409572017380e-06
1.031250000000000e-01 1.161736880115753e-01 -2.384421180206397e-05
1.062500000000000e-01 1.200150365525305e-01 -1.361777663995695e-05
1.093750000000000e-01 1.238856862356450e-01 -1.056423397137304e-05
1.125000000000000e-01 1.277865820629775e-01 -5.606445312062639e-06
1.156250000000000e-01 1.317186764210495e-01 -1.404162208401659e-05
1.187500000000000e-01 1.356829293133661e-01 -5.275693212087737e-06
1.218750000000000e-01 1.396803085947971e-01 -6.144011905662257e-06
1.250000000000000e-01 1.437117902078738e-01 -6.297549059910042e-06
1.281250000000000e-01 1.477783584210617e-01 -7.179448513917453e-06
1.312500000000000e-01 1.518810060690650e-01 -3.433709693811640e-06
1.343750000000000e-01 1.560207347952229e-01 -1.617877911432937e-05
1.375000000000000e-01 1.601985552960564e-01 -7.525950955577245e-06
1.406250000000000e-01 1.644154875680252e-01 -1.269338246748270e-05
1.437500000000000e-01 1.686725611565558e-01 2.093968689320450e-06
1.468750000000000e-01 1.729708154074000e-01 -1.271357939611476e-05
1.500000000000000e-01 1.773112997203869e-01 -3.690510800918459e-06
1.531250000000000e-01 1.816950738056289e-01 -1.392829440499588e-05
1.562500000000000e-01 1.861232079422458e-01 -7.908286298716779e-06
1.593750000000000e-01 1.905967832396682e-01 -8.163153860633493e-06
1.625000000000000e-01 1.951168919015860e-01 -1.008184694789562e-06
1.656250000000000e-01 1.996846374926046e-01 -5.434373885541621e-06
1.687500000000000e-01 2.043011352076760e-01 -5.236318582659712e-06
1.718750000000000e-01 2.089675121443681e-01 -4.272623095111182e-06
1.750000000000000e-01 2.136849075780412e-01 -1.612311240408429e-06
1.781250000000000e-01 2.184544732399964e-01 -6.235805204713987e-06
1.812500000000000e-01 2.232773735986666e-01 -3.475034299467507e-06
1.843750000000000e-01 2.281547861439151e-01 -1.401859218571685e-06
1.875000000000000e-01 2.330879016745160e-01 -1.125151456511196e-05
1.906250000000000e-01 2.380779245888810e-01 -9.148340693077394e-06
1.937500000000000e-01 2.431260731791094e-01 -7.296734888847187e-06
1.968750000000000e-01 2.482335799284277e-01 -7.328263611493697e-06
2.000000000000000e-01 2.534016918120952e-01 -8.702836211846238e-06
2.031250000000000e-01 2.586316706018478e-01 -8.949453318155559e-06
2.062500000000000e-01 2.639247931739538e-01 -7.527802546029151e-06
2.093750000000000e-01 2.692823518209576e-01 -5.271749558447085e-06
2.125000000000000e-01 2.747056545671873e-01 -1.024657605415240e-05
2.156250000000000e-01 2.801960254881028e-01 -4.460534264490606e-06
2.187500000000000e-01 2.857548050335636e-01 -8.801149790136230e-06
2.218750000000000e-01 2.913833503550930e-01 -4.761807734023445e-06
2.250000000000000e-01 2.970830356372213e-01 -1.138783267967642e-05
2.281250000000000e-01 3.028552524329863e-01 -5.226055974023728e-06
2.312500000000000e-01 3.087014100036755e-01 -6.143589057542444e-06
2.343750000000000e-01 3.146229356628902e-01 -4.703712132925532e-06
2.375000000000000e-01 3.206212751250189e-01 -6.696933150579974e-06
2.406250000000000e-01 3.266978928582008e-01 -5.040919609631719e-06
2.437500000000000e-01 3.328542724418705e-01 -4.571893243450769e-06
2.468750000000000e-01 3.390919169289667e-01 -7.371250872115219e-06
2.500000000000000e-01 3.454123492128958e-01 -5.506010544791123e-06
2.531250000000000e-01 3.518171123993401e-01 -5.074820072903306e-06
2.562500000000000e-01 3.583077701830001e-01 -9.714768185636943e-06
2.593750000000000e-01 3.648859072293631e-01 -7.516165988520077e-06
2.625000000000000e-01 3.715531295615936e-01 -5.844704249802958e-06
2.656250000000000e-01 3.783110649526354e-01 -7.760401662543197e-06
2.687500000000000e-01 3.851613633226258e-01 -7.548826926893424e-06
2.718750000000000e-01 3.921056971417164e-01 -1.079729767027312e-05
2.750000000000000e-01 3.991457618383991e-01 -6.454649603936711e-06
2.781250000000000e-01 4.062832762134377e-01 -7.829973693633901e-06
2.812500000000000e-01 4.135199828595055e-01 -5.708901587474964e-06
2.843750000000000e-01 4.208576485866312e-01 -8.228438228166367e-06
2.875000000000000e-01 4.282980648535585e-01 -5.570031585023574e-06
2.906250000000000e-01 4.358430482051222e-01 -6.231013575392687e-06
2.937500000000000e-01 4.434944407157500e-01 -6.741297943809710e-06
2.968750000000000e-01 4.512541104391968e-01 -4.439500013213382e-06
3.000000000000000e-01 4.591239518646220e-01 -5.195066270158476e-06
3.031250000000000e-01 4.671058863791195e-01 -9.172948398616827e-06
3.062500000000000e-01 4.752018627368176e-01 -7.094751173859123e-06
3.093750000000000e-01 4.834138575346580e-01 -7.674330666810380e-06
3.125000000000000e-01 4.917438756949728e-01 -6.718629515095456e-06
3.156250000000000e-01 5.001939509549778e-01 -7.179926292636832e-06
3.187500000000000e-01 5.087661463633005e-01 -9.255373318032856e-06
3.218750000000000e-01 5.174625547836644e-01 -6.914834284880793e-06
3.250000000000000e-01 5.262852994058529e-01 -8.111018271966862e-06
3.281250000000000e-01 5.352365342640750e-01 -6.935851332628837e-06
3.312500000000000e-01 5.443184447628656e-01 -6.046851201190654e-06
3.343750000000000e-01 5.535332482106405e-01 -5.240444079376404e-06
3.375000000000000e-01 5.628831943610435e-01 -7.367217646976995e-06
3.406250000000000e-01 5.723705659622137e-01 -6.177959682823682e-06
3.437500000000000e-01 5.819976793141081e-01 -8.200976356865038e-06
3.468750000000000e-01 5.917668848340161e-01 -6.960863444130713e-06
3.500000000000000e-01 6.016805676304035e-01 -7.541626024014529e-06
3.531250000000000e-01 6.117411480852264e-01 -6.802197159088218e-06
3.562500000000000e-01 6.219510824448572e-01 -8.681314188017744e-06
3.593750000000000e-01 6.323128634197650e-01 -8.429427070322364e-06
3.625000000000000e-01 6.428290207931012e-01 -6.187515805681053e-06
3.656250000000000e-01 6.535021220383342e-01 -7.700291446850646e-06
3.687500000000000e-01 6.643347729460869e-01 -6.859416926215399e-06
3.718750000000000e-01 6.753296182603294e-01 -7.701396898260962e-06
3.750000000000000e-01 6.864893423240808e-01 -6.203519879937006e-06
3.781250000000000e-01 6.978166697347804e-01 -8.597866601095238e-06
3.812500000000000e-01 7.093143660094854e-01 -6.550774387728678e-06
3.843750000000000e-01 7.209852382600603e-01 -8.289716607820562e-06
3.875000000000000e-01 7.328321358785219e-01 -7.471239052738261e-06
3.906250000000000e-01 7.448579512327029e-01 -7.065493316109711e-06
3.937500000000000e-01 7.570656203724140e-01 -8.006909698322389e-06
3.968750000000000e-01 7.694581237462648e-01 -7.222471219208137e-06
4.000000000000000e-01 7.820384869293291e-01 -8.325406939616867e-06
4.031250000000000e-01 7.948097813618253e-01 -7.239454696067749e-06
4.062500000000000e-01 8.077751250989945e-01 -8.949388887197012e-06
4.093750000000000e-01 8.209376835723596e-01 -6.218203634878789e-06
4.125000000000000e-01 8.343006703625532e-01 -8.027705849584818e-06
4.156250000000000e-01 8.478673479838968e-01 -7.483801230377981e-06
4.187500000000000e-01 8.616410286809313e-01 -7.683805950627853e-06
4.218750000000000e-01 8.756250752370857e-01 -8.871708119030788e-06
4.250000000000000e-01 8.898229017956865e-01 -8.226636568234765e-06
4.281250000000000e-01 9.042379746935050e-01 -8.919491487567952e-06
4.312500000000000e-01 9.188738133070491e-01 -6.457591504155490e-06
4.343750000000000e-01 9.337339909118028e-01 -8.417149373604854e-06
4.375000000000000e-01 9.488221355546261e-01 -7.783163579209233e-06
4.406250000000000e-01 9.641419309395265e-01 -8.461695973550125e-06
4.437500000000000e-01 9.796971173270190e-01 -8.308197088610810e-06
4.468750000000000e-01 9.954914924472941e-01 -8.043555511725974e-06
4.500000000000000e-01 1.011528912427417e+00 -9.211870315343682e-06
4.531250000000000e-01 1.027813292732786e+00 -8.050352291146544e-06
4.562500000000000e-01 1.044348609123070e+00 -8.993215709940531e-06
4.593750000000000e-01 1.061138898622882e+00 -7.834742396205024e-06
4.625000000000000e-01 1.078188260507393e+00 -8.714565695300531e-06
4.656250000000000e-01 1.095500857303154e+00 -8.659827329818194e-06
4.687500000000000e-01 1.113080915804360e+00 -8.725025254254089e-06
4.718750000000000e-01 1.130932728104805e+00 -9.515215162362260e-06
4.750000000000000e-01 1.149060652645771e+00 -8.462401739836183e-06
4.781250000000000e-01 1.167469115280130e+00 -9.396051912104142e-06
4.812500000000000e-01 1.186162610352890e+00 -8.506739176086680e-06
4.843750000000000e-01 1.205145701798475e+00 -9.111142220721121e-06
4.875000000000000e-01 1.224423024254985e+00 -9.543722370305029e-06
4.906250000000000e-01 1.243999284195726e+00 -9.258387615407141e-06
4.937500000000000e-01 1.263879261078271e+00 -1.007853570223469e-05
4.968750000000000e-01 1.284067808511348e+00 -9.104709271500173e-06
5.000000000000000e-01 1.304569855439823e+00 -9.676422899225704e-06
5.031250000000000e-01 1.325390407348082e+00 -9.530088613467548e-06
5.062500000000000e-01 1.346534547482100e+00 -9.786658898069804e-06
5.093750000000000e-01 1.368007438090487e+00 -1.056220711554283e-05
5.125000000000001e-01 1.389814321684837e+00 -9.677843846872004e-06
5.156250000000000e-01 1.411960522319654e+00 -1.058834134359721e-05
5.187500000000000e-01 1.434451446892208e+00 -9.909262137375872e-06
5.218750000000000e-01 1.457292586462593e+00 -1.041661953656926e-05
5.250000000000000e-01 1.480489517594354e+00 -1.147021976731758e-05
5.281250000000001e-01 1.504047903715979e+00 -9.973251331552285e-06
5.312500000000000e-01 1.527973496503592e+00 -1.156171326429605e-05
5.343750000000000e-01 1.552272137285215e+00 -1.056510150427398e-05
5.375000000000000e-01 1.576949758466886e+00 -1.084000271228655e-05
5.406250000000000e-01 1.602012384981041e+00 -1.309677671640186e-05
5.437500000000001e-01 1.627466135757470e+00 -9.978053184498242e-06
5.468750000000000e-01 1.653317225217225e+00 -1.213994206177961e-05
5.500000000000000e-01 1.679571964789851e+00 -1.276677131596032e-05
5.531250000000000e-01 1.706236764454286e+00 -1.082514954930857e-05
5.562500000000000e-01 1.733318134303830e+00 -1.391734726718595e-05
5.593750000000001e-01 1.760822686135563e+00 -1.152322257408127e-05
5.625000000000000e-01 1.788757135064574e+00 -1.279637504521804e-05
5.656250000000000e-01 1.817128301163438e+00 -1.449769263081005e-05
5.687500000000000e-01 1.845943111127301e+00 -1.112287070419715e-05
5.718750000000000e-01 1.875208599965003e+00 -1.532306809490275e-05
5.750000000000001e-01 1.904931912716643e+00 -1.370500439688593e-05
5.781250000000000e-01 1.935120306198011e+00 -1.239781478845557e-05
5.812500000000000e-01 1.965781150772311e+00 -1.720468337087563e-05
5.843750000000000e-01 1.996921932149593e+00 -1.261054861083852e-05
5.875000000000000e-01 2.028550253214365e+00 -1.507476608655649e-05
5.906250000000001e-01 2.060673835881802e+00 -1.781424385057806e-05
5.937500000000000e-01 2.093300522983012e+00 -1.233137926200836e-05
5.968750000000000e-01 2.126438280179837e+00 -1.826788615077047e-05
6.000000000000001e-01 2.160095197909630e+00 -1.745114769937308e-05
6.031250000000000e-01 2.194279493360494e+00 -1.330125361810149e-05
6.062500000000001e-01 2.228999512477486e+00 -2.124273028157500e-05
6.093750000000000e-01 2.264263732000228e+00 -1.680578902392292e-05
6.125000000000000e-01 2.300080761532477e+00 -1.528341740619256e-05
6.156250000000001e-01 2.336459345644116e+00 -2.381797408487903e-05
6.187500000000000e-01 2.373408366006099e+00 -1.645587735464449e-05
6.218750000000001e-01 2.410936843558884e+00 -1.780595281970809e-05
6.250000000000000e-01 2.449053940714840e+00 -2.626879571181889e-05
6.281250000000000e-01 2.487768963595221e+00 -1.662106342400136e-05
6.312500000000001e-01 2.527091364302215e+00 -2.038032394391224e-05
6.343750000000000e-01 2.567030743226622e+00 -2.907429569180911e-05
6.375000000000001e-01 2.607596851391758e+00 -1.738042425198471e-05
6.406250000000000e-01 2.648799592834118e+00 -2.264580303767331e-05
6.437500000000000e-01 2.690649027021411e+00 -3.278433314893399e-05
6.468750000000001e-01 2.733155371308524e+00 -1.889213855932187e-05
6.500000000000000e-01 2.776329003432049e+00 -2.406834689747675e-05
6.531250000000001e-01 2.820180464043967e+00 -3.772433577758857e-05
6.562500000000000e-01 2.864720459285089e+00 -2.180553400965872e-05
6.593750000000000e-01 2.909959863398929e+00 -2.401615000775694e-05
6.625000000000001e-01 2.955909721386590e+00 -4.375565467407098e-05
6.656250000000000e-01 3.002581251703353e+00 -2.771655111327876e-05
6.687500000000001e-01 3.049985848997626e+00 -2.195928498294267e-05
6.718750000000000e-01 3.098135086892879e+00 -4.912487663927620e-05
6.750000000000000e-01 3.147040720813310e+00 -3.918489882391635e-05
6.781250000000001e-01 3.196714690853871e+00 -1.928957192314188e-05
6.812500000000000e-01 3.247169124695383e+00 -4.947947083615086e-05
6.843750000000001e-01 3.298416340565477e+00 -5.776089323715852e-05
6.875000000000000e-01 3.350468850246008e+00 -2.256039570937614e-05
6.906250000000000e-01 3.403339362127777e+00 -3.909424980544560e-05
6.937500000000001e-01 3.457040784313211e+00 -7.740798428509908e-05
6.968750000000000e-01 3.511586227767823e+00 -4.500623391396858e-05
7.000000000000001e-01 3.566989009521205e+00 -2.166112626914443e-05
7.031250000000000e-01 3.623262655918307e+00 -7.698538849079187e-05
7.062500000000000e-01 3.680420905921852e+00 -9.162481392176967e-05
7.093750000000001e-01 3.738477714466631e+00 -2.949315361413638e-05
7.125000000000000e-01 3.797447255866536e+00 -3.855624304040026e-05
7.156250000000001e-01 3.857343927275175e+00 -1.200934705341097e-04
7.187500000000000e-01 3.918182352200844e+00 -1.044331333275094e-04
7.218750000000000e-01 3.979977384076828e+00 -1.975796296549106e-05
7.250000000000001e-01 4.042744109887770e+00 -5.757770772806492e-05
7.281250000000000e-01 4.106497853853101e+00 -1.717293859012365e-04
7.312500000000001e-01 4.171254181168399e+00 -1.426512152959873e-04
7.343750000000000e-01 4.237028901805528e+00 -1.638092579190784e-05
7.375000000000000e-01 4.303838074372613e+00 -5.101135179035057e-05
7.406250000000001e-01 4.371698010034643e+00 -2.309669058702663e-04
7.437500000000000e-01 4.440625276495786e+00 -2.541674628548615e-04
7.468750000000001e-01 4.510636702044332e+00 -5.989125322585412e-05
7.500000000000000e-01 4.581749379661216e+00 2.000334544298780e-05
7.531250000000000e-01 4.653980671193226e+00 -2.132584244871924e-04
7.562500000000001e-01 4.727348211591802e+00 -4.630205582083022e-04
7.593750000000000e-01 4.801869913218528e+00 -3.458570439917366e-04
7.625000000000001e-01 4.877563970218381e+00 1.461759692368569e-05
7.656250000000000e-01 4.954448862961714e+00 9.014335257276480e-05
7.687500000000000e-01 5.032543362556198e+00 -3.570416316592821e-04
7.718750000000001e-01 5.111866535429675e+00 -9.008132209895950e-04
7.750000000000000e-01 5.192437747985146e+00 -8.951372430743426e-04
7.781250000000001e-01 5.274276671329015e+00 -2.270376754828410e-04
7.812500000000000e-01 5.357403286073669e+00 4.669719800614059e-04
7.843750000000000e-01 5.441837887215693e+00 3.542220048931724e-04
7.875000000000001e-01 5.527601089090773e+00 -8.128298547020204e-04
7.906250000000000e-01 5.614713830406605e+00 -2.383238972386049e-03
7.937500000000001e-01 5.703197379355005e+00 -3.179174280042239e-03
7.968750000000000e-01 5.793073338804412e+00 -2.212469462599914e-03
8.000000000000000e-01 5.884363651574169e+00 7.695818824574593e-04
8.031250000000001e-01 5.977090605791737e+00 5.200714922429169e-03
8.062500000000000e-01 6.071276840334257e+00 1.001743541996086e-02
8.093750000000001e-01 6.166945350355728e+00 1.412455256414495e-02
8.125000000000000e-01 6.264119492901173e+00 1.675456316835456e-02
8.156250000000000e-01 6.362822992609162e+00 1.760791915085533e-02
8.187500000000001e-01 6.463079947504072e+00 1.680034827140542e-02
8.218750000000000e-01 6.564914834879517e+00 1.470891242396140e-02
8.250000000000001e-01 6.668352517274371e+00 1.180612374985145e-02
8.281250000000000e-01 6.773418248542846e+00 8.535686413074230e-03
8.312500000000000e-01 6.880137680020114e+00 5.246003402079528e-03
8.343750000000001e-01 6.988536866784961e+00 2.172411120762687e-03
8.375000000000000e-01 7.098642274021019e+00 -5.516601854329065e-04
8.406250000000001e-01 7.210480783478133e+00 -2.872339660506942e-03
8.437500000000000e-01 7.324079700035414e+00 -4.790657330171848e-03
8.468750000000000e-01 7.439466758367605e+00 -6.338503207922602e-03
8.500000000000001e-01 7.556670129716381e+00 -7.557971488262509e-03
8.531250000000000e-01 7.675718428768239e+00 -8.488659080952731e-03
8.562500000000001e-01 7.796640720640633e+00 -9.165162664944349e-03
8.593750000000000e-01 7.919466527978115e+00 -9.620301799141839e-03
8.625000000000000e-01 8.044225838160141e+00 -9.885333854111698e-03
8.656250000000001e-01 8.170949110622363e+00 -9.982196340335028e-03
8.687500000000000e-01 8.299667284293170e+00 -9.911451387181632e-03
8.718750000000001e-01 8.430411785147284e+00 -9.645948580894917e-03
8.750000000000000e-01 8.563214533878281e+00 -9.137760468637837e-03
8.781250000000000e-01 8.698107953691880e+00 -8.337764669966044e-03
8.812500000000001e-01 8.835124978221932e+00 -7.219562838364795e-03
8.843750000000000e-01 8.974299059571019e+00 -5.797927693735039e-03
8.875000000000001e-01 9.115664176477637e+00 -4.135839511024579e-03
8.906250000000000e-01 9.259254842611947e+00 -2.339521977154140e-03
8.937500000000000e-01 9.405106115002161e+00 -5.441342527401686e-04
8.968750000000001e-01 9.553253602593529e+00 1.106400195713136e-03
9.000000000000000e-01 9.703733474942130e+00 2.481948431596445e-03
9.031250000000001e-01 9.856582471045494e+00 3.487186637766089e-03
9.062500000000000e-01 1.001183790831228e+01 4.076638113472151e-03
9.093750000000000e-01 1.016953769167313e+01 4.259889766269571e-03
9.125000000000001e-01 1.032972032283505e+01 4.095484271961427e-03
9.156250000000000e-01 1.049242490968134e+01 3.675336840321382e-03
9.187500000000001e-01 1.065769117581972e+01 3.104346544097776e-03
9.218750000000000e-01 1.082555947028058e+01 2.480872609761913e-03
9.250000000000000e-01 1.099607077736805e+01 1.882649081395786e-03
9.281250000000001e-01 1.116926672666618e+01 1.360261628076414e-03
9.312500000000000e-01 1.134518960320255e+01 9.377082077837111e-04
9.343750000000001e-01 1.152388235777201e+01 6.177950285851311e-04
9.375000000000000e-01 1.170538861742293e+01 3.895639074476312e-04
9.406250000000000e-01 1.188975269610854e+01 2.354047673709539e-04
9.437500000000001e-01 1.207701960550600e+01 1.364699308584213e-04
9.468750000000000e-01 1.226723506600578e+01 7.597631385544687e-05
9.500000000000001e-01 1.246044551787411e+01 4.065685347551032e-05
9.531250000000000e-01 1.265669813259115e+01 2.092980829098499e-05
9.562500000000000e-01 1.285604082436773e+01 1.037303908375467e-05
9.593750000000001e-01 1.305852226184337e+01 4.952959965656279e-06
9.625000000000000e-01 1.326419187996850e+01 2.279968338437149e-06
9.656250000000001e-01 1.347309989207381e+01 1.012432282062224e-06
9.687500000000000e-01 1.368529730212962e+01 4.339374544548295e-07
9.718750000000000e-01 1.390083591719824e+01 1.796170823101287e-07
9.750000000000001e-01 1.411976836008246e+01 7.183711039614335e-08
9.781250000000000e-01 1.434214808217320e+01 2.777406859124721e-08
9.812500000000001e-01 1.456802937649935e+01 1.038523164365795e-08
9.843750000000000e-01 1.479746739098328e+01 3.757243127619929e-09
9.875000000000000e-01 1.503051814190487e+01 1.315659321756901e-09
9.906250000000001e-01 1.526723852757770e+01 4.463892838278306e-10
9.937500000000000e-01 1.550768634224049e+01 1.459277175463891e-10
9.968750000000001e-01 1.575192029016732e+01 4.881026628308593e-11
1.000000000000000e+00 1.600000000000000e+01 8.857781182243960e-12
