0.000000000000000e+00 0.000000000000000e+00 2.908427528751650e-04
3.125000000000000e-03 3.369263549427258e-03 2.908427528751657e-04
6.250000000000000e-03 6.739349689698711e-03 -3.968889763926441e-05
9.375000000000001e-03 1.011108121249049e-02 4.617714820850400e-05
1.250000000000000e-02 1.348528131119160e-02 -2.709573442872818e-05
1.562500000000000e-02 1.686277378188298e-02 1.308155694211105e-05
1.875000000000000e-02 2.024438322446370e-02 1.216499307051042e-05
2.187500000000000e-02 2.363093524397333e-02 -8.871921286999475e-06
2.500000000000000e-02 2.702325665215984e-02 -1.919199579336855e-05
2.812500000000000e-02 3.042217566934200e-02 -1.560092125578197e-05
3.125000000000000e-02 3.382852212661575e-02 -2.073762185086439e-05
3.437500000000000e-02 3.724312766845378e-02 -2.547778770546597e-05
3.750000000000001e-02 4.066682595574785e-02 -1.229838063706224e-05
4.062500000000000e-02 4.410045286934348e-02 -1.972336958868946e-05
4.375000000000000e-02 4.754484671411652e-02 1.177826694208180e-05
4.687500000000000e-02 5.100084842364160e-02 -1.514770942566039e-06
5.000000000000000e-02 5.446930176550237e-02 -8.107777758201593e-06
5.312500000000001e-02 5.795105354729364e-02 -5.039698772712507e-06
5.625000000000000e-02 6.144695382336569e-02 2.980603144352935e-06
5.937500000000000e-02 6.495785610236132e-02 -1.985758709609332e-05
6.250000000000000e-02 6.848461755559625e-02 9.837427027175498e-06
6.562500000000000e-02 7.202809922633362e-02 1.084139890475519e-05
6.875000000000001e-02 7.558916624000402e-02 -8.853875331342785e-06
7.187500000000001e-02 7.916868801542200e-02 -1.274122401067443e-05
7.500000000000001e-02 8.276753847705080e-02 -3.590972729394995e-06
7.812500000000000e-02 8.638659626836727e-02 -2.834445916068594e-06
8.125000000000000e-02 9.002674496637868e-02 6.162585694611023e-06
8.437500000000001e-02 9.368887329734420e-02 -2.154817224197625e-06
8.750000000000001e-02 9.737387535375355e-02 -8.181771044518342e-06
9.062500000000001e-02 1.010826508126157e-01 -4.390769755149019e-06
9.375000000000000e-02 1.048161051551108e-01 -1.467141865873232e-06
9.687500000000000e-02 1.085751498876601e-01 -3.000843085024883e-06
1.000000000000000e-01 1.123607027644654e-01 -8.984935119661607e-06
1.031250000000000e-01 1.161736880115753e-01 -7.083150578745902e-06
1.062500000000000e-01 1.200150365525305e-01 -3.825877975460273e-06
1.093750000000000e-01 1.238856862356450e-01 1.303312641554167e-06
1.125000000000000e-01 1.277865820629775e-01 4.747447648084747e-07
1.156250000000000e-01 1.317186764210495e-01 -8.230050706196321e-06
1.187500000000000e-01 1.356829293133661e-01 -4.468795189494320e-06
1.218750000000000e-01 1.396803085947971e-01 -8.917535930248779e-07
1.250000000000000e-01 1.437117902078738e-01 -6.143318474083123e-06
1.281250000000000e-01 1.477783584210617e-01 -5.254781175503383e-06
1.312500000000000e-01 1.518810060690650e-01 -4.746007234203145e-06
1.343750000000000e-01 1.560207347952229e-01 -3.867900444224765e-06
1.375000000000000e-01 1.601985552960564e-01 -2.828425689228307e-06
1.406250000000000e-01 1.644154875680252e-01 -2.302459517540815e-06
1.437500000000000e-01 1.686725611565558e-01 -8.176183362782121e-06
1.468750000000000e-01 1.729708154074000e-01 -7.763090982121021e-06
1.500000000000000e-01 1.773112997203869e-01 -5.464600444544596e-06
1.531250000000000e-01 1.816950738056289e-01 -3.006895777902630e-06
1.562500000000000e-01 1.861232079422458e-01 -5.908486248487961e-06
1.593750000000000e-01 1.905967832396682e-01 -1.691106383108455e-06
1.625000000000000e-01 1.951168919015860e-01 -4.077267085564444e-06
1.656250000000000e-01 1.996846374926046e-01 1.356931992672363e-06
1.687500000000000e-01 2.043011352076760e-01 -3.110241071870379e-06
1.718750000000000e-01 2.089675121443681e-01 -6.524890036752905e-06
1.750000000000000e-01 2.136849075780412e-01 -4.551072724290693e-06
1.781250000000000e-01 2.184544732399964e-01 -2.351461111144073e-06
1.812500000000000e-01 2.232773735986666e-01 -3.805525143613713e-06
1.843750000000000e-01 2.281547861439151e-01 -7.476099474394746e-06
1.875000000000000e-01 2.330879016745160e-01 -3.382324911459442e-06
1.906250000000000e-01 2.380779245888810e-01 -3.571383899041195e-06
1.937500000000000e-01 2.431260731791094e-01 -3.615089776452134e-06
1.968750000000000e-01 2.482335799284277e-01 -1.290965101010597e-06
2.000000000000000e-01 2.534016918120952e-01 -3.039334950473095e-06
2.031250000000000e-01 2.586316706018478e-01 -4.232442673340108e-06
2.062500000000000e-01 2.639247931739538e-01 -6.761672461723101e-06
2.093750000000000e-01 2.692823518209576e-01 -6.431726029846084e-06
2.125000000000000e-01 2.747056545671873e-01 -2.758522107784800e-06
2.156250000000000e-01 2.801960254881028e-01 -5.140683593004214e-06
2.187500000000000e-01 2.857548050335636e-01 -4.950451705038555e-06
2.218750000000000e-01 2.913833503550930e-01 -4.168513511996028e-06
2.250000000000000e-01 2.970830356372213e-01 -5.304820833808153e-06
2.281250000000000e-01 3.028552524329863e-01 -4.032877984898326e-06
2.312500000000000e-01 3.087014100036755e-01 -1.174873945461070e-06
2.343750000000000e-01 3.146229356628902e-01 -5.152904034745255e-06
2.375000000000000e-01 3.206212751250189e-01 -3.787702622866077e-06
2.406250000000000e-01 3.266978928582008e-01 -2.791414575292232e-06
2.437500000000000e-01 3.328542724418705e-01 -5.138509835633705e-06
2.468750000000000e-01 3.390919169289667e-01 -5.706870844053285e-06
2.500000000000000e-01 3.454123492128958e-01 -4.342493582916121e-06
2.531250000000000e-01 3.518171123993401e-01 -4.346357896987198e-06
2.562500000000000e-01 3.583077701830001e-01 -2.875718633429716e-06
2.593750000000000e-01 3.648859072293631e-01 -3.267784674614721e-06
2.625000000000000e-01 3.715531295615936e-01 -4.631983445332377e-06
2.656250000000000e-01 3.783110649526354e-01 -4.398419274834321e-06
2.687500000000000e-01 3.851613633226258e-01 -3.919379112158474e-06
2.718750000000000e-01 3.921056971417164e-01 -3.655829547632376e-06
2.750000000000000e-01 3.991457618383991e-01 -5.094324778192737e-06
2.781250000000000e-01 4.062832762134377e-01 -4.948283967563837e-06
2.812500000000000e-01 4.135199828595055e-01 -4.106619120530026e-06
2.843750000000000e-01 4.208576485866312e-01 -3.856069609556113e-06
2.875000000000000e-01 4.282980648535585e-01 -4.003157599286876e-06
2.906250000000000e-01 4.358430482051222e-01 -4.403478553026239e-06
2.937500000000000e-01 4.434944407157500e-01 -4.472001117315695e-06
2.968750000000000e-01 4.512541104391968e-01 -4.132933990808487e-06
3.000000000000000e-01 4.591239518646220e-01 -4.836211371379335e-06
3.031250000000000e-01 4.671058863791195e-01 -3.625536033998122e-06
3.062500000000000e-01 4.752018627368176e-01 -4.055524788371695e-06
3.093750000000000e-01 4.834138575346580e-01 -5.051138237070586e-06
3.125000000000000e-01 4.917438756949728e-01 -4.594107714968720e-06
3.156250000000000e-01 5.001939509549778e-01 -3.787424040759043e-06
3.187500000000000e-01 5.087661463633005e-01 -4.216470180532162e-06
3.218750000000000e-01 5.174625547836644e-01 -4.665230445263017e-06
3.250000000000000e-01 5.262852994058529e-01 -4.759111457244873e-06
3.281250000000000e-01 5.352365342640750e-01 -3.161946942622870e-06
3.312500000000000e-01 5.443184447628656e-01 -4.346135918867119e-06
3.343750000000000e-01 5.535332482106405e-01 -4.366834762005991e-06
3.375000000000000e-01 5.628831943610435e-01 -4.421001534911626e-06
3.406250000000000e-01 5.723705659622137e-01 -5.562018319367204e-06
3.437500000000000e-01 5.819976793141081e-01 -3.945565511047355e-06
3.468750000000000e-01 5.917668848340161e-01 -4.699643002324946e-06
3.500000000000000e-01 6.016805676304035e-01 -4.477390830292192e-06
3.531250000000000e-01 6.117411480852264e-01 -4.529773273647271e-06
3.562500000000000e-01 6.219510824448572e-01 -4.434732818189877e-06
3.593750000000000e-01 6.323128634197650e-01 -5.221365734835088e-06
3.625000000000000e-01 6.428290207931012e-01 -3.275144489179215e-06
3.656250000000000e-01 6.535021220383342e-01 -4.072131203297815e-06
3.687500000000000e-01 6.643347729460869e-01 -4.884385790576007e-06
3.718750000000000e-01 6.753296182603294e-01 -4.823022618430796e-06
3.750000000000000e-01 6.864893423240808e-01 -4.854811252653501e-06
3.781250000000000e-01 6.978166697347804e-01 -4.122190097541320e-06
3.812500000000000e-01 7.093143660094854e-01 -5.644332028510655e-06
3.843750000000000e-01 7.209852382600603e-01 -4.397443833439206e-06
3.875000000000000e-01 7.328321358785219e-01 -5.048848202673890e-06
3.906250000000000e-01 7.448579512327029e-01 -3.937195412850129e-06
3.937500000000000e-01 7.570656203724140e-01 -4.972347809494112e-06
3.968750000000000e-01 7.694581237462648e-01 -4.075167779283222e-06
4.000000000000000e-01 7.820384869293291e-01 -4.616299271032234e-06
4.031250000000000e-01 7.948097813618253e-01 -5.418949516605948e-06
4.062500000000000e-01 8.077751250989945e-01 -4.297331001976670e-06
4.093750000000000e-01 8.209376835723596e-01 -6.042952228240309e-06
4.125000000000000e-01 8.343006703625532e-01 -4.234178663047429e-06
4.156250000000000e-01 8.478673479838968e-01 -5.430328987468985e-06
4.187500000000000e-01 8.616410286809313e-01 -4.084232141030724e-06
4.218750000000000e-01 8.756250752370857e-01 -5.298711750313718e-06
4.250000000000000e-01 8.898229017956865e-01 -4.895863139932271e-06
4.281250000000000e-01 9.042379746935050e-01 -4.594525095928530e-06
4.312500000000000e-01 9.188738133070491e-01 -6.125838336318671e-06
4.343750000000000e-01 9.337339909118028e-01 -3.909220550361760e-06
4.375000000000000e-01 9.488221355546261e-01 -5.945160596214259e-06
4.406250000000000e-01 9.641419309395265e-01 -4.483990725544882e-06
4.437500000000000e-01 9.796971173270190e-01 -6.121628644450999e-06
4.468750000000000e-01 9.954914924472941e-01 -5.115092282461939e-06
4.500000000000000e-01 1.011528912427417e+00 -4.626341125196745e-06
4.531250000000000e-01 1.027813292732786e+00 -5.978015794278936e-06
4.562500000000000e-01 1.044348609123070e+00 -4.286478209100005e-06
4.593750000000000e-01 1.061138898622882e+00 -6.664246481541183e-06
4.625000000000000e-01 1.078188260507393e+00 -4.523512611559759e-06
4.656250000000000e-01 1.095500857303154e+00 -6.188010497067689e-06
4.687500000000000e-01 1.113080915804360e+00 -5.494474706675206e-06
4.718750000000000e-01 1.130932728104805e+00 -5.079983467984583e-06
4.750000000000000e-01 1.149060652645771e+00 -6.551319709353097e-06
4.781250000000000e-01 1.167469115280130e+00 -4.429828621414118e-06
4.812500000000000e-01 1.186162610352890e+00 -7.088791865911486e-06
4.843750000000000e-01 1.205145701798475e+00 -4.972957435552129e-06
4.875000000000000e-01 1.224423024254985e+00 -6.430894297482253e-06
4.906250000000000e-01 1.243999284195726e+00 -6.192472142672349e-06
4.937500000000000e-01 1.263879261078271e+00 -5.056924768191285e-06
4.968750000000000e-01 1.284067808511348e+00 -7.416528849581956e-06
5.000000000000000e-01 1.304569855439823e+00 -4.598788379151049e-06
5.031250000000000e-01 1.325390407348082e+00 -7.623698192039228e-06
5.062500000000000e-01 1.346534547482100e+00 -5.826173516805773e-06
5.093750000000000e-01 1.368007438090487e+00 -6.062707338234252e-06
5.125000000000001e-01 1.389814321684837e+00 -7.774499588518247e-06
5.156250000000000e-01 1.411960522319654e+00 -4.610923744683762e-06
5.187500000000000e-01 1.434451446892208e+00 -8.550846248881320e-06
5.218750000000000e-01 1.457292586462593e+00 -5.722473299320140e-06
5.250000000000000e-01 1.480489517594354e+00 -6.944730439285747e-06
5.281250000000001e-01 1.504047903715979e+00 -8.128186124295579e-06
5.312500000000000e-01 1.527973496503592e+00 -4.880530683651248e-06
5.343750000000000e-01 1.552272137285215e+00 -9.526726555431183e-06
5.375000000000000e-01 1.576949758466886e+00 -5.798455656830258e-06
5.406250000000000e-01 1.602012384981041e+00 -7.624605941668395e-06
5.437500000000001e-01 1.627466135757470e+00 -9.038578412365397e-06
5.468750000000000e-01 1.653317225217225e+00 -4.863332972595749e-06
5.500000000000000e-01 1.679571964789851e+00 -1.063660596046631e-05
5.531250000000000e-01 1.706236764454286e+00 -6.601693819246385e-06
5.562500000000000e-01 1.733318134303830e+00 -7.442177135467778e-06
5.593750000000001e-01 1.760822686135563e+00 -1.071652550527455e-05
5.625000000000000e-01 1.788757135064574e+00 -5.159636530542924e-06
5.656250000000000e-01 1.817128301163438e+00 -1.118071647108837e-05
5.687500000000000e-01 1.845943111127301e+00 -8.290309882148013e-06
5.718750000000000e-01 1.875208599965003e+00 -6.806417894751030e-06
5.750000000000001e-01 1.904931912716643e+00 -1.297366585002920e-05
5.781250000000000e-01 1.935120306198011e+00 -5.822630527943648e-06
5.812500000000000e-01 1.965781150772311e+00 -1.063876348229300e-05
5.843750000000000e-01 1.996921932149593e+00 -1.195806515627246e-05
5.875000000000000e-01 2.028550253214365e+00 -5.502226130547371e-06
5.906250000000001e-01 2.060673835881802e+00 -1.439770239315594e-05
5.937500000000000e-01 2.093300522983012e+00 -9.330107410925590e-06
5.968750000000000e-01 2.126438280179837e+00 -7.752884077648482e-06
6.000000000000001e-01 2.160095197909630e+00 -1.649455619522154e-05
6.031250000000000e-01 2.194279493360494e+00 -6.839523418088060e-06
6.062500000000001e-01 2.228999512477486e+00 -1.164626497278199e-05
6.093750000000000e-01 2.264263732000228e+00 -1.673018697131692e-05
6.125000000000000e-01 2.300080761532477e+00 -5.598778242626615e-06
6.156250000000001e-01 2.336459345644116e+00 -1.601690259855764e-05
6.187500000000000e-01 2.373408366006099e+00 -1.579157753803282e-05
6.218750000000001e-01 2.410936843558884e+00 -5.765289125370201e-06
6.250000000000000e-01 2.449053940714840e+00 -2.013183284298149e-05
6.281250000000000e-01 2.487768963595221e+00 -1.455079408208741e-05
6.312500000000001e-01 2.527091364302215e+00 -6.869624154028531e-06
6.343750000000000e-01 2.567030743226622e+00 -2.390569160733543e-05
6.375000000000001e-01 2.607596851391758e+00 -1.373251541441286e-05
6.406250000000000e-01 2.648799592834118e+00 -8.219148154688911e-06
6.437500000000000e-01 2.690649027021411e+00 -2.762251064209720e-05
6.468750000000001e-01 2.733155371308524e+00 -1.386343076984573e-05
6.500000000000000e-01 2.776329003432049e+00 -9.035206754054153e-06
6.531250000000001e-01 2.820180464043967e+00 -3.162816731614887e-05
6.562500000000000e-01 2.864720459285089e+00 -1.560172156666099e-05
6.593750000000000e-01 2.909959863398929e+00 -8.601679648395481e-06
6.625000000000001e-01 2.955909721386590e+00 -3.589248217883583e-05
6.656250000000000e-01 3.002581251703353e+00 -2.009967205331641e-05
6.687500000000001e-01 3.049985848997626e+00 -6.425671437023688e-06
6.718750000000000e-01 3.098135086892879e+00 -3.930279456810843e-05
6.750000000000000e-01 3.147040720813310e+00 -2.919374559124120e-05
6.781250000000001e-01 3.196714690853871e+00 -3.242036489973109e-06
6.812500000000000e-01 3.247169124695383e+00 -3.875054142738720e-05
6.843750000000001e-01 3.298416340565477e+00 -4.448224451227156e-05
6.875000000000000e-01 3.350468850246008e+00 -3.227127567785939e-06
6.906250000000000e-01 3.403339362127777e+00 -2.925345575393179e-05
6.937500000000001e-01 3.457040784313211e+00 -6.342963789318552e-05
6.968750000000000e-01 3.511586227767823e+00 -1.638595294094861e-05
7.000000000000001e-01 3.566989009521205e+00 -9.094549492077673e-06
7.031250000000000e-01 3.623262655918307e+00 -7.232261323443151e-05
7.062500000000000e-01 3.680420905921852e+00 -5.385369173580781e-05
7.093750000000001e-01 3.738477714466631e+00 5.481986499471346e-06
7.125000000000000e-01 3.797447255866536e+00 -4.704158317155357e-05
7.156250000000001e-01 3.857343927275175e+00 -1.026199385811337e-04
7.187500000000000e-01 3.918182352200844e+00 -2.923102138325888e-05
7.218750000000000e-01 3.979977384076828e+00 7.456576761209625e-06
7.250000000000001e-01 4.042744109887770e+00 -9.556750321083779e-05
7.281250000000000e-01 4.106497853853101e+00 -1.271401704895929e-04
7.312500000000001e-01 4.171254181168399e+00 -9.668593484852086e-06
7.343750000000000e-01 4.237028901805528e+00 6.964683715796835e-06
7.375000000000000e-01 4.303838074372613e+00 -1.440995812547989e-04
7.406250000000001e-01 4.371698010034643e+00 -1.771111902831726e-04
7.437500000000000e-01 4.440625276495786e+00 -1.065101541620339e-05
7.468750000000001e-01 4.510636702044332e+00 3.609375614020966e-05
7.500000000000000e-01 4.581749379661216e+00 -1.710892473900876e-04
7.531250000000000e-01 4.653980671193226e+00 -2.938184947252134e-04
7.562500000000001e-01 4.727348211591802e+00 -9.631699488592930e-05
7.593750000000000e-01 4.801869913218528e+00 1.067324579962657e-04
7.625000000000001e-01 4.877563970218381e+00 -6.974966271266186e-05
7.656250000000000e-01 4.954448862961714e+00 -4.318624587474043e-04
7.687500000000000e-01 5.032543362556198e+00 -4.437439546340028e-04
7.718750000000001e-01 5.111866535429675e+00 -2.794450649445720e-05
7.750000000000000e-01 5.192437747985146e+00 2.500169093627867e-04
7.781250000000001e-01 5.274276671329015e+00 -9.349966493284577e-05
7.812500000000000e-01 5.357403286073669e+00 -7.837759089989179e-04
7.843750000000000e-01 5.441837887215693e+00 -1.038356578420646e-03
7.875000000000001e-01 5.527601089090773e+00 -4.561924275430812e-04
7.906250000000000e-01 5.614713830406605e+00 4.672648743913844e-04
7.937500000000001e-01 5.703197379355005e+00 7.464132798185144e-04
7.968750000000000e-01 5.793073338804412e+00 -1.893710660505243e-04
8.000000000000000e-01 5.884363651574169e+00 -1.931230466926358e-03
8.031250000000001e-01 5.977090605791737e+00 -3.302316209290174e-03
8.062500000000000e-01 6.071276840334257e+00 -3.099237845039110e-03
8.093750000000001e-01 6.166945350355728e+00 -7.886926554683185e-04
8.125000000000000e-01 6.264119492901173e+00 3.260584169980074e-03
8.156250000000000e-01 6.362822992609162e+00 8.035063238035416e-03
8.187500000000001e-01 6.463079947504072e+00 1.236375657846266e-02
8.218750000000000e-01 6.564914834879517e+00 1.535002939146292e-02
8.250000000000001e-01 6.668352517274371e+00 1.657475477906896e-02
8.281250000000000e-01 6.773418248542846e+00 1.608069581665271e-02
8.312500000000000e-01 6.880137680020114e+00 1.421919900858798e-02
8.343750000000001e-01 6.988536866784961e+00 1.146883716285029e-02
8.375000000000000e-01 7.098642274021019e+00 8.294668899244882e-03
8.406250000000001e-01 7.210480783478133e+00 5.068379214585181e-03
8.437500000000000e-01 7.324079700035414e+00 2.045742896583178e-03
8.468750000000000e-01 7.439466758367605e+00 -6.286917477911335e-04
8.500000000000001e-01 7.556670129716381e+00 -2.897366484698927e-03
8.531250000000000e-01 7.675718428768239e+00 -4.763141856654656e-03
8.562500000000001e-01 7.796640720640633e+00 -6.257768377633055e-03
8.593750000000000e-01 7.919466527978115e+00 -7.421271718260005e-03
8.625000000000000e-01 8.044225838160141e+00 -8.291537311016953e-03
8.656250000000001e-01 8.170949110622363e+00 -8.906970725353602e-03
8.687500000000000e-01 8.299667284293170e+00 -9.307182012755984e-03
8.718750000000001e-01 8.430411785147284e+00 -9.526240121625357e-03
8.750000000000000e-01 8.563214533878281e+00 -9.577618034140622e-03
8.781250000000000e-01 8.698107953691880e+00 -9.443319275698950e-03
8.812500000000001e-01 8.835124978221932e+00 -9.076686267889798e-03
8.843750000000000e-01 8.974299059571019e+00 -8.421179079046201e-03
8.875000000000001e-01 9.115664176477637e+00 -7.436815969589309e-03
8.906250000000000e-01 9.259254842611947e+00 -6.123271304328924e-03
8.937500000000000e-01 9.405106115002161e+00 -4.531722253141566e-03
8.968750000000001e-01 9.553253602593529e+00 -2.763382155269643e-03
9.000000000000000e-01 9.703733474942130e+00 -9.564786932402159e-04
9.031250000000001e-01 9.856582471045494e+00 7.350603187043529e-04
9.062500000000000e-01 1.001183790831228e+01 2.167273317903437e-03
9.093750000000000e-01 1.016953769167313e+01 3.231154169717390e-03
9.125000000000001e-01 1.032972032283505e+01 3.871115722151460e-03
9.156250000000000e-01 1.049242490968134e+01 4.091969217492850e-03
9.187500000000001e-01 1.065769117581972e+01 3.952568938203627e-03
9.218750000000000e-01 1.082555947028058e+01 3.548465437455336e-03
9.250000000000000e-01 1.099607077736805e+01 2.989220765738237e-03
9.281250000000001e-01 1.116926672666618e+01 2.377003937721472e-03
9.312500000000000e-01 1.134518960320255e+01 1.791564150110512e-03
9.343750000000001e-01 1.152388235777201e+01 1.283713349661248e-03
9.375000000000000e-01 1.170538861742293e+01 8.764939973029030e-04
9.406250000000000e-01 1.188975269610854e+01 5.713441947477820e-04
9.437500000000001e-01 1.207701960550600e+01 3.561291594104151e-04
9.468750000000000e-01 1.226723506600578e+01 2.125578278443756e-04
9.500000000000001e-01 1.246044551787411e+01 1.216282912838053e-04
9.531250000000000e-01 1.265669813259115e+01 6.679629568073433e-05
9.562500000000000e-01 1.285604082436773e+01 3.524175402088909e-05
9.593750000000001e-01 1.305852226184337e+01 1.787884369916822e-05
9.625000000000000e-01 1.326419187996850e+01 8.728819181139185e-06
9.656250000000001e-01 1.347309989207381e+01 4.104265502486943e-06
9.687500000000000e-01 1.368529730212962e+01 1.859879534574188e-06
9.718750000000000e-01 1.390083591719824e+01 8.128076491331554e-07
9.750000000000001e-01 1.411976836008246e+01 3.427752800679509e-07
9.781250000000000e-01 1.434214808217320e+01 1.395719568874728e-07
9.812500000000001e-01 1.456802937649935e+01 5.490170942012994e-08
9.843750000000000e-01 1.479746739098328e+01 2.087358301928063e-08
9.875000000000000e-01 1.503051814190487e+01 7.673546429263120e-09
9.906250000000001e-01 1.526723852757770e+01 2.731070266903873e-09
9.937500000000000e-01 1.550768634224049e+01 9.353641223473815e-10
9.968750000000001e-01 1.575192029016732e+01 3.264824972382954e-10
1.000000000000000e+00 1.600000000000000e+01 6.677786125585350e-11
