0.000000000000000e+00 0.000000000000000e+00 -7.418429764172773e-04
3.125000000000000e-03 3.369263549427258e-03 -7.418429764172781e-04
6.250000000000000e-03 6.739349689698711e-03 -1.704487681134526e-04
9.375000000000001e-03 1.011108121249049e-02 -3.574074050694395e-05
1.250000000000000e-02 1.348528131119160e-02 -1.947621438264587e-04
1.562500000000000e-02 1.686277378188298e-02 -1.004808294908614e-04
1.875000000000000e-02 2.024438322446370e-02 -1.023560041694463e-04
2.187500000000000e-02 2.363093524397333e-02 -5.680652079497173e-05
2.500000000000000e-02 2.702325665215984e-02 -1.112147615340318e-04
2.812500000000000e-02 3.042217566934200e-02 -7.322179529528156e-05
3.125000000000000e-02 3.382852212661575e-02 -9.657382275345968e-05
3.437500000000000e-02 3.724312766845378e-02 -1.219987045444809e-04
3.750000000000001e-02 4.066682595574785e-02 -1.118422013583819e-04
4.062500000000000e-02 4.410045286934348e-02 -9.813458182002436e-05
4.375000000000000e-02 4.754484671411652e-02 -1.217353205250590e-04
4.687500000000000e-02 5.100084842364160e-02 -8.034433185157447e-05
5.000000000000000e-02 5.446930176550237e-02 -1.050627892262886e-04
5.312500000000001e-02 5.795105354729364e-02 -1.130610208519253e-04
5.625000000000000e-02 6.144695382336569e-02 -1.167674073116602e-04
5.937500000000000e-02 6.495785610236132e-02 -1.002793885555794e-04
6.250000000000000e-02 6.848461755559625e-02 -1.007610780827274e-04
6.562500000000000e-02 7.202809922633362e-02 -1.009865701970363e-04
6.875000000000001e-02 7.558916624000402e-02 -1.123853275853716e-04
7.187500000000001e-02 7.916868801542200e-02 -1.047112189639771e-04
7.500000000000001e-02 8.276753847705080e-02 -1.024473850865085e-04
7.812500000000000e-02 8.638659626836727e-02 -1.073070053258858e-04
8.125000000000000e-02 9.002674496637868e-02 -1.018717002192889e-04
8.437500000000001e-02 9.368887329734420e-02 -9.213796236974392e-05
8.750000000000001e-02 9.737387535375355e-02 -1.058737219258794e-04
9.062500000000001e-02 1.010826508126157e-01 -1.156313934960315e-04
9.375000000000000e-02 1.048161051551108e-01 -9.477638540397539e-05
9.687500000000000e-02 1.085751498876601e-01 -1.035711867753436e-04
1.000000000000000e-01 1.123607027644654e-01 -1.057067551771498e-04
1.031250000000000e-01 1.161736880115753e-01 -1.026386792265194e-04
1.062500000000000e-01 1.200150365525305e-01 -9.772710354620584e-05
1.093750000000000e-01 1.238856862356450e-01 -1.067101393962669e-04
1.125000000000000e-01 1.277865820629775e-01 -1.121492883462322e-04
1.156250000000000e-01 1.317186764210495e-01 -1.149009238649239e-04
1.187500000000000e-01 1.356829293133661e-01 -9.910952487502193e-05
1.218750000000000e-01 1.396803085947971e-01 -1.029225845489097e-04
1.250000000000000e-01 1.437117902078738e-01 -9.495909722269268e-05
1.281250000000000e-01 1.477783584210617e-01 -1.071040115225750e-04
1.312500000000000e-01 1.518810060690650e-01 -1.040323611932196e-04
1.343750000000000e-01 1.560207347952229e-01 -1.051249652047698e-04
1.375000000000000e-01 1.601985552960564e-01 -1.064876078723234e-04
1.406250000000000e-01 1.644154875680252e-01 -1.100812758753248e-04
1.437500000000000e-01 1.686725611565558e-01 -1.043232709995507e-04
1.468750000000000e-01 1.729708154074000e-01 -9.748117880500959e-05
1.500000000000000e-01 1.773112997203869e-01 -1.061304992454869e-04
1.531250000000000e-01 1.816950738056289e-01 -1.060863034219525e-04
1.562500000000000e-01 1.861232079422458e-01 -1.014682670036740e-04
1.593750000000000e-01 1.905967832396682e-01 -1.032805097520232e-04
1.625000000000000e-01 1.951168919015860e-01 -1.059011065607115e-04
1.656250000000000e-01 1.996846374926046e-01 -9.768554193964444e-05
1.687500000000000e-01 2.043011352076760e-01 -1.103281780572533e-04
1.718750000000000e-01 2.089675121443681e-01 -1.071859937928182e-04
1.750000000000000e-01 2.136849075780412e-01 -1.037032575886631e-04
1.781250000000000e-01 2.184544732399964e-01 -1.075904586904887e-04
1.812500000000000e-01 2.232773735986666e-01 -1.082021748533941e-04
1.843750000000000e-01 2.281547861439151e-01 -1.061091641581352e-04
1.875000000000000e-01 2.330879016745160e-01 -1.067531672821703e-04
1.906250000000000e-01 2.380779245888810e-01 -1.003645091425289e-04
1.937500000000000e-01 2.431260731791094e-01 -1.052732789005908e-04
1.968750000000000e-01 2.482335799284277e-01 -1.066320498910519e-04
2.000000000000000e-01 2.534016918120952e-01 -1.056854292423823e-04
2.031250000000000e-01 2.586316706018478e-01 -1.045273705020662e-04
2.062500000000000e-01 2.639247931739538e-01 -1.039467296408987e-04
2.093750000000000e-01 2.692823518209576e-01 -1.041081447607155e-04
2.125000000000000e-01 2.747056545671873e-01 -1.037927994595438e-04
2.156250000000000e-01 2.801960254881028e-01 -1.088467182461496e-04
2.187500000000000e-01 2.857548050335636e-01 -1.072433438419587e-04
2.218750000000000e-01 2.913833503550930e-01 -1.053156453893165e-04
2.250000000000000e-01 2.970830356372213e-01 -1.054263816736914e-04
2.281250000000000e-01 3.028552524329863e-01 -1.078221585890363e-04
2.312500000000000e-01 3.087014100036755e-01 -1.068356460191532e-04
2.343750000000000e-01 3.146229356628902e-01 -1.089597119447816e-04
2.375000000000000e-01 3.206212751250189e-01 -1.052388224885335e-04
2.406250000000000e-01 3.266978928582008e-01 -1.065772240002808e-04
2.437500000000000e-01 3.328542724418705e-01 -1.049476871306874e-04
2.468750000000000e-01 3.390919169289667e-01 -1.025874599819267e-04
2.500000000000000e-01 3.454123492128958e-01 -1.077721915220438e-04
2.531250000000000e-01 3.518171123993401e-01 -1.069435616260079e-04
2.562500000000000e-01 3.583077701830001e-01 -1.065886735495735e-04
2.593750000000000e-01 3.648859072293631e-01 -1.090786912765983e-04
2.625000000000000e-01 3.715531295615936e-01 -1.071629270649476e-04
2.656250000000000e-01 3.783110649526354e-01 -1.071915655220202e-04
2.687500000000000e-01 3.851613633226258e-01 -1.112315158602023e-04
2.718750000000000e-01 3.921056971417164e-01 -1.092152254180655e-04
2.750000000000000e-01 3.991457618383991e-01 -1.059893528931994e-04
2.781250000000000e-01 4.062832762134377e-01 -1.058020462415393e-04
2.812500000000000e-01 4.135199828595055e-01 -1.076991649494040e-04
2.843750000000000e-01 4.208576485866312e-01 -1.085381214640482e-04
2.875000000000000e-01 4.282980648535585e-01 -1.073042970113747e-04
2.906250000000000e-01 4.358430482051222e-01 -1.082496283287571e-04
2.937500000000000e-01 4.434944407157500e-01 -1.103148122351740e-04
2.968750000000000e-01 4.512541104391968e-01 -1.094417016919179e-04
3.000000000000000e-01 4.591239518646220e-01 -1.096958038425345e-04
3.031250000000000e-01 4.671058863791195e-01 -1.098182042245266e-04
3.062500000000000e-01 4.752018627368176e-01 -1.092971947447892e-04
3.093750000000000e-01 4.834138575346580e-01 -1.086712769830115e-04
3.125000000000000e-01 4.917438756949728e-01 -1.098555895274456e-04
3.156250000000000e-01 5.001939509549778e-01 -1.094635682212402e-04
3.187500000000000e-01 5.087661463633005e-01 -1.101468461608731e-04
3.218750000000000e-01 5.174625547836644e-01 -1.116419265681493e-04
3.250000000000000e-01 5.262852994058529e-01 -1.109954521915016e-04
3.281250000000000e-01 5.352365342640750e-01 -1.110865087692882e-04
3.312500000000000e-01 5.443184447628656e-01 -1.111703799304767e-04
3.343750000000000e-01 5.535332482106405e-01 -1.125175970594040e-04
3.375000000000000e-01 5.628831943610435e-01 -1.110592126005233e-04
3.406250000000000e-01 5.723705659622137e-01 -1.134938727088697e-04
3.437500000000000e-01 5.819976793141081e-01 -1.127099158601356e-04
3.468750000000000e-01 5.917668848340161e-01 -1.111242741522450e-04
3.500000000000000e-01 6.016805676304035e-01 -1.122607028879856e-04
3.531250000000000e-01 6.117411480852264e-01 -1.135052057097085e-04
3.562500000000000e-01 6.219510824448572e-01 -1.156033737370568e-04
3.593750000000000e-01 6.323128634197650e-01 -1.134312990754814e-04
3.625000000000000e-01 6.428290207931012e-01 -1.148831753986543e-04
3.656250000000000e-01 6.535021220383342e-01 -1.142438602351211e-04
3.687500000000000e-01 6.643347729460869e-01 -1.152629165412918e-04
3.718750000000000e-01 6.753296182603294e-01 -1.154635431825872e-04
3.750000000000000e-01 6.864893423240808e-01 -1.154447122348061e-04
3.781250000000000e-01 6.978166697347804e-01 -1.174376418409739e-04
3.812500000000000e-01 7.093143660094854e-01 -1.164156567987490e-04
3.843750000000000e-01 7.209852382600603e-01 -1.186118893749697e-04
3.875000000000000e-01 7.328321358785219e-01 -1.171573350444794e-04
3.906250000000000e-01 7.448579512327029e-01 -1.181946477612082e-04
3.937500000000000e-01 7.570656203724140e-01 -1.186695055200957e-04
3.968750000000000e-01 7.694581237462648e-01 -1.184698767639028e-04
4.000000000000000e-01 7.820384869293291e-01 -1.209373857929180e-04
4.031250000000000e-01 7.948097813618253e-01 -1.200246660343963e-04
4.062500000000000e-01 8.077751250989945e-01 -1.218182159952862e-04
4.093750000000000e-01 8.209376835723596e-01 -1.213985536506368e-04
4.125000000000000e-01 8.343006703625532e-01 -1.217901432472113e-04
4.156250000000000e-01 8.478673479838968e-01 -1.231603984995815e-04
4.187500000000000e-01 8.616410286809313e-01 -1.232209104514440e-04
4.218750000000000e-01 8.756250752370857e-01 -1.251145901280102e-04
4.250000000000000e-01 8.898229017956865e-01 -1.249453508205588e-04
4.281250000000000e-01 9.042379746935050e-01 -1.255630285931124e-04
4.312500000000000e-01 9.188738133070491e-01 -1.264561909460290e-04
4.343750000000000e-01 9.337339909118028e-01 -1.271109509270230e-04
4.375000000000000e-01 9.488221355546261e-01 -1.285976575869759e-04
4.406250000000000e-01 9.641419309395265e-01 -1.296787708897453e-04
4.437500000000000e-01 9.796971173270190e-01 -1.297350287991326e-04
4.468750000000000e-01 9.954914924472941e-01 -1.304948324370487e-04
4.500000000000000e-01 1.011528912427417e+00 -1.322139934866329e-04
4.531250000000000e-01 1.027813292732786e+00 -1.327045471592981e-04
4.562500000000000e-01 1.044348609123070e+00 -1.346779094465875e-04
4.593750000000000e-01 1.061138898622882e+00 -1.351152854475597e-04
4.625000000000000e-01 1.078188260507393e+00 -1.354475675139115e-04
4.656250000000000e-01 1.095500857303154e+00 -1.383574387072990e-04
4.687500000000000e-01 1.113080915804360e+00 -1.387526016766288e-04
4.718750000000000e-01 1.130932728104805e+00 -1.396103994262384e-04
4.750000000000000e-01 1.149060652645771e+00 -1.414662220555775e-04
4.781250000000000e-01 1.167469115280130e+00 -1.429732243755640e-04
4.812500000000000e-01 1.186162610352890e+00 -1.444152739646844e-04
4.843750000000000e-01 1.205145701798475e+00 -1.453226052041340e-04
4.875000000000000e-01 1.224423024254985e+00 -1.476792980843665e-04
4.906250000000000e-01 1.243999284195726e+00 -1.490776066875420e-04
4.937500000000000e-01 1.263879261078271e+00 -1.505340876491789e-04
4.968750000000000e-01 1.284067808511348e+00 -1.529190673309704e-04
5.000000000000000e-01 1.304569855439823e+00 -1.541836744151574e-04
5.031250000000000e-01 1.325390407348082e+00 -1.565844598669593e-04
5.062500000000000e-01 1.346534547482100e+00 -1.585779105276880e-04
5.093750000000000e-01 1.368007438090487e+00 -1.603863418057607e-04
5.125000000000001e-01 1.389814321684837e+00 -1.632087062648404e-04
5.156250000000000e-01 1.411960522319654e+00 -1.650618592730980e-04
5.187500000000000e-01 1.434451446892208e+00 -1.677262244030384e-04
5.218750000000000e-01 1.457292586462593e+00 -1.705091170534627e-04
5.250000000000000e-01 1.480489517594354e+00 -1.727839646079880e-04
5.281250000000001e-01 1.504047903715979e+00 -1.760444041282519e-04
5.312500000000000e-01 1.527973496503592e+00 -1.788261163705417e-04
5.343750000000000e-01 1.552272137285215e+00 -1.818627436371990e-04
5.375000000000000e-01 1.576949758466886e+00 -1.854073102162183e-04
5.406250000000000e-01 1.602012384981041e+00 -1.885861857038509e-04
5.437500000000001e-01 1.627466135757470e+00 -1.923914371408354e-04
5.468750000000000e-01 1.653317225217225e+00 -1.961761719687117e-04
5.500000000000000e-01 1.679571964789851e+00 -2.001216878608382e-04
5.531250000000000e-01 1.706236764454286e+00 -2.045533830581628e-04
5.562500000000000e-01 1.733318134303830e+00 -2.087671237272784e-04
5.593750000000001e-01 1.760822686135563e+00 -2.136784591539401e-04
5.625000000000000e-01 1.788757135064574e+00 -2.186974352415781e-04
5.656250000000000e-01 1.817128301163438e+00 -2.236403051663873e-04
5.687500000000000e-01 1.845943111127301e+00 -2.296350410987917e-04
5.718750000000000e-01 1.875208599965003e+00 -2.354040243910632e-04
5.750000000000001e-01 1.904931912716643e+00 -2.413530551111805e-04
5.781250000000000e-01 1.935120306198011e+00 -2.485204334933490e-04
5.812500000000000e-01 1.965781150772311e+00 -2.553333646619715e-04
5.843750000000000e-01 1.996921932149593e+00 -2.625330764807094e-04
5.875000000000000e-01 2.028550253214365e+00 -2.710318385788183e-04
5.906250000000001e-01 2.060673835881802e+00 -2.793563438973033e-04
5.937500000000000e-01 2.093300522983012e+00 -2.881694100661909e-04
5.968750000000000e-01 2.126438280179837e+00 -2.982068629978830e-04
6.000000000000001e-01 2.160095197909630e+00 -3.085090017072014e-04
6.031250000000000e-01 2.194279493360494e+00 -3.195077347103697e-04
6.062500000000001e-01 2.228999512477486e+00 -3.314617983032173e-04
6.093750000000000e-01 2.264263732000228e+00 -3.441354254532979e-04
6.125000000000000e-01 2.300080761532477e+00 -3.581900112624362e-04
6.156250000000001e-01 2.336459345644116e+00 -3.729945075890151e-04
6.187500000000000e-01 2.373408366006099e+00 -3.882948325566061e-04
6.218750000000001e-01 2.410936843558884e+00 -4.059756283324868e-04
6.250000000000000e-01 2.449053940714840e+00 -4.254638054901371e-04
6.281250000000000e-01 2.487768963595221e+00 -4.446609371722340e-04
6.312500000000001e-01 2.527091364302215e+00 -4.656138041360103e-04
6.343750000000000e-01 2.567030743226622e+00 -4.908717237695688e-04
6.375000000000001e-01 2.607596851391758e+00 -5.178383409662703e-04
6.406250000000000e-01 2.648799592834118e+00 -5.437640790781286e-04
6.437500000000000e-01 2.690649027021411e+00 -5.721099663670992e-04
6.468750000000001e-01 2.733155371308524e+00 -6.076772660210984e-04
6.500000000000000e-01 2.776329003432049e+00 -6.471922435486064e-04
6.531250000000001e-01 2.820180464043967e+00 -6.826155196207329e-04
6.562500000000000e-01 2.864720459285089e+00 -7.163033980622419e-04
6.593750000000000e-01 2.909959863398929e+00 -7.616356497332266e-04
6.625000000000001e-01 2.955909721386590e+00 -8.199385489287140e-04
6.656250000000000e-01 3.002581251703353e+00 -8.700656150711726e-04
6.687500000000001e-01 3.049985848997626e+00 -8.969293872412319e-04
6.718750000000000e-01 3.098135086892879e+00 -9.199365526229472e-04
6.750000000000000e-01 3.147040720813310e+00 -9.693450905516306e-04
6.781250000000001e-01 3.196714690853871e+00 -1.031464710198756e-03
6.812500000000000e-01 3.247169124695383e+00 -1.037907487445654e-03
6.843750000000001e-01 3.298416340565477e+00 -9.274605621671857e-04
6.875000000000000e-01 3.350468850246008e+00 -7.158720951708862e-04
6.906250000000000e-01 3.403339362127777e+00 -4.816503553847557e-04
6.937500000000001e-01 3.457040784313211e+00 -2.519692932235272e-04
6.968750000000000e-01 3.511586227767823e+00 1.228248686994262e-04
7.000000000000001e-01 3.566989009521205e+00 9.874387832840353e-04
7.031250000000000e-01 3.623262655918307e+00 2.750079226238416e-03
7.062500000000000e-01 3.680420905921852e+00 5.671959058567664e-03
7.093750000000001e-01 3.738477714466631e+00 9.703818223640507e-03
7.125000000000000e-01 3.797447255866536e+00 1.445601916697078e-02
7.156250000000001e-01 3.857343927275175e+00 1.930710232630232e-02
7.187500000000000e-01 3.918182352200844e+00 2.358640271873935e-02
7.218750000000000e-01 3.979977384076828e+00 2.674611023067270e-02
7.250000000000001e-01 4.042744109887770e+00 2.846600123714126e-02
7.281250000000000e-01 4.106497853853101e+00 2.867306117066059e-02
7.312500000000001e-01 4.171254181168399e+00 2.749767422074201e-02
7.343750000000000e-01 4.237028901805528e+00 2.519981910698764e-02
7.375000000000000e-01 4.303838074372613e+00 2.209500590016950e-02
7.406250000000001e-01 4.371698010034643e+00 1.849674871423517e-02
7.437500000000000e-01 4.440625276495786e+00 1.467970209103723e-02
7.468750000000001e-01 4.510636702044332e+00 1.086216393011005e-02
7.500000000000000e-01 4.581749379661216e+00 7.202655345503844e-03
7.531250000000000e-01 4.653980671193226e+00 3.805311229373238e-03
7.562500000000001e-01 4.727348211591802e+00 7.295160224424618e-04
7.593750000000000e-01 4.801869913218528e+00 -1.999531935773352e-03
7.625000000000001e-01 4.877563970218381e+00 -4.380948263507881e-03
7.656250000000000e-01 4.954448862961714e+00 -6.429869071204079e-03
7.687500000000000e-01 5.032543362556198e+00 -8.170656192305443e-03
7.718750000000001e-01 5.111866535429675e+00 -9.631875459882878e-03
7.750000000000000e-01 5.192437747985146e+00 -1.084266303916281e-02
7.781250000000001e-01 5.274276671329015e+00 -1.183039447260878e-02
7.812500000000000e-01 5.357403286073669e+00 -1.261951174679946e-02
7.843750000000000e-01 5.441837887215693e+00 -1.323088628029775e-02
7.875000000000001e-01 5.527601089090773e+00 -1.368150299598011e-02
7.906250000000000e-01 5.614713830406605e+00 -1.398421210023278e-02
7.937500000000001e-01 5.703197379355005e+00 -1.414759261247651e-02
7.968750000000000e-01 5.793073338804412e+00 -1.417629346232490e-02
8.000000000000000e-01 5.884363651574169e+00 -1.407141713597100e-02
8.031250000000001e-01 5.977090605791737e+00 -1.383070722445201e-02
8.062500000000000e-01 6.071276840334257e+00 -1.344791471624471e-02
8.093750000000001e-01 6.166945350355728e+00 -1.291185144286398e-02
8.125000000000000e-01 6.264119492901173e+00 -1.220620262983903e-02
8.156250000000000e-01 6.362822992609162e+00 -1.131166053346708e-02
8.187500000000001e-01 6.463079947504072e+00 -1.021109002333178e-02
8.218750000000000e-01 6.564914834879517e+00 -8.897016773850668e-03
8.250000000000001e-01 6.668352517274371e+00 -7.379250927107703e-03
8.281250000000000e-01 6.773418248542846e+00 -5.689961829308196e-03
8.312500000000000e-01 6.880137680020114e+00 -3.884257142250674e-03
8.343750000000001e-01 6.988536866784961e+00 -2.035931386339283e-03
8.375000000000000e-01 7.098642274021019e+00 -2.296445362793440e-04
8.406250000000001e-01 7.210480783478133e+00 1.448387709443226e-03
8.437500000000000e-01 7.324079700035414e+00 2.919281320587996e-03
8.468750000000000e-01 7.439466758367605e+00 4.118821357500756e-03
8.500000000000001e-01 7.556670129716381e+00 5.002894850061909e-03
8.531250000000000e-01 7.675718428768239e+00 5.551002421184795e-03
8.562500000000001e-01 7.796640720640633e+00 5.767732560120563e-03
8.593750000000000e-01 7.919466527978115e+00 5.681868679823078e-03
8.625000000000000e-01 8.044225838160141e+00 5.342828910716520e-03
8.656250000000001e-01 8.170949110622363e+00 4.814550390757520e-03
8.687500000000000e-01 8.299667284293170e+00 4.167574894695214e-03
8.718750000000001e-01 8.430411785147284e+00 3.470655592667872e-03
8.750000000000000e-01 8.563214533878281e+00 2.783402191795479e-03
8.781250000000000e-01 8.698107953691880e+00 2.151212456524323e-03
8.812500000000001e-01 8.835124978221932e+00 1.603114034960891e-03
8.843750000000000e-01 8.974299059571019e+00 1.152407194310392e-03
8.875000000000001e-01 9.115664176477637e+00 7.994083684813851e-04
8.906250000000000e-01 9.259254842611947e+00 5.353009151841879e-04
8.937500000000000e-01 9.405106115002161e+00 3.461224943903416e-04
8.968750000000001e-01 9.553253602593529e+00 2.161693449796865e-04
9.000000000000000e-01 9.703733474942130e+00 1.304417087934585e-04
9.031250000000001e-01 9.856582471045494e+00 7.607103634924735e-05
9.062500000000000e-01 1.001183790831228e+01 4.288667052858993e-05
9.093750000000000e-01 1.016953769167313e+01 2.337990276435888e-05
9.125000000000001e-01 1.032972032283505e+01 1.232807812976811e-05
9.156250000000000e-01 1.049242490968134e+01 6.289166494922902e-06
9.187500000000001e-01 1.065769117581972e+01 3.104891295877901e-06
9.218750000000000e-01 1.082555947028058e+01 1.483760154403932e-06
9.250000000000000e-01 1.099607077736805e+01 6.865169400507401e-07
9.281250000000001e-01 1.116926672666618e+01 3.076190060605145e-07
9.312500000000000e-01 1.134518960320255e+01 1.335215527450196e-07
9.343750000000001e-01 1.152388235777201e+01 5.615205870618635e-08
9.375000000000000e-01 1.170538861742293e+01 2.288514856399223e-08
9.406250000000000e-01 1.188975269610854e+01 9.040886715615218e-09
9.437500000000001e-01 1.207701960550600e+01 3.462827942971764e-09
9.468750000000000e-01 1.226723506600578e+01 1.286188502935374e-09
9.500000000000001e-01 1.246044551787411e+01 4.633629207191355e-10
9.531250000000000e-01 1.265669813259115e+01 1.619451370150129e-10
9.562500000000000e-01 1.285604082436773e+01 5.491986971471646e-11
9.593750000000001e-01 1.305852226184337e+01 1.807544437992799e-11
9.625000000000000e-01 1.326419187996850e+01 5.774671898064088e-12
9.656250000000001e-01 1.347309989207381e+01 1.791115031064014e-12
9.687500000000000e-01 1.368529730212962e+01 5.394541577993139e-13
9.718750000000000e-01 1.390083591719824e+01 1.577958947137766e-13
9.750000000000001e-01 1.411976836008246e+01 4.483532227291751e-14
9.781250000000000e-01 1.434214808217320e+01 1.237655827318003e-14
9.812500000000001e-01 1.456802937649935e+01 3.319741559368785e-15
9.843750000000000e-01 1.479746739098328e+01 8.653701648502064e-16
9.875000000000000e-01 1.503051814190487e+01 2.192572407648636e-16
9.906250000000001e-01 1.526723852757770e+01 5.401612937730354e-17
9.937500000000000e-01 1.550768634224049e+01 1.289557503120988e-17
9.968750000000001e-01 1.575192029016732e+01 3.191313173365559e-18
1.000000000000000e+00 1.600000000000000e+01 3.792075797002042e-20
