0.000000000000000e+00 0.000000000000000e+00 -6.636140382756780e-04
3.125000000000000e-03 3.369263549427258e-03 -6.636140382756806e-04
6.250000000000000e-03 6.739349689698711e-03 -4.727296961537934e-05
9.375000000000001e-03 1.011108121249049e-02 4.745087844789892e-04
1.250000000000000e-02 1.348528131119160e-02 -2.332819502995576e-04
1.562500000000000e-02 1.686277378188298e-02 1.129025015152903e-04
1.875000000000000e-02 2.024438322446370e-02 -1.479504300788058e-04
2.187500000000000e-02 2.363093524397333e-02 2.649069842992814e-04
2.500000000000000e-02 2.702325665215984e-02 -1.574895145296212e-04
2.812500000000000e-02 3.042217566934200e-02 2.156400066643756e-04
3.125000000000000e-02 3.382852212661575e-02 -1.491133224671479e-04
3.437500000000000e-02 3.724312766845378e-02 1.983094471004811e-04
3.750000000000001e-02 4.066682595574785e-02 -1.660976743355443e-04
4.062500000000000e-02 4.410045286934348e-02 2.095534609116014e-04
4.375000000000000e-02 4.754484671411652e-02 -1.769301069458753e-04
4.687500000000000e-02 5.100084842364160e-02 1.486036571403401e-04
5.000000000000000e-02 5.446930176550237e-02 -1.502114110604442e-04
5.312500000000001e-02 5.795105354729364e-02 1.737812278086545e-04
5.625000000000000e-02 6.144695382336569e-02 -1.181533704559813e-04
5.937500000000000e-02 6.495785610236132e-02 1.641121717164714e-04
6.250000000000000e-02 6.848461755559625e-02 -1.473731457179090e-04
6.562500000000000e-02 7.202809922633362e-02 1.199134555434289e-04
6.875000000000001e-02 7.558916624000402e-02 -1.100121131398050e-04
7.187500000000001e-02 7.916868801542200e-02 1.086889072627957e-04
7.500000000000001e-02 8.276753847705080e-02 -8.469017837308848e-05
7.812500000000000e-02 8.638659626836727e-02 1.030491796203230e-04
8.125000000000000e-02 9.002674496637868e-02 -8.901915640761987e-05
8.437500000000001e-02 9.368887329734420e-02 7.417767398304951e-05
8.750000000000001e-02 9.737387535375355e-02 -7.564608618865609e-05
9.062500000000001e-02 1.010826508126157e-01 6.395886522812757e-05
9.375000000000000e-02 1.048161051551108e-01 -6.791748521537422e-05
9.687500000000000e-02 1.085751498876601e-01 4.615824878157812e-05
1.000000000000000e-01 1.123607027644654e-01 -4.050169825772087e-05
1.031250000000000e-01 1.161736880115753e-01 2.514072362228856e-05
1.062500000000000e-01 1.200150365525305e-01 -2.462193203789618e-05
1.093750000000000e-01 1.238856862356450e-01 2.412625608829402e-05
1.125000000000000e-01 1.277865820629775e-01 -1.126029169007326e-05
1.156250000000000e-01 1.317186764210495e-01 -1.399066732641149e-05
1.187500000000000e-01 1.356829293133661e-01 1.143145953455251e-06
1.218750000000000e-01 1.396803085947971e-01 -2.501021798946166e-05
1.250000000000000e-01 1.437117902078738e-01 2.108920682054120e-05
1.281250000000000e-01 1.477783584210617e-01 -1.995023495844216e-05
1.312500000000000e-01 1.518810060690650e-01 2.360353423378373e-05
1.343750000000000e-01 1.560207347952229e-01 -2.519746944225667e-05
1.375000000000000e-01 1.601985552960564e-01 4.024589732866282e-05
1.406250000000000e-01 1.644154875680252e-01 -3.268701498546059e-05
1.437500000000000e-01 1.686725611565558e-01 3.838074594130784e-05
1.468750000000000e-01 1.729708154074000e-01 -4.402155350532386e-05
1.500000000000000e-01 1.773112997203869e-01 4.561429121834728e-05
1.531250000000000e-01 1.816950738056289e-01 -4.316072183387285e-05
1.562500000000000e-01 1.861232079422458e-01 5.318526087977188e-05
1.593750000000000e-01 1.905967832396682e-01 -4.811988730649707e-05
1.625000000000000e-01 1.951168919015860e-01 5.837649688744238e-05
1.656250000000000e-01 1.996846374926046e-01 -4.470035313517503e-05
1.687500000000000e-01 2.043011352076760e-01 4.721872092352577e-05
1.718750000000000e-01 2.089675121443681e-01 -4.004230476880651e-05
1.750000000000000e-01 2.136849075780412e-01 4.549235453678645e-05
1.781250000000000e-01 2.184544732399964e-01 -3.880462658335255e-05
1.812500000000000e-01 2.232773735986666e-01 3.760033690229094e-05
1.843750000000000e-01 2.281547861439151e-01 -3.369166207081369e-05
1.875000000000000e-01 2.330879016745160e-01 3.175380187097583e-05
1.906250000000000e-01 2.380779245888810e-01 -2.108305722722266e-05
1.937500000000000e-01 2.431260731791094e-01 2.297660415391059e-05
1.968750000000000e-01 2.482335799284277e-01 -1.415994923983940e-05
2.000000000000000e-01 2.534016918120952e-01 1.282392040005229e-05
2.031250000000000e-01 2.586316706018478e-01 -5.455542960524986e-06
2.062500000000000e-01 2.639247931739538e-01 3.665411290881731e-06
2.093750000000000e-01 2.692823518209576e-01 3.402617497306247e-06
2.125000000000000e-01 2.747056545671873e-01 -8.385230837589556e-06
2.156250000000000e-01 2.801960254881028e-01 1.522139811796095e-05
2.187500000000000e-01 2.857548050335636e-01 -1.565770293298281e-05
2.218750000000000e-01 2.913833503550930e-01 1.702486697428644e-05
2.250000000000000e-01 2.970830356372213e-01 -2.129497987609687e-05
2.281250000000000e-01 3.028552524329863e-01 3.131634885641072e-05
2.312500000000000e-01 3.087014100036755e-01 -2.567054333186715e-05
2.343750000000000e-01 3.146229356628902e-01 3.231952691138869e-05
2.375000000000000e-01 3.206212751250189e-01 -2.716653142534083e-05
2.406250000000000e-01 3.266978928582008e-01 3.319222969881465e-05
2.437500000000000e-01 3.328542724418705e-01 -2.910192997140275e-05
2.468750000000000e-01 3.390919169289667e-01 3.357578549396980e-05
2.500000000000000e-01 3.454123492128958e-01 -2.672464925968362e-05
2.531250000000000e-01 3.518171123993401e-01 2.989219506789831e-05
2.562500000000000e-01 3.583077701830001e-01 -2.171904164597039e-05
2.593750000000000e-01 3.648859072293631e-01 2.380728706681903e-05
2.625000000000000e-01 3.715531295615936e-01 -1.553128222052865e-05
2.656250000000000e-01 3.783110649526354e-01 1.657953843034815e-05
2.687500000000000e-01 3.851613633226258e-01 -8.796909750351924e-06
2.718750000000000e-01 3.921056971417164e-01 9.384128063565420e-06
2.750000000000000e-01 3.991457618383991e-01 4.470240344874091e-07
2.781250000000000e-01 4.062832762134377e-01 -3.802337309481808e-06
2.812500000000000e-01 4.135199828595055e-01 7.312292456582797e-06
2.843750000000000e-01 4.208576485866312e-01 -1.199087850906818e-05
2.875000000000000e-01 4.282980648535585e-01 1.738659527112867e-05
2.906250000000000e-01 4.358430482051222e-01 -2.020931935613845e-05
2.937500000000000e-01 4.434944407157500e-01 2.161182219295490e-05
2.968750000000000e-01 4.512541104391968e-01 -2.220606598666088e-05
3.000000000000000e-01 4.591239518646220e-01 2.630702292685251e-05
3.031250000000000e-01 4.671058863791195e-01 -2.174731116668588e-05
3.062500000000000e-01 4.752018627368176e-01 2.677848235252704e-05
3.093750000000000e-01 4.834138575346580e-01 -1.910470937232362e-05
3.125000000000000e-01 4.917438756949728e-01 2.184394175545501e-05
3.156250000000000e-01 5.001939509549778e-01 -1.717013977458153e-05
3.187500000000000e-01 5.087661463633005e-01 1.758878883563551e-05
3.218750000000000e-01 5.174625547836644e-01 -7.025491325462763e-06
3.250000000000000e-01 5.262852994058529e-01 8.884922496104636e-06
3.281250000000000e-01 5.352365342640750e-01 1.888257518360428e-07
3.312500000000000e-01 5.443184447628656e-01 9.284476327306186e-08
3.343750000000000e-01 5.535332482106405e-01 8.745051994821058e-06
3.375000000000000e-01 5.628831943610435e-01 -1.176503028383165e-05
3.406250000000000e-01 5.723705659622137e-01 1.705731624050530e-05
3.437500000000000e-01 5.819976793141081e-01 -1.763199137306547e-05
3.468750000000000e-01 5.917668848340161e-01 2.195537280590504e-05
3.500000000000000e-01 6.016805676304035e-01 -1.908631348864600e-05
3.531250000000000e-01 6.117411480852264e-01 2.173284397040098e-05
3.562500000000000e-01 6.219510824448572e-01 -1.829213251163738e-05
3.593750000000000e-01 6.323128634197650e-01 1.953300572718691e-05
3.625000000000000e-01 6.428290207931012e-01 -1.184748810417919e-05
3.656250000000000e-01 6.535021220383342e-01 1.241479212363868e-05
3.687500000000000e-01 6.643347729460869e-01 -4.769183977812809e-06
3.718750000000000e-01 6.753296182603294e-01 4.281622755666502e-06
3.750000000000000e-01 6.864893423240808e-01 5.165727142511393e-06
3.781250000000000e-01 6.978166697347804e-01 -6.700154649659788e-06
3.812500000000000e-01 7.093143660094854e-01 1.367271771794166e-05
3.843750000000000e-01 7.209852382600603e-01 -1.490473136999369e-05
3.875000000000000e-01 7.328321358785219e-01 1.969535763642556e-05
3.906250000000000e-01 7.448579512327029e-01 -1.692818926996343e-05
3.937500000000000e-01 7.570656203724140e-01 1.997221585843080e-05
3.968750000000000e-01 7.694581237462648e-01 -1.512349984638942e-05
4.000000000000000e-01 7.820384869293291e-01 1.583291244742484e-05
4.031250000000000e-01 7.948097813618253e-01 -8.669416599993016e-06
4.062500000000000e-01 8.077751250989945e-01 8.183900204572261e-06
4.093750000000000e-01 8.209376835723596e-01 1.731512016212266e-06
4.125000000000000e-01 8.343006703625532e-01 -3.383546626481259e-06
4.156250000000000e-01 8.478673479838968e-01 1.019880082278580e-05
4.187500000000000e-01 8.616410286809313e-01 -1.150583377723495e-05
4.218750000000000e-01 8.756250752370857e-01 1.839465795690635e-05
4.250000000000000e-01 8.898229017956865e-01 -1.658176107042894e-05
4.281250000000000e-01 9.042379746935050e-01 1.888945365167162e-05
4.312500000000000e-01 9.188738133070491e-01 -1.349939170610001e-05
4.343750000000000e-01 9.337339909118028e-01 1.333003585464274e-05
4.375000000000000e-01 9.488221355546261e-01 -5.947995286396882e-06
4.406250000000000e-01 9.641419309395265e-01 3.531493579271794e-06
4.437500000000000e-01 9.796971173270190e-01 5.037966258558693e-06
4.468750000000000e-01 9.954914924472941e-01 -7.068605781337365e-06
4.500000000000000e-01 1.011528912427417e+00 1.548591767113395e-05
4.531250000000000e-01 1.027813292732786e+00 -1.458063418500606e-05
4.562500000000000e-01 1.044348609123070e+00 1.937755439649493e-05
4.593750000000000e-01 1.061138898622882e+00 -1.481454941489324e-05
4.625000000000000e-01 1.078188260507393e+00 1.437227707364165e-05
4.656250000000000e-01 1.095500857303154e+00 -7.428534226045760e-06
4.687500000000000e-01 1.113080915804360e+00 3.868852343815920e-06
4.718750000000000e-01 1.130932728104805e+00 5.573736667954885e-06
4.750000000000000e-01 1.149060652645771e+00 -8.535980038776045e-06
4.781250000000000e-01 1.167469115280130e+00 1.742882800134549e-05
4.812500000000000e-01 1.186162610352890e+00 -1.635373899737520e-05
4.843750000000000e-01 1.205145701798475e+00 1.896956979365404e-05
4.875000000000000e-01 1.224423024254985e+00 -1.395190823618290e-05
4.906250000000000e-01 1.243999284195726e+00 1.156118948818619e-05
4.937500000000000e-01 1.263879261078271e+00 -1.066712533046991e-06
4.968750000000000e-01 1.284067808511348e+00 -4.185078402342141e-06
5.000000000000000e-01 1.304569855439823e+00 1.416698291348700e-05
5.031250000000000e-01 1.325390407348082e+00 -1.606990169642264e-05
5.062500000000000e-01 1.346534547482100e+00 2.141240974538758e-05
5.093750000000000e-01 1.368007438090487e+00 -1.658592652665084e-05
5.125000000000001e-01 1.389814321684837e+00 1.353458176264924e-05
5.156250000000000e-01 1.411960522319654e+00 -2.829742457966742e-06
5.187500000000000e-01 1.434451446892208e+00 -4.108606193135143e-06
5.218750000000000e-01 1.457292586462593e+00 1.554616384505062e-05
5.250000000000000e-01 1.480489517594354e+00 -1.823667856462463e-05
5.281250000000001e-01 1.504047903715979e+00 2.255293312234719e-05
5.312500000000000e-01 1.527973496503592e+00 -1.621969002412107e-05
5.343750000000000e-01 1.552272137285215e+00 1.056990425964501e-05
5.375000000000000e-01 1.576949758466886e+00 2.367502071261038e-06
5.406250000000000e-01 1.602012384981041e+00 -1.061593399706446e-05
5.437500000000001e-01 1.627466135757470e+00 2.126657970828481e-05
5.468750000000000e-01 1.653317225217225e+00 -2.146478989279023e-05
5.500000000000000e-01 1.679571964789851e+00 2.067469357665042e-05
5.531250000000000e-01 1.706236764454286e+00 -9.359230909091608e-06
5.562500000000000e-01 1.733318134303830e+00 -1.056884501821489e-06
5.593750000000001e-01 1.760822686135563e+00 1.580058659847624e-05
5.625000000000000e-01 1.788757135064574e+00 -2.188489329277904e-05
5.656250000000000e-01 1.817128301163438e+00 2.561308984098770e-05
5.687500000000000e-01 1.845943111127301e+00 -1.652469178851201e-05
5.718750000000000e-01 1.875208599965003e+00 5.297649292176254e-06
5.750000000000001e-01 1.904931912716643e+00 1.147347497405697e-05
5.781250000000000e-01 1.935120306198011e+00 -2.116850600350188e-05
5.812500000000000e-01 1.965781150772311e+00 2.763446120519166e-05
5.843750000000000e-01 1.996921932149593e+00 -2.013097552631701e-05
5.875000000000000e-01 2.028550253214365e+00 7.739346321789712e-06
5.906250000000001e-01 2.060673835881802e+00 1.117263858923539e-05
5.937500000000000e-01 2.093300522983012e+00 -2.319201372080037e-05
5.968750000000000e-01 2.126438280179837e+00 2.944479553327183e-05
6.000000000000001e-01 2.160095197909630e+00 -2.057296801922001e-05
6.031250000000000e-01 2.194279493360494e+00 4.532455193504753e-06
6.062500000000001e-01 2.228999512477486e+00 1.714760690163911e-05
6.093750000000000e-01 2.264263732000228e+00 -2.936494321899181e-05
6.125000000000000e-01 2.300080761532477e+00 3.013087258438992e-05
6.156250000000001e-01 2.336459345644116e+00 -1.398813746232784e-05
6.187500000000000e-01 2.373408366006099e+00 -8.193885091120820e-06
6.218750000000001e-01 2.410936843558884e+00 2.898389089303247e-05
6.250000000000000e-01 2.449053940714840e+00 -3.391887310246947e-05
6.281250000000000e-01 2.487768963595221e+00 2.166987274687663e-05
6.312500000000001e-01 2.527091364302215e+00 4.671557316333782e-06
6.343750000000000e-01 2.567030743226622e+00 -2.898507964618940e-05
6.375000000000001e-01 2.607596851391758e+00 3.801199693723426e-05
6.406250000000000e-01 2.648799592834118e+00 -2.378743588448555e-05
6.437500000000000e-01 2.690649027021411e+00 -6.231766585854442e-06
6.468750000000001e-01 2.733155371308524e+00 3.395791676083069e-05
6.500000000000000e-01 2.776329003432049e+00 -4.119585763465471e-05
6.531250000000001e-01 2.820180464043967e+00 1.996477340172218e-05
6.562500000000000e-01 2.864720459285089e+00 1.578081635145935e-05
6.593750000000000e-01 2.909959863398929e+00 -4.377934697437793e-05
6.625000000000001e-01 2.955909721386590e+00 3.958602367197901e-05
6.656250000000000e-01 3.002581251703353e+00 -6.774361723247387e-06
6.687500000000001e-01 3.049985848997626e+00 -3.596445876480307e-05
6.718750000000000e-01 3.098135086892879e+00 5.019777781830231e-05
6.750000000000000e-01 3.147040720813310e+00 -2.696707715113628e-05
6.781250000000001e-01 3.196714690853871e+00 -2.433891758101875e-05
6.812500000000000e-01 3.247169124695383e+00 5.454930258674438e-05
6.843750000000001e-01 3.298416340565477e+00 -4.246231404586680e-05
6.875000000000000e-01 3.350468850246008e+00 -1.435882559814518e-05
6.906250000000000e-01 3.403339362127777e+00 5.705671808862658e-05
6.937500000000001e-01 3.457040784313211e+00 -5.359995194385199e-05
6.968750000000000e-01 3.511586227767823e+00 -9.764167915331508e-06
7.000000000000001e-01 3.566989009521205e+00 6.185086512447317e-05
7.031250000000000e-01 3.623262655918307e+00 -6.081680749190044e-05
7.062500000000000e-01 3.680420905921852e+00 -1.381142800235538e-05
7.093750000000001e-01 3.738477714466631e+00 7.138029339304540e-05
7.125000000000000e-01 3.797447255866536e+00 -6.234341696015085e-05
7.156250000000001e-01 3.857343927275175e+00 -3.024812179641324e-05
7.187500000000000e-01 3.918182352200844e+00 8.482821628988885e-05
7.218750000000000e-01 3.979977384076828e+00 -5.181600252551982e-05
7.250000000000001e-01 4.042744109887770e+00 -6.218790254324520e-05
7.281250000000000e-01 4.106497853853101e+00 9.401644603781152e-05
7.312500000000001e-01 4.171254181168399e+00 -1.805799501379918e-05
7.343750000000000e-01 4.237028901805528e+00 -1.056284589681956e-04
7.375000000000000e-01 4.303838074372613e+00 7.842361186479447e-05
7.406250000000001e-01 4.371698010034643e+00 4.756165494591969e-05
7.437500000000000e-01 4.440625276495786e+00 -1.356663769872244e-04
7.468750000000001e-01 4.510636702044332e+00 8.452156635917378e-06
7.500000000000000e-01 4.581749379661216e+00 1.259448477501416e-04
7.531250000000000e-01 4.653980671193226e+00 -9.720497094547399e-05
7.562500000000001e-01 4.727348211591802e+00 -1.183030747843361e-04
7.593750000000000e-01 4.801869913218528e+00 1.359904281054346e-04
7.625000000000001e-01 4.877563970218381e+00 5.232190697157776e-05
7.656250000000000e-01 4.954448862961714e+00 -2.010055024119744e-04
7.687500000000000e-01 5.032543362556198e+00 -2.767383865216611e-05
7.718750000000001e-01 5.111866535429675e+00 2.029046104365643e-04
7.750000000000000e-01 5.192437747985146e+00 -4.776497426855352e-05
7.781250000000001e-01 5.274276671329015e+00 -2.611992032038864e-04
7.812500000000000e-01 5.357403286073669e+00 4.643678940149626e-05
7.843750000000000e-01 5.441837887215693e+00 2.543742675224354e-04
7.875000000000001e-01 5.527601089090773e+00 -1.043685260410719e-04
7.906250000000000e-01 5.614713830406605e+00 -3.473842982288815e-04
7.937500000000001e-01 5.703197379355005e+00 3.815030806595763e-05
7.968750000000000e-01 5.793073338804412e+00 3.547047079067949e-04
8.000000000000000e-01 5.884363651574169e+00 -3.419429572309866e-05
8.031250000000001e-01 5.977090605791737e+00 -4.923056232835074e-04
8.062500000000000e-01 6.071276840334257e+00 -1.877047673661429e-04
8.093750000000001e-01 6.166945350355728e+00 4.380126587205963e-04
8.125000000000000e-01 6.264119492901173e+00 3.377802022448566e-04
8.156250000000000e-01 6.362822992609162e+00 -4.430305435365465e-04
8.187500000000001e-01 6.463079947504072e+00 -7.619075243955422e-04
8.218750000000000e-01 6.564914834879517e+00 -5.971401581703531e-05
8.250000000000001e-01 6.668352517274371e+00 7.770096906886269e-04
8.281250000000000e-01 6.773418248542846e+00 5.664438209044692e-04
8.312500000000000e-01 6.880137680020114e+00 -6.108393463788836e-04
8.343750000000001e-01 6.988536866784961e+00 -1.441227062185693e-03
8.375000000000000e-01 7.098642274021019e+00 -8.745889419640406e-04
8.406250000000001e-01 7.210480783478133e+00 6.924470850120719e-04
8.437500000000000e-01 7.324079700035414e+00 1.765597782093214e-03
8.468750000000000e-01 7.439466758367605e+00 1.145536520852320e-03
8.500000000000001e-01 7.556670129716381e+00 -1.016317187290874e-03
8.531250000000000e-01 7.675718428768239e+00 -3.332527088553344e-03
8.562500000000001e-01 7.796640720640633e+00 -4.183003248316952e-03
8.593750000000000e-01 7.919466527978115e+00 -2.726314803642192e-03
8.625000000000000e-01 8.044225838160141e+00 7.351747247915756e-04
8.656250000000001e-01 8.170949110622363e+00 5.080502779836132e-03
8.687500000000000e-01 8.299667284293170e+00 9.003266444336263e-03
8.718750000000001e-01 8.430411785147284e+00 1.154166346422584e-02
8.750000000000000e-01 8.563214533878281e+00 1.230923830809995e-02
8.781250000000000e-01 8.698107953691880e+00 1.144491811666731e-02
8.812500000000001e-01 8.835124978221932e+00 9.404760793806338e-03
8.843750000000000e-01 8.974299059571019e+00 6.727953379732755e-03
8.875000000000001e-01 9.115664176477637e+00 3.872344540261132e-03
8.906250000000000e-01 9.259254842611947e+00 1.153130066942761e-03
8.937500000000000e-01 9.405106115002161e+00 -1.242990894953542e-03
8.968750000000001e-01 9.553253602593529e+00 -3.222887363594864e-03
9.000000000000000e-01 9.703733474942130e+00 -4.765866042545955e-03
9.031250000000001e-01 9.856582471045494e+00 -5.912531726137722e-03
9.062500000000000e-01 1.001183790831228e+01 -6.742900942626400e-03
9.093750000000000e-01 1.016953769167313e+01 -7.337194153082478e-03
9.125000000000001e-01 1.032972032283505e+01 -7.735038422543711e-03
9.156250000000000e-01 1.049242490968134e+01 -7.915290349706868e-03
9.187500000000001e-01 1.065769117581972e+01 -7.806577903376382e-03
9.218750000000000e-01 1.082555947028058e+01 -7.322572279581150e-03
9.250000000000000e-01 1.099607077736805e+01 -6.406806077016630e-03
9.281250000000001e-01 1.116926672666618e+01 -5.070915115660407e-03
9.312500000000000e-01 1.134518960320255e+01 -3.413047450980887e-03
9.343750000000001e-01 1.152388235777201e+01 -1.608633156893455e-03
9.375000000000000e-01 1.170538861742293e+01 1.256969814564539e-04
9.406250000000000e-01 1.188975269610854e+01 1.583874200311521e-03
9.437500000000001e-01 1.207701960550600e+01 2.619604608090638e-03
9.468750000000000e-01 1.226723506600578e+01 3.175747193732694e-03
9.500000000000001e-01 1.246044551787411e+01 3.285509221881381e-03
9.531250000000000e-01 1.265669813259115e+01 3.048971868623359e-03
9.562500000000000e-01 1.285604082436773e+01 2.596986090956468e-03
9.593750000000001e-01 1.305852226184337e+01 2.056306425874710e-03
9.625000000000000e-01 1.326419187996850e+01 1.525768611974571e-03
9.656250000000001e-01 1.347309989207381e+01 1.066760972860511e-03
9.687500000000000e-01 1.368529730212962e+01 7.056470052367955e-04
9.718750000000000e-01 1.390083591719824e+01 4.430162361468668e-04
9.750000000000001e-01 1.411976836008246e+01 2.646486197472586e-04
9.781250000000000e-01 1.434214808217320e+01 1.507516654460893e-04
9.812500000000001e-01 1.456802937649935e+01 8.203016910696527e-05
9.843750000000000e-01 1.479746739098328e+01 4.271024402065958e-05
9.875000000000000e-01 1.503051814190487e+01 2.129863161503867e-05
9.906250000000001e-01 1.526723852757770e+01 1.020599017363205e-05
9.937500000000000e-01 1.550768634224049e+01 4.662600165099866e-06
9.968750000000001e-01 1.575192029016732e+01 2.124306730108035e-06
1.000000000000000e+00 1.600000000000000e+01 7.868330755651749e-07
