0.000000000000000e+00 0.000000000000000e+00 -1.905001316159426e-02
3.125000000000000e-03 3.369263549427258e-03 -1.905001316159426e-02
6.250000000000000e-03 6.739349689698711e-03 -1.884692117334027e-02
9.375000000000001e-03 1.011108121249049e-02 -1.897886172341192e-02
1.250000000000000e-02 1.348528131119160e-02 -1.903683804869682e-02
1.562500000000000e-02 1.686277378188298e-02 -1.903509389932303e-02
1.875000000000000e-02 2.024438322446370e-02 -1.904173678871588e-02
2.187500000000000e-02 2.363093524397333e-02 -1.905614307163202e-02
2.500000000000000e-02 2.702325665215984e-02 -1.913442156102365e-02
2.812500000000000e-02 3.042217566934200e-02 -1.916271287677145e-02
3.125000000000000e-02 3.382852212661575e-02 -1.918289352397161e-02
3.437500000000000e-02 3.724312766845378e-02 -1.923630180449719e-02
3.750000000000001e-02 4.066682595574785e-02 -1.930213753938003e-02
4.062500000000000e-02 4.410045286934348e-02 -1.936675900273049e-02
4.375000000000000e-02 4.754484671411652e-02 -1.944556396744784e-02
4.687500000000000e-02 5.100084842364160e-02 -1.951439404373604e-02
5.000000000000000e-02 5.446930176550237e-02 -1.958840019575737e-02
5.312500000000001e-02 5.795105354729364e-02 -1.967475145449686e-02
5.625000000000000e-02 6.144695382336569e-02 -1.978637431998508e-02
5.937500000000000e-02 6.495785610236132e-02 -1.988413992560146e-02
6.250000000000000e-02 6.848461755559625e-02 -2.000135521788399e-02
6.562500000000000e-02 7.202809922633362e-02 -2.012120060377381e-02
6.875000000000001e-02 7.558916624000402e-02 -2.025709786767954e-02
7.187500000000001e-02 7.916868801542200e-02 -2.041056161110550e-02
7.500000000000001e-02 8.276753847705080e-02 -2.054637131180480e-02
7.812500000000000e-02 8.638659626836727e-02 -2.069621318536891e-02
8.125000000000000e-02 9.002674496637868e-02 -2.089465720045751e-02
8.437500000000001e-02 9.368887329734420e-02 -2.106967008001499e-02
8.750000000000001e-02 9.737387535375355e-02 -2.127055057973914e-02
9.062500000000001e-02 1.010826508126157e-01 -2.148454503575763e-02
9.375000000000000e-02 1.048161051551108e-01 -2.168809489812278e-02
9.687500000000000e-02 1.085751498876601e-01 -2.193507632694320e-02
1.000000000000000e-01 1.123607027644654e-01 -2.219166285360557e-02
1.031250000000000e-01 1.161736880115753e-01 -2.243196231923706e-02
1.062500000000000e-01 1.200150365525305e-01 -2.272737389412044e-02
1.093750000000000e-01 1.238856862356450e-01 -2.302583692450873e-02
1.125000000000000e-01 1.277865820629775e-01 -2.331759775009954e-02
1.156250000000000e-01 1.317186764210495e-01 -2.364329176642289e-02
1.187500000000000e-01 1.356829293133661e-01 -2.399080745328054e-02
1.218750000000000e-01 1.396803085947971e-01 -2.434766865840202e-02
1.250000000000000e-01 1.437117902078738e-01 -2.471748245173822e-02
1.281250000000000e-01 1.477783584210617e-01 -2.510325900553794e-02
1.312500000000000e-01 1.518810060690650e-01 -2.552123415107942e-02
1.343750000000000e-01 1.560207347952229e-01 -2.594498205635869e-02
1.375000000000000e-01 1.601985552960564e-01 -2.638623460976288e-02
1.406250000000000e-01 1.644154875680252e-01 -2.685525516344074e-02
1.437500000000000e-01 1.686725611565558e-01 -2.733349813354128e-02
1.468750000000000e-01 1.729708154074000e-01 -2.783329684188062e-02
1.500000000000000e-01 1.773112997203869e-01 -2.835790503853438e-02
1.531250000000000e-01 1.816950738056289e-01 -2.889216408339200e-02
1.562500000000000e-01 1.861232079422458e-01 -2.945381209655000e-02
1.593750000000000e-01 1.905967832396682e-01 -3.003337749613427e-02
1.625000000000000e-01 1.951168919015860e-01 -3.062702443787536e-02
1.656250000000000e-01 1.996846374926046e-01 -3.124784104289197e-02
1.687500000000000e-01 2.043011352076760e-01 -3.188354560683290e-02
1.718750000000000e-01 2.089675121443681e-01 -3.253669664926333e-02
1.750000000000000e-01 2.136849075780412e-01 -3.321655482991096e-02
1.781250000000000e-01 2.184544732399964e-01 -3.390888650192869e-02
1.812500000000000e-01 2.232773735986666e-01 -3.462184358888401e-02
1.843750000000000e-01 2.281547861439151e-01 -3.535805813799395e-02
1.875000000000000e-01 2.330879016745160e-01 -3.610578792649709e-02
1.906250000000000e-01 2.380779245888810e-01 -3.687562492467282e-02
1.937500000000000e-01 2.431260731791094e-01 -3.766575363505112e-02
1.968750000000000e-01 2.482335799284277e-01 -3.846761554423005e-02
2.000000000000000e-01 2.534016918120952e-01 -3.929172203513785e-02
2.031250000000000e-01 2.586316706018478e-01 -4.013299056837746e-02
2.062500000000000e-01 2.639247931739538e-01 -4.098523394613009e-02
2.093750000000000e-01 2.692823518209576e-01 -4.185877956277052e-02
2.125000000000000e-01 2.747056545671873e-01 -4.274643760924261e-02
2.156250000000000e-01 2.801960254881028e-01 -4.364516566027676e-02
2.187500000000000e-01 2.857548050335636e-01 -4.456328418928992e-02
2.218750000000000e-01 2.913833503550930e-01 -4.549331745536713e-02
2.250000000000000e-01 2.970830356372213e-01 -4.643252631990373e-02
2.281250000000000e-01 3.028552524329863e-01 -4.738894688464510e-02
2.312500000000000e-01 3.087014100036755e-01 -4.835445019311192e-02
2.343750000000000e-01 3.146229356628902e-01 -4.932800720973760e-02
2.375000000000000e-01 3.206212751250189e-01 -5.031593428372441e-02
2.406250000000000e-01 3.266978928582008e-01 -5.131114962426728e-02
2.437500000000000e-01 3.328542724418705e-01 -5.231122157078438e-02
2.468750000000000e-01 3.390919169289667e-01 -5.332286907693239e-02
2.500000000000000e-01 3.454123492128958e-01 -5.433914269240138e-02
2.531250000000000e-01 3.518171123993401e-01 -5.535801695097926e-02
2.562500000000000e-01 3.583077701830001e-01 -5.638498349190969e-02
2.593750000000000e-01 3.648859072293631e-01 -5.741487219449998e-02
2.625000000000000e-01 3.715531295615936e-01 -5.844331495641421e-02
2.656250000000000e-01 3.783110649526354e-01 -5.947633162286505e-02
2.687500000000000e-01 3.851613633226258e-01 -6.050992905900988e-02
2.718750000000000e-01 3.921056971417164e-01 -6.153938150703890e-02
2.750000000000000e-01 3.991457618383991e-01 -6.256890544663200e-02
2.781250000000000e-01 4.062832762134377e-01 -6.359716602923084e-02
2.812500000000000e-01 4.135199828595055e-01 -6.461749471537125e-02
2.843750000000000e-01 4.208576485866312e-01 -6.563340172277728e-02
2.875000000000000e-01 4.282980648535585e-01 -6.664562183692269e-02
2.906250000000000e-01 4.358430482051222e-01 -6.764796374931339e-02
2.937500000000000e-01 4.434944407157500e-01 -6.864032668303119e-02
2.968750000000000e-01 4.512541104391968e-01 -6.962593082941622e-02
3.000000000000000e-01 4.591239518646220e-01 -7.059957669359626e-02
3.031250000000000e-01 4.671058863791195e-01 -7.155893267812097e-02
3.062500000000000e-01 4.752018627368176e-01 -7.250719264309056e-02
3.093750000000000e-01 4.834138575346580e-01 -7.344234708365219e-02
3.125000000000000e-01 4.917438756949728e-01 -7.435912236665819e-02
3.156250000000000e-01 5.001939509549778e-01 -7.525962692008391e-02
3.187500000000000e-01 5.087661463633005e-01 -7.614507615959511e-02
3.218750000000000e-01 5.174625547836644e-01 -7.701076170025169e-02
3.250000000000000e-01 5.262852994058529e-01 -7.785455804656086e-02
3.281250000000000e-01 5.352365342640750e-01 -7.867947037735194e-02
3.312500000000000e-01 5.443184447628656e-01 -7.948382988881840e-02
3.343750000000000e-01 5.535332482106405e-01 -8.026344467872130e-02
3.375000000000000e-01 5.628831943610435e-01 -8.101870846694237e-02
3.406250000000000e-01 5.723705659622137e-01 -8.175147574908800e-02
3.437500000000000e-01 5.819976793141081e-01 -8.245862324173067e-02
3.468750000000000e-01 5.917668848340161e-01 -8.313744138469520e-02
3.500000000000000e-01 6.016805676304035e-01 -8.378936951686448e-02
3.531250000000000e-01 6.117411480852264e-01 -8.441508664053342e-02
3.562500000000000e-01 6.219510824448572e-01 -8.501127569206239e-02
3.593750000000000e-01 6.323128634197650e-01 -8.557627584074651e-02
3.625000000000000e-01 6.428290207931012e-01 -8.611171443825238e-02
3.656250000000000e-01 6.535021220383342e-01 -8.661781507277259e-02
3.687500000000000e-01 6.643347729460869e-01 -8.709164599877334e-02
3.718750000000000e-01 6.753296182603294e-01 -8.753188141118266e-02
3.750000000000000e-01 6.864893423240808e-01 -8.793998291949141e-02
3.781250000000000e-01 6.978166697347804e-01 -8.831641629467826e-02
3.812500000000000e-01 7.093143660094854e-01 -8.865893585519660e-02
3.843750000000000e-01 7.209852382600603e-01 -8.896599904650780e-02
3.875000000000000e-01 7.328321358785219e-01 -8.923858120704246e-02
3.906250000000000e-01 7.448579512327029e-01 -8.947780333740711e-02
3.937500000000000e-01 7.570656203724140e-01 -8.968251453686360e-02
3.968750000000000e-01 7.694581237462648e-01 -8.985078997119730e-02
4.000000000000000e-01 7.820384869293291e-01 -8.998263019330248e-02
4.031250000000000e-01 7.948097813618253e-01 -9.007964397035133e-02
4.062500000000000e-01 8.077751250989945e-01 -9.014219397078871e-02
4.093750000000000e-01 8.209376835723596e-01 -9.016856526427997e-02
4.125000000000000e-01 8.343006703625532e-01 -9.015762308651704e-02
4.156250000000000e-01 8.478673479838968e-01 -9.011040609637323e-02
4.187500000000000e-01 8.616410286809313e-01 -9.002831059041623e-02
4.218750000000000e-01 8.756250752370857e-01 -8.991110424729022e-02
4.250000000000000e-01 8.898229017956865e-01 -8.975775182514442e-02
4.281250000000000e-01 9.042379746935050e-01 -8.956766500872139e-02
4.312500000000000e-01 9.188738133070491e-01 -8.934134422592514e-02
4.343750000000000e-01 9.337339909118028e-01 -8.908005890712604e-02
4.375000000000000e-01 9.488221355546261e-01 -8.878455009078044e-02
4.406250000000000e-01 9.641419309395265e-01 -8.845401182908424e-02
4.437500000000000e-01 9.796971173270190e-01 -8.808769250812878e-02
4.468750000000000e-01 9.954914924472941e-01 -8.768577938440369e-02
4.500000000000000e-01 1.011528912427417e+00 -8.724896048125277e-02
4.531250000000000e-01 1.027813292732786e+00 -8.677817798185540e-02
4.562500000000000e-01 1.044348609123070e+00 -8.627411781575768e-02
4.593750000000000e-01 1.061138898622882e+00 -8.573623886501749e-02
4.625000000000000e-01 1.078188260507393e+00 -8.516410333473226e-02
4.656250000000000e-01 1.095500857303154e+00 -8.455760703523699e-02
4.687500000000000e-01 1.113080915804360e+00 -8.391677409266016e-02
4.718750000000000e-01 1.130932728104805e+00 -8.324235958913249e-02
4.750000000000000e-01 1.149060652645771e+00 -8.253500762532354e-02
4.781250000000000e-01 1.167469115280130e+00 -8.179477863521088e-02
4.812500000000000e-01 1.186162610352890e+00 -8.102195584428597e-02
4.843750000000000e-01 1.205145701798475e+00 -8.021596263046345e-02
4.875000000000000e-01 1.224423024254985e+00 -7.937651361507793e-02
4.906250000000000e-01 1.243999284195726e+00 -7.850334001728967e-02
4.937500000000000e-01 1.263879261078271e+00 -7.759592264427925e-02
4.968750000000000e-01 1.284067808511348e+00 -7.665441049001143e-02
5.000000000000000e-01 1.304569855439823e+00 -7.567824444562442e-02
5.031250000000000e-01 1.325390407348082e+00 -7.466753597703189e-02
5.062500000000000e-01 1.346534547482100e+00 -7.362168906896545e-02
5.093750000000000e-01 1.368007438090487e+00 -7.254049413299389e-02
5.125000000000001e-01 1.389814321684837e+00 -7.142327608579757e-02
5.156250000000000e-01 1.411960522319654e+00 -7.026949730592646e-02
5.187500000000000e-01 1.434451446892208e+00 -6.907836970232949e-02
5.218750000000000e-01 1.457292586462593e+00 -6.784910725115458e-02
5.250000000000000e-01 1.480489517594354e+00 -6.658078644416800e-02
5.281250000000001e-01 1.504047903715979e+00 -6.527243157722183e-02
5.312500000000000e-01 1.527973496503592e+00 -6.392297555745456e-02
5.343750000000000e-01 1.552272137285215e+00 -6.253128706343807e-02
5.375000000000000e-01 1.576949758466886e+00 -6.109616656204204e-02
5.406250000000000e-01 1.602012384981041e+00 -5.961636077638660e-02
5.437500000000001e-01 1.627466135757470e+00 -5.809057291682544e-02
5.468750000000000e-01 1.653317225217225e+00 -5.651747995820615e-02
5.500000000000000e-01 1.679571964789851e+00 -5.489575282201154e-02
5.531250000000000e-01 1.706236764454286e+00 -5.322408209260050e-02
5.562500000000000e-01 1.733318134303830e+00 -5.150120907367541e-02
5.593750000000001e-01 1.760822686135563e+00 -4.972596316000098e-02
5.625000000000000e-01 1.788757135064574e+00 -4.789730601931252e-02
5.656250000000000e-01 1.817128301163438e+00 -4.601438318957826e-02
5.687500000000000e-01 1.845943111127301e+00 -4.407658350954902e-02
5.718750000000000e-01 1.875208599965003e+00 -4.208360662857143e-02
5.750000000000001e-01 1.904931912716643e+00 -4.003553855132837e-02
5.781250000000000e-01 1.935120306198011e+00 -3.793293479287378e-02
5.812500000000000e-01 1.965781150772311e+00 -3.577691022426154e-02
5.843750000000000e-01 1.996921932149593e+00 -3.356923407982156e-02
5.875000000000000e-01 2.028550253214365e+00 -3.131242788056997e-02
5.906250000000001e-01 2.060673835881802e+00 -2.900986322651256e-02
5.937500000000000e-01 2.093300522983012e+00 -2.666585556407343e-02
5.968750000000000e-01 2.126438280179837e+00 -2.428574920641094e-02
6.000000000000001e-01 2.160095197909630e+00 -2.187598815963861e-02
6.031250000000000e-01 2.194279493360494e+00 -1.944416679003305e-02
6.062500000000001e-01 2.228999512477486e+00 -1.699905417042751e-02
6.093750000000000e-01 2.264263732000228e+00 -1.455058617950907e-02
6.125000000000000e-01 2.300080761532477e+00 -1.210982018607818e-02
6.156250000000001e-01 2.336459345644116e+00 -9.688848478442796e-03
6.187500000000000e-01 2.373408366006099e+00 -7.300668481262124e-03
6.218750000000001e-01 2.410936843558884e+00 -4.959010148289348e-03
6.250000000000000e-01 2.449053940714840e+00 -2.678123557162009e-03
6.281250000000000e-01 2.487768963595221e+00 -4.725324213313307e-04
6.312500000000001e-01 2.527091364302215e+00 1.643238308518852e-03
6.343750000000000e-01 2.567030743226622e+00 3.654950644242258e-03
6.375000000000001e-01 2.607596851391758e+00 5.548946282447814e-03
6.406250000000000e-01 2.648799592834118e+00 7.312432332520718e-03
6.437500000000000e-01 2.690649027021411e+00 8.933749276836586e-03
6.468750000000001e-01 2.733155371308524e+00 1.040261203238931e-02
6.500000000000000e-01 2.776329003432049e+00 1.171031732167663e-02
6.531250000000001e-01 2.820180464043967e+00 1.284991329647051e-02
6.562500000000000e-01 2.864720459285089e+00 1.381633013881606e-02
6.593750000000000e-01 2.909959863398929e+00 1.460647283358390e-02
6.625000000000001e-01 2.955909721386590e+00 1.521927915522545e-02
6.656250000000000e-01 3.002581251703353e+00 1.565574691242403e-02
6.687500000000001e-01 3.049985848997626e+00 1.591893453647777e-02
6.718750000000000e-01 3.098135086892879e+00 1.601393820069624e-02
6.750000000000000e-01 3.147040720813310e+00 1.594784696994209e-02
6.781250000000001e-01 3.196714690853871e+00 1.572967527527333e-02
6.812500000000000e-01 3.247169124695383e+00 1.537026966448408e-02
6.843750000000001e-01 3.298416340565477e+00 1.488218473869920e-02
6.875000000000000e-01 3.350468850246008e+00 1.427952190794876e-02
6.906250000000000e-01 3.403339362127777e+00 1.357772449783420e-02
6.937500000000001e-01 3.457040784313211e+00 1.279332410585645e-02
6.968750000000000e-01 3.511586227767823e+00 1.194363603535911e-02
7.000000000000001e-01 3.566989009521205e+00 1.104640597355297e-02
7.031250000000000e-01 3.623262655918307e+00 1.011941540601941e-02
7.062500000000000e-01 3.680420905921852e+00 9.180058916265057e-03
7.093750000000001e-01 3.738477714466631e+00 8.244911699124117e-03
7.125000000000000e-01 3.797447255866536e+00 7.329309495144994e-03
7.156250000000001e-01 3.857343927275175e+00 6.446965031134647e-03
7.187500000000000e-01 3.918182352200844e+00 5.609644491575926e-03
7.218750000000000e-01 3.979977384076828e+00 4.826924456108330e-03
7.250000000000001e-01 4.042744109887770e+00 4.106044398506647e-03
7.281250000000000e-01 4.106497853853101e+00 3.451862852954414e-03
7.312500000000001e-01 4.171254181168399e+00 2.866917532105690e-03
7.343750000000000e-01 4.237028901805528e+00 2.351581929997466e-03
7.375000000000000e-01 4.303838074372613e+00 1.904304109430230e-03
7.406250000000001e-01 4.371698010034643e+00 1.521908139450306e-03
7.437500000000000e-01 4.440625276495786e+00 1.199935454374532e-03
7.468750000000001e-01 4.510636702044332e+00 9.330024200613474e-04
7.500000000000000e-01 4.581749379661216e+00 7.151515228524851e-04
7.531250000000000e-01 4.653980671193226e+00 5.401765283173262e-04
7.562500000000001e-01 4.727348211591802e+00 4.019062184120561e-04
7.593750000000000e-01 4.801869913218528e+00 2.944363475229271e-04
7.625000000000001e-01 4.877563970218381e+00 2.123046858556674e-04
7.656250000000000e-01 4.954448862961714e+00 1.506089191288335e-04
7.687500000000000e-01 5.032543362556198e+00 1.050713258783101e-04
7.718750000000001e-01 5.111866535429675e+00 7.205727488960032e-05
7.750000000000000e-01 5.192437747985146e+00 4.855654437867417e-05
7.781250000000001e-01 5.274276671329015e+00 3.213727657831198e-05
7.812500000000000e-01 5.357403286073669e+00 2.088218364518887e-05
7.843750000000000e-01 5.441837887215693e+00 1.331563646308151e-05
7.875000000000001e-01 5.527601089090773e+00 8.328763743864635e-06
7.906250000000000e-01 5.614713830406605e+00 5.107933927132558e-06
7.937500000000001e-01 5.703197379355005e+00 3.070224031227100e-06
7.968750000000000e-01 5.793073338804412e+00 1.807880179007047e-06
8.000000000000000e-01 5.884363651574169e+00 1.042460959343427e-06
8.031250000000001e-01 5.977090605791737e+00 5.883797825840384e-07
8.062500000000000e-01 6.071276840334257e+00 3.249244567642824e-07
8.093750000000001e-01 6.166945350355728e+00 1.754909596249084e-07
8.125000000000000e-01 6.264119492901173e+00 9.266123695577964e-08
8.156250000000000e-01 6.362822992609162e+00 4.781216188723242e-08
8.187500000000001e-01 6.463079947504072e+00 2.409930283212630e-08
8.218750000000000e-01 6.564914834879517e+00 1.186119502819051e-08
8.250000000000001e-01 6.668352517274371e+00 5.698306417703463e-09
8.281250000000000e-01 6.773418248542846e+00 2.671134463619807e-09
8.312500000000000e-01 6.880137680020114e+00 1.221297448591564e-09
8.343750000000001e-01 6.988536866784961e+00 5.444652834063950e-10
8.375000000000000e-01 7.098642274021019e+00 2.365884977729041e-10
8.406250000000001e-01 7.210480783478133e+00 1.001723652138604e-10
8.437500000000000e-01 7.324079700035414e+00 4.131368870701086e-11
8.468750000000000e-01 7.439466758367605e+00 1.659195192078588e-11
8.500000000000001e-01 7.556670129716381e+00 6.486779650281670e-12
8.531250000000000e-01 7.675718428768239e+00 2.468111340045104e-12
8.562500000000001e-01 7.796640720640633e+00 9.136613290115234e-13
8.593750000000000e-01 7.919466527978115e+00 3.289855663394265e-13
8.625000000000000e-01 8.044225838160141e+00 1.151943210542095e-13
8.656250000000001e-01 8.170949110622363e+00 3.921432883187951e-14
8.687500000000000e-01 8.299667284293170e+00 1.297538440666887e-14
8.718750000000001e-01 8.430411785147284e+00 4.172199078158155e-15
8.750000000000000e-01 8.563214533878281e+00 1.303443266507793e-15
8.781250000000000e-01 8.698107953691880e+00 3.955668406164175e-16
8.812500000000001e-01 8.835124978221932e+00 1.165928376489348e-16
8.843750000000000e-01 8.974299059571019e+00 3.337159532349088e-17
8.875000000000001e-01 9.115664176477637e+00 9.274044944012152e-18
8.906250000000000e-01 9.259254842611947e+00 2.502002154522519e-18
8.937500000000000e-01 9.405106115002161e+00 6.552040081881711e-19
8.968750000000001e-01 9.553253602593529e+00 1.665270641334356e-19
9.000000000000000e-01 9.703733474942130e+00 4.107393794401582e-20
9.031250000000001e-01 9.856582471045494e+00 9.830590246557980e-21
9.062500000000000e-01 1.001183790831228e+01 2.282903884790861e-21
9.093750000000000e-01 1.016953769167313e+01 5.143490041893948e-22
9.125000000000001e-01 1.032972032283505e+01 1.124248106729166e-22
9.156250000000000e-01 1.049242490968134e+01 2.383835542347573e-23
9.187500000000001e-01 1.065769117581972e+01 4.903206132743982e-24
9.218750000000000e-01 1.082555947028058e+01 9.782671303767323e-25
9.250000000000000e-01 1.099607077736805e+01 1.893196217108773e-25
9.281250000000001e-01 1.116926672666618e+01 3.553739585103806e-26
9.312500000000000e-01 1.134518960320255e+01 6.470259750177770e-27
9.343750000000001e-01 1.152388235777201e+01 1.142619291479812e-27
9.375000000000000e-01 1.170538861742293e+01 1.957157479369539e-28
9.406250000000000e-01 1.188975269610854e+01 3.251606434129981e-29
9.437500000000001e-01 1.207701960550600e+01 5.239918685106944e-30
9.468750000000000e-01 1.226723506600578e+01 8.190577467918327e-31
9.500000000000001e-01 1.246044551787411e+01 1.241879415983083e-31
9.531250000000000e-01 1.265669813259115e+01 1.826556691417002e-32
9.562500000000000e-01 1.285604082436773e+01 2.606104437601739e-33
9.593750000000001e-01 1.305852226184337e+01 3.607228120744521e-34
9.625000000000000e-01 1.326419187996850e+01 4.843939297548558e-35
9.656250000000001e-01 1.347309989207381e+01 6.310867488238286e-36
9.687500000000000e-01 1.368529730212962e+01 7.977529528018420e-37
9.718750000000000e-01 1.390083591719824e+01 9.785027923279288e-38
9.750000000000001e-01 1.411976836008246e+01 1.164653643541611e-38
9.781250000000000e-01 1.434214808217320e+01 1.345242985358882e-39
9.812500000000001e-01 1.456802937649935e+01 1.508006912452156e-40
9.843750000000000e-01 1.479746739098328e+01 1.640722640312340e-41
9.875000000000000e-01 1.503051814190487e+01 1.732718037385984e-42
9.906250000000001e-01 1.526723852757770e+01 1.776301834702061e-43
9.937500000000000e-01 1.550768634224049e+01 1.766923518081543e-44
9.968750000000001e-01 1.575192029016732e+01 1.813158788563068e-45
1.000000000000000e+00 1.600000000000000e+01 -7.089618696508569e-46
