0.000000000000000e+00 0.000000000000000e+00 5.296536141618054e-04
3.125000000000000e-03 3.369263549427258e-03 5.296536141618056e-04
6.250000000000000e-03 6.739349689698711e-03 -9.350995359411628e-05
9.375000000000001e-03 1.011108121249049e-02 -3.932529467550816e-04
1.250000000000000e-02 1.348528131119160e-02 1.457779261053122e-04
1.562500000000000e-02 1.686277378188298e-02 -6.726961288379230e-05
1.875000000000000e-02 2.024438322446370e-02 6.601121356936795e-05
2.187500000000000e-02 2.363093524397333e-02 -1.162172870389908e-04
2.500000000000000e-02 2.702325665215984e-02 1.276887603132164e-04
2.812500000000000e-02 3.042217566934200e-02 -1.166975957710828e-04
3.125000000000000e-02 3.382852212661575e-02 1.029050643523467e-04
3.437500000000000e-02 3.724312766845378e-02 -1.108921471425278e-04
3.750000000000001e-02 4.066682595574785e-02 1.106623602844999e-04
4.062500000000000e-02 4.410045286934348e-02 -8.791013409856261e-05
4.375000000000000e-02 4.754484671411652e-02 8.602249302848644e-05
4.687500000000000e-02 5.100084842364160e-02 -1.191578426239040e-04
5.000000000000000e-02 5.446930176550237e-02 7.654571909224515e-05
5.312500000000001e-02 5.795105354729364e-02 -6.882697034037551e-05
5.625000000000000e-02 6.144695382336569e-02 8.382282862167343e-05
5.937500000000000e-02 6.495785610236132e-02 -8.148104516116036e-05
6.250000000000000e-02 6.848461755559625e-02 7.740497117689522e-05
6.562500000000000e-02 7.202809922633362e-02 -7.167763645073144e-05
6.875000000000001e-02 7.558916624000402e-02 5.561251815317622e-05
7.187500000000001e-02 7.916868801542200e-02 -4.885573805200069e-05
7.500000000000001e-02 8.276753847705080e-02 4.034561036698414e-05
7.812500000000000e-02 8.638659626836727e-02 -3.846295174558662e-05
8.125000000000000e-02 9.002674496637868e-02 4.503932471548141e-05
8.437500000000001e-02 9.368887329734420e-02 -3.914805080354303e-05
8.750000000000001e-02 9.737387535375355e-02 2.264268751722905e-05
9.062500000000001e-02 1.010826508126157e-01 -3.589032820156741e-05
9.375000000000000e-02 1.048161051551108e-01 2.324565551228618e-05
9.687500000000000e-02 1.085751498876601e-01 -1.937132313019288e-05
1.000000000000000e-01 1.123607027644654e-01 8.000682034777137e-06
1.031250000000000e-01 1.161736880115753e-01 -5.611136957247441e-06
1.062500000000000e-01 1.200150365525305e-01 3.336157957471482e-06
1.093750000000000e-01 1.238856862356450e-01 5.923507580568043e-06
1.125000000000000e-01 1.277865820629775e-01 -1.006792071298690e-06
1.156250000000000e-01 1.317186764210495e-01 1.102105981786463e-05
1.187500000000000e-01 1.356829293133661e-01 -1.002438277609339e-05
1.218750000000000e-01 1.396803085947971e-01 2.234297819345487e-05
1.250000000000000e-01 1.437117902078738e-01 -1.361126956129121e-05
1.281250000000000e-01 1.477783584210617e-01 2.533791314461554e-05
1.312500000000000e-01 1.518810060690650e-01 -2.352296696330448e-05
1.343750000000000e-01 1.560207347952229e-01 3.181440417403704e-05
1.375000000000000e-01 1.601985552960564e-01 -2.662919596364222e-05
1.406250000000000e-01 1.644154875680252e-01 3.637610394134999e-05
1.437500000000000e-01 1.686725611565558e-01 -3.231937051133298e-05
1.468750000000000e-01 1.729708154074000e-01 3.324274216414105e-05
1.500000000000000e-01 1.773112997203869e-01 -3.142723802318421e-05
1.531250000000000e-01 1.816950738056289e-01 3.766415047687962e-05
1.562500000000000e-01 1.861232079422458e-01 -2.652988682789755e-05
1.593750000000000e-01 1.905967832396682e-01 3.764796264354966e-05
1.625000000000000e-01 1.951168919015860e-01 -2.922809150175691e-05
1.656250000000000e-01 1.996846374926046e-01 4.026069649611716e-05
1.687500000000000e-01 2.043011352076760e-01 -2.520233950426450e-05
1.718750000000000e-01 2.089675121443681e-01 2.614345971477614e-05
1.750000000000000e-01 2.136849075780412e-01 -1.752159038706735e-05
1.781250000000000e-01 2.184544732399964e-01 2.406272222474283e-05
1.812500000000000e-01 2.232773735986666e-01 -1.536947342737531e-05
1.843750000000000e-01 2.281547861439151e-01 1.636643541944985e-05
1.875000000000000e-01 2.330879016745160e-01 -8.268650702693513e-06
1.906250000000000e-01 2.380779245888810e-01 1.120752773282290e-05
1.937500000000000e-01 2.431260731791094e-01 -1.683019593233505e-06
1.968750000000000e-01 2.482335799284277e-01 1.145080884514771e-06
2.000000000000000e-01 2.534016918120952e-01 3.322311758921651e-06
2.031250000000000e-01 2.586316706018478e-01 -3.547534157300771e-06
2.062500000000000e-01 2.639247931739538e-01 9.803970206325357e-06
2.093750000000000e-01 2.692823518209576e-01 -1.175117170263067e-05
2.125000000000000e-01 2.747056545671873e-01 1.564570874353774e-05
2.156250000000000e-01 2.801960254881028e-01 -1.866560400030896e-05
2.187500000000000e-01 2.857548050335636e-01 2.383724524004234e-05
2.218750000000000e-01 2.913833503550930e-01 -2.109669683701051e-05
2.250000000000000e-01 2.970830356372213e-01 2.403710916163842e-05
2.281250000000000e-01 3.028552524329863e-01 -2.576390933057571e-05
2.312500000000000e-01 3.087014100036755e-01 2.795105689584034e-05
2.343750000000000e-01 3.146229356628902e-01 -2.480255737618496e-05
2.375000000000000e-01 3.206212751250189e-01 2.608987911804215e-05
2.406250000000000e-01 3.266978928582008e-01 -2.378299122471698e-05
2.437500000000000e-01 3.328542724418705e-01 2.618482663506130e-05
2.468750000000000e-01 3.390919169289667e-01 -2.163008746751626e-05
2.500000000000000e-01 3.454123492128958e-01 2.303009779474508e-05
2.531250000000000e-01 3.518171123993401e-01 -1.613264849082499e-05
2.562500000000000e-01 3.583077701830001e-01 1.514211668225159e-05
2.593750000000000e-01 3.648859072293631e-01 -8.339342441725371e-06
2.625000000000000e-01 3.715531295615936e-01 1.024442565494178e-05
2.656250000000000e-01 3.783110649526354e-01 -9.259793078893135e-07
2.687500000000000e-01 3.851613633226258e-01 7.078595694821406e-07
2.718750000000000e-01 3.921056971417164e-01 6.069463978937026e-06
2.750000000000000e-01 3.991457618383991e-01 -7.276400552102479e-06
2.781250000000000e-01 4.062832762134377e-01 1.459663990381637e-05
2.812500000000000e-01 4.135199828595055e-01 -1.314564689808528e-05
2.843750000000000e-01 4.208576485866312e-01 1.981535097993063e-05
2.875000000000000e-01 4.282980648535585e-01 -1.953921560025251e-05
2.906250000000000e-01 4.358430482051222e-01 2.621987668826968e-05
2.937500000000000e-01 4.434944407157500e-01 -2.207687353601275e-05
2.968750000000000e-01 4.512541104391968e-01 2.587971293137441e-05
3.000000000000000e-01 4.591239518646220e-01 -2.211858437660645e-05
3.031250000000000e-01 4.671058863791195e-01 2.589890573748114e-05
3.062500000000000e-01 4.752018627368176e-01 -1.948237941098782e-05
3.093750000000000e-01 4.834138575346580e-01 2.177764734531806e-05
3.125000000000000e-01 4.917438756949728e-01 -1.415118168409588e-05
3.156250000000000e-01 5.001939509549778e-01 1.317391708780530e-05
3.187500000000000e-01 5.087661463633005e-01 -4.435577805064257e-06
3.218750000000000e-01 5.174625547836644e-01 5.196252423870862e-06
3.250000000000000e-01 5.262852994058529e-01 3.432507606113812e-06
3.281250000000000e-01 5.352365342640750e-01 -4.794311176263469e-06
3.312500000000000e-01 5.443184447628656e-01 1.329334405610962e-05
3.343750000000000e-01 5.535332482106405e-01 -1.318027440816164e-05
3.375000000000000e-01 5.628831943610435e-01 2.039374870235580e-05
3.406250000000000e-01 5.723705659622137e-01 -2.152945059212366e-05
3.437500000000000e-01 5.819976793141081e-01 2.484537240778610e-05
3.468750000000000e-01 5.917668848340161e-01 -2.318625182778548e-05
3.500000000000000e-01 6.016805676304035e-01 2.538111676353770e-05
3.531250000000000e-01 6.117411480852264e-01 -2.018880807686071e-05
3.562500000000000e-01 6.219510824448572e-01 2.132585159988600e-05
3.593750000000000e-01 6.323128634197650e-01 -1.403965367135765e-05
3.625000000000000e-01 6.428290207931012e-01 1.204166111814565e-05
3.656250000000000e-01 6.535021220383342e-01 -3.039712485716421e-06
3.687500000000000e-01 6.643347729460869e-01 2.452269629198609e-06
3.718750000000000e-01 6.753296182603294e-01 7.781144047613172e-06
3.750000000000000e-01 6.864893423240808e-01 -9.175134901198564e-06
3.781250000000000e-01 6.978166697347804e-01 1.829431169293663e-05
3.812500000000000e-01 7.093143660094854e-01 -1.832740227335470e-05
3.843750000000000e-01 7.209852382600603e-01 2.472697009359451e-05
3.875000000000000e-01 7.328321358785219e-01 -2.252596681233445e-05
3.906250000000000e-01 7.448579512327029e-01 2.554590022199783e-05
3.937500000000000e-01 7.570656203724140e-01 -1.966298815513547e-05
3.968750000000000e-01 7.694581237462648e-01 1.912236444013502e-05
4.000000000000000e-01 7.820384869293291e-01 -1.086544018163745e-05
4.031250000000000e-01 7.948097813618253e-01 8.243375797459908e-06
4.062500000000000e-01 8.077751250989945e-01 1.779594895879961e-06
4.093750000000000e-01 8.209376835723596e-01 -4.455501161975792e-06
4.125000000000000e-01 8.343006703625532e-01 1.438057446283228e-05
4.156250000000000e-01 8.478673479838968e-01 -1.674730741608778e-05
4.187500000000000e-01 8.616410286809313e-01 2.364725512269856e-05
4.218750000000000e-01 8.756250752370857e-01 -2.165491509951860e-05
4.250000000000000e-01 8.898229017956865e-01 2.479736243849404e-05
4.281250000000000e-01 9.042379746935050e-01 -1.916997014497924e-05
4.312500000000000e-01 9.188738133070491e-01 1.797422209328655e-05
4.343750000000000e-01 9.337339909118028e-01 -7.860354491352850e-06
4.375000000000000e-01 9.488221355546261e-01 4.480706913395572e-06
4.406250000000000e-01 9.641419309395265e-01 6.523670817963914e-06
4.437500000000000e-01 9.796971173270190e-01 -1.001911875801402e-05
4.468750000000000e-01 9.954914924472941e-01 1.933470430485091e-05
4.500000000000000e-01 1.011528912427417e+00 -2.003188441414221e-05
4.531250000000000e-01 1.027813292732786e+00 2.496571621674751e-05
4.562500000000000e-01 1.044348609123070e+00 -2.024009977816061e-05
4.593750000000000e-01 1.061138898622882e+00 1.968235491130180e-05
4.625000000000000e-01 1.078188260507393e+00 -1.009477950663108e-05
4.656250000000000e-01 1.095500857303154e+00 5.543613939569508e-06
4.687500000000000e-01 1.113080915804360e+00 5.605350389231354e-06
4.718750000000000e-01 1.130932728104805e+00 -1.028155902134986e-05
4.750000000000000e-01 1.149060652645771e+00 1.993927395742241e-05
4.781250000000000e-01 1.167469115280130e+00 -2.020802926551100e-05
4.812500000000000e-01 1.186162610352890e+00 2.465403366225084e-05
4.843750000000000e-01 1.205145701798475e+00 -1.826322111947344e-05
4.875000000000000e-01 1.224423024254985e+00 1.568962902381419e-05
4.906250000000000e-01 1.243999284195726e+00 -4.902997040681402e-06
4.937500000000000e-01 1.263879261078271e+00 -1.290621331604430e-06
4.968750000000000e-01 1.284067808511348e+00 1.347966999280681e-05
5.000000000000000e-01 1.304569855439823e+00 -1.737885278020293e-05
5.031250000000000e-01 1.325390407348082e+00 2.451592908030051e-05
5.062500000000000e-01 1.346534547482100e+00 -2.130985778747675e-05
5.093750000000000e-01 1.368007438090487e+00 2.032529880490416e-05
5.125000000000001e-01 1.389814321684837e+00 -9.258837934809530e-06
5.156250000000000e-01 1.411960522319654e+00 1.880803582920906e-06
5.187500000000000e-01 1.434451446892208e+00 1.182873456286016e-05
5.218750000000000e-01 1.457292586462593e+00 -1.775600913519425e-05
5.250000000000000e-01 1.480489517594354e+00 2.595270612383575e-05
5.281250000000001e-01 1.504047903715979e+00 -2.273647258544809e-05
5.312500000000000e-01 1.527973496503592e+00 1.995615652662957e-05
5.343750000000000e-01 1.552272137285215e+00 -6.785930492558811e-06
5.375000000000000e-01 1.576949758466886e+00 -3.029520520057123e-06
5.406250000000000e-01 1.602012384981041e+00 1.783036482846435e-05
5.437500000000001e-01 1.627466135757470e+00 -2.309882310475863e-05
5.468750000000000e-01 1.653317225217225e+00 2.781812753155208e-05
5.500000000000000e-01 1.679571964789851e+00 -1.989355216049275e-05
5.531250000000000e-01 1.706236764454286e+00 1.145564368011299e-05
5.562500000000000e-01 1.733318134303830e+00 5.665896092948873e-06
5.593750000000001e-01 1.760822686135563e+00 -1.667359122148636e-05
5.625000000000000e-01 1.788757135064574e+00 2.797879049836465e-05
5.656250000000000e-01 1.817128301163438e+00 -2.636938336109296e-05
5.687500000000000e-01 1.845943111127301e+00 2.118187584028632e-05
5.718750000000000e-01 1.875208599965003e+00 -3.913601732727450e-06
5.750000000000001e-01 1.904931912716643e+00 -1.089532586592821e-05
5.781250000000000e-01 1.935120306198011e+00 2.679567211435129e-05
5.812500000000000e-01 1.965781150772311e+00 -2.932762394141688e-05
5.843750000000000e-01 1.996921932149593e+00 2.572997391966644e-05
5.875000000000000e-01 2.028550253214365e+00 -8.157019711175239e-06
5.906250000000001e-01 2.060673835881802e+00 -9.366439761656911e-06
5.937500000000000e-01 2.093300522983012e+00 2.783040442759466e-05
5.968750000000000e-01 2.126438280179837e+00 -3.191428102831110e-05
6.000000000000001e-01 2.160095197909630e+00 2.661483640579311e-05
6.031250000000000e-01 2.194279493360494e+00 -6.114161418348561e-06
6.062500000000001e-01 2.228999512477486e+00 -1.473207156164244e-05
6.093750000000000e-01 2.264263732000228e+00 3.322180530403253e-05
6.125000000000000e-01 2.300080761532477e+00 -3.394354432127423e-05
6.156250000000001e-01 2.336459345644116e+00 2.137875184981897e-05
6.187500000000000e-01 2.373408366006099e+00 5.189143055347737e-06
6.218750000000001e-01 2.410936843558884e+00 -2.784171073844841e-05
6.250000000000000e-01 2.449053940714840e+00 3.969316551057751e-05
6.281250000000000e-01 2.487768963595221e+00 -2.867831515555575e-05
6.312500000000001e-01 2.527091364302215e+00 3.412776676673975e-06
6.343750000000000e-01 2.567030743226622e+00 2.711446992482244e-05
6.375000000000001e-01 2.607596851391758e+00 -4.194654040763965e-05
6.406250000000000e-01 2.648799592834118e+00 3.417635129903489e-05
6.437500000000000e-01 2.690649027021411e+00 -3.731659812146673e-06
6.468750000000001e-01 2.733155371308524e+00 -2.981257316263428e-05
6.500000000000000e-01 2.776329003432049e+00 4.699780209096831e-05
6.531250000000001e-01 2.820180464043967e+00 -3.350545705926052e-05
6.562500000000000e-01 2.864720459285089e+00 -3.342187392253617e-06
6.593750000000000e-01 2.909959863398929e+00 4.028234621223557e-05
6.625000000000001e-01 2.955909721386590e+00 -5.091355170279563e-05
6.656250000000000e-01 3.002581251703353e+00 2.417729344262389e-05
6.687500000000001e-01 3.049985848997626e+00 2.189893013881760e-05
6.718750000000000e-01 3.098135086892879e+00 -5.522913384008062e-05
6.750000000000000e-01 3.147040720813310e+00 4.528520781393032e-05
6.781250000000001e-01 3.196714690853871e+00 7.429420182941173e-07
6.812500000000000e-01 3.247169124695383e+00 -5.165886989348655e-05
6.843750000000001e-01 3.298416340565477e+00 5.906911647595433e-05
6.875000000000000e-01 3.350468850246008e+00 -1.744300679574540e-05
6.906250000000000e-01 3.403339362127777e+00 -4.664244115892664e-05
6.937500000000001e-01 3.457040784313211e+00 6.820701930302930e-05
6.968750000000000e-01 3.511586227767823e+00 -3.005732438955023e-05
7.000000000000001e-01 3.566989009521205e+00 -4.560815163075097e-05
7.031250000000000e-01 3.623262655918307e+00 7.598316977710083e-05
7.062500000000000e-01 3.680420905921852e+00 -3.543827420653892e-05
7.093750000000001e-01 3.738477714466631e+00 -5.277468289848329e-05
7.125000000000000e-01 3.797447255866536e+00 8.378831017215260e-05
7.156250000000001e-01 3.857343927275175e+00 -3.050690153505718e-05
7.187500000000000e-01 3.918182352200844e+00 -7.104605104586762e-05
7.218750000000000e-01 3.979977384076828e+00 8.864430199125924e-05
7.250000000000001e-01 4.042744109887770e+00 -9.167015045581248e-06
7.281250000000000e-01 4.106497853853101e+00 -9.966229797748746e-05
7.312500000000001e-01 4.171254181168399e+00 7.977608580650170e-05
7.343750000000000e-01 4.237028901805528e+00 3.557185300903650e-05
7.375000000000000e-01 4.303838074372613e+00 -1.271794525109642e-04
7.406250000000001e-01 4.371698010034643e+00 3.746442956785030e-05
7.437500000000000e-01 4.440625276495786e+00 1.005597358132379e-04
7.468750000000001e-01 4.510636702044332e+00 -1.217399793225680e-04
7.500000000000000e-01 4.581749379661216e+00 -5.504719180473976e-05
7.531250000000000e-01 4.653980671193226e+00 1.485128501774224e-04
7.562500000000001e-01 4.727348211591802e+00 -3.641231236181225e-05
7.593750000000000e-01 4.801869913218528e+00 -1.689474247329048e-04
7.625000000000001e-01 4.877563970218381e+00 9.423766580118153e-05
7.656250000000000e-01 4.954448862961714e+00 1.276706988641542e-04
7.687500000000000e-01 5.032543362556198e+00 -1.778950889717267e-04
7.718750000000001e-01 5.111866535429675e+00 -1.144073928407370e-04
7.750000000000000e-01 5.192437747985146e+00 2.036401095916869e-04
7.781250000000001e-01 5.274276671329015e+00 5.216482944280294e-05
7.812500000000000e-01 5.357403286073669e+00 -2.745413927443173e-04
7.843750000000000e-01 5.441837887215693e+00 -5.889407219930022e-05
7.875000000000001e-01 5.527601089090773e+00 2.810174333809257e-04
7.906250000000000e-01 5.614713830406605e+00 1.783069398865293e-05
7.937500000000001e-01 5.703197379355005e+00 -3.677490187550904e-04
7.968750000000000e-01 5.793073338804412e+00 -9.558295551156703e-05
8.000000000000000e-01 5.884363651574169e+00 3.640395693850714e-04
8.031250000000001e-01 5.977090605791737e+00 1.249731871820637e-04
8.062500000000000e-01 6.071276840334257e+00 -4.549505320721967e-04
8.093750000000001e-01 6.166945350355728e+00 -3.497553381243869e-04
8.125000000000000e-01 6.264119492901173e+00 3.411124293244914e-04
8.156250000000000e-01 6.362822992609162e+00 4.882724485897162e-04
8.187500000000001e-01 6.463079947504072e+00 -2.465019335759555e-04
8.218750000000000e-01 6.564914834879517e+00 -8.131346794240102e-04
8.250000000000001e-01 6.668352517274371e+00 -3.102090793040532e-04
8.281250000000000e-01 6.773418248542846e+00 6.686840475888442e-04
8.312500000000000e-01 6.880137680020114e+00 7.857250254566028e-04
8.343750000000001e-01 6.988536866784961e+00 -2.822529864436149e-04
8.375000000000000e-01 7.098642274021019e+00 -1.378072995750697e-03
8.406250000000001e-01 7.210480783478133e+00 -1.184650657612192e-03
8.437500000000000e-01 7.324079700035414e+00 2.942057089985569e-04
8.468750000000000e-01 7.439466758367605e+00 1.686025975930880e-03
8.500000000000001e-01 7.556670129716381e+00 1.545777845344570e-03
8.531250000000000e-01 7.675718428768239e+00 -3.531512137421659e-04
8.562500000000001e-01 7.796640720640633e+00 -2.834003873422049e-03
8.593750000000000e-01 7.919466527978115e+00 -4.202473205298221e-03
8.625000000000000e-01 8.044225838160141e+00 -3.354703549447665e-03
8.656250000000001e-01 8.170949110622363e+00 -3.282885592011098e-04
8.687500000000000e-01 8.299667284293170e+00 3.890626363966880e-03
8.718750000000001e-01 8.430411785147284e+00 7.977200174206667e-03
8.750000000000000e-01 8.563214533878281e+00 1.085311123669642e-02
8.781250000000000e-01 8.698107953691880e+00 1.199849610941610e-02
8.812500000000001e-01 8.835124978221932e+00 1.145539157424424e-02
8.843750000000000e-01 8.974299059571019e+00 9.636437540834151e-03
8.875000000000001e-01 9.115664176477637e+00 7.079451142902879e-03
8.906250000000000e-01 9.259254842611947e+00 4.262855185707062e-03
8.937500000000000e-01 9.405106115002161e+00 1.530527006967110e-03
8.968750000000001e-01 9.553253602593529e+00 -9.046152049683295e-04
9.000000000000000e-01 9.703733474942130e+00 -2.929314862070837e-03
9.031250000000001e-01 9.856582471045494e+00 -4.512779531638051e-03
9.062500000000000e-01 1.001183790831228e+01 -5.693100449859067e-03
9.093750000000000e-01 1.016953769167313e+01 -6.552645650730652e-03
9.125000000000001e-01 1.032972032283505e+01 -7.173776091624386e-03
9.156250000000000e-01 1.049242490968134e+01 -7.596263758016070e-03
9.187500000000001e-01 1.065769117581972e+01 -7.796439533953319e-03
9.218750000000000e-01 1.082555947028058e+01 -7.699256071513384e-03
9.250000000000000e-01 1.099607077736805e+01 -7.215412089851814e-03
9.281250000000001e-01 1.116926672666618e+01 -6.288574779043362e-03
9.312500000000000e-01 1.134518960320255e+01 -4.935179679021961e-03
9.343750000000001e-01 1.152388235777201e+01 -3.262495995741665e-03
9.375000000000000e-01 1.170538861742293e+01 -1.456458316444021e-03
9.406250000000000e-01 1.188975269610854e+01 2.588045209804293e-04
9.437500000000001e-01 1.207701960550600e+01 1.676305092775692e-03
9.468750000000000e-01 1.226723506600578e+01 2.656147363985345e-03
9.500000000000001e-01 1.246044551787411e+01 3.152447781075519e-03
9.531250000000000e-01 1.265669813259115e+01 3.210274422404419e-03
9.562500000000000e-01 1.285604082436773e+01 2.938246592135165e-03
9.593750000000001e-01 1.305852226184337e+01 2.470415496696813e-03
9.625000000000000e-01 1.326419187996850e+01 1.931655205920155e-03
9.656250000000001e-01 1.347309989207381e+01 1.415668800036840e-03
9.687500000000000e-01 1.368529730212962e+01 9.777342542730029e-04
9.718750000000000e-01 1.390083591719824e+01 6.389290481397180e-04
9.750000000000001e-01 1.411976836008246e+01 3.962933902244927e-04
9.781250000000000e-01 1.434214808217320e+01 2.338942558386451e-04
9.812500000000001e-01 1.456802937649935e+01 1.316340286724133e-04
9.843750000000000e-01 1.479746739098328e+01 7.077856365521309e-05
9.875000000000000e-01 1.503051814190487e+01 3.639846713579941e-05
9.906250000000001e-01 1.526723852757770e+01 1.796531821323479e-05
9.937500000000000e-01 1.550768634224049e+01 8.440834530947634e-06
9.968750000000001e-01 1.575192029016732e+01 3.933389865727459e-06
1.000000000000000e+00 1.600000000000000e+01 1.496381048371191e-06
