0.000000000000000e+00 0.000000000000000e+00 3.521800421688854e-01
3.125000000000000e-03 3.369263549427258e-03 3.521800421688854e-01
6.250000000000000e-03 6.739349689698711e-03 3.529308839260540e-01
9.375000000000001e-03 1.011108121249049e-02 3.528627690178496e-01
1.250000000000000e-02 1.348528131119160e-02 3.519538386186621e-01
1.562500000000000e-02 1.686277378188298e-02 3.511702659142710e-01
1.875000000000000e-02 2.024438322446370e-02 3.503384089160460e-01
2.187500000000000e-02 2.363093524397333e-02 3.491683820871207e-01
2.500000000000000e-02 2.702325665215984e-02 3.479657158249736e-01
2.812500000000000e-02 3.042217566934200e-02 3.464774760724363e-01
3.125000000000000e-02 3.382852212661575e-02 3.448349376832527e-01
3.437500000000000e-02 3.724312766845378e-02 3.430850547826850e-01
3.750000000000001e-02 4.066682595574785e-02 3.410727869556230e-01
4.062500000000000e-02 4.410045286934348e-02 3.389682816192056e-01
4.375000000000000e-02 4.754484671411652e-02 3.367062088577631e-01
4.687500000000000e-02 5.100084842364160e-02 3.342398218549739e-01
5.000000000000000e-02 5.446930176550237e-02 3.316680885367870e-01
5.312500000000001e-02 5.795105354729364e-02 3.288977962439011e-01
5.625000000000000e-02 6.144695382336569e-02 3.259991621897649e-01
5.937500000000000e-02 6.495785610236132e-02 3.229780871432449e-01
6.250000000000000e-02 6.848461755559625e-02 3.197591399434602e-01
6.562500000000000e-02 7.202809922633362e-02 3.164365471691777e-01
6.875000000000001e-02 7.558916624000402e-02 3.129772784727605e-01
7.187500000000001e-02 7.916868801542200e-02 3.093745614244376e-01
7.500000000000001e-02 8.276753847705080e-02 3.056658632860639e-01
7.812500000000000e-02 8.638659626836727e-02 3.018103551631235e-01
8.125000000000000e-02 9.002674496637868e-02 2.978269030210290e-01
8.437500000000001e-02 9.368887329734420e-02 2.937516426638443e-01
8.750000000000001e-02 9.737387535375355e-02 2.895614127787678e-01
9.062500000000001e-02 1.010826508126157e-01 2.852622914187384e-01
9.375000000000000e-02 1.048161051551108e-01 2.808518540826040e-01
9.687500000000000e-02 1.085751498876601e-01 2.763551395889893e-01
1.000000000000000e-01 1.123607027644654e-01 2.717626002187714e-01
1.031250000000000e-01 1.161736880115753e-01 2.670872835130910e-01
1.062500000000000e-01 1.200150365525305e-01 2.623217722314984e-01
1.093750000000000e-01 1.238856862356450e-01 2.574720549166002e-01
1.125000000000000e-01 1.277865820629775e-01 2.525773666903265e-01
1.156250000000000e-01 1.317186764210495e-01 2.476108557759264e-01
1.187500000000000e-01 1.356829293133661e-01 2.425426323213526e-01
1.218750000000000e-01 1.396803085947971e-01 2.374520572273869e-01
1.250000000000000e-01 1.437117902078738e-01 2.323163398025463e-01
1.281250000000000e-01 1.477783584210617e-01 2.271133519627411e-01
1.312500000000000e-01 1.518810060690650e-01 2.218745552604114e-01
1.343750000000000e-01 1.560207347952229e-01 2.166022053012780e-01
1.375000000000000e-01 1.601985552960564e-01 2.112965213484300e-01
1.406250000000000e-01 1.644154875680252e-01 2.059678947474989e-01
1.437500000000000e-01 1.686725611565558e-01 2.006077697197870e-01
1.468750000000000e-01 1.729708154074000e-01 1.952411694475636e-01
1.500000000000000e-01 1.773112997203869e-01 1.898567631496224e-01
1.531250000000000e-01 1.816950738056289e-01 1.844617428291334e-01
1.562500000000000e-01 1.861232079422458e-01 1.790715857690433e-01
1.593750000000000e-01 1.905967832396682e-01 1.736767924627771e-01
1.625000000000000e-01 1.951168919015860e-01 1.682864236750796e-01
1.656250000000000e-01 1.996846374926046e-01 1.629125641984694e-01
1.687500000000000e-01 2.043011352076760e-01 1.575430171510384e-01
1.718750000000000e-01 2.089675121443681e-01 1.521970166776807e-01
1.750000000000000e-01 2.136849075780412e-01 1.468724007310199e-01
1.781250000000000e-01 2.184544732399964e-01 1.415674976300383e-01
1.812500000000000e-01 2.232773735986666e-01 1.362973832453476e-01
1.843750000000000e-01 2.281547861439151e-01 1.310566603370478e-01
1.875000000000000e-01 2.330879016745160e-01 1.258472287287398e-01
1.906250000000000e-01 2.380779245888810e-01 1.206826436676709e-01
1.937500000000000e-01 2.431260731791094e-01 1.155531339836563e-01
1.968750000000000e-01 2.482335799284277e-01 1.104678832115676e-01
2.000000000000000e-01 2.534016918120952e-01 1.054335125976221e-01
2.031250000000000e-01 2.586316706018478e-01 1.004421694173055e-01
2.062500000000000e-01 2.639247931739538e-01 9.550430109513405e-02
2.093750000000000e-01 2.692823518209576e-01 9.062230937943834e-02
2.125000000000000e-01 2.747056545671873e-01 8.578968334230119e-02
2.156250000000000e-01 2.801960254881028e-01 8.101816209305260e-02
2.187500000000000e-01 2.857548050335636e-01 7.630646580701353e-02
2.218750000000000e-01 2.913833503550930e-01 7.165066236434531e-02
2.250000000000000e-01 2.970830356372213e-01 6.706166583735110e-02
2.281250000000000e-01 3.028552524329863e-01 6.253558610991290e-02
2.312500000000000e-01 3.087014100036755e-01 5.807038531776141e-02
2.343750000000000e-01 3.146229356628902e-01 5.367555263443959e-02
2.375000000000000e-01 3.206212751250189e-01 4.934671417525784e-02
2.406250000000000e-01 3.266978928582008e-01 4.508268697236988e-02
2.437500000000000e-01 3.328542724418705e-01 4.089231581712602e-02
2.468750000000000e-01 3.390919169289667e-01 3.676999187341405e-02
2.500000000000000e-01 3.454123492128958e-01 3.271534859554254e-02
2.531250000000000e-01 3.518171123993401e-01 2.873562434005685e-02
2.562500000000000e-01 3.583077701830001e-01 2.482631196084198e-02
2.593750000000000e-01 3.648859072293631e-01 2.098628062878884e-02
2.625000000000000e-01 3.715531295615936e-01 1.722291675767365e-02
2.656250000000000e-01 3.783110649526354e-01 1.353125018059395e-02
2.687500000000000e-01 3.851613633226258e-01 9.909925531230036e-03
2.718750000000000e-01 3.921056971417164e-01 6.365113128118955e-03
2.750000000000000e-01 3.991457618383991e-01 2.893897091292466e-03
2.781250000000000e-01 4.062832762134377e-01 -5.067953708097214e-04
2.812500000000000e-01 4.135199828595055e-01 -3.830636622175531e-03
2.843750000000000e-01 4.208576485866312e-01 -7.080081910577172e-03
2.875000000000000e-01 4.282980648535585e-01 -1.025885616442037e-02
2.906250000000000e-01 4.358430482051222e-01 -1.336220585442658e-02
2.937500000000000e-01 4.434944407157500e-01 -1.638960166899091e-02
2.968750000000000e-01 4.512541104391968e-01 -1.934630414961854e-02
3.000000000000000e-01 4.591239518646220e-01 -2.222887956081847e-02
3.031250000000000e-01 4.671058863791195e-01 -2.503554852153389e-02
3.062500000000000e-01 4.752018627368176e-01 -2.777083183150795e-02
3.093750000000000e-01 4.834138575346580e-01 -3.043423578390899e-02
3.125000000000000e-01 4.917438756949728e-01 -3.302165707467417e-02
3.156250000000000e-01 5.001939509549778e-01 -3.553687336654745e-02
3.187500000000000e-01 5.087661463633005e-01 -3.798199077213058e-02
3.218750000000000e-01 5.174625547836644e-01 -4.035335808266128e-02
3.250000000000000e-01 5.262852994058529e-01 -4.265110439483050e-02
3.281250000000000e-01 5.352365342640750e-01 -4.487952197792199e-02
3.312500000000000e-01 5.443184447628656e-01 -4.703689496434479e-02
3.343750000000000e-01 5.535332482106405e-01 -4.912115375048542e-02
3.375000000000000e-01 5.628831943610435e-01 -5.113536099313509e-02
3.406250000000000e-01 5.723705659622137e-01 -5.308131744237164e-02
3.437500000000000e-01 5.819976793141081e-01 -5.495599532799203e-02
3.468750000000000e-01 5.917668848340161e-01 -5.675996782762443e-02
3.500000000000000e-01 6.016805676304035e-01 -5.849671656792584e-02
3.531250000000000e-01 6.117411480852264e-01 -6.016592276667355e-02
3.562500000000000e-01 6.219510824448572e-01 -6.176508932710236e-02
3.593750000000000e-01 6.323128634197650e-01 -6.329634942041330e-02
3.625000000000000e-01 6.428290207931012e-01 -6.476258510453796e-02
3.656250000000000e-01 6.535021220383342e-01 -6.616261664964838e-02
3.687500000000000e-01 6.643347729460869e-01 -6.749479931025436e-02
3.718750000000000e-01 6.753296182603294e-01 -6.876173648582296e-02
3.750000000000000e-01 6.864893423240808e-01 -6.996584198910986e-02
3.781250000000000e-01 6.978166697347804e-01 -7.110591680663474e-02
3.812500000000000e-01 7.093143660094854e-01 -7.218079570016094e-02
3.843750000000000e-01 7.209852382600603e-01 -7.319295324686335e-02
3.875000000000000e-01 7.328321358785219e-01 -7.414476095496260e-02
3.906250000000000e-01 7.448579512327029e-01 -7.503545726317697e-02
3.937500000000000e-01 7.570656203724140e-01 -7.586397126657607e-02
3.968750000000000e-01 7.694581237462648e-01 -7.663224319398200e-02
4.000000000000000e-01 7.820384869293291e-01 -7.734281370708281e-02
4.031250000000000e-01 7.948097813618253e-01 -7.799577085309066e-02
4.062500000000000e-01 8.077751250989945e-01 -7.859013491229754e-02
4.093750000000000e-01 8.209376835723596e-01 -7.912685943366933e-02
4.125000000000000e-01 8.343006703625532e-01 -7.960830988610396e-02
4.156250000000000e-01 8.478673479838968e-01 -8.003580335464300e-02
4.187500000000000e-01 8.616410286809313e-01 -8.040908741843170e-02
4.218750000000000e-01 8.756250752370857e-01 -8.072794394080814e-02
4.250000000000000e-01 8.898229017956865e-01 -8.099363749239424e-02
4.281250000000000e-01 9.042379746935050e-01 -8.120838081386469e-02
4.312500000000000e-01 9.188738133070491e-01 -8.137344677157365e-02
4.343750000000000e-01 9.337339909118028e-01 -8.148842252608073e-02
4.375000000000000e-01 9.488221355546261e-01 -8.155318593623548e-02
4.406250000000000e-01 9.641419309395265e-01 -8.156916917423014e-02
4.437500000000000e-01 9.796971173270190e-01 -8.153828422025486e-02
4.468750000000000e-01 9.954914924472941e-01 -8.146162399308911e-02
4.500000000000000e-01 1.011528912427417e+00 -8.133960686108876e-02
4.531250000000000e-01 1.027813292732786e+00 -8.117205961545218e-02
4.562500000000000e-01 1.044348609123070e+00 -8.095933124448396e-02
4.593750000000000e-01 1.061138898622882e+00 -8.070291471310427e-02
4.625000000000000e-01 1.078188260507393e+00 -8.040435954500934e-02
4.656250000000000e-01 1.095500857303154e+00 -8.006440877504531e-02
4.687500000000000e-01 1.113080915804360e+00 -7.968357695349940e-02
4.718750000000000e-01 1.130932728104805e+00 -7.926172252837169e-02
4.750000000000000e-01 1.149060652645771e+00 -7.879890126928481e-02
4.781250000000000e-01 1.167469115280130e+00 -7.829595926602115e-02
4.812500000000000e-01 1.186162610352890e+00 -7.775369595521836e-02
4.843750000000000e-01 1.205145701798475e+00 -7.717299102659261e-02
4.875000000000000e-01 1.224423024254985e+00 -7.655469489930383e-02
4.906250000000000e-01 1.243999284195726e+00 -7.589875927177168e-02
4.937500000000000e-01 1.263879261078271e+00 -7.520541634525711e-02
4.968750000000000e-01 1.284067808511348e+00 -7.447442774537862e-02
5.000000000000000e-01 1.304569855439823e+00 -7.370559145671014e-02
5.031250000000000e-01 1.325390407348082e+00 -7.289907301292525e-02
5.062500000000000e-01 1.346534547482100e+00 -7.205453163815888e-02
5.093750000000000e-01 1.368007438090487e+00 -7.117227348352385e-02
5.125000000000001e-01 1.389814321684837e+00 -7.025188484632978e-02
5.156250000000000e-01 1.411960522319654e+00 -6.929341351050408e-02
5.187500000000000e-01 1.434451446892208e+00 -6.829633673365626e-02
5.218750000000000e-01 1.457292586462593e+00 -6.726032744325264e-02
5.250000000000000e-01 1.480489517594354e+00 -6.618471833072335e-02
5.281250000000001e-01 1.504047903715979e+00 -6.506886533117275e-02
5.312500000000000e-01 1.527973496503592e+00 -6.391193445932425e-02
5.343750000000000e-01 1.552272137285215e+00 -6.271303691712558e-02
5.375000000000000e-01 1.576949758466886e+00 -6.147116230635215e-02
5.406250000000000e-01 1.602012384981041e+00 -6.018522226945563e-02
5.437500000000001e-01 1.627466135757470e+00 -5.885403781604694e-02
5.468750000000000e-01 1.653317225217225e+00 -5.747635775272687e-02
5.500000000000000e-01 1.679571964789851e+00 -5.605086631280550e-02
5.531250000000000e-01 1.706236764454286e+00 -5.457620095413454e-02
5.562500000000000e-01 1.733318134303830e+00 -5.305097178973435e-02
5.593750000000001e-01 1.760822686135563e+00 -5.147378741864396e-02
5.625000000000000e-01 1.788757135064574e+00 -4.984328618322711e-02
5.656250000000000e-01 1.817128301163438e+00 -4.815817431939230e-02
5.687500000000000e-01 1.845943111127301e+00 -4.641727148175574e-02
5.718750000000000e-01 1.875208599965003e+00 -4.461956445992481e-02
5.750000000000001e-01 1.904931912716643e+00 -4.276426964399902e-02
5.781250000000000e-01 1.935120306198011e+00 -4.085090465657899e-02
5.812500000000000e-01 1.965781150772311e+00 -3.887936925533059e-02
5.843750000000000e-01 1.996921932149593e+00 -3.685003520207827e-02
5.875000000000000e-01 2.028550253214365e+00 -3.476384424261598e-02
5.906250000000001e-01 2.060673835881802e+00 -3.262241264910810e-02
5.937500000000000e-01 2.093300522983012e+00 -3.042813994587927e-02
5.968750000000000e-01 2.126438280179837e+00 -2.818431849184886e-02
6.000000000000001e-01 2.160095197909630e+00 -2.589523957391693e-02
6.031250000000000e-01 2.194279493360494e+00 -2.356629065124080e-02
6.062500000000001e-01 2.228999512477486e+00 -2.120403748345277e-02
6.093750000000000e-01 2.264263732000228e+00 -1.881628420496814e-02
6.125000000000000e-01 2.300080761532477e+00 -1.641210411861523e-02
6.156250000000001e-01 2.336459345644116e+00 -1.400183421856573e-02
6.187500000000000e-01 2.373408366006099e+00 -1.159702733084901e-02
6.218750000000001e-01 2.410936843558884e+00 -9.210357342241836e-03
6.250000000000000e-01 2.449053940714840e+00 -6.855475255875984e-03
6.281250000000000e-01 2.487768963595221e+00 -4.546816646095358e-03
6.312500000000001e-01 2.527091364302215e+00 -2.299364263279230e-03
6.343750000000000e-01 2.567030743226622e+00 -1.283727516569220e-04
6.375000000000001e-01 2.607596851391758e+00 1.950934670281832e-03
6.406250000000000e-01 2.648799592834118e+00 3.923685515303990e-03
6.437500000000000e-01 2.690649027021411e+00 5.775680047448859e-03
6.468750000000001e-01 2.733155371308524e+00 7.493702688392704e-03
6.500000000000000e-01 2.776329003432049e+00 9.065810616193234e-03
6.531250000000001e-01 2.820180464043967e+00 1.048158954848525e-02
6.562500000000000e-01 2.864720459285089e+00 1.173236965192267e-02
6.593750000000000e-01 2.909959863398929e+00 1.281139783781843e-02
6.625000000000001e-01 2.955909721386590e+00 1.371396594618421e-02
6.656250000000000e-01 3.002581251703353e+00 1.443749705918561e-02
6.687500000000001e-01 3.049985848997626e+00 1.498159406885518e-02
6.718750000000000e-01 3.098135086892879e+00 1.534805542365418e-02
6.750000000000000e-01 3.147040720813310e+00 1.554086261797075e-02
6.781250000000001e-01 3.196714690853871e+00 1.556614255662897e-02
6.812500000000000e-01 3.247169124695383e+00 1.543210567304423e-02
6.843750000000001e-01 3.298416340565477e+00 1.514895799618352e-02
6.875000000000000e-01 3.350468850246008e+00 1.472878274624731e-02
6.906250000000000e-01 3.403339362127777e+00 1.418538504376518e-02
6.937500000000001e-01 3.457040784313211e+00 1.353409247313090e-02
6.968750000000000e-01 3.511586227767823e+00 1.279150497413897e-02
7.000000000000001e-01 3.566989009521205e+00 1.197519006812046e-02
7.031250000000000e-01 3.623262655918307e+00 1.110332370383065e-02
7.062500000000000e-01 3.680420905921852e+00 1.019428265710703e-02
7.093750000000001e-01 3.738477714466631e+00 9.266200757978875e-03
7.125000000000000e-01 3.797447255866536e+00 8.336507349147300e-03
7.156250000000001e-01 3.857343927275175e+00 7.421471322172552e-03
7.187500000000000e-01 3.918182352200844e+00 6.535776951632765e-03
7.218750000000000e-01 3.979977384076828e+00 5.692157939540262e-03
7.250000000000001e-01 4.042744109887770e+00 4.901113369715268e-03
7.281250000000000e-01 4.106497853853101e+00 4.170723870487701e-03
7.312500000000001e-01 4.171254181168399e+00 3.506578810595466e-03
7.343750000000000e-01 4.237028901805528e+00 2.911816713161283e-03
7.375000000000000e-01 4.303838074372613e+00 2.387272304262316e-03
7.406250000000001e-01 4.371698010034643e+00 1.931715720759052e-03
7.437500000000000e-01 4.440625276495786e+00 1.542163215674577e-03
7.468750000000001e-01 4.510636702044332e+00 1.214234773966435e-03
7.500000000000000e-01 4.581749379661216e+00 9.425326249173463e-04
7.531250000000000e-01 4.653980671193226e+00 7.210156361114845e-04
7.562500000000001e-01 4.727348211591802e+00 5.433476593019668e-04
7.593750000000000e-01 4.801869913218528e+00 4.032025386094392e-04
7.625000000000001e-01 4.877563970218381e+00 2.945140468467694e-04
7.656250000000000e-01 4.954448862961714e+00 2.116648255425221e-04
7.687500000000000e-01 5.032543362556198e+00 1.496138646663377e-04
7.718750000000001e-01 5.111866535429675e+00 1.039666847200660e-04
7.750000000000000e-01 5.192437747985146e+00 7.099585249121241e-05
7.781250000000001e-01 5.274276671329015e+00 4.762162462706488e-05
7.812500000000000e-01 5.357403286073669e+00 3.136339109367312e-05
7.843750000000000e-01 5.441837887215693e+00 2.027234412368227e-05
7.875000000000001e-01 5.527601089090773e+00 1.285468453767108e-05
7.906250000000000e-01 5.614713830406605e+00 7.993000354484281e-06
7.937500000000001e-01 5.703197379355005e+00 4.871515655439809e-06
7.968750000000000e-01 5.793073338804412e+00 2.908974562790908e-06
8.000000000000000e-01 5.884363651574169e+00 1.701195015000915e-06
8.031250000000001e-01 5.977090605791737e+00 9.739235948072541e-07
8.062500000000000e-01 6.071276840334257e+00 5.455974114238705e-07
8.093750000000001e-01 6.166945350355728e+00 2.989636903460826e-07
8.125000000000000e-01 6.264119492901173e+00 1.601724483660124e-07
8.156250000000000e-01 6.362822992609162e+00 8.387018207293113e-08
8.187500000000001e-01 6.463079947504072e+00 4.290500046028376e-08
8.218750000000000e-01 6.564914834879517e+00 2.143493559449489e-08
8.250000000000001e-01 6.668352517274371e+00 1.045411555456036e-08
8.281250000000000e-01 6.773418248542846e+00 4.975582024556534e-09
8.312500000000000e-01 6.880137680020114e+00 2.310130830099007e-09
8.343750000000001e-01 6.988536866784961e+00 1.045957766156993e-09
8.375000000000000e-01 7.098642274021019e+00 4.616680083939944e-10
8.406250000000001e-01 7.210480783478133e+00 1.985826025219840e-10
8.437500000000000e-01 7.324079700035414e+00 8.321676683592763e-11
8.468750000000000e-01 7.439466758367605e+00 3.396299584450602e-11
8.500000000000001e-01 7.556670129716381e+00 1.349580895888777e-11
8.531250000000000e-01 7.675718428768239e+00 5.219957510081246e-12
8.562500000000001e-01 7.796640720640633e+00 1.964683647455790e-12
8.593750000000000e-01 7.919466527978115e+00 7.193887424941372e-13
8.625000000000000e-01 8.044225838160141e+00 2.561963821959086e-13
8.656250000000001e-01 8.170949110622363e+00 8.871948403862210e-14
8.687500000000000e-01 8.299667284293170e+00 2.986794303651449e-14
8.718750000000001e-01 8.430411785147284e+00 9.773291806127339e-15
8.750000000000000e-01 8.563214533878281e+00 3.107705931413396e-15
8.781250000000000e-01 8.698107953691880e+00 9.601122066802214e-16
8.812500000000001e-01 8.835124978221932e+00 2.881454974845157e-16
8.843750000000000e-01 8.974299059571019e+00 8.399227958101112e-17
8.875000000000001e-01 9.115664176477637e+00 2.377604353989719e-17
8.906250000000000e-01 9.259254842611947e+00 6.535104074977531e-18
8.937500000000000e-01 9.405106115002161e+00 1.743905952377139e-18
8.968750000000001e-01 9.553253602593529e+00 4.517529357863067e-19
9.000000000000000e-01 9.703733474942130e+00 1.135901624634916e-19
9.031250000000001e-01 9.856582471045494e+00 2.772051500353445e-20
9.062500000000000e-01 1.001183790831228e+01 6.565173134141289e-21
9.093750000000000e-01 1.016953769167313e+01 1.508840005197757e-21
9.125000000000001e-01 1.032972032283505e+01 3.364839119818910e-22
9.156250000000000e-01 1.049242490968134e+01 7.280908320448824e-23
9.187500000000001e-01 1.065769117581972e+01 1.528575534519254e-23
9.218750000000000e-01 1.082555947028058e+01 3.113522628990310e-24
9.250000000000000e-01 1.099607077736805e+01 6.152735361395195e-25
9.281250000000001e-01 1.116926672666618e+01 1.179577010255325e-25
9.312500000000000e-01 1.134518960320255e+01 2.193917526747250e-26
9.343750000000001e-01 1.152388235777201e+01 3.958653349624505e-27
9.375000000000000e-01 1.170538861742293e+01 6.929598716620684e-28
9.406250000000000e-01 1.188975269610854e+01 1.176807060711390e-28
9.437500000000001e-01 1.207701960550600e+01 1.938852929202309e-29
9.468750000000000e-01 1.226723506600578e+01 3.099098146170890e-30
9.500000000000001e-01 1.246044551787411e+01 4.806041744240357e-31
9.531250000000000e-01 1.265669813259115e+01 7.231271783174187e-32
9.562500000000000e-01 1.285604082436773e+01 1.055679614597181e-32
9.593750000000001e-01 1.305852226184337e+01 1.495399751778763e-33
9.625000000000000e-01 1.326419187996850e+01 2.055462342216555e-34
9.656250000000001e-01 1.347309989207381e+01 2.741636843505969e-35
9.687500000000000e-01 1.368529730212962e+01 3.548798373661605e-36
9.718750000000000e-01 1.390083591719824e+01 4.458082445652619e-37
9.750000000000001e-01 1.411976836008246e+01 5.435457120651886e-38
9.781250000000000e-01 1.434214808217320e+01 6.432391161189922e-39
9.812500000000001e-01 1.456802937649935e+01 7.388999721313235e-40
9.843750000000000e-01 1.479746739098328e+01 8.239583813067450e-41
9.875000000000000e-01 1.503051814190487e+01 8.919940313875800e-42
9.906250000000001e-01 1.526723852757770e+01 9.375408471315868e-43
9.937500000000000e-01 1.550768634224049e+01 9.562923654565412e-44
9.968750000000001e-01 1.575192029016732e+01 1.006874614901408e-44
1.000000000000000e+00 1.600000000000000e+01 -3.840409440008150e-45
