0.000000000000000e+00 0.000000000000000e+00 6.671382782699418e-04
3.125000000000000e-03 3.369263549427258e-03 1.285994568287135e-04
6.250000000000000e-03 6.739349689698711e-03 2.250060690387210e-04
9.375000000000001e-03 1.011108121249049e-02 1.267758058737110e-04
1.250000000000000e-02 1.348528131119160e-02 1.787118435235105e-04
1.562500000000000e-02 1.686277378188298e-02 1.271811911015539e-04
1.875000000000000e-02 2.024438322446370e-02 1.616387022378362e-04
2.187500000000000e-02 2.363093524397333e-02 1.267600328446751e-04
2.500000000000000e-02 2.702325665215984e-02 1.529195048184156e-04
2.812500000000000e-02 3.042217566934200e-02 1.269762330109277e-04
3.125000000000000e-02 3.382852212661575e-02 1.474862127589693e-04
3.437500000000000e-02 3.724312766845378e-02 1.269528228987778e-04
3.750000000000001e-02 4.066682595574785e-02 1.440511725148536e-04
4.062500000000000e-02 4.410045286934348e-02 1.267979954438182e-04
4.375000000000000e-02 4.754484671411652e-02 1.415413746689527e-04
4.687500000000000e-02 5.100084842364160e-02 1.267618033287174e-04
5.000000000000000e-02 5.446930176550237e-02 1.397045313553225e-04
5.312500000000001e-02 5.795105354729364e-02 1.267229187749653e-04
5.625000000000000e-02 6.144695382336569e-02 1.382337209191941e-04
5.937500000000000e-02 6.495785610236132e-02 1.266559057332690e-04
6.250000000000000e-02 6.848461755559625e-02 1.371268325391002e-04
6.562500000000000e-02 7.202809922633362e-02 1.268691226611903e-04
6.875000000000001e-02 7.558916624000402e-02 1.360897923295669e-04
7.187500000000001e-02 7.916868801542200e-02 1.268543250052861e-04
7.500000000000001e-02 8.276753847705080e-02 1.353437398349527e-04
7.812500000000000e-02 8.638659626836727e-02 1.268431768808154e-04
8.125000000000000e-02 9.002674496637868e-02 1.346146674363317e-04
8.437500000000001e-02 9.368887329734420e-02 1.268116499006580e-04
8.750000000000001e-02 9.737387535375355e-02 1.340575357147424e-04
9.062500000000001e-02 1.010826508126157e-01 1.267662859053591e-04
9.375000000000000e-02 1.048161051551108e-01 1.335596494432425e-04
9.687500000000000e-02 1.085751498876601e-01 1.267537395545142e-04
1.000000000000000e-01 1.123607027644654e-01 1.330777922658673e-04
1.031250000000000e-01 1.161736880115753e-01 1.267822633821683e-04
1.062500000000000e-01 1.200150365525305e-01 1.325988303936638e-04
1.093750000000000e-01 1.238856862356450e-01 1.267293209607788e-04
1.125000000000000e-01 1.277865820629775e-01 1.322540106357233e-04
1.156250000000000e-01 1.317186764210495e-01 1.267207035302943e-04
1.187500000000000e-01 1.356829293133661e-01 1.319451234568518e-04
1.218750000000000e-01 1.396803085947971e-01 1.267572201066214e-04
1.250000000000000e-01 1.437117902078738e-01 1.316555456894640e-04
1.281250000000000e-01 1.477783584210617e-01 1.267633536337057e-04
1.312500000000000e-01 1.518810060690650e-01 1.314327611559819e-04
1.343750000000000e-01 1.560207347952229e-01 1.267811350898787e-04
1.375000000000000e-01 1.601985552960564e-01 1.311861917570688e-04
1.406250000000000e-01 1.644154875680252e-01 1.267717822074420e-04
1.437500000000000e-01 1.686725611565558e-01 1.309209341886390e-04
1.468750000000000e-01 1.729708154074000e-01 1.267646592134256e-04
1.500000000000000e-01 1.773112997203869e-01 1.307420325506854e-04
1.531250000000000e-01 1.816950738056289e-01 1.268002607415978e-04
1.562500000000000e-01 1.861232079422458e-01 1.305307817558876e-04
1.593750000000000e-01 1.905967832396682e-01 1.267283668556275e-04
1.625000000000000e-01 1.951168919015860e-01 1.303681075975687e-04
1.656250000000000e-01 1.996846374926046e-01 1.267484171506896e-04
1.687500000000000e-01 2.043011352076760e-01 1.302091031051409e-04
1.718750000000000e-01 2.089675121443681e-01 1.267823148072899e-04
1.750000000000000e-01 2.136849075780412e-01 1.300889123635676e-04
1.781250000000000e-01 2.184544732399964e-01 1.267992616030273e-04
1.812500000000000e-01 2.232773735986666e-01 1.299539843538840e-04
1.843750000000000e-01 2.281547861439151e-01 1.268242876732172e-04
1.875000000000000e-01 2.330879016745160e-01 1.298574912528827e-04
1.906250000000000e-01 2.380779245888810e-01 1.268586074577564e-04
1.937500000000000e-01 2.431260731791094e-01 1.297738136905202e-04
1.968750000000000e-01 2.482335799284277e-01 1.268718088338846e-04
2.000000000000000e-01 2.534016918120952e-01 1.296540543431416e-04
2.031250000000000e-01 2.586316706018478e-01 1.269006383142693e-04
2.062500000000000e-01 2.639247931739538e-01 1.295676128444656e-04
2.093750000000000e-01 2.692823518209576e-01 1.269227875330950e-04
2.125000000000000e-01 2.747056545671873e-01 1.295199037404432e-04
2.156250000000000e-01 2.801960254881028e-01 1.270002457202704e-04
2.187500000000000e-01 2.857548050335636e-01 1.294788884819490e-04
2.218750000000000e-01 2.913833503550930e-01 1.270639809403717e-04
2.250000000000000e-01 2.970830356372213e-01 1.294510738553592e-04
2.281250000000000e-01 3.028552524329863e-01 1.271162892705480e-04
2.312500000000000e-01 3.087014100036755e-01 1.294549684897906e-04
2.343750000000000e-01 3.146229356628902e-01 1.272102833879177e-04
2.375000000000000e-01 3.206212751250189e-01 1.294437715129911e-04
2.406250000000000e-01 3.266978928582008e-01 1.273018828916215e-04
2.437500000000000e-01 3.328542724418705e-01 1.294573042510934e-04
2.468750000000000e-01 3.390919169289667e-01 1.273956813901345e-04
2.500000000000000e-01 3.454123492128958e-01 1.295208837980823e-04
2.531250000000000e-01 3.518171123993401e-01 1.275325656976830e-04
2.562500000000000e-01 3.583077701830001e-01 1.295783176528772e-04
2.593750000000000e-01 3.648859072293631e-01 1.276927507999763e-04
2.625000000000000e-01 3.715531295615936e-01 1.296779575107795e-04
2.656250000000000e-01 3.783110649526354e-01 1.278690739013645e-04
2.687500000000000e-01 3.851613633226258e-01 1.297969326618972e-04
2.718750000000000e-01 3.921056971417164e-01 1.280712617343264e-04
2.750000000000000e-01 3.991457618383991e-01 1.299404518456010e-04
2.781250000000000e-01 4.062832762134377e-01 1.283132353642509e-04
2.812500000000000e-01 4.135199828595055e-01 1.301187519160995e-04
2.843750000000000e-01 4.208576485866312e-01 1.285823710351825e-04
2.875000000000000e-01 4.282980648535585e-01 1.303442774210252e-04
2.906250000000000e-01 4.358430482051222e-01 1.288669570683980e-04
2.937500000000000e-01 4.434944407157500e-01 1.306088886053086e-04
2.968750000000000e-01 4.512541104391968e-01 1.292104881091825e-04
3.000000000000000e-01 4.591239518646220e-01 1.309241310784568e-04
3.031250000000000e-01 4.671058863791195e-01 1.296063187885700e-04
3.062500000000000e-01 4.752018627368176e-01 1.313035747514546e-04
3.093750000000000e-01 4.834138575346580e-01 1.300321311698045e-04
3.125000000000000e-01 4.917438756949728e-01 1.317166897567053e-04
3.156250000000000e-01 5.001939509549778e-01 1.305227330590138e-04
3.187500000000000e-01 5.087661463633005e-01 1.321923966688649e-04
3.218750000000000e-01 5.174625547836644e-01 1.310891263590669e-04
3.250000000000000e-01 5.262852994058529e-01 1.327543391707846e-04
3.281250000000000e-01 5.352365342640750e-01 1.317438754361447e-04
3.312500000000000e-01 5.443184447628656e-01 1.333682343634092e-04
3.343750000000000e-01 5.535332482106405e-01 1.324550052701353e-04
3.375000000000000e-01 5.628831943610435e-01 1.340719462758659e-04
3.406250000000000e-01 5.723705659622137e-01 1.332596015006062e-04
3.437500000000000e-01 5.819976793141081e-01 1.348711704025800e-04
3.468750000000000e-01 5.917668848340161e-01 1.341410427047793e-04
3.500000000000000e-01 6.016805676304035e-01 1.357841484238740e-04
3.531250000000000e-01 6.117411480852264e-01 1.351366969707880e-04
3.562500000000000e-01 6.219510824448572e-01 1.368095085422833e-04
3.593750000000000e-01 6.323128634197650e-01 1.362371391107548e-04
3.625000000000000e-01 6.428290207931012e-01 1.379425947196897e-04
3.656250000000000e-01 6.535021220383342e-01 1.374649227456344e-04
3.687500000000000e-01 6.643347729460869e-01 1.392032721384074e-04
3.718750000000000e-01 6.753296182603294e-01 1.388428745367138e-04
3.750000000000000e-01 6.864893423240808e-01 1.406057038495463e-04
3.781250000000000e-01 6.978166697347804e-01 1.403692672585820e-04
3.812500000000000e-01 7.093143660094854e-01 1.421553905599194e-04
3.843750000000000e-01 7.209852382600603e-01 1.420354252728906e-04
3.875000000000000e-01 7.328321358785219e-01 1.438749643560006e-04
3.906250000000000e-01 7.448579512327029e-01 1.438686652388438e-04
3.937500000000000e-01 7.570656203724140e-01 1.457837368040147e-04
3.968750000000000e-01 7.694581237462648e-01 1.458915245637731e-04
4.000000000000000e-01 7.820384869293291e-01 1.478707742498768e-04
4.031250000000000e-01 7.948097813618253e-01 1.481026014314144e-04
4.062500000000000e-01 8.077751250989945e-01 1.501505475528544e-04
4.093750000000000e-01 8.209376835723596e-01 1.505243396505826e-04
4.125000000000000e-01 8.343006703625532e-01 1.526555332497012e-04
4.156250000000000e-01 8.478673479838968e-01 1.531632895551545e-04
4.187500000000000e-01 8.616410286809313e-01 1.553801973400460e-04
4.218750000000000e-01 8.756250752370857e-01 1.560215703633605e-04
4.250000000000000e-01 8.898229017956865e-01 1.583393802951373e-04
4.281250000000000e-01 9.042379746935050e-01 1.591445184532816e-04
4.312500000000000e-01 9.188738133070491e-01 1.615434476262296e-04
4.343750000000000e-01 9.337339909118028e-01 1.625080309285299e-04
4.375000000000000e-01 9.488221355546261e-01 1.650050531238815e-04
4.406250000000000e-01 9.641419309395265e-01 1.661196094910266e-04
4.437500000000000e-01 9.796971173270190e-01 1.687585024765424e-04
4.468750000000000e-01 9.954914924472941e-01 1.700143493687507e-04
4.500000000000000e-01 1.011528912427417e+00 1.727589397893864e-04
4.531250000000000e-01 1.027813292732786e+00 1.741964662456811e-04
4.562500000000000e-01 1.044348609123070e+00 1.770618242654396e-04
4.593750000000000e-01 1.061138898622882e+00 1.786602616609406e-04
4.625000000000000e-01 1.078188260507393e+00 1.816490528292959e-04
4.656250000000000e-01 1.095500857303154e+00 1.834306444926537e-04
4.687500000000000e-01 1.113080915804360e+00 1.865425648219796e-04
4.718750000000000e-01 1.130932728104805e+00 1.884929808688529e-04
4.750000000000000e-01 1.149060652645771e+00 1.917499798856194e-04
4.781250000000000e-01 1.167469115280130e+00 1.938699031325838e-04
4.812500000000000e-01 1.186162610352890e+00 1.972703067173255e-04
4.843750000000000e-01 1.205145701798475e+00 1.995713314419515e-04
4.875000000000000e-01 1.224423024254985e+00 2.031136512589989e-04
4.906250000000000e-01 1.243999284195726e+00 2.056054332173737e-04
4.937500000000000e-01 1.263879261078271e+00 2.092950138180955e-04
4.968750000000000e-01 1.284067808511348e+00 2.119803088360837e-04
5.000000000000000e-01 1.304569855439823e+00 2.158303976952539e-04
5.031250000000000e-01 1.325390407348082e+00 2.187136264655189e-04
5.062500000000000e-01 1.346534547482100e+00 2.227371829161090e-04
5.093750000000000e-01 1.368007438090487e+00 2.258295368864873e-04
5.125000000000001e-01 1.389814321684837e+00 2.300414724952977e-04
5.156250000000000e-01 1.411960522319654e+00 2.333593032038777e-04
5.187500000000000e-01 1.434451446892208e+00 2.377755637778013e-04
5.218750000000000e-01 1.457292586462593e+00 2.413456457709720e-04
5.250000000000000e-01 1.480489517594354e+00 2.459849094319030e-04
5.281250000000001e-01 1.504047903715979e+00 2.498350386276501e-04
5.312500000000000e-01 1.527973496503592e+00 2.547378797625688e-04
5.343750000000000e-01 1.552272137285215e+00 2.588908634498049e-04
5.375000000000000e-01 1.576949758466886e+00 2.641063776663569e-04
5.406250000000000e-01 1.602012384981041e+00 2.686140918584457e-04
5.437500000000001e-01 1.627466135757470e+00 2.741769078051120e-04
5.468750000000000e-01 1.653317225217225e+00 2.791098340428153e-04
5.500000000000000e-01 1.679571964789851e+00 2.850872755041582e-04
5.531250000000000e-01 1.706236764454286e+00 2.904975033123473e-04
5.562500000000000e-01 1.733318134303830e+00 2.969849124878648e-04
5.593750000000001e-01 1.760822686135563e+00 3.029624753811859e-04
5.625000000000000e-01 1.788757135064574e+00 3.100383665788051e-04
5.656250000000000e-01 1.817128301163438e+00 3.167007852228066e-04
5.687500000000000e-01 1.845943111127301e+00 3.244881796131253e-04
5.718750000000000e-01 1.875208599965003e+00 3.319469027534986e-04
5.750000000000001e-01 1.904931912716643e+00 3.405867140358431e-04
5.781250000000000e-01 1.935120306198011e+00 3.490060810263116e-04
5.812500000000000e-01 1.965781150772311e+00 3.586605764279996e-04
5.843750000000000e-01 1.996921932149593e+00 3.682076753843844e-04
5.875000000000000e-01 2.028550253214365e+00 3.790838540091029e-04
5.906250000000001e-01 2.060673835881802e+00 3.899900322099830e-04
5.937500000000000e-01 2.093300522983012e+00 4.023012904514600e-04
5.968750000000000e-01 2.126438280179837e+00 4.148060416810388e-04
6.000000000000001e-01 2.160095197909630e+00 4.288616915537314e-04
6.031250000000000e-01 2.194279493360494e+00 4.432709278950472e-04
6.062500000000001e-01 2.228999512477486e+00 4.593547002039924e-04
6.093750000000000e-01 2.264263732000228e+00 4.760154819295441e-04
6.125000000000000e-01 2.300080761532477e+00 4.945438417515078e-04
6.156250000000001e-01 2.336459345644116e+00 5.138587573223606e-04
6.187500000000000e-01 2.373408366006099e+00 5.351976170338467e-04
6.218750000000001e-01 2.410936843558884e+00 5.575641108303369e-04
6.250000000000000e-01 2.449053940714840e+00 5.822115604915729e-04
6.281250000000000e-01 2.487768963595221e+00 6.081336046086662e-04
6.312500000000001e-01 2.527091364302215e+00 6.363754504888909e-04
6.343750000000000e-01 2.567030743226622e+00 6.659382328897079e-04
6.375000000000001e-01 2.607596851391758e+00 6.979800719311044e-04
6.406250000000000e-01 2.648799592834118e+00 7.314653108316722e-04
6.437500000000000e-01 2.690649027021411e+00 7.668849577156880e-04
6.468750000000001e-01 2.733155371308524e+00 8.025381575355150e-04
6.500000000000000e-01 2.776329003432049e+00 8.387833129949847e-04
6.531250000000001e-01 2.820180464043967e+00 8.741184347587517e-04
6.562500000000000e-01 2.864720459285089e+00 9.077432446442044e-04
6.593750000000000e-01 2.909959863398929e+00 9.349441190491435e-04
6.625000000000001e-01 2.955909721386590e+00 9.509283106842093e-04
6.656250000000000e-01 3.002581251703353e+00 9.488297689512797e-04
6.687500000000001e-01 3.049985848997626e+00 9.233606921921569e-04
6.718750000000000e-01 3.098135086892879e+00 8.645101592707755e-04
6.750000000000000e-01 3.147040720813310e+00 7.549871993053030e-04
6.781250000000001e-01 3.196714690853871e+00 5.619426400582412e-04
6.812500000000000e-01 3.247169124695383e+00 2.402495174947325e-04
6.843750000000001e-01 3.298416340565477e+00 -2.634310062760609e-04
6.875000000000000e-01 3.350468850246008e+00 -9.947072291191480e-04
6.906250000000000e-01 3.403339362127777e+00 -1.981547451370464e-03
6.937500000000001e-01 3.457040784313211e+00 -3.221548338953922e-03
6.968750000000000e-01 3.511586227767823e+00 -4.683838772849111e-03
7.000000000000001e-01 3.566989009521205e+00 -6.309701200198410e-03
7.031250000000000e-01 3.623262655918307e+00 -8.026534327765043e-03
7.062500000000000e-01 3.680420905921852e+00 -9.753773616656511e-03
7.093750000000001e-01 3.738477714466631e+00 -1.141733626765676e-02
7.125000000000000e-01 3.797447255866536e+00 -1.295129899898209e-02
7.156250000000001e-01 3.857343927275175e+00 -1.430649189249815e-02
7.187500000000000e-01 3.918182352200844e+00 -1.544673069391029e-02
7.218750000000000e-01 3.979977384076828e+00 -1.635243046215046e-02
7.250000000000001e-01 4.042744109887770e+00 -1.701443631901053e-02
7.281250000000000e-01 4.106497853853101e+00 -1.743534685239061e-02
7.312500000000001e-01 4.171254181168399e+00 -1.762355811561789e-02
7.343750000000000e-01 4.237028901805528e+00 -1.759402561487092e-02
7.375000000000000e-01 4.303838074372613e+00 -1.736361216605185e-02
7.406250000000001e-01 4.371698010034643e+00 -1.695189803579020e-02
7.437500000000000e-01 4.440625276495786e+00 -1.637795223392606e-02
7.468750000000001e-01 4.510636702044332e+00 -1.566128486580641e-02
7.500000000000000e-01 4.581749379661216e+00 -1.481981584704060e-02
7.531250000000000e-01 4.653980671193226e+00 -1.387085543956493e-02
7.562500000000001e-01 4.727348211591802e+00 -1.282993004935344e-02
7.593750000000000e-01 4.801869913218528e+00 -1.171163774202621e-02
7.625000000000001e-01 4.877563970218381e+00 -1.052904366179390e-02
7.656250000000000e-01 4.954448862961714e+00 -9.294353056775241e-03
7.687500000000000e-01 5.032543362556198e+00 -8.018684155934677e-03
7.718750000000001e-01 5.111866535429675e+00 -6.712563465801140e-03
7.750000000000000e-01 5.192437747985146e+00 -5.385938332706555e-03
7.781250000000001e-01 5.274276671329015e+00 -4.048554999654295e-03
7.812500000000000e-01 5.357403286073669e+00 -2.710122168263623e-03
7.843750000000000e-01 5.441837887215693e+00 -1.380620215805859e-03
7.875000000000001e-01 5.527601089090773e+00 -7.051735654140243e-05
7.906250000000000e-01 5.614713830406605e+00 1.208956640134181e-03
7.937500000000001e-01 5.703197379355005e+00 2.445525290168669e-03
7.968750000000000e-01 5.793073338804412e+00 3.625514419096727e-03
8.000000000000000e-01 5.884363651574169e+00 4.733512213793839e-03
8.031250000000001e-01 5.977090605791737e+00 5.752178394469983e-03
8.062500000000000e-01 6.071276840334257e+00 6.662418866942419e-03
8.093750000000001e-01 6.166945350355728e+00 7.444113055883982e-03
8.125000000000000e-01 6.264119492901173e+00 8.077461606047642e-03
8.156250000000000e-01 6.362822992609162e+00 8.544835093226755e-03
8.187500000000001e-01 6.463079947504072e+00 8.832832095686579e-03
8.218750000000000e-01 6.564914834879517e+00 8.934168927417843e-03
8.250000000000001e-01 6.668352517274371e+00 8.849057412914888e-03
8.281250000000000e-01 6.773418248542846e+00 8.585856277700107e-03
8.312500000000000e-01 6.880137680020114e+00 8.160941673323300e-03
8.343750000000001e-01 6.988536866784961e+00 7.597867621732270e-03
8.375000000000000e-01 7.098642274021019e+00 6.925946783416377e-03
8.406250000000001e-01 7.210480783478133e+00 6.178389315534162e-03
8.437500000000000e-01 7.324079700035414e+00 5.390132097417513e-03
8.468750000000000e-01 7.439466758367605e+00 4.595506333812507e-03
8.500000000000001e-01 7.556670129716381e+00 3.825934322676456e-03
8.531250000000000e-01 7.675718428768239e+00 3.107891840227619e-03
8.562500000000001e-01 7.796640720640633e+00 2.461384326216433e-03
8.593750000000000e-01 7.919466527978115e+00 1.899136823290766e-03
8.625000000000000e-01 8.044225838160141e+00 1.426589844460036e-03
8.656250000000001e-01 8.170949110622363e+00 1.042653347955634e-03
8.687500000000000e-01 8.299667284293170e+00 7.410402071101685e-04
8.718750000000001e-01 8.430411785147284e+00 5.119163814160774e-04
8.750000000000000e-01 8.563214533878281e+00 3.435866303700810e-04
8.781250000000000e-01 8.698107953691880e+00 2.239783934289316e-04
8.812500000000001e-01 8.835124978221932e+00 1.417708549446968e-04
8.843750000000000e-01 8.974299059571019e+00 8.711243166933308e-05
8.875000000000001e-01 9.115664176477637e+00 5.195263040784044e-05
8.906250000000000e-01 9.259254842611947e+00 3.006831881942012e-05
8.937500000000000e-01 9.405106115002161e+00 1.688654582821835e-05
8.968750000000001e-01 9.553253602593529e+00 9.201790820920045e-06
9.000000000000000e-01 9.703733474942130e+00 4.865031822412663e-06
9.031250000000001e-01 9.856582471045494e+00 2.495590581923808e-06
9.062500000000000e-01 1.001183790831228e+01 1.242044201175564e-06
9.093750000000000e-01 1.016953769167313e+01 5.997725046522094e-07
9.125000000000001e-01 1.032972032283505e+01 2.810208093446106e-07
9.156250000000000e-01 1.049242490968134e+01 1.277660405791333e-07
9.187500000000001e-01 1.065769117581972e+01 5.636962510928468e-08
9.218750000000000e-01 1.082555947028058e+01 2.413569003122925e-08
9.250000000000000e-01 1.099607077736805e+01 1.002986287316654e-08
9.281250000000001e-01 1.116926672666618e+01 4.045665468218028e-09
9.312500000000000e-01 1.134518960320255e+01 1.584113451937881e-09
9.343750000000001e-01 1.152388235777201e+01 6.021820151570970e-10
9.375000000000000e-01 1.170538861742293e+01 2.222593912793823e-10
9.406250000000000e-01 1.188975269610854e+01 7.965818817384310e-11
9.437500000000001e-01 1.207701960550600e+01 2.772598473008873e-11
9.468750000000000e-01 1.226723506600578e+01 9.373007791626293e-12
9.500000000000001e-01 1.246044551787411e+01 3.077912593807611e-12
9.531250000000000e-01 1.265669813259115e+01 9.819044527815392e-13
9.562500000000000e-01 1.285604082436773e+01 3.043465992046159e-13
9.593750000000001e-01 1.305852226184337e+01 9.166525194127226e-14
9.625000000000000e-01 1.326419187996850e+01 2.683050697067819e-14
9.656250000000001e-01 1.347309989207381e+01 7.632935378696551e-15
9.687500000000000e-01 1.368529730212962e+01 2.110781942805501e-15
9.718750000000000e-01 1.390083591719824e+01 5.674589791978524e-16
9.750000000000001e-01 1.411976836008246e+01 1.483251471176330e-16
9.781250000000000e-01 1.434214808217320e+01 3.769934533637608e-17
9.812500000000001e-01 1.456802937649935e+01 9.318383148606143e-18
9.843750000000000e-01 1.479746739098328e+01 2.240184515376971e-18
9.875000000000000e-01 1.503051814190487e+01 5.238514706510700e-19
9.906250000000001e-01 1.526723852757770e+01 1.191884157119668e-19
9.937500000000000e-01 1.550768634224049e+01 2.630817757354635e-20
9.968750000000001e-01 1.575192029016732e+01 6.032445869273061e-21
1.000000000000000e+00 1.600000000000000e+01 -2.995219151902825e-22
