0.000000000000000e+00 0.000000000000000e+00 2.468830842389661e-04
3.125000000000000e-03 3.369263549427258e-03 2.289571135019163e-04
6.250000000000000e-03 6.739349689698711e-03 2.367682686079126e-04
9.375000000000001e-03 1.011108121249049e-02 2.328933464167493e-04
1.250000000000000e-02 1.348528131119160e-02 2.341971071328859e-04
1.562500000000000e-02 1.686277378188298e-02 2.320130655114169e-04
1.875000000000000e-02 2.024438322446370e-02 2.341206732606430e-04
2.187500000000000e-02 2.363093524397333e-02 2.326751879947945e-04
2.500000000000000e-02 2.702325665215984e-02 2.339743409408291e-04
2.812500000000000e-02 3.042217566934200e-02 2.330470251130215e-04
3.125000000000000e-02 3.382852212661575e-02 2.336859090111998e-04
3.437500000000000e-02 3.724312766845378e-02 2.330774920282457e-04
3.750000000000001e-02 4.066682595574785e-02 2.335969868851899e-04
4.062500000000000e-02 4.410045286934348e-02 2.330460491162516e-04
4.375000000000000e-02 4.754484671411652e-02 2.336655803295646e-04
4.687500000000000e-02 5.100084842364160e-02 2.330045586032598e-04
5.000000000000000e-02 5.446930176550237e-02 2.336723241234882e-04
5.312500000000001e-02 5.795105354729364e-02 2.330860905537948e-04
5.625000000000000e-02 6.144695382336569e-02 2.335396771539724e-04
5.937500000000000e-02 6.495785610236132e-02 2.330633781464229e-04
6.250000000000000e-02 6.848461755559625e-02 2.334229960555708e-04
6.562500000000000e-02 7.202809922633362e-02 2.331344773088371e-04
6.875000000000001e-02 7.558916624000402e-02 2.333144046423988e-04
7.187500000000001e-02 7.916868801542200e-02 2.331361780439521e-04
7.500000000000001e-02 8.276753847705080e-02 2.333872019742590e-04
7.812500000000000e-02 8.638659626836727e-02 2.331260527189617e-04
8.125000000000000e-02 9.002674496637868e-02 2.334565686228550e-04
8.437500000000001e-02 9.368887329734420e-02 2.331417221932300e-04
8.750000000000001e-02 9.737387535375355e-02 2.334818327242706e-04
9.062500000000001e-02 1.010826508126157e-01 2.333188203685601e-04
9.375000000000000e-02 1.048161051551108e-01 2.335201495085948e-04
9.687500000000000e-02 1.085751498876601e-01 2.334138344418392e-04
1.000000000000000e-01 1.123607027644654e-01 2.335233496254170e-04
1.031250000000000e-01 1.161736880115753e-01 2.334163437341688e-04
1.062500000000000e-01 1.200150365525305e-01 2.335761417835960e-04
1.093750000000000e-01 1.238856862356450e-01 2.334258570884753e-04
1.125000000000000e-01 1.277865820629775e-01 2.336228178280731e-04
1.156250000000000e-01 1.317186764210495e-01 2.334826687767794e-04
1.187500000000000e-01 1.356829293133661e-01 2.336345185640516e-04
1.218750000000000e-01 1.396803085947971e-01 2.334329597020763e-04
1.250000000000000e-01 1.437117902078738e-01 2.337279884757193e-04
1.281250000000000e-01 1.477783584210617e-01 2.335385096485282e-04
1.312500000000000e-01 1.518810060690650e-01 2.337354245543957e-04
1.343750000000000e-01 1.560207347952229e-01 2.336280419967719e-04
1.375000000000000e-01 1.601985552960564e-01 2.338643627458370e-04
1.406250000000000e-01 1.644154875680252e-01 2.337507547975286e-04
1.437500000000000e-01 1.686725611565558e-01 2.339554662051503e-04
1.468750000000000e-01 1.729708154074000e-01 2.338027937483223e-04
1.500000000000000e-01 1.773112997203869e-01 2.340871830320329e-04
1.531250000000000e-01 1.816950738056289e-01 2.339186571992466e-04
1.562500000000000e-01 1.861232079422458e-01 2.341647028691554e-04
1.593750000000000e-01 1.905967832396682e-01 2.340432097124948e-04
1.625000000000000e-01 1.951168919015860e-01 2.342123636823019e-04
1.656250000000000e-01 1.996846374926046e-01 2.341473759076523e-04
1.687500000000000e-01 2.043011352076760e-01 2.343084786948168e-04
1.718750000000000e-01 2.089675121443681e-01 2.342363615003607e-04
1.750000000000000e-01 2.136849075780412e-01 2.344531072186080e-04
1.781250000000000e-01 2.184544732399964e-01 2.344339682313399e-04
1.812500000000000e-01 2.232773735986666e-01 2.346084727731044e-04
1.843750000000000e-01 2.281547861439151e-01 2.346037198673079e-04
1.875000000000000e-01 2.330879016745160e-01 2.347301184504951e-04
1.906250000000000e-01 2.380779245888810e-01 2.347888266490833e-04
1.937500000000000e-01 2.431260731791094e-01 2.349309826024400e-04
1.968750000000000e-01 2.482335799284277e-01 2.349677457440247e-04
2.000000000000000e-01 2.534016918120952e-01 2.351151135677664e-04
2.031250000000000e-01 2.586316706018478e-01 2.351542223714176e-04
2.062500000000000e-01 2.639247931739538e-01 2.352850791080633e-04
2.093750000000000e-01 2.692823518209576e-01 2.353197613075364e-04
2.125000000000000e-01 2.747056545671873e-01 2.355236785951658e-04
2.156250000000000e-01 2.801960254881028e-01 2.355626686703552e-04
2.187500000000000e-01 2.857548050335636e-01 2.357913621826395e-04
2.218750000000000e-01 2.913833503550930e-01 2.358287384979131e-04
2.250000000000000e-01 2.970830356372213e-01 2.360778131225960e-04
2.281250000000000e-01 3.028552524329863e-01 2.360898978924388e-04
2.312500000000000e-01 3.087014100036755e-01 2.363980418028320e-04
2.343750000000000e-01 3.146229356628902e-01 2.363947536095389e-04
2.375000000000000e-01 3.206212751250189e-01 2.366923976532733e-04
2.406250000000000e-01 3.266978928582008e-01 2.367537850170095e-04
2.437500000000000e-01 3.328542724418705e-01 2.370344804811415e-04
2.468750000000000e-01 3.390919169289667e-01 2.371318209288291e-04
2.500000000000000e-01 3.454123492128958e-01 2.374222845049907e-04
2.531250000000000e-01 3.518171123993401e-01 2.375584424503802e-04
2.562500000000000e-01 3.583077701830001e-01 2.378297352762381e-04
2.593750000000000e-01 3.648859072293631e-01 2.380298612492336e-04
2.625000000000000e-01 3.715531295615936e-01 2.382849305770787e-04
2.656250000000000e-01 3.783110649526354e-01 2.385335344468441e-04
2.687500000000000e-01 3.851613633226258e-01 2.388035018578356e-04
2.718750000000000e-01 3.921056971417164e-01 2.390729381062293e-04
2.750000000000000e-01 3.991457618383991e-01 2.393699097078917e-04
2.781250000000000e-01 4.062832762134377e-01 2.396557760979500e-04
2.812500000000000e-01 4.135199828595055e-01 2.400005585247886e-04
2.843750000000000e-01 4.208576485866312e-01 2.402600478636589e-04
2.875000000000000e-01 4.282980648535585e-01 2.407045643322931e-04
2.906250000000000e-01 4.358430482051222e-01 2.409704883869242e-04
2.937500000000000e-01 4.434944407157500e-01 2.414734925487775e-04
2.968750000000000e-01 4.512541104391968e-01 2.417793091276523e-04
3.000000000000000e-01 4.591239518646220e-01 2.423081201441937e-04
3.031250000000000e-01 4.671058863791195e-01 2.426220881988335e-04
3.062500000000000e-01 4.752018627368176e-01 2.431682166396475e-04
3.093750000000000e-01 4.834138575346580e-01 2.436083009113315e-04
3.125000000000000e-01 4.917438756949728e-01 2.441597986740546e-04
3.156250000000000e-01 5.001939509549778e-01 2.446659504383504e-04
3.187500000000000e-01 5.087661463633005e-01 2.452317602747409e-04
3.218750000000000e-01 5.174625547836644e-01 2.458313321049924e-04
3.250000000000000e-01 5.262852994058529e-01 2.464348808086263e-04
3.281250000000000e-01 5.352365342640750e-01 2.470722416455651e-04
3.312500000000000e-01 5.443184447628656e-01 2.477549638028752e-04
3.343750000000000e-01 5.535332482106405e-01 2.484212551597466e-04
3.375000000000000e-01 5.628831943610435e-01 2.492234600979856e-04
3.406250000000000e-01 5.723705659622137e-01 2.499269540532435e-04
3.437500000000000e-01 5.819976793141081e-01 2.508267577670961e-04
3.468750000000000e-01 5.917668848340161e-01 2.515941591451064e-04
3.500000000000000e-01 6.016805676304035e-01 2.525507400411282e-04
3.531250000000000e-01 6.117411480852264e-01 2.534183092311387e-04
3.562500000000000e-01 6.219510824448572e-01 2.544327303681192e-04
3.593750000000000e-01 6.323128634197650e-01 2.554236521306187e-04
3.625000000000000e-01 6.428290207931012e-01 2.565169959049336e-04
3.656250000000000e-01 6.535021220383342e-01 2.576159847557249e-04
3.687500000000000e-01 6.643347729460869e-01 2.587986895992008e-04
3.718750000000000e-01 6.753296182603294e-01 2.599884736711788e-04
3.750000000000000e-01 6.864893423240808e-01 2.612903971333721e-04
3.781250000000000e-01 6.978166697347804e-01 2.625934961252595e-04
3.812500000000000e-01 7.093143660094854e-01 2.640235022183874e-04
3.843750000000000e-01 7.209852382600603e-01 2.654533182307004e-04
3.875000000000000e-01 7.328321358785219e-01 2.669918889269353e-04
3.906250000000000e-01 7.448579512327029e-01 2.685391793210984e-04
3.937500000000000e-01 7.570656203724140e-01 2.702366194512906e-04
3.968750000000000e-01 7.694581237462648e-01 2.719120068214193e-04
4.000000000000000e-01 7.820384869293291e-01 2.737829707053588e-04
4.031250000000000e-01 7.948097813618253e-01 2.756064289465107e-04
4.062500000000000e-01 8.077751250989945e-01 2.775936269820902e-04
4.093750000000000e-01 8.209376835723596e-01 2.796222936091720e-04
4.125000000000000e-01 8.343006703625532e-01 2.817530087235795e-04
4.156250000000000e-01 8.478673479838968e-01 2.839791549282634e-04
4.187500000000000e-01 8.616410286809313e-01 2.862875967694687e-04
4.218750000000000e-01 8.756250752370857e-01 2.886505497097567e-04
4.250000000000000e-01 8.898229017956865e-01 2.912068060509939e-04
4.281250000000000e-01 9.042379746935050e-01 2.937722500658318e-04
4.312500000000000e-01 9.188738133070491e-01 2.965001107088242e-04
4.343750000000000e-01 9.337339909118028e-01 2.992711866391816e-04
4.375000000000000e-01 9.488221355546261e-01 3.022427282810879e-04
4.406250000000000e-01 9.641419309395265e-01 3.052455499920061e-04
4.437500000000000e-01 9.796971173270190e-01 3.084122184265474e-04
4.468750000000000e-01 9.954914924472941e-01 3.116814105143552e-04
4.500000000000000e-01 1.011528912427417e+00 3.150856589279549e-04
4.531250000000000e-01 1.027813292732786e+00 3.186004661928521e-04
4.562500000000000e-01 1.044348609123070e+00 3.222794602864693e-04
4.593750000000000e-01 1.061138898622882e+00 3.260447855455590e-04
4.625000000000000e-01 1.078188260507393e+00 3.300172304577418e-04
4.656250000000000e-01 1.095500857303154e+00 3.340589813223071e-04
4.687500000000000e-01 1.113080915804360e+00 3.383229403345812e-04
4.718750000000000e-01 1.130932728104805e+00 3.426835908610010e-04
4.750000000000000e-01 1.149060652645771e+00 3.472409705577594e-04
4.781250000000000e-01 1.167469115280130e+00 3.519440456728398e-04
4.812500000000000e-01 1.186162610352890e+00 3.568294969714126e-04
4.843750000000000e-01 1.205145701798475e+00 3.618750678718433e-04
4.875000000000000e-01 1.224423024254985e+00 3.671385774543494e-04
4.906250000000000e-01 1.243999284195726e+00 3.725401223326948e-04
4.937500000000000e-01 1.263879261078271e+00 3.782081461790035e-04
4.968750000000000e-01 1.284067808511348e+00 3.840190065560628e-04
5.000000000000000e-01 1.304569855439823e+00 3.900975673755390e-04
5.031250000000000e-01 1.325390407348082e+00 3.963774143419262e-04
5.062500000000000e-01 1.346534547482100e+00 4.029064801220098e-04
5.093750000000000e-01 1.368007438090487e+00 4.096795639359001e-04
5.125000000000001e-01 1.389814321684837e+00 4.167422499255299e-04
5.156250000000000e-01 1.411960522319654e+00 4.240403787599657e-04
5.187500000000000e-01 1.434451446892208e+00 4.316971925763652e-04
5.218750000000000e-01 1.457292586462593e+00 4.396133122406735e-04
5.250000000000000e-01 1.480489517594354e+00 4.479048303571772e-04
5.281250000000001e-01 1.504047903715979e+00 4.565374475498803e-04
5.312500000000000e-01 1.527973496503592e+00 4.655615752317539e-04
5.343750000000000e-01 1.552272137285215e+00 4.749809848821488e-04
5.375000000000000e-01 1.576949758466886e+00 4.848719176343335e-04
5.406250000000000e-01 1.602012384981041e+00 4.951888144981023e-04
5.437500000000001e-01 1.627466135757470e+00 5.060638360028063e-04
5.468750000000000e-01 1.653317225217225e+00 5.174445426480993e-04
5.500000000000000e-01 1.679571964789851e+00 5.294361171798589e-04
5.531250000000000e-01 1.706236764454286e+00 5.420545512516381e-04
5.562500000000000e-01 1.733318134303830e+00 5.553645948815752e-04
5.593750000000001e-01 1.760822686135563e+00 5.693844252069605e-04
5.625000000000000e-01 1.788757135064574e+00 5.842495988889435e-04
5.656250000000000e-01 1.817128301163438e+00 5.999202867034637e-04
5.687500000000000e-01 1.845943111127301e+00 6.165378496354207e-04
5.718750000000000e-01 1.875208599965003e+00 6.341448297375102e-04
5.750000000000001e-01 1.904931912716643e+00 6.528172508452112e-04
5.781250000000000e-01 1.935120306198011e+00 6.725912364245871e-04
5.812500000000000e-01 1.965781150772311e+00 6.936165081716406e-04
5.843750000000000e-01 1.996921932149593e+00 7.158817629894413e-04
5.875000000000000e-01 2.028550253214365e+00 7.395011053507156e-04
5.906250000000001e-01 2.060673835881802e+00 7.644927779113834e-04
5.937500000000000e-01 2.093300522983012e+00 7.909132937077410e-04
5.968750000000000e-01 2.126438280179837e+00 8.187349233334289e-04
6.000000000000001e-01 2.160095197909630e+00 8.479703238987949e-04
6.031250000000000e-01 2.194279493360494e+00 8.784255769852652e-04
6.062500000000001e-01 2.228999512477486e+00 9.099553643986195e-04
6.093750000000000e-01 2.264263732000228e+00 9.422438146355735e-04
6.125000000000000e-01 2.300080761532477e+00 9.748094031766519e-04
6.156250000000001e-01 2.336459345644116e+00 1.006809581858472e-03
6.187500000000000e-01 2.373408366006099e+00 1.037193134672082e-03
6.218750000000001e-01 2.410936843558884e+00 1.064397553670870e-03
6.250000000000000e-01 2.449053940714840e+00 1.086353068196507e-03
6.281250000000000e-01 2.487768963595221e+00 1.100041021552014e-03
6.312500000000001e-01 2.527091364302215e+00 1.101180127196225e-03
6.343750000000000e-01 2.567030743226622e+00 1.083747565624245e-03
6.375000000000001e-01 2.607596851391758e+00 1.040100848071638e-03
6.406250000000000e-01 2.648799592834118e+00 9.604922493656366e-04
6.437500000000000e-01 2.690649027021411e+00 8.320234304907900e-04
6.468750000000001e-01 2.733155371308524e+00 6.365060569150699e-04
6.500000000000000e-01 2.776329003432049e+00 3.488983441736466e-04
6.531250000000001e-01 2.820180464043967e+00 -6.275795265397187e-05
6.562500000000000e-01 2.864720459285089e+00 -6.338602687249185e-04
6.593750000000000e-01 2.909959863398929e+00 -1.396923553006364e-03
6.625000000000001e-01 2.955909721386590e+00 -2.373484800095490e-03
6.656250000000000e-01 3.002581251703353e+00 -3.567646952749701e-03
6.687500000000001e-01 3.049985848997626e+00 -4.962554677572668e-03
6.718750000000000e-01 3.098135086892879e+00 -6.521355262946657e-03
6.750000000000000e-01 3.147040720813310e+00 -8.191561799650211e-03
6.781250000000001e-01 3.196714690853871e+00 -9.911758964013388e-03
6.812500000000000e-01 3.247169124695383e+00 -1.161859814249186e-02
6.843750000000001e-01 3.298416340565477e+00 -1.325276472096452e-02
6.875000000000000e-01 3.350468850246008e+00 -1.476317131203280e-02
6.906250000000000e-01 3.403339362127777e+00 -1.610933190165429e-02
6.937500000000001e-01 3.457040784313211e+00 -1.726206045532417e-02
6.968750000000000e-01 3.511586227767823e+00 -1.820303175263178e-02
7.000000000000001e-01 3.566989009521205e+00 -1.892343739643431e-02
7.031250000000000e-01 3.623262655918307e+00 -1.942243162909812e-02
7.062500000000000e-01 3.680420905921852e+00 -1.970535798429646e-02
7.093750000000001e-01 3.738477714466631e+00 -1.978221323557857e-02
7.125000000000000e-01 3.797447255866536e+00 -1.966611420015557e-02
7.156250000000001e-01 3.857343927275175e+00 -1.937212533051253e-02
7.187500000000000e-01 3.918182352200844e+00 -1.891621872291743e-02
7.218750000000000e-01 3.979977384076828e+00 -1.831459752872059e-02
7.250000000000001e-01 4.042744109887770e+00 -1.758313474718003e-02
7.281250000000000e-01 4.106497853853101e+00 -1.673707146677731e-02
7.312500000000001e-01 4.171254181168399e+00 -1.579075303627320e-02
7.343750000000000e-01 4.237028901805528e+00 -1.475755235671357e-02
7.375000000000000e-01 4.303838074372613e+00 -1.364981631780512e-02
7.406250000000001e-01 4.371698010034643e+00 -1.247894042169915e-02
7.437500000000000e-01 4.440625276495786e+00 -1.125542992232522e-02
7.468750000000001e-01 4.510636702044332e+00 -9.989057032942526e-03
7.500000000000000e-01 4.581749379661216e+00 -8.688950498221742e-03
7.531250000000000e-01 4.653980671193226e+00 -7.363784297910065e-03
7.562500000000001e-01 4.727348211591802e+00 -6.021881800724462e-03
7.593750000000000e-01 4.801869913218528e+00 -4.671413157959942e-03
7.625000000000001e-01 4.877563970218381e+00 -3.320534766026347e-03
7.656250000000000e-01 4.954448862961714e+00 -1.977594540503844e-03
7.687500000000000e-01 5.032543362556198e+00 -6.513070002612096e-04
7.718750000000001e-01 5.111866535429675e+00 6.490432540633460e-04
7.750000000000000e-01 5.192437747985146e+00 1.913408909939513e-03
7.781250000000001e-01 5.274276671329015e+00 3.130767649451575e-03
7.812500000000000e-01 5.357403286073669e+00 4.288907740711155e-03
7.843750000000000e-01 5.441837887215693e+00 5.374241121274085e-03
7.875000000000001e-01 5.527601089090773e+00 6.371733299605995e-03
7.906250000000000e-01 5.614713830406605e+00 7.265071923000029e-03
7.937500000000001e-01 5.703197379355005e+00 8.037195694770533e-03
7.968750000000000e-01 5.793073338804412e+00 8.671244410888521e-03
8.000000000000000e-01 5.884363651574169e+00 9.151885617760955e-03
8.031250000000001e-01 5.977090605791737e+00 9.466857116198225e-03
8.062500000000000e-01 6.071276840334257e+00 9.608483137739002e-03
8.093750000000001e-01 6.166945350355728e+00 9.574907538639590e-03
8.125000000000000e-01 6.264119492901173e+00 9.370844141033506e-03
8.156250000000000e-01 6.362822992609162e+00 9.007746666677240e-03
8.187500000000001e-01 6.463079947504072e+00 8.503406859514803e-03
8.218750000000000e-01 6.564914834879517e+00 7.881063245912522e-03
8.250000000000001e-01 6.668352517274371e+00 7.168131130993249e-03
8.281250000000000e-01 6.773418248542846e+00 6.394659293883505e-03
8.312500000000000e-01 6.880137680020114e+00 5.591607058280906e-03
8.343750000000001e-01 6.988536866784961e+00 4.789039634027781e-03
8.375000000000000e-01 7.098642274021019e+00 4.014364945004931e-03
8.406250000000001e-01 7.210480783478133e+00 3.290767290260045e-03
8.437500000000000e-01 7.324079700035414e+00 2.636007939669334e-03
8.468750000000000e-01 7.439466758367605e+00 2.061740288949760e-03
8.500000000000001e-01 7.556670129716381e+00 1.573422944092995e-03
8.531250000000000e-01 7.675718428768239e+00 1.170821447094816e-03
8.562500000000001e-01 7.796640720640633e+00 8.489936404125681e-04
8.593750000000000e-01 7.919466527978115e+00 5.995815346462851e-04
8.625000000000000e-01 8.044225838160141e+00 4.122018429535816e-04
8.656250000000001e-01 8.170949110622363e+00 2.757418001992053e-04
8.687500000000000e-01 8.299667284293170e+00 1.794168223344498e-04
8.718750000000001e-01 8.430411785147284e+00 1.135142562996129e-04
8.750000000000000e-01 8.563214533878281e+00 6.981411210776768e-05
8.781250000000000e-01 8.698107953691880e+00 4.172906632110845e-05
8.812500000000001e-01 8.835124978221932e+00 2.423540510001555e-05
8.843750000000000e-01 8.974299059571019e+00 1.367434175097716e-05
8.875000000000001e-01 9.115664176477637e+00 7.494606146800354e-06
8.906250000000000e-01 9.259254842611947e+00 3.989616373539795e-06
8.937500000000000e-01 9.405106115002161e+00 2.062613479961992e-06
8.968750000000001e-01 9.553253602593529e+00 1.035578549655416e-06
9.000000000000000e-01 9.703733474942130e+00 5.049047142247081e-07
9.031250000000001e-01 9.856582471045494e+00 2.390492499469039e-07
9.062500000000000e-01 1.001183790831228e+01 1.099041698350881e-07
9.093750000000000e-01 1.016953769167313e+01 4.906740742586052e-08
9.125000000000001e-01 1.032972032283505e+01 2.127320559160769e-08
9.156250000000000e-01 1.049242490968134e+01 8.956681743528606e-09
9.187500000000001e-01 1.065769117581972e+01 3.662295869360412e-09
9.218750000000000e-01 1.082555947028058e+01 1.454364218437737e-09
9.250000000000000e-01 1.099607077736805e+01 5.609588790072487e-10
9.281250000000001e-01 1.116926672666618e+01 2.101621013058267e-10
9.312500000000000e-01 1.134518960320255e+01 7.648445756726360e-11
9.343750000000001e-01 1.152388235777201e+01 2.704079073516180e-11
9.375000000000000e-01 1.170538861742293e+01 9.288098163738654e-12
9.406250000000000e-01 1.188975269610854e+01 3.099779273423979e-12
9.437500000000001e-01 1.207701960550600e+01 1.005235839490873e-12
9.468750000000000e-01 1.226723506600578e+01 3.167934028926001e-13
9.500000000000001e-01 1.246044551787411e+01 9.702729402737654e-14
9.531250000000000e-01 1.265669813259115e+01 2.888422548218045e-14
9.562500000000000e-01 1.285604082436773e+01 8.358272527468951e-15
9.593750000000001e-01 1.305852226184337e+01 2.351265947907578e-15
9.625000000000000e-01 1.326419187996850e+01 6.430684102740999e-16
9.656250000000001e-01 1.347309989207381e+01 1.710109013734575e-16
9.687500000000000e-01 1.368529730212962e+01 4.422244597488102e-17
9.718750000000000e-01 1.390083591719824e+01 1.112129282396995e-17
9.750000000000001e-01 1.411976836008246e+01 2.720210691625323e-18
9.781250000000000e-01 1.434214808217320e+01 6.471809002787841e-19
9.812500000000001e-01 1.456802937649935e+01 1.497841025573625e-19
9.843750000000000e-01 1.479746739098328e+01 3.372590271779726e-20
9.875000000000000e-01 1.503051814190487e+01 7.388522928769958e-21
9.906250000000001e-01 1.526723852757770e+01 1.575232369560785e-21
9.937500000000000e-01 1.550768634224049e+01 3.259882275617406e-22
9.968750000000001e-01 1.575192029016732e+01 7.013347491035158e-23
1.000000000000000e+00 1.600000000000000e+01 -5.879319797939488e-24
