0.000000000000000e+00 0.000000000000000e+00 2.668782080835024e-01
3.125000000000000e-03 3.369263549427258e-03 2.668173026583509e-01
6.250000000000000e-03 6.739349689698711e-03 2.668263379108791e-01
9.375000000000001e-03 1.011108121249049e-02 2.668026108632311e-01
1.250000000000000e-02 1.348528131119160e-02 2.667885266280806e-01
1.562500000000000e-02 1.686277378188298e-02 2.667575991507664e-01
1.875000000000000e-02 2.024438322446370e-02 2.667300507704941e-01
2.187500000000000e-02 2.363093524397333e-02 2.666893634777024e-01
2.500000000000000e-02 2.702325665215984e-02 2.666486324845840e-01
2.812500000000000e-02 3.042217566934200e-02 2.665969077056999e-01
3.125000000000000e-02 3.382852212661575e-02 2.665435306506047e-01
3.437500000000000e-02 3.724312766845378e-02 2.664804175124368e-01
3.750000000000001e-02 4.066682595574785e-02 2.664145259897736e-01
4.062500000000000e-02 4.410045286934348e-02 2.663395277693197e-01
4.375000000000000e-02 4.754484671411652e-02 2.662608795564502e-01
4.687500000000000e-02 5.100084842364160e-02 2.661736877674151e-01
5.000000000000000e-02 5.446930176550237e-02 2.660822650780258e-01
5.312500000000001e-02 5.795105354729364e-02 2.659824847582007e-01
5.625000000000000e-02 6.144695382336569e-02 2.658778254955706e-01
5.937500000000000e-02 6.495785610236132e-02 2.657650424996543e-01
6.250000000000000e-02 6.848461755559625e-02 2.656469972539766e-01
6.562500000000000e-02 7.202809922633362e-02 2.655208268287638e-01
6.875000000000001e-02 7.558916624000402e-02 2.653888251798788e-01
7.187500000000001e-02 7.916868801542200e-02 2.652487121495572e-01
7.500000000000001e-02 8.276753847705080e-02 2.651024396829476e-01
7.812500000000000e-02 8.638659626836727e-02 2.649479688116086e-01
8.125000000000000e-02 9.002674496637868e-02 2.647868337838608e-01
8.437500000000001e-02 9.368887329734420e-02 2.646173339700074e-01
8.750000000000001e-02 9.737387535375355e-02 2.644407800973647e-01
9.062500000000001e-02 1.010826508126157e-01 2.642557196059294e-01
9.375000000000000e-02 1.048161051551108e-01 2.640632007036615e-01
9.687500000000000e-02 1.085751498876601e-01 2.638618843646631e-01
1.000000000000000e-01 1.123607027644654e-01 2.636525937547945e-01
1.031250000000000e-01 1.161736880115753e-01 2.634342634339951e-01
1.062500000000000e-01 1.200150365525305e-01 2.632076019203555e-01
1.093750000000000e-01 1.238856862356450e-01 2.629715743520163e-01
1.125000000000000e-01 1.277865820629775e-01 2.627266881710581e-01
1.156250000000000e-01 1.317186764210495e-01 2.624720449861084e-01
1.187500000000000e-01 1.356829293133661e-01 2.622080304092620e-01
1.218750000000000e-01 1.396803085947971e-01 2.619338920006203e-01
1.250000000000000e-01 1.437117902078738e-01 2.616499576180431e-01
1.281250000000000e-01 1.477783584210617e-01 2.613554480846532e-01
1.312500000000000e-01 1.518810060690650e-01 2.610505528912385e-01
1.343750000000000e-01 1.560207347952229e-01 2.607345812813918e-01
1.375000000000000e-01 1.601985552960564e-01 2.604076125013965e-01
1.406250000000000e-01 1.644154875680252e-01 2.600690644790244e-01
1.437500000000000e-01 1.686725611565558e-01 2.597190053786208e-01
1.468750000000000e-01 1.729708154074000e-01 2.593568145466293e-01
1.500000000000000e-01 1.773112997203869e-01 2.589825421023273e-01
1.531250000000000e-01 1.816950738056289e-01 2.585955335924093e-01
1.562500000000000e-01 1.861232079422458e-01 2.581957441882791e-01
1.593750000000000e-01 1.905967832396682e-01 2.577825947832748e-01
1.625000000000000e-01 1.951168919015860e-01 2.573559103449049e-01
1.656250000000000e-01 1.996846374926046e-01 2.569152187448276e-01
1.687500000000000e-01 2.043011352076760e-01 2.564602381568456e-01
1.718750000000000e-01 2.089675121443681e-01 2.559905581452800e-01
1.750000000000000e-01 2.136849075780412e-01 2.555058299319239e-01
1.781250000000000e-01 2.184544732399964e-01 2.550056562494254e-01
1.812500000000000e-01 2.232773735986666e-01 2.544896490658782e-01
1.843750000000000e-01 2.281547861439151e-01 2.539574001447890e-01
1.875000000000000e-01 2.330879016745160e-01 2.534084950671490e-01
1.906250000000000e-01 2.380779245888810e-01 2.528425070935281e-01
1.937500000000000e-01 2.431260731791094e-01 2.522589999864522e-01
1.968750000000000e-01 2.482335799284277e-01 2.516575270419414e-01
2.000000000000000e-01 2.534016918120952e-01 2.510376316062046e-01
2.031250000000000e-01 2.586316706018478e-01 2.503988470071415e-01
2.062500000000000e-01 2.639247931739538e-01 2.497406966915872e-01
2.093750000000000e-01 2.692823518209576e-01 2.490626942972264e-01
2.125000000000000e-01 2.747056545671873e-01 2.483643437610166e-01
2.156250000000000e-01 2.801960254881028e-01 2.476451394377598e-01
2.187500000000000e-01 2.857548050335636e-01 2.469045662422451e-01
2.218750000000000e-01 2.913833503550930e-01 2.461420998151856e-01
2.250000000000000e-01 2.970830356372213e-01 2.453572067165352e-01
2.281250000000000e-01 3.028552524329863e-01 2.445493446485766e-01
2.312500000000000e-01 3.087014100036755e-01 2.437179627113888e-01
2.343750000000000e-01 3.146229356628902e-01 2.428625016932298e-01
2.375000000000000e-01 3.206212751250189e-01 2.419823943984295e-01
2.406250000000000e-01 3.266978928582008e-01 2.410770660154455e-01
2.437500000000000e-01 3.328542724418705e-01 2.401459345277859e-01
2.468750000000000e-01 3.390919169289667e-01 2.391884111706138e-01
2.500000000000000e-01 3.454123492128958e-01 2.382039009359147e-01
2.531250000000000e-01 3.518171123993401e-01 2.371918031291917e-01
2.562500000000000e-01 3.583077701830001e-01 2.361515119807368e-01
2.593750000000000e-01 3.648859072293631e-01 2.350824173146264e-01
2.625000000000000e-01 3.715531295615936e-01 2.339839052786558e-01
2.656250000000000e-01 3.783110649526354e-01 2.328553591384761e-01
2.687500000000000e-01 3.851613633226258e-01 2.316961601392957e-01
2.718750000000000e-01 3.921056971417164e-01 2.305056884385241e-01
2.750000000000000e-01 3.991457618383991e-01 2.292833241128089e-01
2.781250000000000e-01 4.062832762134377e-01 2.280284482428983e-01
2.812500000000000e-01 4.135199828595055e-01 2.267404440798143e-01
2.843750000000000e-01 4.208576485866312e-01 2.254186982957609e-01
2.875000000000000e-01 4.282980648535585e-01 2.240626023231731e-01
2.906250000000000e-01 4.358430482051222e-01 2.226715537852564e-01
2.937500000000000e-01 4.434944407157500e-01 2.212449580212503e-01
2.968750000000000e-01 4.512541104391968e-01 2.197822297095452e-01
3.000000000000000e-01 4.591239518646220e-01 2.182827945915848e-01
3.031250000000000e-01 4.671058863791195e-01 2.167460912993078e-01
3.062500000000000e-01 4.752018627368176e-01 2.151715732886215e-01
3.093750000000000e-01 4.834138575346580e-01 2.135587108810956e-01
3.125000000000000e-01 4.917438756949728e-01 2.119069934156994e-01
3.156250000000000e-01 5.001939509549778e-01 2.102159315119947e-01
3.187500000000000e-01 5.087661463633005e-01 2.084850594457272e-01
3.218750000000000e-01 5.174625547836644e-01 2.067139376371877e-01
3.250000000000000e-01 5.262852994058529e-01 2.049021552521107e-01
3.281250000000000e-01 5.352365342640750e-01 2.030493329141529e-01
3.312500000000000e-01 5.443184447628656e-01 2.011551255272023e-01
3.343750000000000e-01 5.535332482106405e-01 1.992192252049187e-01
3.375000000000000e-01 5.628831943610435e-01 1.972413643039045e-01
3.406250000000000e-01 5.723705659622137e-01 1.952213185558458e-01
3.437500000000000e-01 5.819976793141081e-01 1.931589102927883e-01
3.468750000000000e-01 5.917668848340161e-01 1.910540117584617e-01
3.500000000000000e-01 6.016805676304035e-01 1.889065484971705e-01
3.531250000000000e-01 6.117411480852264e-01 1.867165028102863e-01
3.562500000000000e-01 6.219510824448572e-01 1.844839172688242e-01
3.593750000000000e-01 6.323128634197650e-01 1.822088982688894e-01
3.625000000000000e-01 6.428290207931012e-01 1.798916196150368e-01
3.656250000000000e-01 6.535021220383342e-01 1.775323261147077e-01
3.687500000000000e-01 6.643347729460869e-01 1.751313371650226e-01
3.718750000000000e-01 6.753296182603294e-01 1.726890503112290e-01
3.750000000000000e-01 6.864893423240808e-01 1.702059447540873e-01
3.781250000000000e-01 6.978166697347804e-01 1.676825847814775e-01
3.812500000000000e-01 7.093143660094854e-01 1.651196230975019e-01
3.843750000000000e-01 7.209852382600603e-01 1.625178040203856e-01
3.875000000000000e-01 7.328321358785219e-01 1.598779665186402e-01
3.906250000000000e-01 7.448579512327029e-01 1.572010470531768e-01
3.937500000000000e-01 7.570656203724140e-01 1.544880821914796e-01
3.968750000000000e-01 7.694581237462648e-01 1.517402109586245e-01
4.000000000000000e-01 7.820384869293291e-01 1.489586768888179e-01
4.031250000000000e-01 7.948097813618253e-01 1.461448297403877e-01
4.062500000000000e-01 8.077751250989945e-01 1.433001268368018e-01
4.093750000000000e-01 8.209376835723596e-01 1.404261339963932e-01
4.125000000000000e-01 8.343006703625532e-01 1.375245260140404e-01
4.156250000000000e-01 8.478673479838968e-01 1.345970866592365e-01
4.187500000000000e-01 8.616410286809313e-01 1.316457081567589e-01
4.218750000000000e-01 8.756250752370857e-01 1.286723901185640e-01
4.250000000000000e-01 8.898229017956865e-01 1.256792378986496e-01
4.281250000000000e-01 9.042379746935050e-01 1.226684603464454e-01
4.312500000000000e-01 9.188738133070491e-01 1.196423669388016e-01
4.343750000000000e-01 9.337339909118028e-01 1.166033642758504e-01
4.375000000000000e-01 9.488221355546261e-01 1.135539519318366e-01
4.406250000000000e-01 9.641419309395265e-01 1.104967176584302e-01
4.437500000000000e-01 9.796971173270190e-01 1.074343319449212e-01
4.468750000000000e-01 9.954914924472941e-01 1.043695419469522e-01
4.500000000000000e-01 1.011528912427417e+00 1.013051648029459e-01
4.531250000000000e-01 1.027813292732786e+00 9.824408036492061e-02
4.562500000000000e-01 1.044348609123070e+00 9.518922337782933e-02
4.593750000000000e-01 1.061138898622882e+00 9.214357514870045e-02
4.625000000000000e-01 1.078188260507393e+00 8.911015475346303e-02
4.656250000000000e-01 1.095500857303154e+00 8.609200983525359e-02
4.687500000000000e-01 1.113080915804360e+00 8.309220705301917e-02
4.718750000000000e-01 1.130932728104805e+00 8.011382224313411e-02
4.750000000000000e-01 1.149060652645771e+00 7.715993035947058e-02
4.781250000000000e-01 1.167469115280130e+00 7.423359525870402e-02
4.812500000000000e-01 1.186162610352890e+00 7.133785939756959e-02
4.843750000000000e-01 1.205145701798475e+00 6.847573350728442e-02
4.875000000000000e-01 1.224423024254985e+00 6.565018630745988e-02
4.906250000000000e-01 1.243999284195726e+00 6.286413431759610e-02
4.937500000000000e-01 1.263879261078271e+00 6.012043181886054e-02
4.968750000000000e-01 1.284067808511348e+00 5.742186101250132e-02
5.000000000000000e-01 1.304569855439823e+00 5.477112241417968e-02
5.031250000000000e-01 1.325390407348082e+00 5.217082551603415e-02
5.062500000000000e-01 1.346534547482100e+00 4.962347974072649e-02
5.093750000000000e-01 1.368007438090487e+00 4.713148570444534e-02
5.125000000000001e-01 1.389814321684837e+00 4.469712679920645e-02
5.156250000000000e-01 1.411960522319654e+00 4.232256109915847e-02
5.187500000000000e-01 1.434451446892208e+00 4.000981359131903e-02
5.218750000000000e-01 1.457292586462593e+00 3.776076872855140e-02
5.250000000000000e-01 1.480489517594354e+00 3.557716330187607e-02
5.281250000000001e-01 1.504047903715979e+00 3.346057963060540e-02
5.312500000000000e-01 1.527973496503592e+00 3.141243907239766e-02
5.343750000000000e-01 1.552272137285215e+00 2.943399586117159e-02
5.375000000000000e-01 1.576949758466886e+00 2.752633128880253e-02
5.406250000000000e-01 1.602012384981041e+00 2.569034825645401e-02
5.437500000000001e-01 1.627466135757470e+00 2.392676623295611e-02
5.468750000000000e-01 1.653317225217225e+00 2.223611667041586e-02
5.500000000000000e-01 1.679571964789851e+00 2.061873894068779e-02
5.531250000000000e-01 1.706236764454286e+00 1.907477686979177e-02
5.562500000000000e-01 1.733318134303830e+00 1.760417596015950e-02
5.593750000000001e-01 1.760822686135563e+00 1.620668140194787e-02
5.625000000000000e-01 1.788757135064574e+00 1.488183698375632e-02
5.656250000000000e-01 1.817128301163438e+00 1.362898501918663e-02
5.687500000000000e-01 1.845943111127301e+00 1.244726740803078e-02
5.718750000000000e-01 1.875208599965003e+00 1.133562794883104e-02
5.750000000000001e-01 1.904931912716643e+00 1.029281601263407e-02
5.781250000000000e-01 1.935120306198011e+00 9.317391675606572e-03
5.812500000000000e-01 1.965781150772311e+00 8.407732390668284e-03
5.843750000000000e-01 1.996921932149593e+00 7.562041255522706e-03
5.875000000000000e-01 2.028550253214365e+00 6.778356906766292e-03
5.906250000000001e-01 2.060673835881802e+00 6.054565037714282e-03
5.937500000000000e-01 2.093300522983012e+00 5.388411502010103e-03
5.968750000000000e-01 2.126438280179837e+00 4.777516927023359e-03
6.000000000000001e-01 2.160095197909630e+00 4.219392721699456e-03
6.031250000000000e-01 2.194279493360494e+00 3.711458324245074e-03
6.062500000000001e-01 2.228999512477486e+00 3.251059497252123e-03
6.093750000000000e-01 2.264263732000228e+00 2.835487443030043e-03
6.125000000000000e-01 2.300080761532477e+00 2.461998481443825e-03
6.156250000000001e-01 2.336459345644116e+00 2.127834007765199e-03
6.187500000000000e-01 2.373408366006099e+00 1.830240430088049e-03
6.218750000000001e-01 2.410936843558884e+00 1.566488775682994e-03
6.250000000000000e-01 2.449053940714840e+00 1.333893653956415e-03
6.281250000000000e-01 2.487768963595221e+00 1.129831270820585e-03
6.312500000000001e-01 2.527091364302215e+00 9.517562053459808e-04
6.343750000000000e-01 2.567030743226622e+00 7.972166842781447e-04
6.375000000000001e-01 2.607596851391758e+00 6.638681227511243e-04
6.406250000000000e-01 2.648799592834118e+00 5.494847393813959e-04
6.437500000000000e-01 2.690649027021411e+00 4.519690996397645e-04
6.468750000000001e-01 2.733155371308524e+00 3.693594914780453e-04
6.500000000000000e-01 2.776329003432049e+00 2.998350899264684e-04
6.531250000000001e-01 2.820180464043967e+00 2.417189209320595e-04
6.562500000000000e-01 2.864720459285089e+00 1.934786871698050e-04
6.593750000000000e-01 2.909959863398929e+00 1.537255680400549e-04
6.625000000000001e-01 2.955909721386590e+00 1.212111507905841e-04
6.656250000000000e-01 3.002581251703353e+00 9.482268808792753e-05
6.687500000000001e-01 3.049985848997626e+00 7.357690810564881e-05
6.718750000000000e-01 3.098135086892879e+00 5.661262533791674e-05
6.750000000000000e-01 3.147040720813310e+00 4.318241332232037e-05
6.781250000000001e-01 3.196714690853871e+00 3.264360413094824e-05
6.812500000000000e-01 3.247169124695383e+00 2.444887415980930e-05
6.843750000000001e-01 3.298416340565477e+00 1.813666212156434e-05
6.875000000000000e-01 3.350468850246008e+00 1.332164429802395e-05
6.906250000000000e-01 3.403339362127777e+00 9.685465405188522e-06
6.937500000000001e-01 3.457040784313211e+00 6.967892441437685e-06
6.968750000000000e-01 3.511586227767823e+00 4.958525314371671e-06
7.000000000000001e-01 3.566989009521205e+00 3.489163564985308e-06
7.031250000000000e-01 3.623262655918307e+00 2.426894726253114e-06
7.062500000000000e-01 3.680420905921852e+00 1.667938180769214e-06
7.093750000000001e-01 3.738477714466631e+00 1.132249978894697e-06
7.125000000000000e-01 3.797447255866536e+00 7.588698025995522e-07
7.156250000000001e-01 3.857343927275175e+00 5.019716428450424e-07
7.187500000000000e-01 3.918182352200844e+00 3.275650082762425e-07
7.218750000000000e-01 3.979977384076828e+00 2.107835102017027e-07
7.250000000000001e-01 4.042744109887770e+00 1.336921295114176e-07
7.281250000000000e-01 4.106497853853101e+00 8.354282574632018e-08
7.312500000000001e-01 4.171254181168399e+00 5.140972689993237e-08
7.343750000000000e-01 4.237028901805528e+00 3.113920610793786e-08
7.375000000000000e-01 4.303838074372613e+00 1.855596996669091e-08
7.406250000000001e-01 4.371698010034643e+00 1.087316223563135e-08
7.437500000000000e-01 4.440625276495786e+00 6.261821634509360e-09
7.468750000000001e-01 4.510636702044332e+00 3.542329368490187e-09
7.500000000000000e-01 4.581749379661216e+00 1.967368085727320e-09
7.531250000000000e-01 4.653980671193226e+00 1.072136072065828e-09
7.562500000000001e-01 4.727348211591802e+00 5.729742161548316e-10
7.593750000000000e-01 4.801869913218528e+00 3.001155496390221e-10
7.625000000000001e-01 4.877563970218381e+00 1.539754879364779e-10
7.656250000000000e-01 4.954448862961714e+00 7.733210571065019e-11
7.687500000000000e-01 5.032543362556198e+00 3.799642971451415e-11
7.718750000000001e-01 5.111866535429675e+00 1.825257337209999e-11
7.750000000000000e-01 5.192437747985146e+00 8.566858004990834e-12
7.781250000000001e-01 5.274276671329015e+00 3.925972007057935e-12
7.812500000000000e-01 5.357403286073669e+00 1.755526188105997e-12
7.843750000000000e-01 5.441837887215693e+00 7.654250224559150e-13
7.875000000000001e-01 5.527601089090773e+00 3.251835339495730e-13
7.906250000000000e-01 5.614713830406605e+00 1.345163430299182e-13
7.937500000000001e-01 5.703197379355005e+00 5.414111512962042e-14
7.968750000000000e-01 5.793073338804412e+00 2.118679208242993e-14
8.000000000000000e-01 5.884363651574169e+00 8.054985842281493e-15
8.031250000000001e-01 5.977090605791737e+00 2.973017271330703e-15
8.062500000000000e-01 6.071276840334257e+00 1.064463620306861e-15
8.093750000000001e-01 6.166945350355728e+00 3.694274712552850e-16
8.125000000000000e-01 6.264119492901173e+00 1.241806052359723e-16
8.156250000000000e-01 6.362822992609162e+00 4.039832333224935e-17
8.187500000000001e-01 6.463079947504072e+00 1.270909763038977e-17
8.218750000000000e-01 6.564914834879517e+00 3.863343979703338e-18
8.250000000000001e-01 6.668352517274371e+00 1.133872214582502e-18
8.281250000000000e-01 6.773418248542846e+00 3.210492889864173e-19
8.312500000000000e-01 6.880137680020114e+00 8.762776300084654e-20
8.343750000000001e-01 6.988536866784961e+00 2.303728318791018e-20
8.375000000000000e-01 7.098642274021019e+00 5.829077736332516e-21
8.406250000000001e-01 7.210480783478133e+00 1.418437915620275e-21
8.437500000000000e-01 7.324079700035414e+00 3.316880593624026e-22
8.468750000000000e-01 7.439466758367605e+00 7.447847217720088e-23
8.500000000000001e-01 7.556670129716381e+00 1.604692426599051e-23
8.531250000000000e-01 7.675718428768239e+00 3.315118527409312e-24
8.562500000000001e-01 7.796640720640633e+00 6.562164497282016e-25
8.593750000000000e-01 7.919466527978115e+00 1.243770217306026e-25
8.625000000000000e-01 8.044225838160141e+00 2.255761191509744e-26
8.656250000000001e-01 8.170949110622363e+00 3.912306127148961e-27
8.687500000000000e-01 8.299667284293170e+00 6.484837252234780e-28
8.718750000000001e-01 8.430411785147284e+00 1.026705143510738e-28
8.750000000000000e-01 8.563214533878281e+00 1.551821431695007e-29
8.781250000000000e-01 8.698107953691880e+00 2.238061837619961e-30
8.812500000000001e-01 8.835124978221932e+00 3.078496119863600e-31
8.843750000000000e-01 8.974299059571019e+00 4.037019285377702e-32
8.875000000000001e-01 9.115664176477637e+00 5.045177609118504e-33
8.906250000000000e-01 9.259254842611947e+00 6.006783404521038e-34
8.937500000000000e-01 9.405106115002161e+00 6.811344678590903e-35
8.968750000000001e-01 9.553253602593529e+00 7.354341948020946e-36
9.000000000000000e-01 9.703733474942130e+00 7.559425221032176e-37
9.031250000000001e-01 9.856582471045494e+00 7.396064961321878e-38
9.062500000000000e-01 1.001183790831228e+01 6.887021093845721e-39
9.093750000000000e-01 1.016953769167313e+01 6.103106949039282e-40
9.125000000000001e-01 1.032972032283505e+01 5.146918908648026e-41
9.156250000000000e-01 1.049242490968134e+01 4.130717315484083e-42
9.187500000000001e-01 1.065769117581972e+01 3.155054040254507e-43
9.218750000000000e-01 1.082555947028058e+01 2.293655419026817e-44
9.250000000000000e-01 1.099607077736805e+01 1.587234232601384e-45
9.281250000000001e-01 1.116926672666618e+01 1.045707846219298e-46
9.312500000000000e-01 1.134518960320255e+01 6.560150413323927e-48
9.343750000000001e-01 1.152388235777201e+01 3.919588066162466e-49
9.375000000000000e-01 1.170538861742293e+01 2.230950023379010e-50
9.406250000000000e-01 1.188975269610854e+01 1.209960103224036e-51
9.437500000000001e-01 1.207701960550600e+01 6.254627484954245e-53
9.468750000000000e-01 1.226723506600578e+01 3.082519345446256e-54
9.500000000000001e-01 1.246044551787411e+01 1.448822928254873e-55
9.531250000000000e-01 1.265669813259115e+01 6.496307698158242e-57
9.562500000000000e-01 1.285604082436773e+01 2.779718759751607e-58
9.593750000000001e-01 1.305852226184337e+01 1.135437093723310e-59
9.625000000000000e-01 1.326419187996850e+01 4.428953860067560e-61
9.656250000000001e-01 1.347309989207381e+01 1.650308830217478e-62
9.687500000000000e-01 1.368529730212962e+01 5.876340621382778e-64
9.718750000000000e-01 1.390083591719824e+01 2.000225599395474e-65
9.750000000000001e-01 1.411976836008246e+01 6.510798528203594e-67
9.781250000000000e-01 1.434214808217320e+01 2.027335446335692e-68
9.812500000000001e-01 1.456802937649935e+01 6.040950349909238e-70
9.843750000000000e-01 1.479746739098328e+01 1.723155224214140e-71
9.875000000000000e-01 1.503051814190487e+01 4.706876541723990e-73
9.906250000000001e-01 1.526723852757770e+01 1.231625157732389e-74
9.937500000000000e-01 1.550768634224049e+01 3.088180523982328e-76
9.968750000000001e-01 1.575192029016732e+01 7.584203858752861e-78
1.000000000000000e+00 1.600000000000000e+01 -3.281076815165078e-78
