0.000000000000000e+00 0.000000000000000e+00 -8.028098658927873e-06
3.125000000000000e-03 3.369263549427258e-03 -2.595406944945407e-05
6.250000000000000e-03 6.739349689698711e-03 -2.122441815441023e-05
9.375000000000001e-03 1.011108121249049e-02 -2.670243983479940e-05
1.250000000000000e-02 1.348528131119160e-02 -2.209630854436342e-05
1.562500000000000e-02 1.686277378188298e-02 -2.720774689893440e-05
1.875000000000000e-02 2.024438322446370e-02 -2.222434389932718e-05
2.187500000000000e-02 2.363093524397333e-02 -2.698382718475580e-05
2.500000000000000e-02 2.702325665215984e-02 -2.239450726514767e-05
2.812500000000000e-02 3.042217566934200e-02 -2.670075881126734e-05
3.125000000000000e-02 3.382852212661575e-02 -2.284551666252143e-05
3.437500000000000e-02 3.724312766845378e-02 -2.681145271570620e-05
3.750000000000001e-02 4.066682595574785e-02 -2.300989669342297e-05
4.062500000000000e-02 4.410045286934348e-02 -2.659533099074983e-05
4.375000000000000e-02 4.754484671411652e-02 -2.334646167769458e-05
4.687500000000000e-02 5.100084842364160e-02 -2.662472661712409e-05
5.000000000000000e-02 5.446930176550237e-02 -2.361061411152488e-05
5.312500000000001e-02 5.795105354729364e-02 -2.652075243780879e-05
5.625000000000000e-02 6.144695382336569e-02 -2.387855913144021e-05
5.937500000000000e-02 6.495785610236132e-02 -2.648049387281095e-05
6.250000000000000e-02 6.848461755559625e-02 -2.404540013367025e-05
6.562500000000000e-02 7.202809922633362e-02 -2.636025042622634e-05
6.875000000000001e-02 7.558916624000402e-02 -2.436700941800149e-05
7.187500000000001e-02 7.916868801542200e-02 -2.628109836724109e-05
7.500000000000001e-02 8.276753847705080e-02 -2.469519149998008e-05
7.812500000000000e-02 8.638659626836727e-02 -2.611514499934304e-05
8.125000000000000e-02 9.002674496637868e-02 -2.496073524919991e-05
8.437500000000001e-02 9.368887329734420e-02 -2.596815242224837e-05
8.750000000000001e-02 9.737387535375355e-02 -2.531053840205811e-05
9.062500000000001e-02 1.010826508126157e-01 -2.589480918106567e-05
9.375000000000000e-02 1.048161051551108e-01 -2.547897359789801e-05
9.687500000000000e-02 1.085751498876601e-01 -2.583396743714399e-05
1.000000000000000e-01 1.123607027644654e-01 -2.574495656288726e-05
1.031250000000000e-01 1.161736880115753e-01 -2.573633387783558e-05
1.062500000000000e-01 1.200150365525305e-01 -2.592447815821773e-05
1.093750000000000e-01 1.238856862356450e-01 -2.570890347456520e-05
1.125000000000000e-01 1.277865820629775e-01 -2.603442492289355e-05
1.156250000000000e-01 1.317186764210495e-01 -2.562504082075517e-05
1.187500000000000e-01 1.356829293133661e-01 -2.624932465159720e-05
1.218750000000000e-01 1.396803085947971e-01 -2.555071768270843e-05
1.250000000000000e-01 1.437117902078738e-01 -2.643068435215193e-05
1.281250000000000e-01 1.477783584210617e-01 -2.551604716123027e-05
1.312500000000000e-01 1.518810060690650e-01 -2.657096116716186e-05
1.343750000000000e-01 1.560207347952229e-01 -2.553409696634792e-05
1.375000000000000e-01 1.601985552960564e-01 -2.665908352215071e-05
1.406250000000000e-01 1.644154875680252e-01 -2.563344869448555e-05
1.437500000000000e-01 1.686725611565558e-01 -2.674664906778244e-05
1.468750000000000e-01 1.729708154074000e-01 -2.576134934850423e-05
1.500000000000000e-01 1.773112997203869e-01 -2.680488582748860e-05
1.531250000000000e-01 1.816950738056289e-01 -2.596524172968930e-05
1.562500000000000e-01 1.861232079422458e-01 -2.683560751872452e-05
1.593750000000000e-01 1.905967832396682e-01 -2.611666018255526e-05
1.625000000000000e-01 1.951168919015860e-01 -2.692346779460916e-05
1.656250000000000e-01 1.996846374926046e-01 -2.640126089306122e-05
1.687500000000000e-01 2.043011352076760e-01 -2.697995312803007e-05
1.718750000000000e-01 2.089675121443681e-01 -2.662981752254458e-05
1.750000000000000e-01 2.136849075780412e-01 -2.701455761278955e-05
1.781250000000000e-01 2.184544732399964e-01 -2.691084885823957e-05
1.812500000000000e-01 2.232773735986666e-01 -2.701974438538630e-05
1.843750000000000e-01 2.281547861439151e-01 -2.723771057070260e-05
1.875000000000000e-01 2.330879016745160e-01 -2.705649465012754e-05
1.906250000000000e-01 2.380779245888810e-01 -2.747826488893978e-05
1.937500000000000e-01 2.431260731791094e-01 -2.712736124613146e-05
1.968750000000000e-01 2.482335799284277e-01 -2.777800210935933e-05
2.000000000000000e-01 2.534016918120952e-01 -2.717081933858782e-05
2.031250000000000e-01 2.586316706018478e-01 -2.805234560429874e-05
2.062500000000000e-01 2.639247931739538e-01 -2.722536429557900e-05
2.093750000000000e-01 2.692823518209576e-01 -2.825732013015776e-05
2.125000000000000e-01 2.747056545671873e-01 -2.736970350519551e-05
2.156250000000000e-01 2.801960254881028e-01 -2.847380866418724e-05
2.187500000000000e-01 2.857548050335636e-01 -2.747141015625327e-05
2.218750000000000e-01 2.913833503550930e-01 -2.862049988993557e-05
2.250000000000000e-01 2.970830356372213e-01 -2.763950401772380e-05
2.281250000000000e-01 3.028552524329863e-01 -2.876192024625073e-05
2.312500000000000e-01 3.087014100036755e-01 -2.788640381710284e-05
2.343750000000000e-01 3.146229356628902e-01 -2.888028782818082e-05
2.375000000000000e-01 3.206212751250189e-01 -2.814675230076354e-05
2.406250000000000e-01 3.266978928582008e-01 -2.892070480578536e-05
2.437500000000000e-01 3.328542724418705e-01 -2.845792620663313e-05
2.468750000000000e-01 3.390919169289667e-01 -2.901629491369800e-05
2.500000000000000e-01 3.454123492128958e-01 -2.878587658756610e-05
2.531250000000000e-01 3.518171123993401e-01 -2.904204535667871e-05
2.562500000000000e-01 3.583077701830001e-01 -2.915638851457128e-05
2.593750000000000e-01 3.648859072293631e-01 -2.907869428934402e-05
2.625000000000000e-01 3.715531295615936e-01 -2.951567497335263e-05
2.656250000000000e-01 3.783110649526354e-01 -2.918964964014049e-05
2.687500000000000e-01 3.851613633226258e-01 -2.984935875133510e-05
2.718750000000000e-01 3.921056971417164e-01 -2.929523374337506e-05
2.750000000000000e-01 3.991457618383991e-01 -3.011855806357366e-05
2.781250000000000e-01 4.062832762134377e-01 -2.943611915222623e-05
2.812500000000000e-01 4.135199828595055e-01 -3.036297680961497e-05
2.843750000000000e-01 4.208576485866312e-01 -2.958705777033928e-05
2.875000000000000e-01 4.282980648535585e-01 -3.051455497411540e-05
2.906250000000000e-01 4.358430482051222e-01 -2.977915677074794e-05
2.937500000000000e-01 4.434944407157500e-01 -3.059962274561950e-05
2.968750000000000e-01 4.512541104391968e-01 -3.003487291443420e-05
3.000000000000000e-01 4.591239518646220e-01 -3.065496526183815e-05
3.031250000000000e-01 4.671058863791195e-01 -3.037450182544780e-05
3.062500000000000e-01 4.752018627368176e-01 -3.061995754991870e-05
3.093750000000000e-01 4.834138575346580e-01 -3.067152855855344e-05
3.125000000000000e-01 4.917438756949728e-01 -3.057828291281039e-05
3.156250000000000e-01 5.001939509549778e-01 -3.099386093019251e-05
3.187500000000000e-01 5.087661463633005e-01 -3.053021936884392e-05
3.218750000000000e-01 5.174625547836644e-01 -3.125862761629046e-05
3.250000000000000e-01 5.262852994058529e-01 -3.054375248567822e-05
3.281250000000000e-01 5.352365342640750e-01 -3.142421143459596e-05
3.312500000000000e-01 5.443184447628656e-01 -3.055185583746773e-05
3.343750000000000e-01 5.535332482106405e-01 -3.148652024605041e-05
3.375000000000000e-01 5.628831943610435e-01 -3.058653804940847e-05
3.406250000000000e-01 5.723705659622137e-01 -3.144456428614945e-05
3.437500000000000e-01 5.819976793141081e-01 -3.068526532408498e-05
3.468750000000000e-01 5.917668848340161e-01 -3.126459542378476e-05
3.500000000000000e-01 6.016805676304035e-01 -3.079736439993232e-05
3.531250000000000e-01 6.117411480852264e-01 -3.099062891917080e-05
3.562500000000000e-01 6.219510824448572e-01 -3.092958352760773e-05
3.593750000000000e-01 6.323128634197650e-01 -3.065154282477432e-05
3.625000000000000e-01 6.428290207931012e-01 -3.099154147662148e-05
3.656250000000000e-01 6.535021220383342e-01 -3.033352281155712e-05
3.687500000000000e-01 6.643347729460869e-01 -3.093721575032199e-05
3.718750000000000e-01 6.753296182603294e-01 -3.003432083901557e-05
3.750000000000000e-01 6.864893423240808e-01 -3.071431952550800e-05
3.781250000000000e-01 6.978166697347804e-01 -2.974607899261904e-05
3.812500000000000e-01 7.093143660094854e-01 -3.032156998995003e-05
3.843750000000000e-01 7.209852382600603e-01 -2.951667670211459e-05
3.875000000000000e-01 7.328321358785219e-01 -2.973526900729982e-05
3.906250000000000e-01 7.448579512327029e-01 -2.929869861552041e-05
3.937500000000000e-01 7.570656203724140e-01 -2.900108901632901e-05
3.968750000000000e-01 7.694581237462648e-01 -2.901103168546987e-05
4.000000000000000e-01 7.820384869293291e-01 -2.823517762349325e-05
4.031250000000000e-01 7.948097813618253e-01 -2.861299511450884e-05
4.062500000000000e-01 8.077751250989945e-01 -2.744637307787069e-05
4.093750000000000e-01 8.209376835723596e-01 -2.796827158046686e-05
4.125000000000000e-01 8.343006703625532e-01 -2.673513640955303e-05
4.156250000000000e-01 8.478673479838968e-01 -2.711126112190956e-05
4.187500000000000e-01 8.616410286809313e-01 -2.605802174266609e-05
4.218750000000000e-01 8.756250752370857e-01 -2.603018634856381e-05
4.250000000000000e-01 8.898229017956865e-01 -2.541285433887287e-05
4.281250000000000e-01 9.042379746935050e-01 -2.478667588257244e-05
4.312500000000000e-01 9.188738133070491e-01 -2.467376834825014e-05
4.343750000000000e-01 9.337339909118028e-01 -2.350236932882489e-05
4.375000000000000e-01 9.488221355546261e-01 -2.371981852457292e-05
4.406250000000000e-01 9.641419309395265e-01 -2.230330980252700e-05
4.437500000000000e-01 9.796971173270190e-01 -2.250970728402477e-05
4.468750000000000e-01 9.954914924472941e-01 -2.123344936679906e-05
4.500000000000000e-01 1.011528912427417e+00 -2.104814889253991e-05
4.531250000000000e-01 1.027813292732786e+00 -2.025329622650797e-05
4.562500000000000e-01 1.044348609123070e+00 -1.939756772073717e-05
4.593750000000000e-01 1.061138898622882e+00 -1.920902183135423e-05
4.625000000000000e-01 1.078188260507393e+00 -1.776575772480208e-05
4.656250000000000e-01 1.095500857303154e+00 -1.795546268768651e-05
4.687500000000000e-01 1.113080915804360e+00 -1.633636878359581e-05
4.718750000000000e-01 1.130932728104805e+00 -1.645052719200845e-05
4.750000000000000e-01 1.149060652645771e+00 -1.515948542465023e-05
4.781250000000000e-01 1.167469115280130e+00 -1.466679831148153e-05
4.812500000000000e-01 1.186162610352890e+00 -1.411481072333646e-05
4.843750000000000e-01 1.205145701798475e+00 -1.289179813528984e-05
4.875000000000000e-01 1.224423024254985e+00 -1.299367139244459e-05
4.906250000000000e-01 1.243999284195726e+00 -1.135704932721592e-05
4.937500000000000e-01 1.263879261078271e+00 -1.159351648440220e-05
4.968750000000000e-01 1.284067808511348e+00 -1.026686597969898e-05
5.000000000000000e-01 1.304569855439823e+00 -9.949097863199424e-06
5.031250000000000e-01 1.325390407348082e+00 -9.491611674359923e-06
5.062500000000000e-01 1.346534547482100e+00 -8.325806986055876e-06
5.093750000000000e-01 1.368007438090487e+00 -8.696063302391838e-06
5.125000000000001e-01 1.389814321684837e+00 -7.126599400711903e-06
5.156250000000000e-01 1.411960522319654e+00 -7.615210547108620e-06
5.187500000000000e-01 1.434451446892208e+00 -6.554169621441655e-06
5.218750000000000e-01 1.457292586462593e+00 -6.326465342137181e-06
5.250000000000000e-01 1.480489517594354e+00 -6.370911250827129e-06
5.281250000000001e-01 1.504047903715979e+00 -5.244743765872257e-06
5.312500000000000e-01 1.527973496503592e+00 -6.078217859966265e-06
5.343750000000000e-01 1.552272137285215e+00 -4.842894812992420e-06
5.375000000000000e-01 1.576949758466886e+00 -5.426208962413376e-06
5.406250000000000e-01 1.602012384981041e+00 -5.190406311306679e-06
5.437500000000001e-01 1.627466135757470e+00 -4.694445798512284e-06
5.468750000000000e-01 1.653317225217225e+00 -5.723472969227665e-06
5.500000000000000e-01 1.679571964789851e+00 -4.544325316819707e-06
5.531250000000000e-01 1.706236764454286e+00 -5.807303379157774e-06
5.562500000000000e-01 1.733318134303830e+00 -5.390377412025574e-06
5.593750000000001e-01 1.760822686135563e+00 -5.503453946437545e-06
5.625000000000000e-01 1.788757135064574e+00 -6.652373803069974e-06
5.656250000000000e-01 1.817128301163438e+00 -5.653685463529700e-06
5.687500000000000e-01 1.845943111127301e+00 -7.350166559620787e-06
5.718750000000000e-01 1.875208599965003e+00 -6.954010484025952e-06
5.750000000000001e-01 1.904931912716643e+00 -7.353806483133320e-06
5.781250000000000e-01 1.935120306198011e+00 -8.791275066872958e-06
5.812500000000000e-01 1.965781150772311e+00 -7.742340137257117e-06
5.843750000000000e-01 1.996921932149593e+00 -9.770392326546011e-06
5.875000000000000e-01 2.028550253214365e+00 -9.516480374249937e-06
5.906250000000001e-01 2.060673835881802e+00 -9.762885233686243e-06
5.937500000000000e-01 2.093300522983012e+00 -1.162567760207335e-05
5.968750000000000e-01 2.126438280179837e+00 -1.041674994114561e-05
6.000000000000001e-01 2.160095197909630e+00 -1.236507579458338e-05
6.031250000000000e-01 2.194279493360494e+00 -1.259435462262520e-05
6.062500000000001e-01 2.228999512477486e+00 -1.209611902888635e-05
6.093750000000000e-01 2.264263732000228e+00 -1.452631178177537e-05
6.125000000000000e-01 2.300080761532477e+00 -1.316014115995995e-05
6.156250000000001e-01 2.336459345644116e+00 -1.437485093997060e-05
6.187500000000000e-01 2.373408366006099e+00 -1.565254950239907e-05
6.218750000000001e-01 2.410936843558884e+00 -1.398987394833535e-05
6.250000000000000e-01 2.449053940714840e+00 -1.648343123069371e-05
6.281250000000000e-01 2.487768963595221e+00 -1.593899479272349e-05
6.312500000000001e-01 2.527091364302215e+00 -1.520423975331732e-05
6.343750000000000e-01 2.567030743226622e+00 -1.788557145463422e-05
6.375000000000001e-01 2.607596851391758e+00 -1.579831605527210e-05
6.406250000000000e-01 2.648799592834118e+00 -1.659227210944020e-05
6.437500000000000e-01 2.690649027021411e+00 -1.839419177184528e-05
6.468750000000001e-01 2.733155371308524e+00 -1.561185758235427e-05
6.500000000000000e-01 2.776329003432049e+00 -1.776858811907566e-05
6.531250000000001e-01 2.820180464043967e+00 -1.821648871499677e-05
6.562500000000000e-01 2.864720459285089e+00 -1.544111390949521e-05
6.593750000000000e-01 2.909959863398929e+00 -1.855958564920807e-05
6.625000000000001e-01 2.955909721386590e+00 -1.758863971304911e-05
6.656250000000000e-01 3.002581251703353e+00 -1.524567079120758e-05
6.687500000000001e-01 3.049985848997626e+00 -1.890177656351051e-05
6.718750000000000e-01 3.098135086892879e+00 -1.676984877031186e-05
6.750000000000000e-01 3.147040720813310e+00 -1.484572512147979e-05
6.781250000000001e-01 3.196714690853871e+00 -1.890830636082677e-05
6.812500000000000e-01 3.247169124695383e+00 -1.588456241437566e-05
6.843750000000001e-01 3.298416340565477e+00 -1.412134108030629e-05
6.875000000000000e-01 3.350468850246008e+00 -1.864080028237312e-05
6.906250000000000e-01 3.403339362127777e+00 -1.509420484773366e-05
6.937500000000001e-01 3.457040784313211e+00 -1.289290807470735e-05
6.968750000000000e-01 3.511586227767823e+00 -1.812788343018383e-05
7.000000000000001e-01 3.566989009521205e+00 -1.454983637713805e-05
7.031250000000000e-01 3.623262655918307e+00 -1.108660837190535e-05
7.062500000000000e-01 3.680420905921852e+00 -1.712805198496582e-05
7.093750000000001e-01 3.738477714466631e+00 -1.454032930305019e-05
7.125000000000000e-01 3.797447255866536e+00 -8.755703755252380e-06
7.156250000000001e-01 3.857343927275175e+00 -1.508540068348560e-05
7.187500000000000e-01 3.918182352200844e+00 -1.522934118681990e-05
7.218750000000000e-01 3.979977384076828e+00 -6.556116414715653e-06
7.250000000000001e-01 4.042744109887770e+00 -1.104491640230158e-05
7.281250000000000e-01 4.106497853853101e+00 -1.613783203061930e-05
7.312500000000001e-01 4.171254181168399e+00 -6.014368408233551e-06
7.343750000000000e-01 4.237028901805528e+00 -4.538991521783994e-06
7.375000000000000e-01 4.303838074372613e+00 -1.488975700850663e-05
7.406250000000001e-01 4.371698010034643e+00 -8.970362225906607e-06
7.437500000000000e-01 4.440625276495786e+00 2.206516275451468e-06
7.468750000000001e-01 4.510636702044332e+00 -7.198697888659655e-06
7.500000000000000e-01 4.581749379661216e+00 -1.361173214782368e-05
7.531250000000000e-01 4.653980671193226e+00 2.287607142797879e-06
7.562500000000001e-01 4.727348211591802e+00 7.553862989938278e-06
7.593750000000000e-01 4.801869913218528e+00 -9.149397123443645e-06
7.625000000000001e-01 4.877563970218381e+00 -8.068788052925507e-06
7.656250000000000e-01 4.954448862961714e+00 1.481422807719158e-05
7.687500000000000e-01 5.032543362556198e+00 1.448760191908937e-05
7.718750000000001e-01 5.111866535429675e+00 -8.123428250927992e-06
7.750000000000000e-01 5.192437747985146e+00 -2.569037884110835e-06
7.781250000000001e-01 5.274276671329015e+00 2.917262388470648e-05
7.812500000000000e-01 5.357403286073669e+00 3.044496035317913e-05
7.843750000000000e-01 5.441837887215693e+00 -1.476859658307141e-06
7.875000000000001e-01 5.527601089090773e+00 -2.993863359903716e-06
7.906250000000000e-01 5.614713830406605e+00 4.174902759643228e-05
7.937500000000001e-01 5.703197379355005e+00 6.505054273111071e-05
7.968750000000000e-01 5.793073338804412e+00 2.747840785722979e-05
8.000000000000000e-01 5.884363651574169e+00 -8.876663735231120e-06
8.031250000000001e-01 5.977090605791737e+00 2.840580336775257e-05
8.062500000000000e-01 6.071276840334257e+00 1.054540327677998e-04
8.093750000000001e-01 6.166945350355728e+00 1.203844571279905e-04
8.125000000000000e-01 6.264119492901173e+00 4.710361741739333e-05
8.156250000000000e-01 6.362822992609162e+00 -1.591619447451463e-05
8.187500000000001e-01 6.463079947504072e+00 3.837641425136369e-05
8.218750000000000e-01 6.564914834879517e+00 1.884968728619823e-04
8.250000000000001e-01 6.668352517274371e+00 2.921172764929434e-04
8.281250000000000e-01 6.773418248542846e+00 2.318116977145631e-04
8.312500000000000e-01 6.880137680020114e+00 4.511739240288313e-05
8.343750000000001e-01 6.988536866784961e+00 -8.843966491869817e-05
8.375000000000000e-01 7.098642274021019e+00 1.249093119137535e-05
8.406250000000001e-01 7.210480783478133e+00 3.840589444761139e-04
8.437500000000000e-01 7.324079700035414e+00 8.716645823911989e-04
8.468750000000000e-01 7.439466758367605e+00 1.204023901475117e-03
8.500000000000001e-01 7.556670129716381e+00 1.124919711283298e-03
8.531250000000000e-01 7.675718428768239e+00 5.008773215452850e-04
8.562500000000001e-01 7.796640720640633e+00 -6.416500330064332e-04
8.593750000000000e-01 7.919466527978115e+00 -2.146995736830766e-03
8.625000000000000e-01 8.044225838160141e+00 -3.795701033020504e-03
8.656250000000001e-01 8.170949110622363e+00 -5.369975807515160e-03
8.687500000000000e-01 8.299667284293170e+00 -6.698601553438810e-03
8.718750000000001e-01 8.430411785147284e+00 -7.676076178829440e-03
8.750000000000000e-01 8.563214533878281e+00 -8.259944014734353e-03
8.781250000000000e-01 8.698107953691880e+00 -8.455207316294044e-03
8.812500000000001e-01 8.835124978221932e+00 -8.295713448661077e-03
8.843750000000000e-01 8.974299059571019e+00 -7.829829089661780e-03
8.875000000000001e-01 9.115664176477637e+00 -7.111910359624959e-03
8.906250000000000e-01 9.259254842611947e+00 -6.196859357060449e-03
8.937500000000000e-01 9.405106115002161e+00 -5.134920280079550e-03
8.968750000000001e-01 9.553253602593529e+00 -3.967291620001466e-03
9.000000000000000e-01 9.703733474942130e+00 -2.725287842249558e-03
9.031250000000001e-01 9.856582471045494e+00 -1.434834395170343e-03
9.062500000000000e-01 1.001183790831228e+01 -1.246574785869476e-04
9.093750000000000e-01 1.016953769167313e+01 1.165809794979898e-03
9.125000000000001e-01 1.032972032283505e+01 2.382787164304761e-03
9.156250000000000e-01 1.049242490968134e+01 3.460754918837846e-03
9.187500000000001e-01 1.065769117581972e+01 4.331011178912564e-03
9.218750000000000e-01 1.082555947028058e+01 4.934070842856495e-03
9.250000000000000e-01 1.099607077736805e+01 5.232633163849577e-03
9.281250000000001e-01 1.116926672666618e+01 5.221334444291226e-03
9.312500000000000e-01 1.134518960320255e+01 4.930032765340273e-03
9.343750000000001e-01 1.152388235777201e+01 4.419160006914698e-03
9.375000000000000e-01 1.170538861742293e+01 3.768256697236202e-03
9.406250000000000e-01 1.188975269610854e+01 3.061070785962236e-03
9.437500000000001e-01 1.207701960550600e+01 2.371505564231752e-03
9.468750000000000e-01 1.226723506600578e+01 1.753927760538651e-03
9.500000000000001e-01 1.246044551787411e+01 1.239433455165435e-03
9.531250000000000e-01 1.265669813259115e+01 8.375894547591273e-04
9.562500000000000e-01 1.285604082436773e+01 5.417523427513816e-04
9.593750000000001e-01 1.305852226184337e+01 3.356540461621386e-04
9.625000000000000e-01 1.326419187996850e+01 1.993694750141372e-04
9.656250000000001e-01 1.347309989207381e+01 1.136182699636463e-04
9.687500000000000e-01 1.368529730212962e+01 6.217253497879918e-05
9.718750000000000e-01 1.390083591719824e+01 3.269171414447866e-05
9.750000000000001e-01 1.411976836008246e+01 1.653033560960322e-05
9.781250000000000e-01 1.434214808217320e+01 8.043315293072076e-06
9.812500000000001e-01 1.456802937649935e+01 3.768652194282698e-06
9.843750000000000e-01 1.479746739098328e+01 1.701497806848332e-06
9.875000000000000e-01 1.503051814190487e+01 7.405223456636158e-07
9.906250000000001e-01 1.526723852757770e+01 3.112929393499687e-07
9.937500000000000e-01 1.550768634224049e+01 1.254692860907061e-07
9.968750000000001e-01 1.575192029016732e+01 5.103908272239142e-08
1.000000000000000e+00 1.600000000000000e+01 1.461572787418789e-08
