0.000000000000000e+00 0.000000000000000e+00 5.784281401881130e-03
3.125000000000000e-03 3.369263549427258e-03 5.766355441834785e-03
6.250000000000000e-03 6.739349689698711e-03 5.772939930622872e-03
9.375000000000001e-03 1.011108121249049e-02 5.767016497759055e-03
1.250000000000000e-02 1.348528131119160e-02 5.768044252519904e-03
1.562500000000000e-02 1.686277378188298e-02 5.763203628440651e-03
1.875000000000000e-02 2.024438322446370e-02 5.762162299020895e-03
2.187500000000000e-02 2.363093524397333e-02 5.756940174744673e-03
2.500000000000000e-02 2.702325665215984e-02 5.753736974329539e-03
2.812500000000000e-02 3.042217566934200e-02 5.748035459450340e-03
3.125000000000000e-02 3.382852212661575e-02 5.743370581463742e-03
3.437500000000000e-02 3.724312766845378e-02 5.736855892083958e-03
3.750000000000001e-02 4.066682595574785e-02 5.730652628968285e-03
4.062500000000000e-02 4.410045286934348e-02 5.723121924799891e-03
4.375000000000000e-02 4.754484671411652e-02 5.715644506188577e-03
4.687500000000000e-02 5.100084842364160e-02 5.706943152796307e-03
5.000000000000000e-02 5.446930176550237e-02 5.698059818562772e-03
5.312500000000001e-02 5.795105354729364e-02 5.687791820460950e-03
5.625000000000000e-02 6.144695382336569e-02 5.677940535812652e-03
5.937500000000000e-02 6.495785610236132e-02 5.666268047863225e-03
6.250000000000000e-02 6.848461755559625e-02 5.654980921798960e-03
6.562500000000000e-02 7.202809922633362e-02 5.641965873495341e-03
6.875000000000001e-02 7.558916624000402e-02 5.629162522480362e-03
7.187500000000001e-02 7.916868801542200e-02 5.614655479134176e-03
7.500000000000001e-02 8.276753847705080e-02 5.600142142987472e-03
7.812500000000000e-02 8.638659626836727e-02 5.584214365538730e-03
8.125000000000000e-02 9.002674496637868e-02 5.567993519071981e-03
8.437500000000001e-02 9.368887329734420e-02 5.550486123943867e-03
8.750000000000001e-02 9.737387535375355e-02 5.532536626850942e-03
9.062500000000001e-02 1.010826508126157e-01 5.513319198356400e-03
9.375000000000000e-02 1.048161051551108e-01 5.493438639870984e-03
9.687500000000000e-02 1.085751498876601e-01 5.472260129181190e-03
1.000000000000000e-01 1.123607027644654e-01 5.450519304236420e-03
1.031250000000000e-01 1.161736880115753e-01 5.427273195659877e-03
1.062500000000000e-01 1.200150365525305e-01 5.403519386642138e-03
1.093750000000000e-01 1.238856862356450e-01 5.378166472716731e-03
1.125000000000000e-01 1.277865820629775e-01 5.352137340172389e-03
1.156250000000000e-01 1.317186764210495e-01 5.324381173116896e-03
1.187500000000000e-01 1.356829293133661e-01 5.295900463427547e-03
1.218750000000000e-01 1.396803085947971e-01 5.265789511319849e-03
1.250000000000000e-01 1.437117902078738e-01 5.234673726352309e-03
1.281250000000000e-01 1.477783584210617e-01 5.201834646834282e-03
1.312500000000000e-01 1.518810060690650e-01 5.167941582789713e-03
1.343750000000000e-01 1.560207347952229e-01 5.132242587973622e-03
1.375000000000000e-01 1.601985552960564e-01 5.095307649215408e-03
1.406250000000000e-01 1.644154875680252e-01 5.056447794470335e-03
1.437500000000000e-01 1.686725611565558e-01 5.016202518057427e-03
1.468750000000000e-01 1.729708154074000e-01 4.973944539230168e-03
1.500000000000000e-01 1.773112997203869e-01 4.930156178789662e-03
1.531250000000000e-01 1.816950738056289e-01 4.884203572299283e-03
1.562500000000000e-01 1.861232079422458e-01 4.836526090102848e-03
1.593750000000000e-01 1.905967832396682e-01 4.786514792967108e-03
1.625000000000000e-01 1.951168919015860e-01 4.734617686736743e-03
1.656250000000000e-01 1.996846374926046e-01 4.680168852068498e-03
1.687500000000000e-01 2.043011352076760e-01 4.623724770644652e-03
1.718750000000000e-01 2.089675121443681e-01 4.564464750139340e-03
1.750000000000000e-01 2.136849075780412e-01 4.502973141377356e-03
1.781250000000000e-01 2.184544732399964e-01 4.438492861069851e-03
1.812500000000000e-01 2.232773735986666e-01 4.371389264908183e-03
1.843750000000000e-01 2.281547861439151e-01 4.301194443930349e-03
1.875000000000000e-01 2.330879016745160e-01 4.228037735690850e-03
1.906250000000000e-01 2.380779245888810e-01 4.151513573017082e-03
1.937500000000000e-01 2.431260731791094e-01 4.071772682687110e-03
1.968750000000000e-01 2.482335799284277e-01 3.988226866906341e-03
2.000000000000000e-01 2.534016918120952e-01 3.901231287503131e-03
2.031250000000000e-01 2.586316706018478e-01 3.810017450471711e-03
2.062500000000000e-01 2.639247931739538e-01 3.715009675974880e-03
2.093750000000000e-01 2.692823518209576e-01 3.615426610365655e-03
2.125000000000000e-01 2.747056545671873e-01 3.511488319820638e-03
2.156250000000000e-01 2.801960254881028e-01 3.402637626359800e-03
2.187500000000000e-01 2.857548050335636e-01 3.288951804838933e-03
2.218750000000000e-01 2.913833503550930e-01 3.169850383019885e-03
2.250000000000000e-01 2.970830356372213e-01 3.045417792875258e-03
2.281250000000000e-01 3.028552524329863e-01 2.914986941671043e-03
2.312500000000000e-01 3.087014100036755e-01 2.778579143144339e-03
2.343750000000000e-01 3.146229356628902e-01 2.635621617370903e-03
2.375000000000000e-01 3.206212751250189e-01 2.486125458871134e-03
2.406250000000000e-01 3.266978928582008e-01 2.329247014115418e-03
2.437500000000000e-01 3.328542724418705e-01 2.165129064130229e-03
2.468750000000000e-01 3.390919169289667e-01 1.992948538548329e-03
2.500000000000000e-01 3.454123492128958e-01 1.812630809303862e-03
2.531250000000000e-01 3.518171123993401e-01 1.623441710195990e-03
2.562500000000000e-01 3.583077701830001e-01 1.425198206621821e-03
2.593750000000000e-01 3.648859072293631e-01 1.217152431372781e-03
2.625000000000000e-01 3.715531295615936e-01 9.990464718697258e-04
2.656250000000000e-01 3.783110649526354e-01 7.700597018846347e-04
2.687500000000000e-01 3.851613633226258e-01 5.299582600749264e-04
2.718750000000000e-01 3.921056971417164e-01 2.777668569255751e-04
2.750000000000000e-01 3.991457618383991e-01 1.325018124134723e-05
2.781250000000000e-01 4.062832762134377e-01 -2.646234313180542e-04
2.812500000000000e-01 4.135199828595055e-01 -5.562162396082263e-04
2.843750000000000e-01 4.208576485866312e-01 -8.625274260044560e-04
2.875000000000000e-01 4.282980648535585e-01 -1.184081444818580e-03
2.906250000000000e-01 4.358430482051222e-01 -1.521888267517880e-03
2.937500000000000e-01 4.434944407157500e-01 -1.876535639542103e-03
2.968750000000000e-01 4.512541104391968e-01 -2.249162485878528e-03
3.000000000000000e-01 4.591239518646220e-01 -2.640340077814407e-03
3.031250000000000e-01 4.671058863791195e-01 -3.051340819526101e-03
3.062500000000000e-01 4.752018627368176e-01 -3.482790165992214e-03
3.093750000000000e-01 4.834138575346580e-01 -3.935972755817476e-03
3.125000000000000e-01 4.917438756949728e-01 -4.411665619206099e-03
3.156250000000000e-01 5.001939509549778e-01 -4.911118800546036e-03
3.187500000000000e-01 5.087661463633005e-01 -5.435201113039199e-03
3.218750000000000e-01 5.174625547836644e-01 -5.985224630928467e-03
3.250000000000000e-01 5.262852994058529e-01 -6.562019175692214e-03
3.281250000000000e-01 5.352365342640750e-01 -7.166993060670030e-03
3.312500000000000e-01 5.443184447628656e-01 -7.800949485453059e-03
3.343750000000000e-01 5.535332482106405e-01 -8.465255763781709e-03
3.375000000000000e-01 5.628831943610435e-01 -9.160771165576643e-03
3.406250000000000e-01 5.723705659622137e-01 -9.888725837662218e-03
3.437500000000000e-01 5.819976793141081e-01 -1.064994915783671e-02
3.468750000000000e-01 5.917668848340161e-01 -1.144559468710692e-02
3.500000000000000e-01 6.016805676304035e-01 -1.227629171546501e-02
3.531250000000000e-01 6.117411480852264e-01 -1.314309254400597e-02
3.562500000000000e-01 6.219510824448572e-01 -1.404641814292317e-02
3.593750000000000e-01 6.323128634197650e-01 -1.498701866273489e-02
3.625000000000000e-01 6.428290207931012e-01 -1.596512058679296e-02
3.656250000000000e-01 6.535021220383342e-01 -1.698107546314839e-02
3.687500000000000e-01 6.643347729460869e-01 -1.803472533466451e-02
3.718750000000000e-01 6.753296182603294e-01 -1.912604333007379e-02
3.750000000000000e-01 6.864893423240808e-01 -2.025432721756055e-02
3.781250000000000e-01 6.978166697347804e-01 -2.141900986740216e-02
3.812500000000000e-01 7.093143660094854e-01 -2.261886326329035e-02
3.843750000000000e-01 7.209852382600603e-01 -2.385257724690478e-02
3.875000000000000e-01 7.328321358785219e-01 -2.511828548693013e-02
3.906250000000000e-01 7.448579512327029e-01 -2.641394819831824e-02
3.937500000000000e-01 7.570656203724140e-01 -2.773687051936577e-02
3.968750000000000e-01 7.694581237462648e-01 -2.908422674846355e-02
4.000000000000000e-01 7.820384869293291e-01 -3.045254462944607e-02
4.031250000000000e-01 7.948097813618253e-01 -3.183806098251483e-02
4.062500000000000e-01 8.077751250989945e-01 -3.323655295103945e-02
4.093750000000000e-01 8.209376835723596e-01 -3.464343345339977e-02
4.125000000000000e-01 8.343006703625532e-01 -3.605366451373687e-02
4.156250000000000e-01 8.478673479838968e-01 -3.746196086846947e-02
4.187500000000000e-01 8.616410286809313e-01 -3.886268305684927e-02
4.218750000000000e-01 8.756250752370857e-01 -4.024989701701739e-02
4.250000000000000e-01 8.898229017956865e-01 -4.161756730758207e-02
4.281250000000000e-01 9.042379746935050e-01 -4.295945211530552e-02
4.312500000000000e-01 9.188738133070491e-01 -4.426925918832679e-02
4.343750000000000e-01 9.337339909118028e-01 -4.554072797248757e-02
4.375000000000000e-01 9.488221355546261e-01 -4.676771248076343e-02
4.406250000000000e-01 9.641419309395265e-01 -4.794416189999280e-02
4.437500000000000e-01 9.796971173270190e-01 -4.906432609416952e-02
4.468750000000000e-01 9.954914924472941e-01 -5.012278867115581e-02
4.500000000000000e-01 1.011528912427417e+00 -5.111442560145224e-02
4.531250000000000e-01 1.027813292732786e+00 -5.203461770386954e-02
4.562500000000000e-01 1.044348609123070e+00 -5.287918921376412e-02
4.593750000000000e-01 1.061138898622882e+00 -5.364451070523534e-02
4.625000000000000e-01 1.078188260507393e+00 -5.432737769984974e-02
4.656250000000000e-01 1.095500857303154e+00 -5.492529593875226e-02
4.687500000000000e-01 1.113080915804360e+00 -5.543617831404635e-02
4.718750000000000e-01 1.130932728104805e+00 -5.585857186643332e-02
4.750000000000000e-01 1.149060652645771e+00 -5.619145226469519e-02
4.781250000000000e-01 1.167469115280130e+00 -5.643446231561491e-02
4.812500000000000e-01 1.186162610352890e+00 -5.658754317816289e-02
4.843750000000000e-01 1.205145701798475e+00 -5.665121730805150e-02
4.875000000000000e-01 1.224423024254985e+00 -5.662632666346752e-02
4.906250000000000e-01 1.243999284195726e+00 -5.651420995016374e-02
4.937500000000000e-01 1.263879261078271e+00 -5.631637795475475e-02
4.968750000000000e-01 1.284067808511348e+00 -5.603477992281245e-02
5.000000000000000e-01 1.304569855439823e+00 -5.567153938161478e-02
5.031250000000000e-01 1.325390407348082e+00 -5.522908780368845e-02
5.062500000000000e-01 1.346534547482100e+00 -5.470991094053651e-02
5.093750000000000e-01 1.368007438090487e+00 -5.411677218453075e-02
5.125000000000001e-01 1.389814321684837e+00 -5.345248615750427e-02
5.156250000000000e-01 1.411960522319654e+00 -5.272002176281426e-02
5.187500000000000e-01 1.434451446892208e+00 -5.192230853527206e-02
5.218750000000000e-01 1.457292586462593e+00 -5.106241929788619e-02
5.250000000000000e-01 1.480489517594354e+00 -5.014339792724501e-02
5.281250000000001e-01 1.504047903715979e+00 -4.916834101395594e-02
5.312500000000000e-01 1.527973496503592e+00 -4.814024272097388e-02
5.343750000000000e-01 1.552272137285215e+00 -4.706214264286736e-02
5.375000000000000e-01 1.576949758466886e+00 -4.593700887381596e-02
5.406250000000000e-01 1.602012384981041e+00 -4.476781320493897e-02
5.437500000000001e-01 1.627466135757470e+00 -4.355739517029745e-02
5.468750000000000e-01 1.653317225217225e+00 -4.230857177165222e-02
5.500000000000000e-01 1.679571964789851e+00 -4.102406408446748e-02
5.531250000000000e-01 1.706236764454286e+00 -3.970658748099144e-02
5.562500000000000e-01 1.733318134303830e+00 -3.835873203849143e-02
5.593750000000001e-01 1.760822686135563e+00 -3.698303199649654e-02
5.625000000000000e-01 1.788757135064574e+00 -3.558190369385568e-02
5.656250000000000e-01 1.817128301163438e+00 -3.415775117582024e-02
5.687500000000000e-01 1.845943111127301e+00 -3.271288161141524e-02
5.718750000000000e-01 1.875208599965003e+00 -3.124957115868136e-02
5.750000000000001e-01 1.904931912716643e+00 -2.976998069201214e-02
5.781250000000000e-01 1.935120306198011e+00 -2.827623526890685e-02
5.812500000000000e-01 1.965781150772311e+00 -2.677036973278342e-02
5.843750000000000e-01 1.996921932149593e+00 -2.525442767164579e-02
5.875000000000000e-01 2.028550253214365e+00 -2.373037738535118e-02
5.906250000000001e-01 2.060673835881802e+00 -2.220019068640422e-02
5.937500000000000e-01 2.093300522983012e+00 -2.066576634369834e-02
5.968750000000000e-01 2.126438280179837e+00 -1.912900540788368e-02
6.000000000000001e-01 2.160095197909630e+00 -1.759175520618383e-02
6.031250000000000e-01 2.194279493360494e+00 -1.605590617302581e-02
6.062500000000001e-01 2.228999512477486e+00 -1.452331378933954e-02
6.093750000000000e-01 2.264263732000228e+00 -1.299591209491782e-02
6.125000000000000e-01 2.300080761532477e+00 -1.147561910310014e-02
6.156250000000001e-01 2.336459345644116e+00 -9.964442598352457e-03
6.187500000000000e-01 2.373408366006099e+00 -8.464408680418622e-03
6.218750000000001e-01 2.410936843558884e+00 -6.977640314587883e-03
6.250000000000000e-01 2.449053940714840e+00 -5.506325246890047e-03
6.281250000000000e-01 2.487768963595221e+00 -4.052766118192518e-03
6.312500000000001e-01 2.527091364302215e+00 -2.619378004618596e-03
6.343750000000000e-01 2.567030743226622e+00 -1.208720642282965e-03
6.375000000000001e-01 2.607596851391758e+00 1.764888097279341e-04
6.406250000000000e-01 2.648799592834118e+00 1.533351258741079e-03
6.437500000000000e-01 2.690649027021411e+00 2.858767083427569e-03
6.468750000000001e-01 2.733155371308524e+00 4.149414774336013e-03
6.500000000000000e-01 2.776329003432049e+00 5.401732110737921e-03
6.531250000000001e-01 2.820180464043967e+00 6.611898679642122e-03
6.562500000000000e-01 2.864720459285089e+00 7.775822121565870e-03
6.593750000000000e-01 2.909959863398929e+00 8.889129446647768e-03
6.625000000000001e-01 2.955909721386590e+00 9.947165872187988e-03
6.656250000000000e-01 3.002581251703353e+00 1.094500386804721e-02
6.687500000000001e-01 3.049985848997626e+00 1.187746569049137e-02
6.718750000000000e-01 3.098135086892879e+00 1.273916303732287e-02
6.750000000000000e-01 3.147040720813310e+00 1.352455765608111e-02
6.781250000000001e-01 3.196714690853871e+00 1.422804654779774e-02
6.812500000000000e-01 3.247169124695383e+00 1.484407468210687e-02
6.843750000000001e-01 3.298416340565477e+00 1.536727670519369e-02
6.875000000000000e-01 3.350468850246008e+00 1.579264690225226e-02
6.906250000000000e-01 3.403339362127777e+00 1.611573373501278e-02
6.937500000000001e-01 3.457040784313211e+00 1.633285187486735e-02
6.968750000000000e-01 3.511586227767823e+00 1.644130125403507e-02
7.000000000000001e-01 3.566989009521205e+00 1.643957985682439e-02
7.031250000000000e-01 3.623262655918307e+00 1.632757537378392e-02
7.062500000000000e-01 3.680420905921852e+00 1.610672089567497e-02
7.093750000000001e-01 3.738477714466631e+00 1.578010169234555e-02
7.125000000000000e-01 3.797447255866536e+00 1.535250360052660e-02
7.156250000000001e-01 3.857343927275175e+00 1.483039809334552e-02
7.187500000000000e-01 3.918182352200844e+00 1.422186396488075e-02
7.218750000000000e-01 3.979977384076828e+00 1.353644994002798e-02
7.250000000000001e-01 4.042744109887770e+00 1.278498576723359e-02
7.281250000000000e-01 4.106497853853101e+00 1.197935111570108e-02
7.312500000000001e-01 4.171254181168399e+00 1.113221188647356e-02
7.343750000000000e-01 4.237028901805528e+00 1.025673270934912e-02
7.375000000000000e-01 4.303838074372613e+00 9.366273037696455e-03
7.406250000000001e-01 4.371698010034643e+00 8.474073076655672e-03
7.437500000000000e-01 4.440625276495786e+00 7.592935416206044e-03
7.468750000000001e-01 4.510636702044332e+00 6.734909065178972e-03
7.500000000000000e-01 4.581749379661216e+00 5.910984585413341e-03
7.531250000000000e-01 4.653980671193226e+00 5.130811764578649e-03
7.562500000000001e-01 4.727348211591802e+00 4.402453937512073e-03
7.593750000000000e-01 4.801869913218528e+00 3.732194689499140e-03
7.625000000000001e-01 4.877563970218381e+00 3.124412357747075e-03
7.656250000000000e-01 4.954448862961714e+00 2.581534948378339e-03
7.687500000000000e-01 5.032543362556198e+00 2.104082802841734e-03
7.718750000000001e-01 5.111866535429675e+00 1.690799160707989e-03
7.750000000000000e-01 5.192437747985146e+00 1.338860728132305e-03
7.781250000000001e-01 5.274276671329015e+00 1.044152761146014e-03
7.812500000000000e-01 5.357403286073669e+00 8.015872443369571e-04
7.843750000000000e-01 5.441837887215693e+00 6.054394052284060e-04
7.875000000000001e-01 5.527601089090773e+00 4.496774814797266e-04
7.906250000000000e-01 5.614713830406605e+00 3.282632443107655e-04
7.937500000000001e-01 5.703197379355005e+00 2.354057026634778e-04
7.968750000000000e-01 5.793073338804412e+00 1.657567807518456e-04
8.000000000000000e-01 5.884363651574169e+00 1.145445684796137e-04
8.031250000000001e-01 5.977090605791737e+00 7.764604732840337e-05
8.062500000000000e-01 6.071276840334257e+00 5.160626293662988e-05
8.093750000000001e-01 6.166945350355728e+00 3.361431538257794e-05
8.125000000000000e-01 6.264119492901173e+00 2.144815053447822e-05
8.156250000000000e-01 6.362822992609162e+00 1.340011939517897e-05
8.187500000000001e-01 6.463079947504072e+00 8.193984237079480e-06
8.218750000000000e-01 6.564914834879517e+00 4.901948548357990e-06
8.250000000000001e-01 6.668352517274371e+00 2.867836866919320e-06
8.281250000000000e-01 6.773418248542846e+00 1.640146708955377e-06
8.312500000000000e-01 6.880137680020114e+00 9.166209290621421e-07
8.343750000000001e-01 6.988536866784961e+00 5.004006344205459e-07
8.375000000000000e-01 7.098642274021019e+00 2.667566130223248e-07
8.406250000000001e-01 7.210480783478133e+00 1.388149390097092e-07
8.437500000000000e-01 7.324079700035414e+00 7.049227450051911e-08
8.468750000000000e-01 7.439466758367605e+00 3.492191496933665e-08
8.500000000000001e-01 7.556670129716381e+00 1.687248203204085e-08
8.531250000000000e-01 7.675718428768239e+00 7.948107883920920e-09
8.562500000000001e-01 7.796640720640633e+00 3.649539614177689e-09
8.593750000000000e-01 7.919466527978115e+00 1.633028761879461e-09
8.625000000000000e-01 8.044225838160141e+00 7.119163785476611e-10
8.656250000000001e-01 8.170949110622363e+00 3.023065228842155e-10
8.687500000000000e-01 8.299667284293170e+00 1.250141914175810e-10
8.718750000000001e-01 8.430411785147284e+00 5.033615461277006e-11
8.750000000000000e-01 8.563214533878281e+00 1.973017640768616e-11
8.781250000000000e-01 8.698107953691880e+00 7.527294417872566e-12
8.812500000000001e-01 8.835124978221932e+00 2.794704951884407e-12
8.843750000000000e-01 8.974299059571019e+00 1.009623510385848e-12
8.875000000000001e-01 9.115664176477637e+00 3.548556213363334e-13
8.906250000000000e-01 9.259254842611947e+00 1.213276603567476e-13
8.937500000000000e-01 9.405106115002161e+00 4.034926984923089e-14
8.968750000000001e-01 9.553253602593529e+00 1.305075331025982e-14
9.000000000000000e-01 9.703733474942130e+00 4.105066178285703e-15
9.031250000000001e-01 9.856582471045494e+00 1.255608396822550e-15
9.062500000000000e-01 1.001183790831228e+01 3.734276594115259e-16
9.093750000000000e-01 1.016953769167313e+01 1.079815440731371e-16
9.125000000000001e-01 1.032972032283505e+01 3.035704902510334e-17
9.156250000000000e-01 1.049242490968134e+01 8.296906424106495e-18
9.187500000000001e-01 1.065769117581972e+01 2.204460944075522e-18
9.218750000000000e-01 1.082555947028058e+01 5.693827446511587e-19
9.250000000000000e-01 1.099607077736805e+01 1.429588204805708e-19
9.281250000000001e-01 1.116926672666618e+01 3.489107064438621e-20
9.312500000000000e-01 1.134518960320255e+01 8.277685737430400e-21
9.343750000000001e-01 1.152388235777201e+01 1.908938918240514e-21
9.375000000000000e-01 1.170538861742293e+01 4.279205678550981e-22
9.406250000000000e-01 1.188975269610854e+01 9.324470320689511e-23
9.437500000000001e-01 1.207701960550600e+01 1.975054393367628e-23
9.468750000000000e-01 1.226723506600578e+01 4.066622471156633e-24
9.500000000000001e-01 1.246044551787411e+01 8.139476825703410e-25
9.531250000000000e-01 1.265669813259115e+01 1.583713771079175e-25
9.562500000000000e-01 1.285604082436773e+01 2.995614162209706e-26
9.593750000000001e-01 1.305852226184337e+01 5.508546626352004e-27
9.625000000000000e-01 1.326419187996850e+01 9.847922677173428e-28
9.656250000000001e-01 1.347309989207381e+01 1.711687710456030e-28
9.687500000000000e-01 1.368529730212962e+01 2.892636666158814e-29
9.718750000000000e-01 1.390083591719824e+01 4.753035385843556e-30
9.750000000000001e-01 1.411976836008246e+01 7.594085648951140e-31
9.781250000000000e-01 1.434214808217320e+01 1.179852550503135e-31
9.812500000000001e-01 1.456802937649935e+01 1.782580974720545e-32
9.843750000000000e-01 1.479746739098328e+01 2.619162648682461e-33
9.875000000000000e-01 1.503051814190487e+01 3.742746287818560e-34
9.906250000000001e-01 1.526723852757770e+01 5.201958182792935e-35
9.937500000000000e-01 1.550768634224049e+01 7.025218817486660e-36
9.968750000000001e-01 1.575192029016732e+01 9.856893836478633e-37
1.000000000000000e+00 1.600000000000000e+01 -2.432498689497247e-37
