0.000000000000000e+00 0.000000000000000e+00 4.086059013973038e-03
3.125000000000000e-03 3.369263549427258e-03 4.068133003343996e-03
6.250000000000000e-03 6.739349689698711e-03 4.069225784168982e-03
9.375000000000001e-03 1.011108121249049e-02 4.062137899570870e-03
1.250000000000000e-02 1.348528131119160e-02 4.061275283433449e-03
1.562500000000000e-02 1.686277378188298e-02 4.053205091662442e-03
1.875000000000000e-02 2.024438322446370e-02 4.048775073635974e-03
2.187500000000000e-02 2.363093524397333e-02 4.039305071161505e-03
2.500000000000000e-02 2.702325665215984e-02 4.031208636616377e-03
2.812500000000000e-02 3.042217566934200e-02 4.020012950895645e-03
3.125000000000000e-02 3.382852212661575e-02 4.008948118075983e-03
3.437500000000000e-02 3.724312766845378e-02 3.995415838825690e-03
3.750000000000001e-02 4.066682595574785e-02 3.981164104772390e-03
4.062500000000000e-02 4.410045286934348e-02 3.965116956571237e-03
4.375000000000000e-02 4.754484671411652e-02 3.948480410849502e-03
4.687500000000000e-02 5.100084842364160e-02 3.929514881046769e-03
5.000000000000000e-02 5.446930176550237e-02 3.910194560110020e-03
5.312500000000001e-02 5.795105354729364e-02 3.888407339876893e-03
5.625000000000000e-02 6.144695382336569e-02 3.866168820506089e-03
5.937500000000000e-02 6.495785610236132e-02 3.841249191331531e-03
6.250000000000000e-02 6.848461755559625e-02 3.816080539388778e-03
6.562500000000000e-02 7.202809922633362e-02 3.788192624257518e-03
6.875000000000001e-02 7.558916624000402e-02 3.759761263936985e-03
7.187500000000001e-02 7.916868801542200e-02 3.728915322515928e-03
7.500000000000001e-02 8.276753847705080e-02 3.696972764554202e-03
7.812500000000000e-02 8.638659626836727e-02 3.662804748457704e-03
8.125000000000000e-02 9.002674496637868e-02 3.627227689126455e-03
8.437500000000001e-02 9.368887329734420e-02 3.589582846454814e-03
8.750000000000001e-02 9.737387535375355e-02 3.550388139438485e-03
9.062500000000001e-02 1.010826508126157e-01 3.508927908480922e-03
9.375000000000000e-02 1.048161051551108e-01 3.466011450647725e-03
9.687500000000000e-02 1.085751498876601e-01 3.420468085511533e-03
1.000000000000000e-01 1.123607027644654e-01 3.373421413723164e-03
1.031250000000000e-01 1.161736880115753e-01 3.323555357458211e-03
1.062500000000000e-01 1.200150365525305e-01 3.272198222422916e-03
1.093750000000000e-01 1.238856862356450e-01 3.217927121076512e-03
1.125000000000000e-01 1.277865820629775e-01 3.161781205090871e-03
1.156250000000000e-01 1.317186764210495e-01 3.102723507636456e-03
1.187500000000000e-01 1.356829293133661e-01 3.041530331416803e-03
1.218750000000000e-01 1.396803085947971e-01 2.977428063762714e-03
1.250000000000000e-01 1.437117902078738e-01 2.910795758909312e-03
1.281250000000000e-01 1.477783584210617e-01 2.841122399566975e-03
1.312500000000000e-01 1.518810060690650e-01 2.768841488348827e-03
1.343750000000000e-01 1.560207347952229e-01 2.693197727090826e-03
1.375000000000000e-01 1.601985552960564e-01 2.614815836928726e-03
1.406250000000000e-01 1.644154875680252e-01 2.532741302325896e-03
1.437500000000000e-01 1.686725611565558e-01 2.447690932039454e-03
1.468750000000000e-01 1.729708154074000e-01 2.358744153061451e-03
1.500000000000000e-01 1.773112997203869e-01 2.266514862165515e-03
1.531250000000000e-01 1.816950738056289e-01 2.170174053162245e-03
1.562500000000000e-01 1.861232079422458e-01 2.070216663809595e-03
1.593750000000000e-01 1.905967832396682e-01 1.965857230182562e-03
1.625000000000000e-01 1.951168919015860e-01 1.857516182373374e-03
1.656250000000000e-01 1.996846374926046e-01 1.744465812143097e-03
1.687500000000000e-01 2.043011352076760e-01 1.627085057682938e-03
1.718750000000000e-01 2.089675121443681e-01 1.504649115273970e-03
1.750000000000000e-01 2.136849075780412e-01 1.377453581260097e-03
1.781250000000000e-01 2.184544732399964e-01 1.244820425731378e-03
1.812500000000000e-01 2.232773735986666e-01 1.106954371269021e-03
1.843750000000000e-01 2.281547861439151e-01 9.632021865102782e-04
1.875000000000000e-01 2.330879016745160e-01 8.138652964551915e-04
1.906250000000000e-01 2.380779245888810e-01 6.580445392417300e-04
1.937500000000000e-01 2.431260731791094e-01 4.961674859150827e-04
1.968750000000000e-01 2.482335799284277e-01 3.272808179793788e-04
2.000000000000000e-01 2.534016918120952e-01 1.516425958714801e-04
2.031250000000000e-01 2.586316706018478e-01 -3.142256198835854e-05
2.062500000000000e-01 2.639247931739538e-01 -2.219304171171366e-04
2.093750000000000e-01 2.692823518209576e-01 -4.205218170490601e-04
2.125000000000000e-01 2.747056545671873e-01 -6.272005847805825e-04
2.156250000000000e-01 2.801960254881028e-01 -8.427479610180256e-04
2.187500000000000e-01 2.857548050335636e-01 -1.067026653542886e-03
2.218750000000000e-01 2.913833503550930e-01 -1.300960448372038e-03
2.250000000000000e-01 2.970830356372213e-01 -1.544519346668402e-03
2.281250000000000e-01 3.028552524329863e-01 -1.798553623684670e-03
2.312500000000000e-01 3.087014100036755e-01 -2.063015723116623e-03
2.343750000000000e-01 3.146229356628902e-01 -2.338886128270826e-03
2.375000000000000e-01 3.206212751250189e-01 -2.626277588630861e-03
2.406250000000000e-01 3.266978928582008e-01 -2.925965464670435e-03
2.437500000000000e-01 3.328542724418705e-01 -3.238207287146252e-03
2.468750000000000e-01 3.390919169289667e-01 -3.563885581124903e-03
2.500000000000000e-01 3.454123492128958e-01 -3.903208994434531e-03
2.531250000000000e-01 3.518171123993401e-01 -4.257167478558295e-03
2.562500000000000e-01 3.583077701830001e-01 -4.625949696751404e-03
2.593750000000000e-01 3.648859072293631e-01 -5.010635155971231e-03
2.625000000000000e-01 3.715531295615936e-01 -5.411468453658191e-03
2.656250000000000e-01 3.783110649526354e-01 -5.829492493463457e-03
2.687500000000000e-01 3.851613633226258e-01 -6.265103399305656e-03
2.718750000000000e-01 3.921056971417164e-01 -6.719286950180017e-03
2.750000000000000e-01 3.991457618383991e-01 -7.192521129667987e-03
2.781250000000000e-01 4.062832762134377e-01 -7.685846311978693e-03
2.812500000000000e-01 4.135199828595055e-01 -8.199700357646649e-03
2.843750000000000e-01 4.208576485866312e-01 -8.735235263849565e-03
2.875000000000000e-01 4.282980648535585e-01 -9.292858195898578e-03
2.906250000000000e-01 4.358430482051222e-01 -9.873729162020622e-03
2.937500000000000e-01 4.434944407157500e-01 -1.047833562417826e-02
2.968750000000000e-01 4.512541104391968e-01 -1.110773680500525e-02
3.000000000000000e-01 4.591239518646220e-01 -1.176249772158943e-02
3.031250000000000e-01 4.671058863791195e-01 -1.244362845782225e-02
3.062500000000000e-01 4.752018627368176e-01 -1.315162685351253e-02
3.093750000000000e-01 4.834138575346580e-01 -1.388753482088566e-02
3.125000000000000e-01 4.917438756949728e-01 -1.465172282227407e-02
3.156250000000000e-01 5.001939509549778e-01 -1.544517055265411e-02
3.187500000000000e-01 5.087661463633005e-01 -1.626820657878046e-02
3.218750000000000e-01 5.174625547836644e-01 -1.712159763651896e-02
3.250000000000000e-01 5.262852994058529e-01 -1.800561937692343e-02
3.281250000000000e-01 5.352365342640750e-01 -1.892084219790164e-02
3.312500000000000e-01 5.443184447628656e-01 -1.986731442937079e-02
3.343750000000000e-01 5.535332482106405e-01 -2.084545754794388e-02
3.375000000000000e-01 5.628831943610435e-01 -2.185502066517592e-02
3.406250000000000e-01 5.723705659622137e-01 -2.289612852623895e-02
3.437500000000000e-01 5.819976793141081e-01 -2.396829486104486e-02
3.468750000000000e-01 5.917668848340161e-01 -2.507119518148954e-02
3.500000000000000e-01 6.016805676304035e-01 -2.620401792025207e-02
3.531250000000000e-01 6.117411480852264e-01 -2.736602788895605e-02
3.562500000000000e-01 6.219510824448572e-01 -2.855590295879086e-02
3.593750000000000e-01 6.323128634197650e-01 -2.977246369482710e-02
3.625000000000000e-01 6.428290207931012e-01 -3.101389140823652e-02
3.656250000000000e-01 6.535021220383342e-01 -3.227837097591004e-02
3.687500000000000e-01 6.643347729460869e-01 -3.356361424729566e-02
3.718750000000000e-01 6.753296182603294e-01 -3.486715831226651e-02
3.750000000000000e-01 6.864893423240808e-01 -3.618609237753695e-02
3.781250000000000e-01 6.978166697347804e-01 -3.751738679186596e-02
3.812500000000000e-01 7.093143660094854e-01 -3.885751049179544e-02
3.843750000000000e-01 7.209852382600603e-01 -4.020276881352695e-02
3.875000000000000e-01 7.328321358785219e-01 -4.154915337782032e-02
3.906250000000000e-01 7.448579512327029e-01 -4.289234542204866e-02
3.937500000000000e-01 7.570656203724140e-01 -4.422782526419524e-02
3.968750000000000e-01 7.694581237462648e-01 -4.555087219595504e-02
4.000000000000000e-01 7.820384869293291e-01 -4.685655198881963e-02
4.031250000000000e-01 7.948097813618253e-01 -4.813979364843331e-02
4.062500000000000e-01 8.077751250989945e-01 -4.939551769433555e-02
4.093750000000000e-01 8.209376835723596e-01 -5.061848757651779e-02
4.125000000000000e-01 8.343006703625532e-01 -5.180355845356015e-02
4.156250000000000e-01 8.478673479838968e-01 -5.294565778971670e-02
4.187500000000000e-01 8.616410286809313e-01 -5.403980044656331e-02
4.218750000000000e-01 8.756250752370857e-01 -5.508118607876266e-02
4.250000000000000e-01 8.898229017956865e-01 -5.606528251454145e-02
4.281250000000000e-01 9.042379746935050e-01 -5.698781658343940e-02
4.312500000000000e-01 9.188738133070491e-01 -5.784477270013809e-02
4.343750000000000e-01 9.337339909118028e-01 -5.863262165311071e-02
4.375000000000000e-01 9.488221355546261e-01 -5.934810184730096e-02
4.406250000000000e-01 9.641419309395265e-01 -5.998843102308633e-02
4.437500000000000e-01 9.796971173270190e-01 -6.055118021142142e-02
4.468750000000000e-01 9.954914924472941e-01 -6.103448780608363e-02
4.500000000000000e-01 1.011528912427417e+00 -6.143673433573879e-02
4.531250000000000e-01 1.027813292732786e+00 -6.175690116053923e-02
4.562500000000000e-01 1.044348609123070e+00 -6.199426922583132e-02
4.593750000000000e-01 1.061138898622882e+00 -6.214863070475091e-02
4.625000000000000e-01 1.078188260507393e+00 -6.221999123976034e-02
4.656250000000000e-01 1.095500857303154e+00 -6.220891357016868e-02
4.687500000000000e-01 1.113080915804360e+00 -6.211613613973464e-02
4.718750000000000e-01 1.130932728104805e+00 -6.194280274989665e-02
4.750000000000000e-01 1.149060652645771e+00 -6.169021152890365e-02
4.781250000000000e-01 1.167469115280130e+00 -6.136007702460831e-02
4.812500000000000e-01 1.186162610352890e+00 -6.095417149373579e-02
4.843750000000000e-01 1.205145701798475e+00 -6.047455364049802e-02
4.875000000000000e-01 1.224423024254985e+00 -5.992335806645122e-02
4.906250000000000e-01 1.243999284195726e+00 -5.930298462285257e-02
4.937500000000000e-01 1.263879261078271e+00 -5.861580386391048e-02
4.968750000000000e-01 1.284067808511348e+00 -5.786436084563232e-02
5.000000000000000e-01 1.304569855439823e+00 -5.705120550807903e-02
5.031250000000000e-01 1.325390407348082e+00 -5.617903567770907e-02
5.062500000000000e-01 1.346534547482100e+00 -5.525046416666322e-02
5.093750000000000e-01 1.368007438090487e+00 -5.426818571460205e-02
5.125000000000001e-01 1.389814321684837e+00 -5.323484932739513e-02
5.156250000000000e-01 1.411960522319654e+00 -5.215317828158941e-02
5.187500000000000e-01 1.434451446892208e+00 -5.102578291925954e-02
5.218750000000000e-01 1.457292586462593e+00 -4.985528639504352e-02
5.250000000000000e-01 1.480489517594354e+00 -4.864423243125776e-02
5.281250000000001e-01 1.504047903715979e+00 -4.739520183584139e-02
5.312500000000000e-01 1.527973496503592e+00 -4.611066093465283e-02
5.343750000000000e-01 1.552272137285215e+00 -4.479304678654408e-02
5.375000000000000e-01 1.576949758466886e+00 -4.344469088420426e-02
5.406250000000000e-01 1.602012384981041e+00 -4.206794057908986e-02
5.437500000000001e-01 1.627466135757470e+00 -4.066504739711542e-02
5.468750000000000e-01 1.653317225217225e+00 -3.923823125320258e-02
5.500000000000000e-01 1.679571964789851e+00 -3.778959250702736e-02
5.531250000000000e-01 1.706236764454286e+00 -3.632121764960204e-02
5.562500000000000e-01 1.733318134303830e+00 -3.483511000653638e-02
5.593750000000001e-01 1.760822686135563e+00 -3.333327637338773e-02
5.625000000000000e-01 1.788757135064574e+00 -3.181762549707172e-02
5.656250000000000e-01 1.817128301163438e+00 -3.029003838960983e-02
5.687500000000000e-01 1.845943111127301e+00 -2.875230497215400e-02
5.718750000000000e-01 1.875208599965003e+00 -2.720622547085744e-02
5.750000000000001e-01 1.904931912716643e+00 -2.565353325637354e-02
5.781250000000000e-01 1.935120306198011e+00 -2.409598767924016e-02
5.812500000000000e-01 1.965781150772311e+00 -2.253528127200780e-02
5.843750000000000e-01 1.996921932149593e+00 -2.097311608038368e-02
5.875000000000000e-01 2.028550253214365e+00 -1.941113816705427e-02
5.906250000000001e-01 2.060673835881802e+00 -1.785102734210533e-02
5.937500000000000e-01 2.093300522983012e+00 -1.629442532063645e-02
5.968750000000000e-01 2.126438280179837e+00 -1.474304849869522e-02
6.000000000000001e-01 2.160095197909630e+00 -1.319858842661777e-02
6.031250000000000e-01 2.194279493360494e+00 -1.166282811582967e-02
6.062500000000001e-01 2.228999512477486e+00 -1.013754969969248e-02
6.093750000000000e-01 2.264263732000228e+00 -8.624628348457978e-03
6.125000000000000e-01 2.300080761532477e+00 -7.125977913517164e-03
6.156250000000001e-01 2.336459345644116e+00 -5.643612670236266e-03
6.187500000000000e-01 2.373408366006099e+00 -4.179629798134174e-03
6.218750000000001e-01 2.410936843558884e+00 -2.736246496207105e-03
6.250000000000000e-01 2.449053940714840e+00 -1.315804254407358e-03
6.281250000000000e-01 2.487768963595221e+00 7.920650366595615e-05
6.312500000000001e-01 2.527091364302215e+00 1.446132545807388e-03
6.343750000000000e-01 2.567030743226622e+00 2.782137856795147e-03
6.375000000000001e-01 2.607596851391758e+00 4.084186892688460e-03
6.406250000000000e-01 2.648799592834118e+00 5.349027112816652e-03
6.437500000000000e-01 2.690649027021411e+00 6.573173728199714e-03
6.468750000000001e-01 2.733155371308524e+00 7.752896734735373e-03
6.500000000000000e-01 2.776329003432049e+00 8.884212048825757e-03
6.531250000000001e-01 2.820180464043967e+00 9.962878303783394e-03
6.562500000000000e-01 2.864720459285089e+00 1.098440151789763e-02
6.593750000000000e-01 2.909959863398929e+00 1.194405013367615e-02
6.625000000000001e-01 2.955909721386590e+00 1.283688331603511e-02
6.656250000000000e-01 3.002581251703353e+00 1.365779560866541e-02
6.687500000000001e-01 3.049985848997626e+00 1.440158105736691e-02
6.718750000000000e-01 3.098135086892879e+00 1.506301956393964e-02
6.750000000000000e-01 3.147040720813310e+00 1.563698741586899e-02
6.781250000000001e-01 3.196714690853871e+00 1.611859254273095e-02
6.812500000000000e-01 3.247169124695383e+00 1.650333305597371e-02
6.843750000000001e-01 3.298416340565477e+00 1.678727512828985e-02
6.875000000000000e-01 3.350468850246008e+00 1.696724350322005e-02
6.906250000000000e-01 3.403339362127777e+00 1.704101527348256e-02
6.937500000000001e-01 3.457040784313211e+00 1.700750548803932e-02
6.968750000000000e-01 3.511586227767823e+00 1.686693208789856e-02
7.000000000000001e-01 3.566989009521205e+00 1.662094794389660e-02
7.031250000000000e-01 3.623262655918307e+00 1.627272946379120e-02
7.062500000000000e-01 3.680420905921852e+00 1.582701416566815e-02
7.093750000000001e-01 3.738477714466631e+00 1.529008334667687e-02
7.125000000000000e-01 3.797447255866536e+00 1.466968992103085e-02
7.156250000000001e-01 3.857343927275175e+00 1.397493504673023e-02
7.187500000000000e-01 3.918182352200844e+00 1.321609980899782e-02
7.218750000000000e-01 3.979977384076828e+00 1.240443970344946e-02
7.250000000000001e-01 4.042744109887770e+00 1.155194995996664e-02
7.281250000000000e-01 4.106497853853101e+00 1.067110912880361e-02
7.312500000000001e-01 4.171254181168399e+00 9.774607271617924e-03
7.343750000000000e-01 4.237028901805528e+00 8.875064111376131e-03
7.375000000000000e-01 4.303838074372613e+00 7.984742106730757e-03
7.406250000000001e-01 4.371698010034643e+00 7.115259966263739e-03
7.437500000000000e-01 4.440625276495786e+00 6.277313662761829e-03
7.468750000000001e-01 4.510636702044332e+00 5.480414270199391e-03
7.500000000000000e-01 4.581749379661216e+00 4.732654343074501e-03
7.531250000000000e-01 4.653980671193226e+00 4.040516317290043e-03
7.562500000000001e-01 4.727348211591802e+00 3.408736761457197e-03
7.593750000000000e-01 4.801869913218528e+00 2.840238686622134e-03
7.625000000000001e-01 4.877563970218381e+00 2.336140357148388e-03
7.656250000000000e-01 4.954448862961714e+00 1.895843431561587e-03
7.687500000000000e-01 5.032543362556198e+00 1.517196526532704e-03
7.718750000000001e-01 5.111866535429675e+00 1.196723447871937e-03
7.750000000000000e-01 5.192437747985146e+00 9.298994397620815e-04
7.781250000000001e-01 5.274276671329015e+00 7.114547737301210e-04
7.812500000000000e-01 5.357403286073669e+00 5.356833980068147e-04
7.843750000000000e-01 5.441837887215693e+00 3.967353330695201e-04
7.875000000000001e-01 5.527601089090773e+00 2.888747472390748e-04
7.906250000000000e-01 5.614713830406605e+00 2.066905644015035e-04
7.937500000000001e-01 5.703197379355005e+00 1.452522426698992e-04
7.968750000000000e-01 5.793073338804412e+00 1.002091833466955e-04
8.000000000000000e-01 5.884363651574169e+00 6.783735459831994e-05
8.031250000000001e-01 5.977090605791737e+00 4.504061939870292e-05
8.062500000000000e-01 6.071276840334257e+00 2.931667231340486e-05
8.093750000000001e-01 6.166945350355728e+00 1.869839755554499e-05
8.125000000000000e-01 6.264119492901173e+00 1.168105492461275e-05
8.156250000000000e-01 6.362822992609162e+00 7.144314912294874e-06
8.187500000000001e-01 6.463079947504072e+00 4.276194501928832e-06
8.218750000000000e-01 6.564914834879517e+00 2.503773323366626e-06
8.250000000000001e-01 6.668352517274371e+00 1.433509996143853e-06
8.281250000000000e-01 6.773418248542846e+00 8.022456888774720e-07
8.312500000000000e-01 6.880137680020114e+00 4.386855267170112e-07
8.343750000000001e-01 6.988536866784961e+00 2.343054774652576e-07
8.375000000000000e-01 7.098642274021019e+00 1.221925074475708e-07
8.406250000000001e-01 7.210480783478133e+00 6.220071876542655e-08
8.437500000000000e-01 7.324079700035414e+00 3.089559762618908e-08
8.468750000000000e-01 7.439466758367605e+00 1.496979618731831e-08
8.500000000000001e-01 7.556670129716381e+00 7.073380954446152e-09
8.531250000000000e-01 7.675718428768239e+00 3.258441541912543e-09
8.562500000000001e-01 7.796640720640633e+00 1.463020586906014e-09
8.593750000000000e-01 7.919466527978115e+00 6.400891342768916e-10
8.625000000000000e-01 8.044225838160141e+00 2.728210167321187e-10
8.656250000000001e-01 8.170949110622363e+00 1.132573092078437e-10
8.687500000000000e-01 8.299667284293170e+00 4.578415131056400e-11
8.718750000000001e-01 8.430411785147284e+00 1.801937537916763e-11
8.750000000000000e-01 8.563214533878281e+00 6.903361142137925e-12
8.781250000000000e-01 8.698107953691880e+00 2.573972008698775e-12
8.812500000000001e-01 8.835124978221932e+00 9.339007988067574e-13
8.843750000000000e-01 8.974299059571019e+00 3.296763790102522e-13
8.875000000000001e-01 9.115664176477637e+00 1.132156586444754e-13
8.906250000000000e-01 9.259254842611947e+00 3.781838495990609e-14
8.937500000000000e-01 9.405106115002161e+00 1.228649917328781e-14
8.968750000000001e-01 9.553253602593529e+00 3.881837902525788e-15
9.000000000000000e-01 9.703733474942130e+00 1.192587862975077e-15
9.031250000000001e-01 9.856582471045494e+00 3.562467917224503e-16
9.062500000000000e-01 1.001183790831228e+01 1.034634493708092e-16
9.093750000000000e-01 1.016953769167313e+01 2.921258638508128e-17
9.125000000000001e-01 1.032972032283505e+01 8.018173353163430e-18
9.156250000000000e-01 1.049242490968134e+01 2.139351067971051e-18
9.187500000000001e-01 1.065769117581972e+01 5.548454258961816e-19
9.218750000000000e-01 1.082555947028058e+01 1.398719508820784e-19
9.250000000000000e-01 1.099607077736805e+01 3.427254008075351e-20
9.281250000000001e-01 1.116926672666618e+01 8.162256615836504e-21
9.312500000000000e-01 1.134518960320255e+01 1.889367666770463e-21
9.343750000000001e-01 1.152388235777201e+01 4.250711074022056e-22
9.375000000000000e-01 1.170538861742293e+01 9.294897817994925e-23
9.406250000000000e-01 1.188975269610854e+01 1.975454181347709e-23
9.437500000000001e-01 1.207701960550600e+01 4.080676756883782e-24
9.468750000000000e-01 1.226723506600578e+01 8.193057094907369e-25
9.500000000000001e-01 1.246044551787411e+01 1.598880268484063e-25
9.531250000000000e-01 1.265669813259115e+01 3.032854280243349e-26
9.562500000000000e-01 1.285604082436773e+01 5.591959067509236e-27
9.593750000000001e-01 1.305852226184337e+01 1.002226975971447e-27
9.625000000000000e-01 1.326419187996850e+01 1.746112452835722e-28
9.656250000000001e-01 1.347309989207381e+01 2.957318701560325e-29
9.687500000000000e-01 1.368529730212962e+01 4.869237575472223e-30
9.718750000000000e-01 1.390083591719824e+01 7.794335175215246e-31
9.750000000000001e-01 1.411976836008246e+01 1.213031256911937e-31
9.781250000000000e-01 1.434214808217320e+01 1.835525027705397e-32
9.812500000000001e-01 1.456802937649935e+01 2.700633430221887e-33
9.843750000000000e-01 1.479746739098328e+01 3.863763313633018e-34
9.875000000000000e-01 1.503051814190487e+01 5.375491680169336e-35
9.906250000000001e-01 1.526723852757770e+01 7.273135493705846e-36
9.937500000000000e-01 1.550768634224049e+01 9.561314421793977e-37
9.968750000000001e-01 1.575192029016732e+01 1.305519283242005e-37
1.000000000000000e+00 1.600000000000000e+01 -3.271245040895827e-38
