0.000000000000000e+00 0.000000000000000e+00 1.927842260158702e-05
3.125000000000000e-03 3.369263549427258e-03 1.352451815909117e-06
6.250000000000000e-03 6.739349689698711e-03 9.354435609219391e-06
9.375000000000001e-03 1.011108121249049e-02 5.313357916937770e-06
1.250000000000000e-02 1.348528131119160e-02 6.660109541316591e-06
1.562500000000000e-02 1.686277378188298e-02 4.019251763035190e-06
1.875000000000000e-02 2.024438322446370e-02 6.546905667573987e-06
2.187500000000000e-02 2.363093524397333e-02 4.762818620933306e-06
2.500000000000000e-02 2.702325665215984e-02 6.082518542528127e-06
2.812500000000000e-02 3.042217566934200e-02 4.756914355485762e-06
3.125000000000000e-02 3.382852212661575e-02 5.979668245467302e-06
3.437500000000000e-02 3.724312766845378e-02 4.453871526168943e-06
3.750000000000001e-02 4.066682595574785e-02 5.875581003254048e-06
4.062500000000000e-02 4.410045286934348e-02 4.529286488431449e-06
4.375000000000000e-02 4.754484671411652e-02 5.571985626789006e-06
4.687500000000000e-02 5.100084842364160e-02 4.452348755572857e-06
5.000000000000000e-02 5.446930176550237e-02 5.344747471398793e-06
5.312500000000001e-02 5.795105354729364e-02 4.452137219985686e-06
5.625000000000000e-02 6.144695382336569e-02 5.160365434982552e-06
5.937500000000000e-02 6.495785610236132e-02 4.353636425865979e-06
6.250000000000000e-02 6.848461755559625e-02 5.011146299659134e-06
6.562500000000000e-02 7.202809922633362e-02 4.406914487641404e-06
6.875000000000001e-02 7.558916624000402e-02 4.992335308617485e-06
7.187500000000001e-02 7.916868801542200e-02 4.516361109047684e-06
7.500000000000001e-02 8.276753847705080e-02 4.959722473544230e-06
7.812500000000000e-02 8.638659626836727e-02 4.533251777533748e-06
8.125000000000000e-02 9.002674496637868e-02 4.837082011600973e-06
8.437500000000001e-02 9.368887329734420e-02 4.455521677606428e-06
8.750000000000001e-02 9.737387535375355e-02 4.696942731191302e-06
9.062500000000001e-02 1.010826508126157e-01 4.442972998663587e-06
9.375000000000000e-02 1.048161051551108e-01 4.697037596335218e-06
9.687500000000000e-02 1.085751498876601e-01 4.507695349859745e-06
1.000000000000000e-01 1.123607027644654e-01 4.645577775717236e-06
1.031250000000000e-01 1.161736880115753e-01 4.501477248302213e-06
1.062500000000000e-01 1.200150365525305e-01 4.563693252790242e-06
1.093750000000000e-01 1.238856862356450e-01 4.404575686483031e-06
1.125000000000000e-01 1.277865820629775e-01 4.447188827154261e-06
1.156250000000000e-01 1.317186764210495e-01 4.347092552398748e-06
1.187500000000000e-01 1.356829293133661e-01 4.322442196537073e-06
1.218750000000000e-01 1.396803085947971e-01 4.249655329575427e-06
1.250000000000000e-01 1.437117902078738e-01 4.194068337756690e-06
1.281250000000000e-01 1.477783584210617e-01 4.153367138393633e-06
1.312500000000000e-01 1.518810060690650e-01 4.151325472645163e-06
1.343750000000000e-01 1.560207347952229e-01 4.105156792739497e-06
1.375000000000000e-01 1.601985552960564e-01 4.044606615011451e-06
1.406250000000000e-01 1.644154875680252e-01 3.977294123000902e-06
1.437500000000000e-01 1.686725611565558e-01 4.006770319391475e-06
1.468750000000000e-01 1.729708154074000e-01 3.900598220952012e-06
1.500000000000000e-01 1.773112997203869e-01 3.903953537521665e-06
1.531250000000000e-01 1.816950738056289e-01 3.802082595956603e-06
1.562500000000000e-01 1.861232079422458e-01 3.834800460213700e-06
1.593750000000000e-01 1.905967832396682e-01 3.700073498504638e-06
1.625000000000000e-01 1.951168919015860e-01 3.748337306262951e-06
1.656250000000000e-01 1.996846374926046e-01 3.577569274800183e-06
1.687500000000000e-01 2.043011352076760e-01 3.688295054388229e-06
1.718750000000000e-01 2.089675121443681e-01 3.488181043268164e-06
1.750000000000000e-01 2.136849075780412e-01 3.600233669705201e-06
1.781250000000000e-01 2.184544732399964e-01 3.391235161278997e-06
1.812500000000000e-01 2.232773735986666e-01 3.512154639745770e-06
1.843750000000000e-01 2.281547861439151e-01 3.271467305936259e-06
1.875000000000000e-01 2.330879016745160e-01 3.344868136596470e-06
1.906250000000000e-01 2.380779245888810e-01 3.126218880618590e-06
1.937500000000000e-01 2.431260731791094e-01 3.230911844087262e-06
1.968750000000000e-01 2.482335799284277e-01 3.002217715125935e-06
2.000000000000000e-01 2.534016918120952e-01 3.115270817649942e-06
2.031250000000000e-01 2.586316706018478e-01 2.885827800593554e-06
2.062500000000000e-01 2.639247931739538e-01 2.962166554111666e-06
2.093750000000000e-01 2.692823518209576e-01 2.744007038913617e-06
2.125000000000000e-01 2.747056545671873e-01 2.841495219082824e-06
2.156250000000000e-01 2.801960254881028e-01 2.680602826254142e-06
2.187500000000000e-01 2.857548050335636e-01 2.683638557809786e-06
2.218750000000000e-01 2.913833503550930e-01 2.539613950184017e-06
2.250000000000000e-01 2.970830356372213e-01 2.581971620839548e-06
2.281250000000000e-01 3.028552524329863e-01 2.405154982776811e-06
2.312500000000000e-01 3.087014100036755e-01 2.420860879754635e-06
2.343750000000000e-01 3.146229356628902e-01 2.280085798380010e-06
2.375000000000000e-01 3.206212751250189e-01 2.283721882570788e-06
2.406250000000000e-01 3.266978928582008e-01 2.146527249569001e-06
2.437500000000000e-01 3.328542724418705e-01 2.136369510498481e-06
2.468750000000000e-01 3.390919169289667e-01 2.007827360635007e-06
2.500000000000000e-01 3.454123492128958e-01 1.977700761899250e-06
2.531250000000000e-01 3.518171123993401e-01 1.915068845506315e-06
2.562500000000000e-01 3.583077701830001e-01 1.859325409317620e-06
2.593750000000000e-01 3.648859072293631e-01 1.741250368964426e-06
2.625000000000000e-01 3.715531295615936e-01 1.726637146766677e-06
2.656250000000000e-01 3.783110649526354e-01 1.613190329687340e-06
2.687500000000000e-01 3.851613633226258e-01 1.626207668791889e-06
2.718750000000000e-01 3.921056971417164e-01 1.507622941496730e-06
2.750000000000000e-01 3.991457618383991e-01 1.494492051912181e-06
2.781250000000000e-01 4.062832762134377e-01 1.403817259936526e-06
2.812500000000000e-01 4.135199828595055e-01 1.384352401369275e-06
2.843750000000000e-01 4.208576485866312e-01 1.281126306490652e-06
2.875000000000000e-01 4.282980648535585e-01 1.317956020698231e-06
2.906250000000000e-01 4.358430482051222e-01 1.206668479411726e-06
2.937500000000000e-01 4.434944407157500e-01 1.229085957562559e-06
2.968750000000000e-01 4.512541104391968e-01 1.140690517708763e-06
3.000000000000000e-01 4.591239518646220e-01 1.146903989893363e-06
3.031250000000000e-01 4.671058863791195e-01 1.070714136724204e-06
3.062500000000000e-01 4.752018627368176e-01 1.120903704375047e-06
3.093750000000000e-01 4.834138575346580e-01 1.032625824127227e-06
3.125000000000000e-01 4.917438756949728e-01 1.082612971006791e-06
3.156250000000000e-01 5.001939509549778e-01 1.010803472175431e-06
3.187500000000000e-01 5.087661463633005e-01 1.102108102314610e-06
3.218750000000000e-01 5.174625547836644e-01 1.056110687353067e-06
3.250000000000000e-01 5.262852994058529e-01 1.137053220795300e-06
3.281250000000000e-01 5.352365342640750e-01 1.126199322513463e-06
3.312500000000000e-01 5.443184447628656e-01 1.217251797691626e-06
3.343750000000000e-01 5.535332482106405e-01 1.203561848251814e-06
3.375000000000000e-01 5.628831943610435e-01 1.315229510015295e-06
3.406250000000000e-01 5.723705659622137e-01 1.334622285702971e-06
3.437500000000000e-01 5.819976793141081e-01 1.455957489387169e-06
3.468750000000000e-01 5.917668848340161e-01 1.537600640521381e-06
3.500000000000000e-01 6.016805676304035e-01 1.681900989185192e-06
3.531250000000000e-01 6.117411480852264e-01 1.794066843612136e-06
3.562500000000000e-01 6.219510824448572e-01 1.962049488171002e-06
3.593750000000000e-01 6.323128634197650e-01 2.102400465974026e-06
3.625000000000000e-01 6.428290207931012e-01 2.277070047969987e-06
3.656250000000000e-01 6.535021220383342e-01 2.454572517448234e-06
3.687500000000000e-01 6.643347729460869e-01 2.682579799380411e-06
3.718750000000000e-01 6.753296182603294e-01 2.879302328531848e-06
3.750000000000000e-01 6.864893423240808e-01 3.176426955572763e-06
3.781250000000000e-01 6.978166697347804e-01 3.406079840161546e-06
3.812500000000000e-01 7.093143660094854e-01 3.751724617607995e-06
3.843750000000000e-01 7.209852382600603e-01 3.989896380445938e-06
3.875000000000000e-01 7.328321358785219e-01 4.407329076054863e-06
3.906250000000000e-01 7.448579512327029e-01 4.710194506778657e-06
3.937500000000000e-01 7.570656203724140e-01 5.145964417213545e-06
3.968750000000000e-01 7.694581237462648e-01 5.496480213447905e-06
4.000000000000000e-01 7.820384869293291e-01 5.971686608449403e-06
4.031250000000000e-01 7.948097813618253e-01 6.424377834634911e-06
4.062500000000000e-01 8.077751250989945e-01 6.923184066466555e-06
4.093750000000000e-01 8.209376835723596e-01 7.449944088141218e-06
4.125000000000000e-01 8.343006703625532e-01 7.982612804730819e-06
4.156250000000000e-01 8.478673479838968e-01 8.563336751889475e-06
4.187500000000000e-01 8.616410286809313e-01 9.163795412663617e-06
4.218750000000000e-01 8.756250752370857e-01 9.774446320266166e-06
4.250000000000000e-01 8.898229017956865e-01 1.047804752411042e-05
4.281250000000000e-01 9.042379746935050e-01 1.112006989662922e-05
4.312500000000000e-01 9.188738133070491e-01 1.190852896038482e-05
4.343750000000000e-01 9.337339909118028e-01 1.259697936667049e-05
4.375000000000000e-01 9.488221355546261e-01 1.342464038377686e-05
4.406250000000000e-01 9.641419309395265e-01 1.419011765885193e-05
4.437500000000000e-01 9.796971173270190e-01 1.504880018272783e-05
4.468750000000000e-01 9.954914924472941e-01 1.590578101920819e-05
4.500000000000000e-01 1.011528912427417e+00 1.680392943303300e-05
4.531250000000000e-01 1.027813292732786e+00 1.771632000308756e-05
4.562500000000000e-01 1.044348609123070e+00 1.866080649532146e-05
4.593750000000000e-01 1.061138898622882e+00 1.960130433152228e-05
4.625000000000000e-01 1.078188260507393e+00 2.061271352149752e-05
4.656250000000000e-01 1.095500857303154e+00 2.159923612003666e-05
4.687500000000000e-01 1.113080915804360e+00 2.264863971446255e-05
4.718750000000000e-01 1.130932728104805e+00 2.367270192459518e-05
4.750000000000000e-01 1.149060652645771e+00 2.473683170479712e-05
4.781250000000000e-01 1.167469115280130e+00 2.577690429424750e-05
4.812500000000000e-01 1.186162610352890e+00 2.690325144905192e-05
4.843750000000000e-01 1.205145701798475e+00 2.794716199660690e-05
4.875000000000000e-01 1.224423024254985e+00 2.908190352072414e-05
4.906250000000000e-01 1.243999284195726e+00 3.014753750177199e-05
4.937500000000000e-01 1.263879261078271e+00 3.124387290794001e-05
4.968750000000000e-01 1.284067808511348e+00 3.236570967495618e-05
5.000000000000000e-01 1.304569855439823e+00 3.344189872524529e-05
5.031250000000000e-01 1.325390407348082e+00 3.450748328962652e-05
5.062500000000000e-01 1.346534547482100e+00 3.561289452615773e-05
5.093750000000000e-01 1.368007438090487e+00 3.664845364474044e-05
5.125000000000001e-01 1.389814321684837e+00 3.772641014602634e-05
5.156250000000000e-01 1.411960522319654e+00 3.871707733643095e-05
5.187500000000000e-01 1.434451446892208e+00 3.976872451158020e-05
5.218750000000000e-01 1.457292586462593e+00 4.074295415674145e-05
5.250000000000000e-01 1.480489517594354e+00 4.171589378756679e-05
5.281250000000001e-01 1.504047903715979e+00 4.267357422753675e-05
5.312500000000000e-01 1.527973496503592e+00 4.359593237964832e-05
5.343750000000000e-01 1.552272137285215e+00 4.449261055684732e-05
5.375000000000000e-01 1.576949758466886e+00 4.539407297561521e-05
5.406250000000000e-01 1.602012384981041e+00 4.622156007804612e-05
5.437500000000001e-01 1.627466135757470e+00 4.709158208700419e-05
5.468750000000000e-01 1.653317225217225e+00 4.788346922905537e-05
5.500000000000000e-01 1.679571964789851e+00 4.870081216725522e-05
5.531250000000000e-01 1.706236764454286e+00 4.948037973912297e-05
5.562500000000000e-01 1.733318134303830e+00 5.026035292552620e-05
5.593750000000001e-01 1.760822686135563e+00 5.102681797278581e-05
5.625000000000000e-01 1.788757135064574e+00 5.180186401928607e-05
5.656250000000000e-01 1.817128301163438e+00 5.256331818403286e-05
5.687500000000000e-01 1.845943111127301e+00 5.336368211388052e-05
5.718750000000000e-01 1.875208599965003e+00 5.413791674719073e-05
5.750000000000001e-01 1.904931912716643e+00 5.498955251394080e-05
5.781250000000000e-01 1.935120306198011e+00 5.582294474550160e-05
5.812500000000000e-01 1.965781150772311e+00 5.672363202192514e-05
5.843750000000000e-01 1.996921932149593e+00 5.767788528377882e-05
5.875000000000000e-01 2.028550253214365e+00 5.867041891702917e-05
5.906250000000001e-01 2.060673835881802e+00 5.973001591200176e-05
5.937500000000000e-01 2.093300522983012e+00 6.091557972950420e-05
5.968750000000000e-01 2.126438280179837e+00 6.211117494122955e-05
6.000000000000001e-01 2.160095197909630e+00 6.346438602119748e-05
6.031250000000000e-01 2.194279493360494e+00 6.493165530074976e-05
6.062500000000001e-01 2.228999512477486e+00 6.647995654499557e-05
6.093750000000000e-01 2.264263732000228e+00 6.817055731637780e-05
6.125000000000000e-01 2.300080761532477e+00 7.007311499944241e-05
6.156250000000001e-01 2.336459345644116e+00 7.204605209810259e-05
6.187500000000000e-01 2.373408366006099e+00 7.420945349014250e-05
6.218750000000001e-01 2.410936843558884e+00 7.662065747597522e-05
6.250000000000000e-01 2.449053940714840e+00 7.920118766508454e-05
6.281250000000000e-01 2.487768963595221e+00 8.189837269634101e-05
6.312500000000001e-01 2.527091364302215e+00 8.496172158424715e-05
6.343750000000000e-01 2.567030743226622e+00 8.828494948750970e-05
6.375000000000001e-01 2.607596851391758e+00 9.170505186377149e-05
6.406250000000000e-01 2.648799592834118e+00 9.545878639393579e-05
6.437500000000000e-01 2.690649027021411e+00 9.975244868109586e-05
6.468750000000001e-01 2.733155371308524e+00 1.041341275003395e-04
6.500000000000000e-01 2.776329003432049e+00 1.087046679809293e-04
6.531250000000001e-01 2.820180464043967e+00 1.140263243482205e-04
6.562500000000000e-01 2.864720459285089e+00 1.198458341034859e-04
6.593750000000000e-01 2.909959863398929e+00 1.255505547470134e-04
6.625000000000001e-01 2.955909721386590e+00 1.318550749326727e-04
6.656250000000000e-01 3.002581251703353e+00 1.393665055555767e-04
6.687500000000001e-01 3.049985848997626e+00 1.471900637559195e-04
6.718750000000000e-01 3.098135086892879e+00 1.547775082767917e-04
6.750000000000000e-01 3.147040720813310e+00 1.635651526098650e-04
6.781250000000001e-01 3.196714690853871e+00 1.742416675197850e-04
6.812500000000000e-01 3.247169124695383e+00 1.851752620625352e-04
6.843750000000001e-01 3.298416340565477e+00 1.955104639761029e-04
6.875000000000000e-01 3.350468850246008e+00 2.075967858604338e-04
6.906250000000000e-01 3.403339362127777e+00 2.231387427260531e-04
6.937500000000001e-01 3.457040784313211e+00 2.397339782712371e-04
6.968750000000000e-01 3.511586227767823e+00 2.546186173601473e-04
7.000000000000001e-01 3.566989009521205e+00 2.704752054952578e-04
7.031250000000000e-01 3.623262655918307e+00 2.924857377380360e-04
7.062500000000000e-01 3.680420905921852e+00 3.200141616549100e-04
7.093750000000001e-01 3.738477714466631e+00 3.459807361684945e-04
7.125000000000000e-01 3.797447255866536e+00 3.673107363599845e-04
7.156250000000001e-01 3.857343927275175e+00 3.919559687475564e-04
7.187500000000000e-01 3.918182352200844e+00 4.309634705902385e-04
7.218750000000000e-01 3.979977384076828e+00 4.831307758591561e-04
7.250000000000001e-01 4.042744109887770e+00 5.319516746727543e-04
7.281250000000000e-01 4.106497853853101e+00 5.614213416588654e-04
7.312500000000001e-01 4.171254181168399e+00 5.760182006867987e-04
7.343750000000000e-01 4.237028901805528e+00 6.023523910233048e-04
7.375000000000000e-01 4.303838074372613e+00 6.658954513335174e-04
7.406250000000001e-01 4.371698010034643e+00 7.575586170457997e-04
7.437500000000000e-01 4.440625276495786e+00 8.147644348641190e-04
7.468750000000001e-01 4.510636702044332e+00 7.311334486990593e-04
7.500000000000000e-01 4.581749379661216e+00 3.906871232216801e-04
7.531250000000000e-01 4.653980671193226e+00 -2.917803350153123e-04
7.562500000000001e-01 4.727348211591802e+00 -1.342192637348786e-03
7.593750000000000e-01 4.801869913218528e+00 -2.720440648400955e-03
7.625000000000001e-01 4.877563970218381e+00 -4.333184472785454e-03
7.656250000000000e-01 4.954448862961714e+00 -6.057790990030637e-03
7.687500000000000e-01 5.032543362556198e+00 -7.767360868122951e-03
7.718750000000001e-01 5.111866535429675e+00 -9.350160241875672e-03
7.750000000000000e-01 5.192437747985146e+00 -1.072069393210545e-02
7.781250000000001e-01 5.274276671329015e+00 -1.182315074454856e-02
7.812500000000000e-01 5.357403286073669e+00 -1.262930765016312e-02
7.843750000000000e-01 5.441837887215693e+00 -1.313354199236706e-02
7.875000000000001e-01 5.527601089090773e+00 -1.334676270598184e-02
7.906250000000000e-01 5.614713830406605e+00 -1.329071314102329e-02
7.937500000000001e-01 5.703197379355005e+00 -1.299310834747588e-02
7.968750000000000e-01 5.793073338804412e+00 -1.248403043108018e-02
8.000000000000000e-01 5.884363651574169e+00 -1.179342632975130e-02
8.031250000000001e-01 5.977090605791737e+00 -1.094966310920500e-02
8.062500000000000e-01 6.071276840334257e+00 -9.978766739100838e-03
8.093750000000001e-01 6.166945350355728e+00 -8.904186697104431e-03
8.125000000000000e-01 6.264119492901173e+00 -7.746833487038849e-03
8.156250000000000e-01 6.362822992609162e+00 -6.525449342548606e-03
8.187500000000001e-01 6.463079947504072e+00 -5.257111087553588e-03
8.218750000000000e-01 6.564914834879517e+00 -3.957834812795798e-03
8.250000000000001e-01 6.668352517274371e+00 -2.643012427110100e-03
8.281250000000000e-01 6.773418248542846e+00 -1.327777622392905e-03
8.312500000000000e-01 6.880137680020114e+00 -2.745390002969649e-05
8.343750000000001e-01 6.988536866784961e+00 1.241585216555173e-03
8.375000000000000e-01 7.098642274021019e+00 2.460638912429544e-03
8.406250000000001e-01 7.210480783478133e+00 3.607364343824709e-03
8.437500000000000e-01 7.324079700035414e+00 4.655166112892123e-03
8.468750000000000e-01 7.439466758367605e+00 5.573968596813013e-03
8.500000000000001e-01 7.556670129716381e+00 6.332610027729532e-03
8.531250000000000e-01 7.675718428768239e+00 6.902480329340703e-03
8.562500000000001e-01 7.796640720640633e+00 7.261581268913065e-03
8.593750000000000e-01 7.919466527978115e+00 7.398099606117008e-03
8.625000000000000e-01 8.044225838160141e+00 7.312812123160627e-03
8.656250000000001e-01 8.170949110622363e+00 7.019985646534914e-03
8.687500000000000e-01 8.299667284293170e+00 6.546713975272530e-03
8.718750000000001e-01 8.430411785147284e+00 5.930794197566286e-03
8.750000000000000e-01 8.563214533878281e+00 5.217352497971564e-03
8.781250000000000e-01 8.698107953691880e+00 4.454567916401430e-03
8.812500000000001e-01 8.835124978221932e+00 3.689023488893278e-03
8.843750000000000e-01 8.974299059571019e+00 2.961363130939295e-03
8.875000000000001e-01 9.115664176477637e+00 2.302946562624192e-03
8.906250000000000e-01 9.259254842611947e+00 1.734019364575505e-03
8.937500000000000e-01 9.405106115002161e+00 1.263586155934963e-03
8.968750000000001e-01 9.553253602593529e+00 8.907999427544816e-04
9.000000000000000e-01 9.703733474942130e+00 6.073849541548655e-04
9.031250000000001e-01 9.856582471045494e+00 4.004778988316071e-04
9.062500000000000e-01 1.001183790831228e+01 2.553171524606586e-04
9.093750000000000e-01 1.016953769167313e+01 1.573816636927059e-04
9.125000000000001e-01 1.032972032283505e+01 9.380191415535662e-05
9.156250000000000e-01 1.049242490968134e+01 5.406099498354297e-05
9.187500000000001e-01 1.065769117581972e+01 3.013139192121420e-05
9.218750000000000e-01 1.082555947028058e+01 1.624346206755468e-05
9.250000000000000e-01 1.099607077736805e+01 8.470989898503267e-06
9.281250000000001e-01 1.116926672666618e+01 4.274309013192756e-06
9.312500000000000e-01 1.134518960320255e+01 2.087180538771412e-06
9.343750000000001e-01 1.152388235777201e+01 9.865228214834192e-07
9.375000000000000e-01 1.170538861742293e+01 4.514411402396923e-07
9.406250000000000e-01 1.188975269610854e+01 2.000497336848387e-07
9.437500000000001e-01 1.207701960550600e+01 8.586474177708098e-08
9.468750000000000e-01 1.226723506600578e+01 3.570504095000890e-08
9.500000000000001e-01 1.246044551787411e+01 1.438731218649965e-08
9.531250000000000e-01 1.265669813259115e+01 5.619044268834412e-09
9.562500000000000e-01 1.285604082436773e+01 2.127522797136396e-09
9.593750000000001e-01 1.305852226184337e+01 7.811063202146813e-10
9.625000000000000e-01 1.326419187996850e+01 2.781403807786939e-10
9.656250000000001e-01 1.347309989207381e+01 9.607892930871911e-11
9.687500000000000e-01 1.368529730212962e+01 3.220275685078091e-11
9.718750000000000e-01 1.390083591719824e+01 1.047484322909210e-11
9.750000000000001e-01 1.411976836008246e+01 3.307337656701799e-12
9.781250000000000e-01 1.434214808217320e+01 1.013843964635899e-12
9.812500000000001e-01 1.456802937649935e+01 3.017924425836097e-13
9.843750000000000e-01 1.479746739098328e+01 8.725136859469842e-14
9.875000000000000e-01 1.503051814190487e+01 2.450374420773520e-14
9.906250000000001e-01 1.526723852757770e+01 6.688211535965277e-15
9.937500000000000e-01 1.550768634224049e+01 1.767014845895634e-15
9.968750000000001e-01 1.575192029016732e+01 4.825723978109578e-16
1.000000000000000e+00 1.600000000000000e+01 2.140052106592242e-17
