0.000000000000000e+00 0.000000000000000e+00 3.371741163318657e-03
3.125000000000000e-03 3.369263549427258e-03 2.837885147005866e-03
6.250000000000000e-03 6.739349689698711e-03 2.934046010171083e-03
9.375000000000001e-03 1.011108121249049e-02 2.835731268600191e-03
1.250000000000000e-02 1.348528131119160e-02 2.887668568467727e-03
1.562500000000000e-02 1.686277378188298e-02 2.836103527785650e-03
1.875000000000000e-02 2.024438322446370e-02 2.870979293277642e-03
2.187500000000000e-02 2.363093524397333e-02 2.836452178911897e-03
2.500000000000000e-02 2.702325665215984e-02 2.862851449074283e-03
2.812500000000000e-02 3.042217566934200e-02 2.837191669095182e-03
3.125000000000000e-02 3.382852212661575e-02 2.858145678748724e-03
3.437500000000000e-02 3.724312766845378e-02 2.837885880353161e-03
3.750000000000001e-02 4.066682595574785e-02 2.855511144662158e-03
4.062500000000000e-02 4.410045286934348e-02 2.838808250232653e-03
4.375000000000000e-02 4.754484671411652e-02 2.853759966336075e-03
4.687500000000000e-02 5.100084842364160e-02 2.839699239805767e-03
5.000000000000000e-02 5.446930176550237e-02 2.852853079303154e-03
5.312500000000001e-02 5.795105354729364e-02 2.840819975523289e-03
5.625000000000000e-02 6.144695382336569e-02 2.852413829578823e-03
5.937500000000000e-02 6.495785610236132e-02 2.841832267679296e-03
6.250000000000000e-02 6.848461755559625e-02 2.852572297683259e-03
6.562500000000000e-02 7.202809922633362e-02 2.843231074468535e-03
6.875000000000001e-02 7.558916624000402e-02 2.853110776656191e-03
7.187500000000001e-02 7.916868801542200e-02 2.844759625954760e-03
7.500000000000001e-02 8.276753847705080e-02 2.853879370476449e-03
7.812500000000000e-02 8.638659626836727e-02 2.846286995872689e-03
8.125000000000000e-02 9.002674496637868e-02 2.854987386847042e-03
8.437500000000001e-02 9.368887329734420e-02 2.848088451748509e-03
8.750000000000001e-02 9.737387535375355e-02 2.856260254923228e-03
9.062500000000001e-02 1.010826508126157e-01 2.850100565773467e-03
9.375000000000000e-02 1.048161051551108e-01 2.857811597464573e-03
9.687500000000000e-02 1.085751498876601e-01 2.852277151038003e-03
1.000000000000000e-01 1.123607027644654e-01 2.859681801882563e-03
1.031250000000000e-01 1.161736880115753e-01 2.854667511794364e-03
1.062500000000000e-01 1.200150365525305e-01 2.861679354026756e-03
1.093750000000000e-01 1.238856862356450e-01 2.857262509046168e-03
1.125000000000000e-01 1.277865820629775e-01 2.863939958811195e-03
1.156250000000000e-01 1.317186764210495e-01 2.860009546624531e-03
1.187500000000000e-01 1.356829293133661e-01 2.866467884527713e-03
1.218750000000000e-01 1.396803085947971e-01 2.862982481081965e-03
1.250000000000000e-01 1.437117902078738e-01 2.869262352250714e-03
1.281250000000000e-01 1.477783584210617e-01 2.866165166289543e-03
1.312500000000000e-01 1.518810060690650e-01 2.872341125945100e-03
1.343750000000000e-01 1.560207347952229e-01 2.869574061759104e-03
1.375000000000000e-01 1.601985552960564e-01 2.875674953831644e-03
1.406250000000000e-01 1.644154875680252e-01 2.873215609598893e-03
1.437500000000000e-01 1.686725611565558e-01 2.879267063620912e-03
1.468750000000000e-01 1.729708154074000e-01 2.877168723467345e-03
1.500000000000000e-01 1.773112997203869e-01 2.883150987308636e-03
1.531250000000000e-01 1.816950738056289e-01 2.881369600509467e-03
1.562500000000000e-01 1.861232079422458e-01 2.887328297053336e-03
1.593750000000000e-01 1.905967832396682e-01 2.885883171252851e-03
1.625000000000000e-01 1.951168919015860e-01 2.891783360890350e-03
1.656250000000000e-01 1.996846374926046e-01 2.890752854839619e-03
1.687500000000000e-01 2.043011352076760e-01 2.896581348228327e-03
1.718750000000000e-01 2.089675121443681e-01 2.895878527236818e-03
1.750000000000000e-01 2.136849075780412e-01 2.901709545003627e-03
1.781250000000000e-01 2.184544732399964e-01 2.901330855074663e-03
1.812500000000000e-01 2.232773735986666e-01 2.907209111845276e-03
1.843750000000000e-01 2.281547861439151e-01 2.907153079092336e-03
1.875000000000000e-01 2.330879016745160e-01 2.913124868109173e-03
1.906250000000000e-01 2.380779245888810e-01 2.913345566260683e-03
1.937500000000000e-01 2.431260731791094e-01 2.919386126680898e-03
1.968750000000000e-01 2.482335799284277e-01 2.919899071560504e-03
2.000000000000000e-01 2.534016918120952e-01 2.926062995489030e-03
2.031250000000000e-01 2.586316706018478e-01 2.926911243979743e-03
2.062500000000000e-01 2.639247931739538e-01 2.933166857916529e-03
2.093750000000000e-01 2.692823518209576e-01 2.934351179375923e-03
2.125000000000000e-01 2.747056545671873e-01 2.940699667054947e-03
2.156250000000000e-01 2.801960254881028e-01 2.942240954673248e-03
2.187500000000000e-01 2.857548050335636e-01 2.948692962923753e-03
2.218750000000000e-01 2.913833503550930e-01 2.950572571347174e-03
2.250000000000000e-01 2.970830356372213e-01 2.957190990866461e-03
2.281250000000000e-01 3.028552524329863e-01 2.959409250824297e-03
2.312500000000000e-01 3.087014100036755e-01 2.966199176539617e-03
2.343750000000000e-01 3.146229356628902e-01 2.968751475841961e-03
2.375000000000000e-01 3.206212751250189e-01 2.975704852948700e-03
2.406250000000000e-01 3.266978928582008e-01 2.978604746937739e-03
2.437500000000000e-01 3.328542724418705e-01 2.985751830395056e-03
2.468750000000000e-01 3.390919169289667e-01 2.989008905849441e-03
2.500000000000000e-01 3.454123492128958e-01 2.996356745718816e-03
2.531250000000000e-01 3.518171123993401e-01 2.999953273887915e-03
2.562500000000000e-01 3.583077701830001e-01 3.007508780965084e-03
2.593750000000000e-01 3.648859072293631e-01 3.011444590504946e-03
2.625000000000000e-01 3.715531295615936e-01 3.019235705172807e-03
2.656250000000000e-01 3.783110649526354e-01 3.023537480419827e-03
2.687500000000000e-01 3.851613633226258e-01 3.031513098309623e-03
2.718750000000000e-01 3.921056971417164e-01 3.036183400420290e-03
2.750000000000000e-01 3.991457618383991e-01 3.044337477256018e-03
2.781250000000000e-01 4.062832762134377e-01 3.049356720987610e-03
2.812500000000000e-01 4.135199828595055e-01 3.057745671569865e-03
2.843750000000000e-01 4.208576485866312e-01 3.063056976014714e-03
2.875000000000000e-01 4.282980648535585e-01 3.071654599206734e-03
2.906250000000000e-01 4.358430482051222e-01 3.077245638673374e-03
2.937500000000000e-01 4.434944407157500e-01 3.086030247353302e-03
2.968750000000000e-01 4.512541104391968e-01 3.091915056646882e-03
3.000000000000000e-01 4.591239518646220e-01 3.100798288793176e-03
3.031250000000000e-01 4.671058863791195e-01 3.106902494652580e-03
3.062500000000000e-01 4.752018627368176e-01 3.115913502536371e-03
3.093750000000000e-01 4.834138575346580e-01 3.122197585022650e-03
3.125000000000000e-01 4.917438756949728e-01 3.131199988816640e-03
3.156250000000000e-01 5.001939509549778e-01 3.137587816888164e-03
3.187500000000000e-01 5.087661463633005e-01 3.146559646182050e-03
3.218750000000000e-01 5.174625547836644e-01 3.152920405160597e-03
3.250000000000000e-01 5.262852994058529e-01 3.161744492755042e-03
3.281250000000000e-01 5.352365342640750e-01 3.167965395162402e-03
3.312500000000000e-01 5.443184447628656e-01 3.176489897589083e-03
3.343750000000000e-01 5.535332482106405e-01 3.182414535104209e-03
3.375000000000000e-01 5.628831943610435e-01 3.190444608795819e-03
3.406250000000000e-01 5.723705659622137e-01 3.195871162458617e-03
3.437500000000000e-01 5.819976793141081e-01 3.203168351595586e-03
3.468750000000000e-01 5.917668848340161e-01 3.207817910276233e-03
3.500000000000000e-01 6.016805676304035e-01 3.214096015362285e-03
3.531250000000000e-01 6.117411480852264e-01 3.217610605570399e-03
3.562500000000000e-01 6.219510824448572e-01 3.222495210947227e-03
3.593750000000000e-01 6.323128634197650e-01 3.224440423979042e-03
3.625000000000000e-01 6.428290207931012e-01 3.227434449653184e-03
3.656250000000000e-01 6.535021220383342e-01 3.227274315512549e-03
3.687500000000000e-01 6.643347729460869e-01 3.227745776761107e-03
3.718750000000000e-01 6.753296182603294e-01 3.224788510722562e-03
3.750000000000000e-01 6.864893423240808e-01 3.221960243782589e-03
3.781250000000000e-01 6.978166697347804e-01 3.215310381983239e-03
3.812500000000000e-01 7.093143660094854e-01 3.208211140530623e-03
3.843750000000000e-01 7.209852382600603e-01 3.196745492412190e-03
3.875000000000000e-01 7.328321358785219e-01 3.184128104348220e-03
3.906250000000000e-01 7.448579512327029e-01 3.166454688458118e-03
3.937500000000000e-01 7.570656203724140e-01 3.146728668265019e-03
3.968750000000000e-01 7.694581237462648e-01 3.121090129241579e-03
4.000000000000000e-01 7.820384869293291e-01 3.092270167171760e-03
4.031250000000000e-01 7.948097813618253e-01 3.056426516013219e-03
4.062500000000000e-01 8.077751250989945e-01 3.016033605474712e-03
4.093750000000000e-01 8.209376835723596e-01 2.967169780975458e-03
4.125000000000000e-01 8.343006703625532e-01 2.912068739574670e-03
4.156250000000000e-01 8.478673479838968e-01 2.846680914228142e-03
4.187500000000000e-01 8.616410286809313e-01 2.772922369348839e-03
4.218750000000000e-01 8.756250752370857e-01 2.686621524606546e-03
4.250000000000000e-01 8.898229017956865e-01 2.589297316760438e-03
4.281250000000000e-01 9.042379746935050e-01 2.476585478478015e-03
4.312500000000000e-01 9.188738133070491e-01 2.349610950974080e-03
4.343750000000000e-01 9.337339909118028e-01 2.203691632925495e-03
4.375000000000000e-01 9.488221355546261e-01 2.039527415027706e-03
4.406250000000000e-01 9.641419309395265e-01 1.852076780648318e-03
4.437500000000000e-01 9.796971173270190e-01 1.641506407617772e-03
4.468750000000000e-01 9.954914924472941e-01 1.402390051590904e-03
4.500000000000000e-01 1.011528912427417e+00 1.134335356954489e-03
4.531250000000000e-01 1.027813292732786e+00 8.314295058548937e-04
4.562500000000000e-01 1.044348609123070e+00 4.927688661103820e-04
4.593750000000000e-01 1.061138898622882e+00 1.119381875216545e-04
4.625000000000000e-01 1.078188260507393e+00 -3.124673449861972e-04
4.656250000000000e-01 1.095500857303154e+00 -7.872424730447946e-04
4.687500000000000e-01 1.113080915804360e+00 -1.314153927488524e-03
4.718750000000000e-01 1.130932728104805e+00 -1.900230402246530e-03
4.750000000000000e-01 1.149060652645771e+00 -2.547243179158065e-03
4.781250000000000e-01 1.167469115280130e+00 -3.262122533482081e-03
4.812500000000000e-01 1.186162610352890e+00 -4.046191845618667e-03
4.843750000000000e-01 1.205145701798475e+00 -4.905671954493657e-03
4.875000000000000e-01 1.224423024254985e+00 -5.840750668595427e-03
4.906250000000000e-01 1.243999284195726e+00 -6.856227265031738e-03
4.937500000000000e-01 1.263879261078271e+00 -7.950232140776385e-03
4.968750000000000e-01 1.284067808511348e+00 -9.125268617874499e-03
5.000000000000000e-01 1.304569855439823e+00 -1.037655166233648e-02
5.031250000000000e-01 1.325390407348082e+00 -1.170342636866988e-02
5.062500000000000e-01 1.346534547482100e+00 -1.309747028243136e-02
5.093750000000000e-01 1.368007438090487e+00 -1.455442058415769e-02
5.125000000000001e-01 1.389814321684837e+00 -1.606196306730712e-02
5.156250000000000e-01 1.411960522319654e+00 -1.761223860923515e-02
5.187500000000000e-01 1.434451446892208e+00 -1.918952180414361e-02
5.218750000000000e-01 1.457292586462593e+00 -2.078308219491245e-02
5.250000000000000e-01 1.480489517594354e+00 -2.237486396367865e-02
5.281250000000001e-01 1.504047903715979e+00 -2.395261106751202e-02
5.312500000000000e-01 1.527973496503592e+00 -2.549760047451046e-02
5.343750000000000e-01 1.552272137285215e+00 -2.699762831368242e-02
5.375000000000000e-01 1.576949758466886e+00 -2.843501754105652e-02
5.406250000000000e-01 1.602012384981041e+00 -2.979916626108516e-02
5.437500000000001e-01 1.627466135757470e+00 -3.107486953308095e-02
5.468750000000000e-01 1.653317225217225e+00 -3.225414622221581e-02
5.500000000000000e-01 1.679571964789851e+00 -3.332515987013716e-02
5.531250000000000e-01 1.706236764454286e+00 -3.428308297674788e-02
5.562500000000000e-01 1.733318134303830e+00 -3.511972179992133e-02
5.593750000000001e-01 1.760822686135563e+00 -3.583337219100035e-02
5.625000000000000e-01 1.788757135064574e+00 -3.641934366364890e-02
5.656250000000000e-01 1.817128301163438e+00 -3.687871764968177e-02
5.687500000000000e-01 1.845943111127301e+00 -3.720980826587311e-02
5.718750000000000e-01 1.875208599965003e+00 -3.741591841089231e-02
5.750000000000001e-01 1.904931912716643e+00 -3.749778323140938e-02
5.781250000000000e-01 1.935120306198011e+00 -3.746033048756001e-02
5.812500000000000e-01 1.965781150772311e+00 -3.730605590957304e-02
5.843750000000000e-01 1.996921932149593e+00 -3.704091661568402e-02
5.875000000000000e-01 2.028550253214365e+00 -3.666860798490017e-02
5.906250000000001e-01 2.060673835881802e+00 -3.619563419769638e-02
5.937500000000000e-01 2.093300522983012e+00 -3.562639109625774e-02
5.968750000000000e-01 2.126438280179837e+00 -3.496751647305853e-02
6.000000000000001e-01 2.160095197909630e+00 -3.422373501685540e-02
6.031250000000000e-01 2.194279493360494e+00 -3.340155197092936e-02
6.062500000000001e-01 2.228999512477486e+00 -3.250575401281849e-02
6.093750000000000e-01 2.264263732000228e+00 -3.154250514652197e-02
6.125000000000000e-01 2.300080761532477e+00 -3.051646347777199e-02
6.156250000000001e-01 2.336459345644116e+00 -2.943335600171119e-02
6.187500000000000e-01 2.373408366006099e+00 -2.829761937270974e-02
6.218750000000001e-01 2.410936843558884e+00 -2.711449267066825e-02
6.250000000000000e-01 2.449053940714840e+00 -2.588813573124113e-02
6.281250000000000e-01 2.487768963595221e+00 -2.462329873686798e-02
6.312500000000001e-01 2.527091364302215e+00 -2.332385692892348e-02
6.343750000000000e-01 2.567030743226622e+00 -2.199411387255481e-02
6.375000000000001e-01 2.607596851391758e+00 -2.063768667976961e-02
6.406250000000000e-01 2.648799592834118e+00 -1.925848609762315e-02
6.437500000000000e-01 2.690649027021411e+00 -1.785991786989532e-02
6.468750000000001e-01 2.733155371308524e+00 -1.644558314096444e-02
6.500000000000000e-01 2.776329003432049e+00 -1.501873660655335e-02
6.531250000000001e-01 2.820180464043967e+00 -1.358276632864651e-02
6.562500000000000e-01 2.864720459285089e+00 -1.214084492663852e-02
6.593750000000000e-01 2.909959863398929e+00 -1.069624664210963e-02
6.625000000000001e-01 2.955909721386590e+00 -9.252149652158590e-03
6.656250000000000e-01 3.002581251703353e+00 -7.811833018875084e-03
6.687500000000001e-01 3.049985848997626e+00 -6.378591228853400e-03
6.718750000000000e-01 3.098135086892879e+00 -4.955849136248351e-03
6.750000000000000e-01 3.147040720813310e+00 -3.547146719971748e-03
6.781250000000001e-01 3.196714690853871e+00 -2.156209046383929e-03
6.812500000000000e-01 3.247169124695383e+00 -7.869675639641482e-04
6.843750000000001e-01 3.298416340565477e+00 5.563880516626764e-04
6.875000000000000e-01 3.350468850246008e+00 1.869372800053370e-03
6.906250000000000e-01 3.403339362127777e+00 3.147160871083490e-03
6.937500000000001e-01 3.457040784313211e+00 4.384545950643184e-03
6.968750000000000e-01 3.511586227767823e+00 5.575903842711226e-03
7.000000000000001e-01 3.566989009521205e+00 6.715164090648379e-03
7.031250000000000e-01 3.623262655918307e+00 7.795794503391353e-03
7.062500000000000e-01 3.680420905921852e+00 8.810806052365236e-03
7.093750000000001e-01 3.738477714466631e+00 9.752786650977332e-03
7.125000000000000e-01 3.797447255866536e+00 1.061397431282255e-02
7.156250000000001e-01 3.857343927275175e+00 1.138638083913783e-02
7.187500000000000e-01 3.918182352200844e+00 1.206197621042413e-02
7.218750000000000e-01 3.979977384076828e+00 1.263294006546783e-02
7.250000000000001e-01 4.042744109887770e+00 1.309197965548165e-02
7.281250000000000e-01 4.106497853853101e+00 1.343270385185419e-02
7.312500000000001e-01 4.171254181168399e+00 1.365003170177524e-02
7.343750000000000e-01 4.237028901805528e+00 1.374060405826443e-02
7.375000000000000e-01 4.303838074372613e+00 1.370316056571778e-02
7.406250000000001e-01 4.371698010034643e+00 1.353884371423522e-02
7.437500000000000e-01 4.440625276495786e+00 1.325139738091427e-02
7.468750000000001e-01 4.510636702044332e+00 1.284723821926386e-02
7.500000000000000e-01 4.581749379661216e+00 1.233539205506396e-02
7.531250000000000e-01 4.653980671193226e+00 1.172730108137438e-02
7.562500000000001e-01 4.727348211591802e+00 1.103651835669545e-02
7.593750000000000e-01 4.801869913218528e+00 1.027831217121783e-02
7.625000000000001e-01 4.877563970218381e+00 9.469204005970195e-03
7.656250000000000e-01 4.954448862961714e+00 8.626461293190063e-03
7.687500000000000e-01 5.032543362556198e+00 7.767562247698856e-03
7.718750000000001e-01 5.111866535429675e+00 6.909647183832413e-03
7.750000000000000e-01 5.192437747985146e+00 6.068970825421337e-03
7.781250000000001e-01 5.274276671329015e+00 5.260373665957786e-03
7.812500000000000e-01 5.357403286073669e+00 4.496796324405709e-03
7.843750000000000e-01 5.441837887215693e+00 3.788866635872376e-03
7.875000000000001e-01 5.527601089090773e+00 3.144591982721381e-03
7.906250000000000e-01 5.614713830406605e+00 2.569186717534343e-03
7.937500000000001e-01 5.703197379355005e+00 2.065055486457337e-03
7.968750000000000e-01 5.793073338804412e+00 1.631938697754024e-03
8.000000000000000e-01 5.884363651574169e+00 1.267208801822953e-03
8.031250000000001e-01 5.977090605791737e+00 9.662888866803376e-04
8.062500000000000e-01 6.071276840334257e+00 7.231517429622566e-04
8.093750000000001e-01 6.166945350355728e+00 5.308504917797129e-04
8.125000000000000e-01 6.264119492901173e+00 3.820321048097142e-04
8.156250000000000e-01 6.362822992609162e+00 2.693921143225800e-04
8.187500000000001e-01 6.463079947504072e+00 1.860406803640002e-04
8.218750000000000e-01 6.564914834879517e+00 1.257644204734844e-04
8.250000000000001e-01 6.668352517274371e+00 8.318241551169296e-05
8.281250000000000e-01 6.773418248542846e+00 5.380645696698950e-05
8.312500000000000e-01 6.880137680020114e+00 3.402357641517302e-05
8.343750000000001e-01 6.988536866784961e+00 2.102277853575755e-05
8.375000000000000e-01 7.098642274021019e+00 1.268805583393792e-05
8.406250000000001e-01 7.210480783478133e+00 7.477104206569371e-06
8.437500000000000e-01 7.324079700035414e+00 4.300827938249382e-06
8.468750000000000e-01 7.439466758367605e+00 2.413827085178017e-06
8.500000000000001e-01 7.556670129716381e+00 1.321475338642962e-06
8.531250000000000e-01 7.675718428768239e+00 7.054759940952243e-07
8.562500000000001e-01 7.796640720640633e+00 3.671597699965146e-07
8.593750000000000e-01 7.919466527978115e+00 1.862364968761916e-07
8.625000000000000e-01 8.044225838160141e+00 9.204625717142992e-08
8.656250000000001e-01 8.170949110622363e+00 4.431811420690847e-08
8.687500000000000e-01 8.299667284293170e+00 2.078258334212591e-08
8.718750000000001e-01 8.430411785147284e+00 9.490238905921173e-09
8.750000000000000e-01 8.563214533878281e+00 4.219267060629428e-09
8.781250000000000e-01 8.698107953691880e+00 1.826032238007947e-09
8.812500000000001e-01 8.835124978221932e+00 7.691780079437994e-10
8.843750000000000e-01 8.974299059571019e+00 3.153069717695486e-10
8.875000000000001e-01 9.115664176477637e+00 1.257695448940046e-10
8.906250000000000e-01 9.259254842611947e+00 4.880955432780234e-11
8.937500000000000e-01 9.405106115002161e+00 1.842803112147501e-11
8.968750000000001e-01 9.553253602593529e+00 6.767992816395819e-12
9.000000000000000e-01 9.703733474942130e+00 2.417766584229017e-12
9.031250000000001e-01 9.856582471045494e+00 8.400659204037034e-13
9.062500000000000e-01 1.001183790831228e+01 2.838781286411600e-13
9.093750000000000e-01 1.016953769167313e+01 9.329298135591860e-14
9.125000000000001e-01 1.032972032283505e+01 2.981583686025163e-14
9.156250000000000e-01 1.049242490968134e+01 9.266419522337848e-15
9.187500000000001e-01 1.065769117581972e+01 2.800483198513502e-15
9.218750000000000e-01 1.082555947028058e+01 8.230044581780034e-16
9.250000000000000e-01 1.099607077736805e+01 2.351876842556793e-16
9.281250000000001e-01 1.116926672666618e+01 6.535333449738734e-17
9.312500000000000e-01 1.134518960320255e+01 1.765882520568520e-17
9.343750000000001e-01 1.152388235777201e+01 4.639798896658633e-18
9.375000000000000e-01 1.170538861742293e+01 1.185453104990249e-18
9.406250000000000e-01 1.188975269610854e+01 2.945262940197501e-19
9.437500000000001e-01 1.207701960550600e+01 7.115849068934411e-20
9.468750000000000e-01 1.226723506600578e+01 1.671870325687831e-20
9.500000000000001e-01 1.246044551787411e+01 3.820001550163783e-21
9.531250000000000e-01 1.265669813259115e+01 8.488344156133675e-22
9.562500000000000e-01 1.285604082436773e+01 1.834407112959766e-22
9.593750000000001e-01 1.305852226184337e+01 3.855652657455246e-23
9.625000000000000e-01 1.326419187996850e+01 7.882189100666508e-24
9.656250000000001e-01 1.347309989207381e+01 1.567332097200788e-24
9.687500000000000e-01 1.368529730212962e+01 3.031516485194191e-25
9.718750000000000e-01 1.390083591719824e+01 5.703796519896469e-26
9.750000000000001e-01 1.411976836008246e+01 1.043985893648093e-26
9.781250000000000e-01 1.434214808217320e+01 1.858976486980671e-27
9.812500000000001e-01 1.456802937649935e+01 3.220510399403687e-28
9.843750000000000e-01 1.479746739098328e+01 5.428384867405762e-29
9.875000000000000e-01 1.503051814190487e+01 8.902981486964483e-30
9.906250000000001e-01 1.526723852757770e+01 1.420893800244269e-30
9.937500000000000e-01 1.550768634224049e+01 2.203673373797190e-31
9.968750000000001e-01 1.575192029016732e+01 3.556847208630373e-32
1.000000000000000e+00 1.600000000000000e+01 -7.169588606725008e-33
