0.000000000000000e+00 0.000000000000000e+00 6.425609071801526e-03
3.125000000000000e-03 3.369263549427258e-03 5.897040589174035e-03
6.250000000000000e-03 6.739349689698711e-03 5.997509314262719e-03
9.375000000000001e-03 1.011108121249049e-02 5.900319389464058e-03
1.250000000000000e-02 1.348528131119160e-02 5.950492002749838e-03
1.562500000000000e-02 1.686277378188298e-02 5.898438222463135e-03
1.875000000000000e-02 2.024438322446370e-02 5.932149178476159e-03
2.187500000000000e-02 2.363093524397333e-02 5.896871263091290e-03
2.500000000000000e-02 2.702325665215984e-02 5.920769024727125e-03
2.812500000000000e-02 3.042217566934200e-02 5.893719856300368e-03
3.125000000000000e-02 3.382852212661575e-02 5.912163922758778e-03
3.437500000000000e-02 3.724312766845378e-02 5.889838947045735e-03
3.750000000000001e-02 4.066682595574785e-02 5.904440308532511e-03
4.062500000000000e-02 4.410045286934348e-02 5.885452442657744e-03
4.375000000000000e-02 4.754484671411652e-02 5.896943904494201e-03
4.687500000000000e-02 5.100084842364160e-02 5.879879169326525e-03
5.000000000000000e-02 5.446930176550237e-02 5.889275252286916e-03
5.312500000000001e-02 5.795105354729364e-02 5.873462101784766e-03
5.625000000000000e-02 6.144695382336569e-02 5.880947112223432e-03
5.937500000000000e-02 6.495785610236132e-02 5.866044305128658e-03
6.250000000000000e-02 6.848461755559625e-02 5.872098571851817e-03
6.562500000000000e-02 7.202809922633362e-02 5.857812666558191e-03
6.875000000000001e-02 7.558916624000402e-02 5.862442664887996e-03
7.187500000000001e-02 7.916868801542200e-02 5.848571205844044e-03
7.500000000000001e-02 8.276753847705080e-02 5.851813772732391e-03
7.812500000000000e-02 8.638659626836727e-02 5.838236470099180e-03
8.125000000000000e-02 9.002674496637868e-02 5.840131505546610e-03
8.437500000000001e-02 9.368887329734420e-02 5.826679004662648e-03
8.750000000000001e-02 9.737387535375355e-02 5.827397860266152e-03
9.062500000000001e-02 1.010826508126157e-01 5.813985281854796e-03
9.375000000000000e-02 1.048161051551108e-01 5.813499636122024e-03
9.687500000000000e-02 1.085751498876601e-01 5.799925069499379e-03
1.000000000000000e-01 1.123607027644654e-01 5.798303217334226e-03
1.031250000000000e-01 1.161736880115753e-01 5.784357530303721e-03
1.062500000000000e-01 1.200150365525305e-01 5.781636112258464e-03
1.093750000000000e-01 1.238856862356450e-01 5.767330715806397e-03
1.125000000000000e-01 1.277865820629775e-01 5.763475424189340e-03
1.156250000000000e-01 1.317186764210495e-01 5.748615947510502e-03
1.187500000000000e-01 1.356829293133661e-01 5.743613525695092e-03
1.218750000000000e-01 1.396803085947971e-01 5.728139981891355e-03
1.250000000000000e-01 1.437117902078738e-01 5.721842610185815e-03
1.281250000000000e-01 1.477783584210617e-01 5.705706256529446e-03
1.312500000000000e-01 1.518810060690650e-01 5.698089130066348e-03
1.343750000000000e-01 1.560207347952229e-01 5.681120006771539e-03
1.375000000000000e-01 1.601985552960564e-01 5.672109541179987e-03
1.406250000000000e-01 1.644154875680252e-01 5.654191516142338e-03
1.437500000000000e-01 1.686725611565558e-01 5.643762598397589e-03
1.468750000000000e-01 1.729708154074000e-01 5.624766241530363e-03
1.500000000000000e-01 1.773112997203869e-01 5.612732167855861e-03
1.531250000000000e-01 1.816950738056289e-01 5.592481124800013e-03
1.562500000000000e-01 1.861232079422458e-01 5.578778590299294e-03
1.593750000000000e-01 1.905967832396682e-01 5.557155015762301e-03
1.625000000000000e-01 1.951168919015860e-01 5.541635975823837e-03
1.656250000000000e-01 1.996846374926046e-01 5.518444609914330e-03
1.687500000000000e-01 2.043011352076760e-01 5.500939517122901e-03
1.718750000000000e-01 2.089675121443681e-01 5.475978798789055e-03
1.750000000000000e-01 2.136849075780412e-01 5.456320494428645e-03
1.781250000000000e-01 2.184544732399964e-01 5.429370799679759e-03
1.812500000000000e-01 2.232773735986666e-01 5.407388156707062e-03
1.843750000000000e-01 2.281547861439151e-01 5.378238384358292e-03
1.875000000000000e-01 2.330879016745160e-01 5.353636891838182e-03
1.906250000000000e-01 2.380779245888810e-01 5.322041821816586e-03
1.937500000000000e-01 2.431260731791094e-01 5.294519880808149e-03
1.968750000000000e-01 2.482335799284277e-01 5.260181014411997e-03
2.000000000000000e-01 2.534016918120952e-01 5.229505222751322e-03
2.031250000000000e-01 2.586316706018478e-01 5.192051838362488e-03
2.062500000000000e-01 2.639247931739538e-01 5.157901271512627e-03
2.093750000000000e-01 2.692823518209576e-01 5.116918777215063e-03
2.125000000000000e-01 2.747056545671873e-01 5.078901380616513e-03
2.156250000000000e-01 2.801960254881028e-01 5.034003005827506e-03
2.187500000000000e-01 2.857548050335636e-01 4.991662217114739e-03
2.218750000000000e-01 2.913833503550930e-01 4.942410408665092e-03
2.250000000000000e-01 2.970830356372213e-01 4.895175916140934e-03
2.281250000000000e-01 3.028552524329863e-01 4.841002404759991e-03
2.312500000000000e-01 3.087014100036755e-01 4.788382557396271e-03
2.343750000000000e-01 3.146229356628902e-01 4.728658331135891e-03
2.375000000000000e-01 3.206212751250189e-01 4.670007778198286e-03
2.406250000000000e-01 3.266978928582008e-01 4.604028572685539e-03
2.437500000000000e-01 3.328542724418705e-01 4.538559374667449e-03
2.468750000000000e-01 3.390919169289667e-01 4.465546392067208e-03
2.500000000000000e-01 3.454123492128958e-01 4.392500815073143e-03
2.531250000000000e-01 3.518171123993401e-01 4.311501746322989e-03
2.562500000000000e-01 3.583077701830001e-01 4.229875373006516e-03
2.593750000000000e-01 3.648859072293631e-01 4.139939513895669e-03
2.625000000000000e-01 3.715531295615936e-01 4.048617606333123e-03
2.656250000000000e-01 3.783110649526354e-01 3.948547491786772e-03
2.687500000000000e-01 3.851613633226258e-01 3.846322312295374e-03
2.718750000000000e-01 3.921056971417164e-01 3.734786360072137e-03
2.750000000000000e-01 3.991457618383991e-01 3.620242831686689e-03
2.781250000000000e-01 4.062832762134377e-01 3.495709630798198e-03
2.812500000000000e-01 4.135199828595055e-01 3.367260308446464e-03
2.843750000000000e-01 4.208576485866312e-01 3.228009047220831e-03
2.875000000000000e-01 4.282980648535585e-01 3.083808062055731e-03
2.906250000000000e-01 4.358430482051222e-01 2.927900768940534e-03
2.937500000000000e-01 4.434944407157500e-01 2.765851531261284e-03
2.968750000000000e-01 4.512541104391968e-01 2.591073434325598e-03
3.000000000000000e-01 4.591239518646220e-01 2.408817761854724e-03
3.031250000000000e-01 4.671058863791195e-01 2.212635166810637e-03
3.062500000000000e-01 4.752018627368176e-01 2.007518992611029e-03
3.093750000000000e-01 4.834138575346580e-01 1.787067542450875e-03
3.125000000000000e-01 4.917438756949728e-01 1.556078081329713e-03
3.156250000000000e-01 5.001939509549778e-01 1.308155386155236e-03
3.187500000000000e-01 5.087661463633005e-01 1.047878333925719e-03
3.218750000000000e-01 5.174625547836644e-01 7.689001277516173e-04
3.250000000000000e-01 5.262852994058529e-01 4.755195480380972e-04
3.281250000000000e-01 5.352365342640750e-01 1.614605709299520e-04
3.312500000000000e-01 5.443184447628656e-01 -1.692420277962939e-04
3.343750000000000e-01 5.535332482106405e-01 -5.228617969314839e-04
3.375000000000000e-01 5.628831943610435e-01 -8.955453731554808e-04
3.406250000000000e-01 5.723705659622137e-01 -1.293627946498205e-03
3.437500000000000e-01 5.819976793141081e-01 -1.713416530194789e-03
3.468750000000000e-01 5.917668848340161e-01 -2.161268496230416e-03
3.500000000000000e-01 6.016805676304035e-01 -2.633696951361888e-03
3.531250000000000e-01 6.117411480852264e-01 -3.137025092784719e-03
3.562500000000000e-01 6.219510824448572e-01 -3.667941444268056e-03
3.593750000000000e-01 6.323128634197650e-01 -4.232769354705533e-03
3.625000000000000e-01 6.428290207931012e-01 -4.828252664606080e-03
3.656250000000000e-01 6.535021220383342e-01 -5.460737403928385e-03
3.687500000000000e-01 6.643347729460869e-01 -6.126962141642481e-03
3.718750000000000e-01 6.753296182603294e-01 -6.833193551624315e-03
3.750000000000000e-01 6.864893423240808e-01 -7.576149160451058e-03
3.781250000000000e-01 6.978166697347804e-01 -8.361912554143789e-03
3.812500000000000e-01 7.093143660094854e-01 -9.187045831174558e-03
3.843750000000000e-01 7.209852382600603e-01 -1.005742474759618e-02
3.875000000000000e-01 7.328321358785219e-01 -1.096926354479825e-02
3.906250000000000e-01 7.448579512327029e-01 -1.192811979559716e-02
3.937500000000000e-01 7.570656203724140e-01 -1.292975758339263e-02
3.968750000000000e-01 7.694581237462648e-01 -1.397920438580838e-02
4.000000000000000e-01 7.820384869293291e-01 -1.507163230199660e-02
4.031250000000000e-01 7.948097813618253e-01 -1.621141313782667e-02
4.062500000000000e-01 8.077751250989945e-01 -1.739287828884798e-02
4.093750000000000e-01 8.209376835723596e-01 -1.861962543247878e-02
4.125000000000000e-01 8.343006703625532e-01 -1.988499868357045e-02
4.156250000000000e-01 8.478673479838968e-01 -2.119160042768065e-02
4.187500000000000e-01 8.616410286809313e-01 -2.253170665221377e-02
4.218750000000000e-01 8.756250752370857e-01 -2.390681544073541e-02
4.250000000000000e-01 8.898229017956865e-01 -2.530799776634928e-02
4.281250000000000e-01 9.042379746935050e-01 -2.673564206228030e-02
4.312500000000000e-01 9.188738133070491e-01 -2.817964393916931e-02
4.343750000000000e-01 9.337339909118028e-01 -2.963924098026345e-02
4.375000000000000e-01 9.488221355546261e-01 -3.110332848334314e-02
4.406250000000000e-01 9.641419309395265e-01 -3.257013657907245e-02
4.437500000000000e-01 9.796971173270190e-01 -3.402773908608123e-02
4.468750000000000e-01 9.954914924472941e-01 -3.547363340950073e-02
4.500000000000000e-01 1.011528912427417e+00 -3.689546468028228e-02
4.531250000000000e-01 1.027813292732786e+00 -3.829026118934985e-02
4.562500000000000e-01 1.044348609123070e+00 -3.964570261154746e-02
4.593750000000000e-01 1.061138898622882e+00 -4.095878695781284e-02
4.625000000000000e-01 1.078188260507393e+00 -4.221765337326099e-02
4.656250000000000e-01 1.095500857303154e+00 -4.341965981729201e-02
4.687500000000000e-01 1.113080915804360e+00 -4.455392222956505e-02
4.718750000000000e-01 1.130932728104805e+00 -4.561846962619156e-02
4.750000000000000e-01 1.149060652645771e+00 -4.660372547983587e-02
4.781250000000000e-01 1.167469115280130e+00 -4.750870003671498e-02
4.812500000000000e-01 1.186162610352890e+00 -4.832538139051020e-02
4.843750000000000e-01 1.205145701798475e+00 -4.905383984318026e-02
4.875000000000000e-01 1.224423024254985e+00 -4.968776468262853e-02
4.906250000000000e-01 1.243999284195726e+00 -5.022835470453875e-02
4.937500000000000e-01 1.263879261078271e+00 -5.067094536272693e-02
4.968750000000000e-01 1.284067808511348e+00 -5.101777104147402e-02
5.000000000000000e-01 1.304569855439823e+00 -5.126575464055342e-02
5.031250000000000e-01 1.325390407348082e+00 -5.141802898948319e-02
5.062500000000000e-01 1.346534547482100e+00 -5.147287220581236e-02
5.093750000000000e-01 1.368007438090487e+00 -5.143415138917180e-02
5.125000000000001e-01 1.389814321684837e+00 -5.130133317252544e-02
5.156250000000000e-01 1.411960522319654e+00 -5.107880005812144e-02
5.187500000000000e-01 1.434451446892208e+00 -5.076693885640729e-02
5.218750000000000e-01 1.457292586462593e+00 -5.037048939731882e-02
5.250000000000000e-01 1.480489517594354e+00 -4.989058098132210e-02
5.281250000000001e-01 1.504047903715979e+00 -4.933210774434273e-02
5.312500000000000e-01 1.527973496503592e+00 -4.869671294576283e-02
5.343750000000000e-01 1.552272137285215e+00 -4.798933131939814e-02
5.375000000000000e-01 1.576949758466886e+00 -4.721198881442693e-02
5.406250000000000e-01 1.602012384981041e+00 -4.636951753704525e-02
5.437500000000001e-01 1.627466135757470e+00 -4.546415771617240e-02
5.468750000000000e-01 1.653317225217225e+00 -4.450057245104070e-02
5.500000000000000e-01 1.679571964789851e+00 -4.348114497315615e-02
5.531250000000000e-01 1.706236764454286e+00 -4.241029599760332e-02
5.562500000000000e-01 1.733318134303830e+00 -4.129044132252744e-02
5.593750000000001e-01 1.760822686135563e+00 -4.012572227936818e-02
5.625000000000000e-01 1.788757135064574e+00 -3.891855692359653e-02
5.656250000000000e-01 1.817128301163438e+00 -3.767279852559483e-02
5.687500000000000e-01 1.845943111127301e+00 -3.639081666060940e-02
5.718750000000000e-01 1.875208599965003e+00 -3.507615402684301e-02
5.750000000000001e-01 1.904931912716643e+00 -3.373110972673342e-02
5.781250000000000e-01 1.935120306198011e+00 -3.235894723591258e-02
5.812500000000000e-01 1.965781150772311e+00 -3.096189924414289e-02
5.843750000000000e-01 1.996921932149593e+00 -2.954295439105110e-02
5.875000000000000e-01 2.028550253214365e+00 -2.810426581977988e-02
5.906250000000001e-01 2.060673835881802e+00 -2.664857851905959e-02
5.937500000000000e-01 2.093300522983012e+00 -2.517798046329181e-02
5.968750000000000e-01 2.126438280179837e+00 -2.369501622673771e-02
6.000000000000001e-01 2.160095197909630e+00 -2.220173066582348e-02
6.031250000000000e-01 2.194279493360494e+00 -2.070049921956789e-02
6.062500000000001e-01 2.228999512477486e+00 -1.919334310253110e-02
6.093750000000000e-01 2.264263732000228e+00 -1.768252073079569e-02
6.125000000000000e-01 2.300080761532477e+00 -1.617005595468753e-02
6.156250000000001e-01 2.336459345644116e+00 -1.465814908957929e-02
6.187500000000000e-01 2.373408366006099e+00 -1.314886016862763e-02
6.218750000000001e-01 2.410936843558884e+00 -1.164438521448573e-02
6.250000000000000e-01 2.449053940714840e+00 -1.014686509213629e-02
6.281250000000000e-01 2.487768963595221e+00 -8.658556105376716e-03
6.312500000000001e-01 2.527091364302215e+00 -7.181737301460146e-03
6.343750000000000e-01 2.567030743226622e+00 -5.718805107652031e-03
6.375000000000001e-01 2.607596851391758e+00 -4.272244106603530e-03
6.406250000000000e-01 2.648799592834118e+00 -2.844678187604472e-03
6.437500000000000e-01 2.690649027021411e+00 -1.438874268039358e-03
6.468750000000001e-01 2.733155371308524e+00 -5.777482781333035e-05
6.500000000000000e-01 2.776329003432049e+00 1.295484198679476e-03
6.531250000000001e-01 2.820180464043967e+00 2.617546982963483e-03
6.562500000000000e-01 2.864720459285089e+00 3.904815601219457e-03
6.593750000000000e-01 2.909959863398929e+00 5.153426919210172e-03
6.625000000000001e-01 2.955909721386590e+00 6.359232716887916e-03
6.656250000000000e-01 3.002581251703353e+00 7.517783462539497e-03
6.687500000000001e-01 3.049985848997626e+00 8.624318564631472e-03
6.718750000000000e-01 3.098135086892879e+00 9.673765715822029e-03
6.750000000000000e-01 3.147040720813310e+00 1.066075293135690e-02
6.781250000000001e-01 3.196714690853871e+00 1.157963736975944e-02
6.812500000000000e-01 3.247169124695383e+00 1.242455555568830e-02
6.843750000000001e-01 3.298416340565477e+00 1.318949976112935e-02
6.875000000000000e-01 3.350468850246008e+00 1.386842490650281e-02
6.906250000000000e-01 3.403339362127777e+00 1.445538912893734e-02
6.937500000000001e-01 3.457040784313211e+00 1.494472894764172e-02
6.968750000000000e-01 3.511586227767823e+00 1.533126669253017e-02
7.000000000000001e-01 3.566989009521205e+00 1.561054376571614e-02
7.031250000000000e-01 3.623262655918307e+00 1.577906888093571e-02
7.062500000000000e-01 3.680420905921852e+00 1.583456642194206e-02
7.093750000000001e-01 3.738477714466631e+00 1.577620731788370e-02
7.125000000000000e-01 3.797447255866536e+00 1.560480406522465e-02
7.156250000000001e-01 3.857343927275175e+00 1.532295310021547e-02
7.187500000000000e-01 3.918182352200844e+00 1.493511152765474e-02
7.218750000000000e-01 3.979977384076828e+00 1.444760063681331e-02
7.250000000000001e-01 4.042744109887770e+00 1.386853472988318e-02
7.281250000000000e-01 4.106497853853101e+00 1.320767948562018e-02
7.312500000000001e-01 4.171254181168399e+00 1.247624846562363e-02
7.343750000000000e-01 4.237028901805528e+00 1.168664889353883e-02
7.375000000000000e-01 4.303838074372613e+00 1.085218842931995e-02
7.406250000000001e-01 4.371698010034643e+00 9.986753727813000e-03
7.437500000000000e-01 4.440625276495786e+00 9.104469878576582e-03
7.468750000000001e-01 4.510636702044332e+00 8.219348294311694e-03
7.500000000000000e-01 4.581749379661216e+00 7.344930078150777e-03
7.531250000000000e-01 4.653980671193226e+00 6.493932846409904e-03
7.562500000000001e-01 4.727348211591802e+00 5.677911386059409e-03
7.593750000000000e-01 4.801869913218528e+00 4.906945788226725e-03
7.625000000000001e-01 4.877563970218381e+00 4.189373767912597e-03
7.656250000000000e-01 4.954448862961714e+00 3.531585516281363e-03
7.687500000000000e-01 5.032543362556198e+00 2.937898565612838e-03
7.718750000000001e-01 5.111866535429675e+00 2.410526215698964e-03
7.750000000000000e-01 5.192437747985146e+00 1.949646227444654e-03
7.781250000000001e-01 5.274276671329015e+00 1.553567613394310e-03
7.812500000000000e-01 5.357403286073669e+00 1.218983856109619e-03
7.843750000000000e-01 5.441837887215693e+00 9.412923704941043e-04
7.875000000000001e-01 5.527601089090773e+00 7.149539248086377e-04
7.906250000000000e-01 5.614713830406605e+00 5.338629922006120e-04
7.937500000000001e-01 5.703197379355005e+00 3.917009125582847e-04
7.968750000000000e-01 5.793073338804412e+00 2.822479391397573e-04
8.000000000000000e-01 5.884363651574169e+00 1.996368415944472e-04
8.031250000000001e-01 5.977090605791737e+00 1.385385577221401e-04
8.062500000000000e-01 6.071276840334257e+00 9.427820690767927e-05
8.093750000000001e-01 6.166945350355728e+00 6.288654978957068e-05
8.125000000000000e-01 6.264119492901173e+00 4.109697841204469e-05
8.156250000000000e-01 6.362822992609162e+00 2.630101751888804e-05
8.187500000000001e-01 6.463079947504072e+00 1.647615449793772e-05
8.218750000000000e-01 6.564914834879517e+00 1.009893116031885e-05
8.250000000000001e-01 6.668352517274371e+00 6.054141157843048e-06
8.281250000000000e-01 6.773418248542846e+00 3.548252349050792e-06
8.312500000000000e-01 6.880137680020114e+00 2.032331925278034e-06
8.343750000000001e-01 6.988536866784961e+00 1.137188826682681e-06
8.375000000000000e-01 7.098642274021019e+00 6.214044165090597e-07
8.406250000000001e-01 7.210480783478133e+00 3.314914807994520e-07
8.437500000000000e-01 7.324079700035414e+00 1.725781080580556e-07
8.468750000000000e-01 7.439466758367605e+00 8.765564835491649e-08
8.500000000000001e-01 7.556670129716381e+00 4.342372940892531e-08
8.531250000000000e-01 7.675718428768239e+00 2.097519568978625e-08
8.562500000000001e-01 7.796640720640633e+00 9.876470608188409e-09
8.593750000000000e-01 7.919466527978115e+00 4.532167577802383e-09
8.625000000000000e-01 8.044225838160141e+00 2.026359363833804e-09
8.656250000000001e-01 8.170949110622363e+00 8.825460963717502e-10
8.687500000000000e-01 8.299667284293170e+00 3.743509378679300e-10
8.718750000000001e-01 8.430411785147284e+00 1.546169688442889e-10
8.750000000000000e-01 8.563214533878281e+00 6.217187570514109e-11
8.781250000000000e-01 8.698107953691880e+00 2.433418847203052e-11
8.812500000000001e-01 8.835124978221932e+00 9.269552848019230e-12
8.843750000000000e-01 8.974299059571019e+00 3.436037725836847e-12
8.875000000000001e-01 9.115664176477637e+00 1.239246113863986e-12
8.906250000000000e-01 9.259254842611947e+00 4.348163731647493e-13
8.937500000000000e-01 9.405106115002161e+00 1.484074766228949e-13
8.968750000000001e-01 9.553253602593529e+00 4.926796774709939e-14
9.000000000000000e-01 9.703733474942130e+00 1.590721806064708e-14
9.031250000000001e-01 9.856582471045494e+00 4.994711759909248e-15
9.062500000000000e-01 1.001183790831228e+01 1.525046527171269e-15
9.093750000000000e-01 1.016953769167313e+01 4.527785728336916e-16
9.125000000000001e-01 1.032972032283505e+01 1.307061429491885e-16
9.156250000000000e-01 1.049242490968134e+01 3.668547766386271e-17
9.187500000000001e-01 1.065769117581972e+01 1.001069790418060e-17
9.218750000000000e-01 1.082555947028058e+01 2.655789111735828e-18
9.250000000000000e-01 1.099607077736805e+01 6.849704968447581e-19
9.281250000000001e-01 1.116926672666618e+01 1.717481153574552e-19
9.312500000000000e-01 1.134518960320255e+01 4.186483193743616e-20
9.343750000000001e-01 1.152388235777201e+01 9.920690470196921e-21
9.375000000000000e-01 1.170538861742293e+01 2.285440377790871e-21
9.406250000000000e-01 1.188975269610854e+01 5.118419010943834e-22
9.437500000000001e-01 1.207701960550600e+01 1.114408220673563e-22
9.468750000000000e-01 1.226723506600578e+01 2.358858378554890e-23
9.500000000000001e-01 1.246044551787411e+01 4.854191728647530e-24
9.531250000000000e-01 1.265669813259115e+01 9.711797753274884e-25
9.562500000000000e-01 1.285604082436773e+01 1.889129613342102e-25
9.593750000000001e-01 1.305852226184337e+01 3.572865009085324e-26
9.625000000000000e-01 1.326419187996850e+01 6.570204938460532e-27
9.656250000000001e-01 1.347309989207381e+01 1.174802183572262e-27
9.687500000000000e-01 1.368529730212962e+01 2.042637972166152e-28
9.718750000000000e-01 1.390083591719824e+01 3.453642252356990e-29
9.750000000000001e-01 1.411976836008246e+01 5.678611127061365e-30
9.781250000000000e-01 1.434214808217320e+01 9.080427196145648e-31
9.812500000000001e-01 1.456802937649935e+01 1.412183938559701e-31
9.843750000000000e-01 1.479746739098328e+01 2.136089344865191e-32
9.875000000000000e-01 1.503051814190487e+01 3.142777496548341e-33
9.906250000000001e-01 1.526723852757770e+01 4.497891640374512e-34
9.937500000000000e-01 1.550768634224049e+01 6.255210106365000e-35
9.968750000000001e-01 1.575192029016732e+01 9.044864563856419e-36
1.000000000000000e+00 1.600000000000000e+01 -2.095312621004015e-36
