0.000000000000000e+00 0.000000000000000e+00 3.922865364801542e-03
3.125000000000000e-03 3.369263549427258e-03 3.389963576701285e-03
6.250000000000000e-03 6.739349689698711e-03 3.489591754732433e-03
9.375000000000001e-03 1.011108121249049e-02 3.392879763168452e-03
1.250000000000000e-02 1.348528131119160e-02 3.442790677974697e-03
1.562500000000000e-02 1.686277378188298e-02 3.391898986597464e-03
1.875000000000000e-02 2.024438322446370e-02 3.426404796727960e-03
2.187500000000000e-02 2.363093524397333e-02 3.392464837176106e-03
2.500000000000000e-02 2.702325665215984e-02 3.418337069102796e-03
2.812500000000000e-02 3.042217566934200e-02 3.393033030316833e-03
3.125000000000000e-02 3.382852212661575e-02 3.413805305254195e-03
3.437500000000000e-02 3.724312766845378e-02 3.393732433846820e-03
3.750000000000001e-02 4.066682595574785e-02 3.411262727876668e-03
4.062500000000000e-02 4.410045286934348e-02 3.394557765094395e-03
4.375000000000000e-02 4.754484671411652e-02 3.409640895666708e-03
4.687500000000000e-02 5.100084842364160e-02 3.395563444950406e-03
5.000000000000000e-02 5.446930176550237e-02 3.408802515991218e-03
5.312500000000001e-02 5.795105354729364e-02 3.396600712033893e-03
5.625000000000000e-02 6.144695382336569e-02 3.408518180898767e-03
5.937500000000000e-02 6.495785610236132e-02 3.397812563588902e-03
6.250000000000000e-02 6.848461755559625e-02 3.408799477802975e-03
6.562500000000000e-02 7.202809922633362e-02 3.399456260835793e-03
6.875000000000001e-02 7.558916624000402e-02 3.409315456952958e-03
7.187500000000001e-02 7.916868801542200e-02 3.401053719985261e-03
7.500000000000001e-02 8.276753847705080e-02 3.410221686176989e-03
7.812500000000000e-02 8.638659626836727e-02 3.402777362164004e-03
8.125000000000000e-02 9.002674496637868e-02 3.411379288555276e-03
8.437500000000001e-02 9.368887329734420e-02 3.404724242849058e-03
8.750000000000001e-02 9.737387535375355e-02 3.412756624548369e-03
9.062500000000001e-02 1.010826508126157e-01 3.406845953560746e-03
9.375000000000000e-02 1.048161051551108e-01 3.414555648146328e-03
9.687500000000000e-02 1.085751498876601e-01 3.409167458279644e-03
1.000000000000000e-01 1.123607027644654e-01 3.416513884203110e-03
1.031250000000000e-01 1.161736880115753e-01 3.411666318563764e-03
1.062500000000000e-01 1.200150365525305e-01 3.418710795032051e-03
1.093750000000000e-01 1.238856862356450e-01 3.414321904054288e-03
1.125000000000000e-01 1.277865820629775e-01 3.421155640402364e-03
1.156250000000000e-01 1.317186764210495e-01 3.417214027330028e-03
1.187500000000000e-01 1.356829293133661e-01 3.423867686966743e-03
1.218750000000000e-01 1.396803085947971e-01 3.420378743522214e-03
1.250000000000000e-01 1.437117902078738e-01 3.426832903197065e-03
1.281250000000000e-01 1.477783584210617e-01 3.423779001683698e-03
1.312500000000000e-01 1.518810060690650e-01 3.430029262878702e-03
1.343750000000000e-01 1.560207347952229e-01 3.427341639123258e-03
1.375000000000000e-01 1.601985552960564e-01 3.433460198980476e-03
1.406250000000000e-01 1.644154875680252e-01 3.431192274598570e-03
1.437500000000000e-01 1.686725611565558e-01 3.437192928536092e-03
1.468750000000000e-01 1.729708154074000e-01 3.435288218590905e-03
1.500000000000000e-01 1.773112997203869e-01 3.441243310516344e-03
1.531250000000000e-01 1.816950738056289e-01 3.439606283295853e-03
1.562500000000000e-01 1.861232079422458e-01 3.445535648814936e-03
1.593750000000000e-01 1.905967832396682e-01 3.444221250355859e-03
1.625000000000000e-01 1.951168919015860e-01 3.450132785272847e-03
1.656250000000000e-01 1.996846374926046e-01 3.449099794353788e-03
1.687500000000000e-01 2.043011352076760e-01 3.455038300265728e-03
1.718750000000000e-01 2.089675121443681e-01 3.454300459025435e-03
1.750000000000000e-01 2.136849075780412e-01 3.460225655670173e-03
1.781250000000000e-01 2.184544732399964e-01 3.459816238186387e-03
1.812500000000000e-01 2.232773735986666e-01 3.465729002144194e-03
1.843750000000000e-01 2.281547861439151e-01 3.465664162799521e-03
1.875000000000000e-01 2.330879016745160e-01 3.471531243046953e-03
1.906250000000000e-01 2.380779245888810e-01 3.471763446938092e-03
1.937500000000000e-01 2.431260731791094e-01 3.477685879598052e-03
1.968750000000000e-01 2.482335799284277e-01 3.478220147071917e-03
2.000000000000000e-01 2.534016918120952e-01 3.484201566149305e-03
2.031250000000000e-01 2.586316706018478e-01 3.484972836648281e-03
2.062500000000000e-01 2.639247931739538e-01 3.491035115341588e-03
2.093750000000000e-01 2.692823518209576e-01 3.492050578331986e-03
2.125000000000000e-01 2.747056545671873e-01 3.498200921456021e-03
2.156250000000000e-01 2.801960254881028e-01 3.499476305291712e-03
2.187500000000000e-01 2.857548050335636e-01 3.505695289519485e-03
2.218750000000000e-01 2.913833503550930e-01 3.507252429455894e-03
2.250000000000000e-01 2.970830356372213e-01 3.513489694559371e-03
2.281250000000000e-01 3.028552524329863e-01 3.515316623555385e-03
2.312500000000000e-01 3.087014100036755e-01 3.521595623195253e-03
2.343750000000000e-01 3.146229356628902e-01 3.523666119024448e-03
2.375000000000000e-01 3.206212751250189e-01 3.530023641748737e-03
2.406250000000000e-01 3.266978928582008e-01 3.532300578198012e-03
2.437500000000000e-01 3.328542724418705e-01 3.538702460025834e-03
2.468750000000000e-01 3.390919169289667e-01 3.541161807301707e-03
2.500000000000000e-01 3.454123492128958e-01 3.547595235616259e-03
2.531250000000000e-01 3.518171123993401e-01 3.550231923874784e-03
2.562500000000000e-01 3.583077701830001e-01 3.556675556243361e-03
2.593750000000000e-01 3.648859072293631e-01 3.559440772003923e-03
2.625000000000000e-01 3.715531295615936e-01 3.565851399097674e-03
2.656250000000000e-01 3.783110649526354e-01 3.568691167532402e-03
2.687500000000000e-01 3.851613633226258e-01 3.575064382842623e-03
2.718750000000000e-01 3.921056971417164e-01 3.577956363945766e-03
2.750000000000000e-01 3.991457618383991e-01 3.584171446728855e-03
2.781250000000000e-01 4.062832762134377e-01 3.587056332433670e-03
2.812500000000000e-01 4.135199828595055e-01 3.593053776843495e-03
2.843750000000000e-01 4.208576485866312e-01 3.595836045155783e-03
2.875000000000000e-01 4.282980648535585e-01 3.601587173715470e-03
2.906250000000000e-01 4.358430482051222e-01 3.604110415472531e-03
2.937500000000000e-01 4.434944407157500e-01 3.609486210407001e-03
2.968750000000000e-01 4.512541104391968e-01 3.611684269537975e-03
3.000000000000000e-01 4.591239518646220e-01 3.616518868839212e-03
3.031250000000000e-01 4.671058863791195e-01 3.618204686629953e-03
3.062500000000000e-01 4.752018627368176e-01 3.622354577714727e-03
3.093750000000000e-01 4.834138575346580e-01 3.623359841252650e-03
3.125000000000000e-01 4.917438756949728e-01 3.626573241045798e-03
3.156250000000000e-01 5.001939509549778e-01 3.626653402693429e-03
3.187500000000000e-01 5.087661463633005e-01 3.628697084032052e-03
3.218750000000000e-01 5.174625547836644e-01 3.627536290749437e-03
3.250000000000000e-01 5.262852994058529e-01 3.628093637578489e-03
3.281250000000000e-01 5.352365342640750e-01 3.625323574955572e-03
3.312500000000000e-01 5.443184447628656e-01 3.623992690835919e-03
3.343750000000000e-01 5.535332482106405e-01 3.619174558985952e-03
3.375000000000000e-01 5.628831943610435e-01 3.615445624310383e-03
3.406250000000000e-01 5.723705659622137e-01 3.608041251946186e-03
3.437500000000000e-01 5.819976793141081e-01 3.601296656248725e-03
3.468750000000000e-01 5.917668848340161e-01 3.590622545740660e-03
3.500000000000000e-01 6.016805676304035e-01 3.580122962059821e-03
3.531250000000000e-01 6.117411480852264e-01 3.565325385171803e-03
3.562500000000000e-01 6.219510824448572e-01 3.550159111808788e-03
3.593750000000000e-01 6.323128634197650e-01 3.530203054754231e-03
3.625000000000000e-01 6.428290207931012e-01 3.509223481486118e-03
3.656250000000000e-01 6.535021220383342e-01 3.482855150046565e-03
3.687500000000000e-01 6.643347729460869e-01 3.454640930804539e-03
3.718750000000000e-01 6.753296182603294e-01 3.420307510728199e-03
3.750000000000000e-01 6.864893423240808e-01 3.383130744687112e-03
3.781250000000000e-01 6.978166697347804e-01 3.338896834556164e-03
3.812500000000000e-01 7.093143660094854e-01 3.290647246214117e-03
3.843750000000000e-01 7.209852382600603e-01 3.234137838807024e-03
3.875000000000000e-01 7.328321358785219e-01 3.172201207149820e-03
3.906250000000000e-01 7.448579512327029e-01 3.100527320747429e-03
3.937500000000000e-01 7.570656203724140e-01 3.021676701833667e-03
3.968750000000000e-01 7.694581237462648e-01 2.931295439804028e-03
4.000000000000000e-01 7.820384869293291e-01 2.831602229283942e-03
4.031250000000000e-01 7.948097813618253e-01 2.718155930189884e-03
4.062500000000000e-01 8.077751250989945e-01 2.592848373084578e-03
4.093750000000000e-01 8.209376835723596e-01 2.451040488881703e-03
4.125000000000000e-01 8.343006703625532e-01 2.294303469168042e-03
4.156250000000000e-01 8.478673479838968e-01 2.117757433076324e-03
4.187500000000000e-01 8.616410286809313e-01 1.922567905317919e-03
4.218750000000000e-01 8.756250752370857e-01 1.703621022820446e-03
4.250000000000000e-01 8.898229017956865e-01 1.461626777796238e-03
4.281250000000000e-01 9.042379746935050e-01 1.191162072078367e-03
4.312500000000000e-01 9.188738133070491e-01 8.925284251692125e-04
4.343750000000000e-01 9.337339909118028e-01 5.599184187531508e-04
4.375000000000000e-01 9.488221355546261e-01 1.932311430257242e-04
4.406250000000000e-01 9.641419309395265e-01 -2.136693728452484e-04
4.437500000000000e-01 9.796971173270190e-01 -6.612850105179587e-04
4.468750000000000e-01 9.954914924472941e-01 -1.156009305418339e-03
4.500000000000000e-01 1.011528912427417e+00 -1.698574251563578e-03
4.531250000000000e-01 1.027813292732786e+00 -2.295552423649819e-03
4.562500000000000e-01 1.044348609123070e+00 -2.947655276350045e-03
4.593750000000000e-01 1.061138898622882e+00 -3.661350434439653e-03
4.625000000000000e-01 1.078188260507393e+00 -4.437035803118066e-03
4.656250000000000e-01 1.095500857303154e+00 -5.280660299906196e-03
4.687500000000000e-01 1.113080915804360e+00 -6.191782615340930e-03
4.718750000000000e-01 1.130932728104805e+00 -7.175372087743858e-03
4.750000000000000e-01 1.149060652645771e+00 -8.229508717189613e-03
4.781250000000000e-01 1.167469115280130e+00 -9.357526629352403e-03
4.812500000000000e-01 1.186162610352890e+00 -1.055541441230586e-02
4.843750000000000e-01 1.205145701798475e+00 -1.182422224530205e-02
4.875000000000000e-01 1.224423024254985e+00 -1.315720527494847e-02
4.906250000000000e-01 1.243999284195726e+00 -1.455269065938889e-02
4.937500000000000e-01 1.263879261078271e+00 -1.600084924249554e-02
4.968750000000000e-01 1.284067808511348e+00 -1.749704468965500e-02
5.000000000000000e-01 1.304569855439823e+00 -1.902845414495459e-02
5.031250000000000e-01 1.325390407348082e+00 -2.058774022795472e-02
5.062500000000000e-01 1.346534547482100e+00 -2.215957722544664e-02
5.093750000000000e-01 1.368007438090487e+00 -2.373465369455939e-02
5.125000000000001e-01 1.389814321684837e+00 -2.529619807806466e-02
5.156250000000000e-01 1.411960522319654e+00 -2.683397413577379e-02
5.187500000000000e-01 1.434451446892208e+00 -2.833105024119740e-02
5.218750000000000e-01 1.457292586462593e+00 -2.977756116951315e-02
5.250000000000000e-01 1.480489517594354e+00 -3.115773594764237e-02
5.281250000000001e-01 1.504047903715979e+00 -3.246315201027866e-02
5.312500000000000e-01 1.527973496503592e+00 -3.368029721023851e-02
5.343750000000000e-01 1.552272137285215e+00 -3.480300236961663e-02
5.375000000000000e-01 1.576949758466886e+00 -3.582063634448010e-02
5.406250000000000e-01 1.602012384981041e+00 -3.672963079604810e-02
5.437500000000001e-01 1.627466135757470e+00 -3.752250359496624e-02
5.468750000000000e-01 1.653317225217225e+00 -3.819828150938207e-02
5.500000000000000e-01 1.679571964789851e+00 -3.875245851717236e-02
5.531250000000000e-01 1.706236764454286e+00 -3.918638413503658e-02
5.562500000000000e-01 1.733318134303830e+00 -3.949819976310731e-02
5.593750000000001e-01 1.760822686135563e+00 -3.969113371122403e-02
5.625000000000000e-01 1.788757135064574e+00 -3.976544737724980e-02
5.656250000000000e-01 1.817128301163438e+00 -3.972577091407985e-02
5.687500000000000e-01 1.845943111127301e+00 -3.957400014125056e-02
5.718750000000000e-01 1.875208599965003e+00 -3.931568008380896e-02
5.750000000000001e-01 1.904931912716643e+00 -3.895382246599011e-02
5.781250000000000e-01 1.935120306198011e+00 -3.849447665492198e-02
5.812500000000000e-01 1.965781150772311e+00 -3.794138251763157e-02
5.843750000000000e-01 1.996921932149593e+00 -3.730075365068285e-02
5.875000000000000e-01 2.028550253214365e+00 -3.657670049051790e-02
5.906250000000001e-01 2.060673835881802e+00 -3.577534063340473e-02
5.937500000000000e-01 2.093300522983012e+00 -3.490092414211839e-02
5.968750000000000e-01 2.126438280179837e+00 -3.395930932876344e-02
6.000000000000001e-01 2.160095197909630e+00 -3.295470556009503e-02
6.031250000000000e-01 2.194279493360494e+00 -3.189258640881665e-02
6.062500000000001e-01 2.228999512477486e+00 -3.077700767264465e-02
6.093750000000000e-01 2.264263732000228e+00 -2.961302093989613e-02
6.125000000000000e-01 2.300080761532477e+00 -2.840447932676558e-02
6.156250000000001e-01 2.336459345644116e+00 -2.715598960352458e-02
6.187500000000000e-01 2.373408366006099e+00 -2.587117106319740e-02
6.218750000000001e-01 2.410936843558884e+00 -2.455420790344800e-02
6.250000000000000e-01 2.449053940714840e+00 -2.320849409798733e-02
6.281250000000000e-01 2.487768963595221e+00 -2.183783821044943e-02
6.312500000000001e-01 2.527091364302215e+00 -2.044543933288572e-02
6.343750000000000e-01 2.567030743226622e+00 -1.903478365812426e-02
6.375000000000001e-01 2.607596851391758e+00 -1.760891876167862e-02
6.406250000000000e-01 2.648799592834118e+00 -1.617108814368660e-02
6.437500000000000e-01 2.690649027021411e+00 -1.472424081035758e-02
6.468750000000001e-01 2.733155371308524e+00 -1.327146427601114e-02
6.500000000000000e-01 2.776329003432049e+00 -1.181567073363171e-02
6.531250000000001e-01 2.820180464043967e+00 -1.035988125520575e-02
6.562500000000000e-01 2.864720459285089e+00 -8.907051349473673e-03
6.593750000000000e-01 2.909959863398929e+00 -7.460244575688664e-03
6.625000000000001e-01 2.955909721386590e+00 -6.022560047539216e-03
6.656250000000000e-01 3.002581251703353e+00 -4.597231998191674e-03
6.687500000000001e-01 3.049985848997626e+00 -3.187619250386912e-03
6.718750000000000e-01 3.098135086892879e+00 -1.797265729301553e-03
6.750000000000000e-01 3.147040720813310e+00 -4.299211733085864e-04
6.781250000000001e-01 3.196714690853871e+00 9.104134479695117e-04
6.812500000000000e-01 3.247169124695383e+00 2.219452310952316e-03
6.843750000000001e-01 3.298416340565477e+00 3.492584811900397e-03
6.875000000000000e-01 3.350468850246008e+00 4.724840682693357e-03
6.906250000000000e-01 3.403339362127777e+00 5.910857877855637e-03
6.937500000000001e-01 3.457040784313211e+00 7.044858849720350e-03
6.968750000000000e-01 3.511586227767823e+00 8.120638855833834e-03
7.000000000000001e-01 3.566989009521205e+00 9.131572731475867e-03
7.031250000000000e-01 3.623262655918307e+00 1.007064744933429e-02
7.062500000000000e-01 3.680420905921852e+00 1.093052932254109e-02
7.093750000000001e-01 3.738477714466631e+00 1.170367521465579e-02
7.125000000000000e-01 3.797447255866536e+00 1.238249636177042e-02
7.156250000000001e-01 3.857343927275175e+00 1.295958048118034e-02
7.187500000000000e-01 3.918182352200844e+00 1.342797236797912e-02
7.218750000000000e-01 3.979977384076828e+00 1.378150534297071e-02
7.250000000000001e-01 4.042744109887770e+00 1.401516676136951e-02
7.281250000000000e-01 4.106497853853101e+00 1.412547210378565e-02
7.312500000000001e-01 4.171254181168399e+00 1.411081604759690e-02
7.343750000000000e-01 4.237028901805528e+00 1.397176712633903e-02
7.375000000000000e-01 4.303838074372613e+00 1.371127595520484e-02
7.406250000000001e-01 4.371698010034643e+00 1.333477508681649e-02
7.437500000000000e-01 4.440625276495786e+00 1.285015972830317e-02
7.468750000000001e-01 4.510636702044332e+00 1.226765044164460e-02
7.500000000000000e-01 4.581749379661216e+00 1.159954916496972e-02
7.531250000000000e-01 4.653980671193226e+00 1.085990665642212e-02
7.562500000000001e-01 4.727348211591802e+00 1.006412207876246e-02
7.593750000000000e-01 4.801869913218528e+00 9.228494436581965e-03
7.625000000000001e-01 4.877563970218381e+00 8.369742485807576e-03
7.656250000000000e-01 4.954448862961714e+00 7.504506602358320e-03
7.687500000000000e-01 5.032543362556198e+00 6.648844800370036e-03
7.718750000000001e-01 5.111866535429675e+00 5.817736679296039e-03
7.750000000000000e-01 5.192437747985146e+00 5.024613348580247e-03
7.781250000000001e-01 5.274276671329015e+00 4.280936850079526e-03
7.812500000000000e-01 5.357403286073669e+00 3.595856951855168e-03
7.843750000000000e-01 5.441837887215693e+00 2.975974022033667e-03
7.875000000000001e-01 5.527601089090773e+00 2.425232361118182e-03
7.906250000000000e-01 5.614713830406605e+00 1.944958591448510e-03
7.937500000000001e-01 5.703197379355005e+00 1.534045724248212e-03
7.968750000000000e-01 5.793073338804412e+00 1.189267817107202e-03
8.000000000000000e-01 5.884363651574169e+00 9.056957065105788e-04
8.031250000000001e-01 5.977090605791737e+00 6.771738966298162e-04
8.062500000000000e-01 6.071276840334257e+00 4.968141173903234e-04
8.093750000000001e-01 6.166945350355728e+00 3.574628453228975e-04
8.125000000000000e-01 6.264119492901173e+00 2.521074331879061e-04
8.156250000000000e-01 6.362822992609162e+00 1.741966687305915e-04
8.187500000000001e-01 6.463079947504072e+00 1.178643505212021e-04
8.218750000000000e-01 6.564914834879517e+00 7.805664347033042e-05
8.250000000000001e-01 6.668352517274371e+00 5.057383552999224e-05
8.281250000000000e-01 6.773418248542846e+00 3.204364648506826e-05
8.312500000000000e-01 6.880137680020114e+00 1.984618623802116e-05
8.343750000000001e-01 6.988536866784961e+00 1.201041736370956e-05
8.375000000000000e-01 7.098642274021019e+00 7.099367606546664e-06
8.406250000000001e-01 7.210480783478133e+00 4.097360934144620e-06
8.437500000000000e-01 7.324079700035414e+00 2.308139681590494e-06
8.468750000000000e-01 7.439466758367605e+00 1.268677977673232e-06
8.500000000000001e-01 7.556670129716381e+00 6.802022699244734e-07
8.531250000000000e-01 7.675718428768239e+00 3.556278085034322e-07
8.562500000000001e-01 7.796640720640633e+00 1.812614630613893e-07
8.593750000000000e-01 7.919466527978115e+00 9.004424874802736e-08
8.625000000000000e-01 8.044225838160141e+00 4.358560420524116e-08
8.656250000000001e-01 8.170949110622363e+00 2.055273856002942e-08
8.687500000000000e-01 8.299667284293170e+00 9.439427969869624e-09
8.718750000000001e-01 8.430411785147284e+00 4.221701100048692e-09
8.750000000000000e-01 8.563214533878281e+00 1.838306891505015e-09
8.781250000000000e-01 8.698107953691880e+00 7.792312710683287e-10
8.812500000000001e-01 8.835124978221932e+00 3.214900960648549e-10
8.843750000000000e-01 8.974299059571019e+00 1.290810354000735e-10
8.875000000000001e-01 9.115664176477637e+00 5.043094460052862e-11
8.906250000000000e-01 9.259254842611947e+00 1.917003915134109e-11
8.937500000000000e-01 9.405106115002161e+00 7.089188278138283e-12
8.968750000000001e-01 9.553253602593529e+00 2.550226409964131e-12
9.000000000000000e-01 9.703733474942130e+00 8.923500987832884e-13
9.031250000000001e-01 9.856582471045494e+00 3.036938313682589e-13
9.062500000000000e-01 1.001183790831228e+01 1.005205147428527e-13
9.093750000000000e-01 1.016953769167313e+01 3.235706877115147e-14
9.125000000000001e-01 1.032972032283505e+01 1.012886250384508e-14
9.156250000000000e-01 1.049242490968134e+01 3.083286759705883e-15
9.187500000000001e-01 1.065769117581972e+01 9.126763738751336e-16
9.218750000000000e-01 1.082555947028058e+01 2.627001230503730e-16
9.250000000000000e-01 1.099607077736805e+01 7.352551790658141e-17
9.281250000000001e-01 1.116926672666618e+01 2.000998194205560e-17
9.312500000000000e-01 1.134518960320255e+01 5.295232527035720e-18
9.343750000000001e-01 1.152388235777201e+01 1.362556145076290e-18
9.375000000000000e-01 1.170538861742293e+01 3.409245758198003e-19
9.406250000000000e-01 1.188975269610854e+01 8.294730936904113e-20
9.437500000000001e-01 1.207701960550600e+01 1.962428659968967e-20
9.468750000000000e-01 1.226723506600578e+01 4.514839566231450e-21
9.500000000000001e-01 1.246044551787411e+01 1.010086591212050e-21
9.531250000000000e-01 1.265669813259115e+01 2.197633485663568e-22
9.562500000000000e-01 1.285604082436773e+01 4.649928656171422e-23
9.593750000000001e-01 1.305852226184337e+01 9.568569864432985e-24
9.625000000000000e-01 1.326419187996850e+01 1.915023466314874e-24
9.656250000000001e-01 1.347309989207381e+01 3.727737042983415e-25
9.687500000000000e-01 1.368529730212962e+01 7.057963327576507e-26
9.718750000000000e-01 1.390083591719824e+01 1.299859288769061e-26
9.750000000000001e-01 1.411976836008246e+01 2.328717910129078e-27
9.781250000000000e-01 1.434214808217320e+01 4.058472919793953e-28
9.812500000000001e-01 1.456802937649935e+01 6.881071365838977e-29
9.843750000000000e-01 1.479746739098328e+01 1.135063744844094e-29
9.875000000000000e-01 1.503051814190487e+01 1.821707624958684e-30
9.906250000000001e-01 1.526723852757770e+01 2.844931773641881e-31
9.937500000000000e-01 1.550768634224049e+01 4.317453498917890e-32
9.968750000000001e-01 1.575192029016732e+01 6.817886591540997e-33
1.000000000000000e+00 1.600000000000000e+01 -1.422084709867716e-33
