0.000000000000000e+00 0.000000000000000e+00 1.300235049187750e-05
3.125000000000000e-03 3.369263549427258e-03 -4.923620294718828e-06
6.250000000000000e-03 6.739349689698711e-03 -4.415789114920217e-06
9.375000000000001e-03 1.011108121249049e-02 -7.723180691898735e-06
1.250000000000000e-02 1.348528131119160e-02 -5.440544900549371e-06
1.562500000000000e-02 1.686277378188298e-02 -6.729511810524544e-06
1.875000000000000e-02 2.024438322446370e-02 -6.304254764330563e-06
2.187500000000000e-02 2.363093524397333e-02 -6.948949204473755e-06
2.500000000000000e-02 2.702325665215984e-02 -6.397238669366392e-06
2.812500000000000e-02 3.042217566934200e-02 -6.767485725165094e-06
3.125000000000000e-02 3.382852212661575e-02 -6.590781787981036e-06
3.437500000000000e-02 3.724312766845378e-02 -6.753162106343339e-06
3.750000000000001e-02 4.066682595574785e-02 -6.641929985544902e-06
4.062500000000000e-02 4.410045286934348e-02 -6.628952109236106e-06
4.375000000000000e-02 4.754484671411652e-02 -6.902267581874214e-06
4.687500000000000e-02 5.100084842364160e-02 -6.682785831009587e-06
5.000000000000000e-02 5.446930176550237e-02 -6.919594089265932e-06
5.312500000000001e-02 5.795105354729364e-02 -6.555019643655293e-06
5.625000000000000e-02 6.144695382336569e-02 -6.825412557589722e-06
5.937500000000000e-02 6.495785610236132e-02 -6.712594006483529e-06
6.250000000000000e-02 6.848461755559625e-02 -6.855488145520293e-06
6.562500000000000e-02 7.202809922633362e-02 -6.901676705094522e-06
6.875000000000001e-02 7.558916624000402e-02 -6.790429776505995e-06
7.187500000000001e-02 7.916868801542200e-02 -7.075849299407972e-06
7.500000000000001e-02 8.276753847705080e-02 -6.872559750297731e-06
7.812500000000000e-02 8.638659626836727e-02 -7.065248791653849e-06
8.125000000000000e-02 9.002674496637868e-02 -6.984979665012037e-06
8.437500000000001e-02 9.368887329734420e-02 -7.188939711094598e-06
8.750000000000001e-02 9.737387535375355e-02 -6.967265255149490e-06
9.062500000000001e-02 1.010826508126157e-01 -7.260437780675712e-06
9.375000000000000e-02 1.048161051551108e-01 -7.057967456579705e-06
9.687500000000000e-02 1.085751498876601e-01 -7.355358574393011e-06
1.000000000000000e-01 1.123607027644654e-01 -7.104556649485617e-06
1.031250000000000e-01 1.161736880115753e-01 -7.374933844506343e-06
1.062500000000000e-01 1.200150365525305e-01 -7.260307295931840e-06
1.093750000000000e-01 1.238856862356450e-01 -7.580923830750414e-06
1.125000000000000e-01 1.277865820629775e-01 -7.294153359616129e-06
1.156250000000000e-01 1.317186764210495e-01 -7.686343272535848e-06
1.187500000000000e-01 1.356829293133661e-01 -7.269816026862585e-06
1.218750000000000e-01 1.396803085947971e-01 -7.759052068355551e-06
1.250000000000000e-01 1.437117902078738e-01 -7.347041698433754e-06
1.281250000000000e-01 1.477783584210617e-01 -7.768628188848058e-06
1.312500000000000e-01 1.518810060690650e-01 -7.415233901591774e-06
1.343750000000000e-01 1.560207347952229e-01 -7.831094617690847e-06
1.375000000000000e-01 1.601985552960564e-01 -7.543393709158608e-06
1.406250000000000e-01 1.644154875680252e-01 -7.879180776599662e-06
1.437500000000000e-01 1.686725611565558e-01 -7.640550665576217e-06
1.468750000000000e-01 1.729708154074000e-01 -7.951256632144086e-06
1.500000000000000e-01 1.773112997203869e-01 -7.747158135397867e-06
1.531250000000000e-01 1.816950738056289e-01 -7.978455692101789e-06
1.562500000000000e-01 1.861232079422458e-01 -7.903254080173439e-06
1.593750000000000e-01 1.905967832396682e-01 -8.126697750810446e-06
1.625000000000000e-01 1.951168919015860e-01 -8.014151909784134e-06
1.656250000000000e-01 1.996846374926046e-01 -8.216769513964042e-06
1.687500000000000e-01 2.043011352076760e-01 -8.143348498574989e-06
1.718750000000000e-01 2.089675121443681e-01 -8.327294164434587e-06
1.750000000000000e-01 2.136849075780412e-01 -8.284387741322361e-06
1.781250000000000e-01 2.184544732399964e-01 -8.447295508087180e-06
1.812500000000000e-01 2.232773735986666e-01 -8.430103383744462e-06
1.843750000000000e-01 2.281547861439151e-01 -8.583059449967854e-06
1.875000000000000e-01 2.330879016745160e-01 -8.600236955321369e-06
1.906250000000000e-01 2.380779245888810e-01 -8.645504032038555e-06
1.937500000000000e-01 2.431260731791094e-01 -8.718595825866185e-06
1.968750000000000e-01 2.482335799284277e-01 -8.731315114595794e-06
2.000000000000000e-01 2.534016918120952e-01 -8.847866716934869e-06
2.031250000000000e-01 2.586316706018478e-01 -8.876308152518347e-06
2.062500000000000e-01 2.639247931739538e-01 -8.958727277877920e-06
2.093750000000000e-01 2.692823518209576e-01 -9.048534067526786e-06
2.125000000000000e-01 2.747056545671873e-01 -9.092046267737165e-06
2.156250000000000e-01 2.801960254881028e-01 -9.181604121535150e-06
2.187500000000000e-01 2.857548050335636e-01 -9.212542853885139e-06
2.218750000000000e-01 2.913833503550930e-01 -9.323509154833646e-06
2.250000000000000e-01 2.970830356372213e-01 -9.378681370566811e-06
2.281250000000000e-01 3.028552524329863e-01 -9.518732648571469e-06
2.312500000000000e-01 3.087014100036755e-01 -9.547538858434035e-06
2.343750000000000e-01 3.146229356628902e-01 -9.702978254454754e-06
2.375000000000000e-01 3.206212751250189e-01 -9.708756184484522e-06
2.406250000000000e-01 3.266978928582008e-01 -9.884060620184430e-06
2.437500000000000e-01 3.328542724418705e-01 -9.810775349340044e-06
2.468750000000000e-01 3.390919169289667e-01 -1.004647025774410e-05
2.500000000000000e-01 3.454123492128958e-01 -9.957608867306804e-06
2.531250000000000e-01 3.518171123993401e-01 -1.018392948117500e-05
2.562500000000000e-01 3.583077701830001e-01 -1.011507254163901e-05
2.593750000000000e-01 3.648859072293631e-01 -1.031708334734864e-05
2.625000000000000e-01 3.715531295615936e-01 -1.025649312090056e-05
2.656250000000000e-01 3.783110649526354e-01 -1.045923358611168e-05
2.687500000000000e-01 3.851613633226258e-01 -1.040485947918031e-05
2.718750000000000e-01 3.921056971417164e-01 -1.059383838762340e-05
2.750000000000000e-01 3.991457618383991e-01 -1.056821837838400e-05
2.781250000000000e-01 4.062832762134377e-01 -1.073921846929412e-05
2.812500000000000e-01 4.135199828595055e-01 -1.074092553688698e-05
2.843750000000000e-01 4.208576485866312e-01 -1.087313246904851e-05
2.875000000000000e-01 4.282980648535585e-01 -1.088420944527815e-05
2.906250000000000e-01 4.358430482051222e-01 -1.096561791450252e-05
2.937500000000000e-01 4.434944407157500e-01 -1.100386588875611e-05
2.968750000000000e-01 4.512541104391968e-01 -1.104455028296214e-05
3.000000000000000e-01 4.591239518646220e-01 -1.109846114483187e-05
3.031250000000000e-01 4.671058863791195e-01 -1.111496693501475e-05
3.062500000000000e-01 4.752018627368176e-01 -1.116737908011141e-05
3.093750000000000e-01 4.834138575346580e-01 -1.119731462650655e-05
3.125000000000000e-01 4.917438756949728e-01 -1.123469022228539e-05
3.156250000000000e-01 5.001939509549778e-01 -1.127497297719827e-05
3.187500000000000e-01 5.087661463633005e-01 -1.127493301489880e-05
3.218750000000000e-01 5.174625547836644e-01 -1.129778434964291e-05
3.250000000000000e-01 5.262852994058529e-01 -1.127954648227939e-05
3.281250000000000e-01 5.352365342640750e-01 -1.132990395357459e-05
3.312500000000000e-01 5.443184447628656e-01 -1.121263993352524e-05
3.343750000000000e-01 5.535332482106405e-01 -1.127723308793381e-05
3.375000000000000e-01 5.628831943610435e-01 -1.114322856821207e-05
3.406250000000000e-01 5.723705659622137e-01 -1.119461052987726e-05
3.437500000000000e-01 5.819976793141081e-01 -1.103462963643427e-05
3.468750000000000e-01 5.917668848340161e-01 -1.106150286309052e-05
3.500000000000000e-01 6.016805676304035e-01 -1.089205268103057e-05
3.531250000000000e-01 6.117411480852264e-01 -1.087768349791762e-05
3.562500000000000e-01 6.219510824448572e-01 -1.070317215659112e-05
3.593750000000000e-01 6.323128634197650e-01 -1.061320623151130e-05
3.625000000000000e-01 6.428290207931012e-01 -1.045615113064885e-05
3.656250000000000e-01 6.535021220383342e-01 -1.030275939474979e-05
3.687500000000000e-01 6.643347729460869e-01 -1.012975356547058e-05
3.718750000000000e-01 6.753296182603294e-01 -9.937352472654311e-06
3.750000000000000e-01 6.864893423240808e-01 -9.731362495981476e-06
3.781250000000000e-01 6.978166697347804e-01 -9.477992411930265e-06
3.812500000000000e-01 7.093143660094854e-01 -9.239134152657193e-06
3.843750000000000e-01 7.209852382600603e-01 -8.975661442812842e-06
3.875000000000000e-01 7.328321358785219e-01 -8.662934051287013e-06
3.906250000000000e-01 7.448579512327029e-01 -8.402978104070746e-06
3.937500000000000e-01 7.570656203724140e-01 -8.014515151612028e-06
3.968750000000000e-01 7.694581237462648e-01 -7.696607248201946e-06
4.000000000000000e-01 7.820384869293291e-01 -7.231506736083019e-06
4.031250000000000e-01 7.948097813618253e-01 -6.896661071912265e-06
4.062500000000000e-01 8.077751250989945e-01 -6.402860350973517e-06
4.093750000000000e-01 8.209376835723596e-01 -5.993318397923938e-06
4.125000000000000e-01 8.343006703625532e-01 -5.464220431275670e-06
4.156250000000000e-01 8.478673479838968e-01 -4.985019870087388e-06
4.187500000000000e-01 8.616410286809313e-01 -4.425066119871697e-06
4.218750000000000e-01 8.756250752370857e-01 -3.867207161091920e-06
4.250000000000000e-01 8.898229017956865e-01 -3.258218154678173e-06
4.281250000000000e-01 9.042379746935050e-01 -2.639999703824773e-06
4.312500000000000e-01 9.188738133070491e-01 -1.985979781421940e-06
4.343750000000000e-01 9.337339909118028e-01 -1.325292194387958e-06
4.375000000000000e-01 9.488221355546261e-01 -6.121700242072711e-07
4.406250000000000e-01 9.641419309395265e-01 9.516812649530838e-08
4.437500000000000e-01 9.796971173270190e-01 8.758033307823047e-07
4.468750000000000e-01 9.954914924472941e-01 1.631329462867236e-06
4.500000000000000e-01 1.011528912427417e+00 2.461766691676639e-06
4.531250000000000e-01 1.027813292732786e+00 3.249520690837063e-06
4.562500000000000e-01 1.044348609123070e+00 4.124458556100467e-06
4.593750000000000e-01 1.061138898622882e+00 4.941022406577982e-06
4.625000000000000e-01 1.078188260507393e+00 5.873241495205742e-06
4.656250000000000e-01 1.095500857303154e+00 6.732378893960355e-06
4.687500000000000e-01 1.113080915804360e+00 7.682062571368948e-06
4.718750000000000e-01 1.130932728104805e+00 8.590312624472851e-06
4.750000000000000e-01 1.149060652645771e+00 9.515965549938327e-06
4.781250000000000e-01 1.167469115280130e+00 1.047444634554161e-05
4.812500000000000e-01 1.186162610352890e+00 1.141109569806991e-05
4.843750000000000e-01 1.205145701798475e+00 1.237238522969705e-05
4.875000000000000e-01 1.224423024254985e+00 1.334291726255476e-05
4.906250000000000e-01 1.243999284195726e+00 1.424335440391159e-05
4.937500000000000e-01 1.263879261078271e+00 1.524505722563849e-05
4.968750000000000e-01 1.284067808511348e+00 1.613151965194099e-05
5.000000000000000e-01 1.304569855439823e+00 1.710235280930537e-05
5.031250000000000e-01 1.325390407348082e+00 1.800166430063788e-05
5.062500000000000e-01 1.346534547482100e+00 1.888434348270726e-05
5.093750000000000e-01 1.368007438090487e+00 1.976181051246121e-05
5.125000000000001e-01 1.389814321684837e+00 2.063962569358417e-05
5.156250000000000e-01 1.411960522319654e+00 2.145573460119617e-05
5.187500000000000e-01 1.434451446892208e+00 2.225829132280376e-05
5.218750000000000e-01 1.457292586462593e+00 2.302969139298623e-05
5.250000000000000e-01 1.480489517594354e+00 2.379648148469480e-05
5.281250000000001e-01 1.504047903715979e+00 2.447678645829575e-05
5.312500000000000e-01 1.527973496503592e+00 2.518711832644578e-05
5.343750000000000e-01 1.552272137285215e+00 2.580660950813366e-05
5.375000000000000e-01 1.576949758466886e+00 2.644021559268231e-05
5.406250000000000e-01 1.602012384981041e+00 2.699887762066821e-05
5.437500000000001e-01 1.627466135757470e+00 2.755059904728142e-05
5.468750000000000e-01 1.653317225217225e+00 2.806126352850317e-05
5.500000000000000e-01 1.679571964789851e+00 2.853480781470223e-05
5.531250000000000e-01 1.706236764454286e+00 2.898397335768680e-05
5.562500000000000e-01 1.733318134303830e+00 2.942198988301750e-05
5.593750000000001e-01 1.760822686135563e+00 2.978997185550259e-05
5.625000000000000e-01 1.788757135064574e+00 3.021169835849627e-05
5.656250000000000e-01 1.817128301163438e+00 3.054351609538029e-05
5.687500000000000e-01 1.845943111127301e+00 3.091141384879669e-05
5.718750000000000e-01 1.875208599965003e+00 3.127416418898878e-05
5.750000000000001e-01 1.904931912716643e+00 3.160687432304672e-05
5.781250000000000e-01 1.935120306198011e+00 3.197035428075487e-05
5.812500000000000e-01 1.965781150772311e+00 3.237129427052341e-05
5.843750000000000e-01 1.996921932149593e+00 3.271978827391343e-05
5.875000000000000e-01 2.028550253214365e+00 3.318288324729424e-05
5.906250000000001e-01 2.060673835881802e+00 3.364063053506857e-05
5.937500000000000e-01 2.093300522983012e+00 3.412288070871732e-05
5.968750000000000e-01 2.126438280179837e+00 3.470104241913804e-05
6.000000000000001e-01 2.160095197909630e+00 3.534463435058223e-05
6.031250000000000e-01 2.194279493360494e+00 3.597863357890702e-05
6.062500000000001e-01 2.228999512477486e+00 3.678967673402287e-05
6.093750000000000e-01 2.264263732000228e+00 3.766155514384923e-05
6.125000000000000e-01 2.300080761532477e+00 3.855694860964435e-05
6.156250000000001e-01 2.336459345644116e+00 3.963126116225889e-05
6.187500000000000e-01 2.373408366006099e+00 4.086851422695006e-05
6.218750000000001e-01 2.410936843558884e+00 4.204874374376263e-05
6.250000000000000e-01 2.449053940714840e+00 4.348937274553525e-05
6.281250000000000e-01 2.487768963595221e+00 4.515188223443654e-05
6.312500000000001e-01 2.527091364302215e+00 4.673944299574392e-05
6.343750000000000e-01 2.567030743226622e+00 4.854511032368156e-05
6.375000000000001e-01 2.607596851391758e+00 5.077856100659987e-05
6.406250000000000e-01 2.648799592834118e+00 5.286349401063017e-05
6.437500000000000e-01 2.690649027021411e+00 5.508526666622050e-05
6.468750000000001e-01 2.733155371308524e+00 5.792568797013104e-05
6.500000000000000e-01 2.776329003432049e+00 6.076968311795045e-05
6.531250000000001e-01 2.820180464043967e+00 6.342153957899539e-05
6.562500000000000e-01 2.864720459285089e+00 6.685954020701426e-05
6.593750000000000e-01 2.909959863398929e+00 7.073320935372786e-05
6.625000000000001e-01 2.955909721386590e+00 7.413911531942666e-05
6.656250000000000e-01 3.002581251703353e+00 7.794698669346318e-05
6.687500000000001e-01 3.049985848997626e+00 8.299495490399198e-05
6.718750000000000e-01 3.098135086892879e+00 8.788590071386865e-05
6.750000000000000e-01 3.147040720813310e+00 9.219915328729437e-05
6.781250000000001e-01 3.196714690853871e+00 9.781329747295688e-05
6.812500000000000e-01 3.247169124695383e+00 1.049433089476248e-04
6.843750000000001e-01 3.298416340565477e+00 1.112232104651942e-04
6.875000000000000e-01 3.350468850246008e+00 1.169003709061227e-04
6.906250000000000e-01 3.403339362127777e+00 1.250183105132197e-04
6.937500000000001e-01 3.457040784313211e+00 1.353392817457740e-04
6.968750000000000e-01 3.511586227767823e+00 1.440558755595266e-04
7.000000000000001e-01 3.566989009521205e+00 1.514657645657604e-04
7.031250000000000e-01 3.623262655918307e+00 1.626426866561093e-04
7.062500000000000e-01 3.680420905921852e+00 1.784189146668542e-04
7.093750000000001e-01 3.738477714466631e+00 1.926215268911516e-04
7.125000000000000e-01 3.797447255866536e+00 2.026317437144292e-04
7.156250000000001e-01 3.857343927275175e+00 2.157475169148920e-04
7.187500000000000e-01 3.918182352200844e+00 2.390346133543266e-04
7.218750000000000e-01 3.979977384076828e+00 2.668925589547390e-04
7.250000000000001e-01 4.042744109887770e+00 2.872708809225248e-04
7.281250000000000e-01 4.106497853853101e+00 3.000305275872985e-04
7.312500000000001e-01 4.171254181168399e+00 3.216819643358073e-04
7.343750000000000e-01 4.237028901805528e+00 3.663459040233770e-04
7.375000000000000e-01 4.303838074372613e+00 4.250212216544956e-04
7.406250000000001e-01 4.371698010034643e+00 4.700007815364648e-04
7.437500000000000e-01 4.440625276495786e+00 4.841632295726328e-04
7.468750000000001e-01 4.510636702044332e+00 4.854235940180534e-04
7.500000000000000e-01 4.581749379661216e+00 5.189502577322331e-04
7.531250000000000e-01 4.653980671193226e+00 6.179485329317888e-04
7.562500000000001e-01 4.727348211591802e+00 7.617052839550979e-04
7.593750000000000e-01 4.801869913218528e+00 8.613927988519636e-04
7.625000000000001e-01 4.877563970218381e+00 7.841577884211667e-04
7.656250000000000e-01 4.954448862961714e+00 4.009457680864843e-04
7.687500000000000e-01 5.032543362556198e+00 -3.668818262067148e-04
7.718750000000001e-01 5.111866535429675e+00 -1.522611964833819e-03
7.750000000000000e-01 5.192437747985146e+00 -2.996304388191129e-03
7.781250000000001e-01 5.274276671329015e+00 -4.667424394680143e-03
7.812500000000000e-01 5.357403286073669e+00 -6.395235358372059e-03
7.843750000000000e-01 5.441837887215693e+00 -8.046106090402114e-03
7.875000000000001e-01 5.527601089090773e+00 -9.511602502401365e-03
7.906250000000000e-01 5.614713830406605e+00 -1.071650185332191e-02
7.937500000000001e-01 5.703197379355005e+00 -1.161872441073262e-02
7.968750000000000e-01 5.793073338804412e+00 -1.220446880906471e-02
8.000000000000000e-01 5.884363651574169e+00 -1.248117894632121e-02
8.031250000000001e-01 5.977090605791737e+00 -1.247045432011515e-02
8.062500000000000e-01 6.071276840334257e+00 -1.220185560742579e-02
8.093750000000001e-01 6.166945350355728e+00 -1.170827936206179e-02
8.125000000000000e-01 6.264119492901173e+00 -1.102279520297715e-02
8.156250000000000e-01 6.362822992609162e+00 -1.017677847885664e-02
8.187500000000001e-01 6.463079947504072e+00 -9.198881039765877e-03
8.218750000000000e-01 6.564914834879517e+00 -8.114699714340333e-03
8.250000000000001e-01 6.668352517274371e+00 -6.946925461646243e-03
8.281250000000000e-01 6.773418248542846e+00 -5.715945482023111e-03
8.312500000000000e-01 6.880137680020114e+00 -4.440498573732347e-03
8.343750000000001e-01 6.988536866784961e+00 -3.138214139546558e-03
8.375000000000000e-01 7.098642274021019e+00 -1.825914292380006e-03
8.406250000000001e-01 7.210480783478133e+00 -5.200913268695672e-04
8.437500000000000e-01 7.324079700035414e+00 7.620600109297033e-04
8.468750000000000e-01 7.439466758367605e+00 2.000937445119459e-03
8.500000000000001e-01 7.556670129716381e+00 3.172725269462817e-03
8.531250000000000e-01 7.675718428768239e+00 4.248462850965366e-03
8.562500000000001e-01 7.796640720640633e+00 5.194876823781637e-03
8.593750000000000e-01 7.919466527978115e+00 5.977219966760083e-03
8.625000000000000e-01 8.044225838160141e+00 6.563583310214395e-03
8.656250000000001e-01 8.170949110622363e+00 6.929643662888968e-03
8.687500000000000e-01 8.299667284293170e+00 7.062773853485877e-03
8.718750000000001e-01 8.430411785147284e+00 6.964746181195174e-03
8.750000000000000e-01 8.563214533878281e+00 6.652642710613262e-03
8.781250000000000e-01 8.698107953691880e+00 6.157872686692529e-03
8.812500000000001e-01 8.835124978221932e+00 5.523388214241468e-03
8.843750000000000e-01 8.974299059571019e+00 4.799382639338681e-03
8.875000000000001e-01 9.115664176477637e+00 4.038009222553316e-03
8.906250000000000e-01 9.259254842611947e+00 3.287913438859118e-03
8.937500000000000e-01 9.405106115002161e+00 2.589497406612327e-03
8.968750000000001e-01 9.553253602593529e+00 1.971722383954292e-03
9.000000000000000e-01 9.703733474942130e+00 1.450904597449662e-03
9.031250000000001e-01 9.856582471045494e+00 1.031484336788900e-03
9.062500000000000e-01 1.001183790831228e+01 7.083147935336111e-04
9.093750000000000e-01 1.016953769167313e+01 4.697624305057338e-04
9.125000000000001e-01 1.032972032283505e+01 3.008861186770987e-04
9.156250000000000e-01 1.049242490968134e+01 1.861280768671104e-04
9.187500000000001e-01 1.065769117581972e+01 1.112107548460194e-04
9.218750000000000e-01 1.082555947028058e+01 6.418990123879310e-05
9.250000000000000e-01 1.099607077736805e+01 3.579709662973290e-05
9.281250000000001e-01 1.116926672666618e+01 1.929207081043464e-05
9.312500000000000e-01 1.134518960320255e+01 1.004981622341261e-05
9.343750000000001e-01 1.152388235777201e+01 5.061635442188930e-06
9.375000000000000e-01 1.170538861742293e+01 2.465398859142080e-06
9.406250000000000e-01 1.188975269610854e+01 1.161610209040361e-06
9.437500000000001e-01 1.207701960550600e+01 5.295728666077975e-07
9.468750000000000e-01 1.226723506600578e+01 2.336679101575774e-07
9.500000000000001e-01 1.246044551787411e+01 9.981513324744838e-08
9.531250000000000e-01 1.265669813259115e+01 4.128886032434708e-08
9.562500000000000e-01 1.285604082436773e+01 1.654331713688570e-08
9.593750000000001e-01 1.305852226184337e+01 6.422112236826487e-09
9.625000000000000e-01 1.326419187996850e+01 2.416068704903787e-09
9.656250000000001e-01 1.347309989207381e+01 8.810998593236494e-10
9.687500000000000e-01 1.368529730212962e+01 3.115527082202663e-10
9.718750000000000e-01 1.390083591719824e+01 1.068395775739849e-10
9.750000000000001e-01 1.411976836008246e+01 3.554088520593360e-11
9.781250000000000e-01 1.434214808217320e+01 1.147145425283828e-11
9.812500000000001e-01 1.456802937649935e+01 3.593345356109228e-12
9.843750000000000e-01 1.479746739098328e+01 1.092608284951260e-12
9.875000000000000e-01 1.503051814190487e+01 3.225473761673372e-13
9.906250000000001e-01 1.526723852757770e+01 9.250101450374074e-14
9.937500000000000e-01 1.550768634224049e+01 2.565715732820262e-14
9.968750000000001e-01 1.575192029016732e+01 7.342972479472069e-15
1.000000000000000e+00 1.600000000000000e+01 5.227468567015409e-16
