0.000000000000000e+00 0.000000000000000e+00 5.236829463842069e-04
3.125000000000000e-03 3.369263549427258e-03 -1.510425659198188e-05
6.250000000000000e-03 6.739349689698711e-03 8.124373714252020e-05
9.375000000000001e-03 1.011108121249049e-02 -1.765844894626988e-05
1.250000000000000e-02 1.348528131119160e-02 3.455018094914834e-05
1.562500000000000e-02 1.686277378188298e-02 -1.687778773392666e-05
1.875000000000000e-02 2.024438322446370e-02 1.748146329057564e-05
2.187500000000000e-02 2.363093524397333e-02 -1.688683275345493e-05
2.500000000000000e-02 2.702325665215984e-02 8.918873564880543e-06
2.812500000000000e-02 3.042217566934200e-02 -1.666040014908152e-05
3.125000000000000e-02 3.382852212661575e-02 3.868927257218493e-06
3.437500000000000e-02 3.724312766845378e-02 -1.686218580841497e-05
3.750000000000001e-02 4.066682595574785e-02 4.213778804846795e-07
4.062500000000000e-02 4.410045286934348e-02 -1.700515466640186e-05
4.375000000000000e-02 4.754484671411652e-02 -2.005539486399342e-06
4.687500000000000e-02 5.100084842364160e-02 -1.694472275133129e-05
5.000000000000000e-02 5.446930176550237e-02 -3.994815180776739e-06
5.312500000000001e-02 5.795105354729364e-02 -1.699573938919673e-05
5.625000000000000e-02 6.144695382336569e-02 -5.473795543736348e-06
5.937500000000000e-02 6.495785610236132e-02 -1.690562423598965e-05
6.250000000000000e-02 6.848461755559625e-02 -6.680627892325390e-06
6.562500000000000e-02 7.202809922633362e-02 -1.693100027728946e-05
6.875000000000001e-02 7.558916624000402e-02 -7.612042585454994e-06
7.187500000000001e-02 7.916868801542200e-02 -1.699416108720347e-05
7.500000000000001e-02 8.276753847705080e-02 -8.493667570800419e-06
7.812500000000000e-02 8.638659626836727e-02 -1.700425683459916e-05
8.125000000000000e-02 9.002674496637868e-02 -9.200680905809922e-06
8.437500000000001e-02 9.368887329734420e-02 -1.709220614420877e-05
8.750000000000001e-02 9.737387535375355e-02 -9.840649005586876e-06
9.062500000000001e-02 1.010826508126157e-01 -1.714597305593694e-05
9.375000000000000e-02 1.048161051551108e-01 -1.043615946400853e-05
9.687500000000000e-02 1.085751498876601e-01 -1.728249742573591e-05
1.000000000000000e-01 1.123607027644654e-01 -1.096720022050618e-05
1.031250000000000e-01 1.161736880115753e-01 -1.734600345028271e-05
1.062500000000000e-01 1.200150365525305e-01 -1.140757940622485e-05
1.093750000000000e-01 1.238856862356450e-01 -1.742839161172505e-05
1.125000000000000e-01 1.277865820629775e-01 -1.187592933472822e-05
1.156250000000000e-01 1.317186764210495e-01 -1.750088364090982e-05
1.187500000000000e-01 1.356829293133661e-01 -1.223267236012810e-05
1.218750000000000e-01 1.396803085947971e-01 -1.756467655127611e-05
1.250000000000000e-01 1.437117902078738e-01 -1.262147987293070e-05
1.281250000000000e-01 1.477783584210617e-01 -1.762070744092210e-05
1.312500000000000e-01 1.518810060690650e-01 -1.295151063662413e-05
1.343750000000000e-01 1.560207347952229e-01 -1.763202999151787e-05
1.375000000000000e-01 1.601985552960564e-01 -1.331857616948620e-05
1.406250000000000e-01 1.644154875680252e-01 -1.773240467920566e-05
1.437500000000000e-01 1.686725611565558e-01 -1.366510425217228e-05
1.468750000000000e-01 1.729708154074000e-01 -1.783175962797624e-05
1.500000000000000e-01 1.773112997203869e-01 -1.390580860039503e-05
1.531250000000000e-01 1.816950738056289e-01 -1.793138779826142e-05
1.562500000000000e-01 1.861232079422458e-01 -1.419904874864817e-05
1.593750000000000e-01 1.905967832396682e-01 -1.800450299003284e-05
1.625000000000000e-01 1.951168919015860e-01 -1.450587994073744e-05
1.656250000000000e-01 1.996846374926046e-01 -1.812921046860867e-05
1.687500000000000e-01 2.043011352076760e-01 -1.477182491271573e-05
1.718750000000000e-01 2.089675121443681e-01 -1.824425116974641e-05
1.750000000000000e-01 2.136849075780412e-01 -1.506390860399424e-05
1.781250000000000e-01 2.184544732399964e-01 -1.839757666317751e-05
1.812500000000000e-01 2.232773735986666e-01 -1.534908156883838e-05
1.843750000000000e-01 2.281547861439151e-01 -1.848462667233435e-05
1.875000000000000e-01 2.330879016745160e-01 -1.563071788422778e-05
1.906250000000000e-01 2.380779245888810e-01 -1.865732096723716e-05
1.937500000000000e-01 2.431260731791094e-01 -1.586847964465903e-05
1.968750000000000e-01 2.482335799284277e-01 -1.883102730745793e-05
2.000000000000000e-01 2.534016918120952e-01 -1.610613239211247e-05
2.031250000000000e-01 2.586316706018478e-01 -1.896328180126663e-05
2.062500000000000e-01 2.639247931739538e-01 -1.634827345526452e-05
2.093750000000000e-01 2.692823518209576e-01 -1.912854739325095e-05
2.125000000000000e-01 2.747056545671873e-01 -1.660941196490142e-05
2.156250000000000e-01 2.801960254881028e-01 -1.926141020944707e-05
2.187500000000000e-01 2.857548050335636e-01 -1.682718657993166e-05
2.218750000000000e-01 2.913833503550930e-01 -1.941330449544208e-05
2.250000000000000e-01 2.970830356372213e-01 -1.708209479440895e-05
2.281250000000000e-01 3.028552524329863e-01 -1.957118264518708e-05
2.312500000000000e-01 3.087014100036755e-01 -1.734023589418101e-05
2.343750000000000e-01 3.146229356628902e-01 -1.974453692550364e-05
2.375000000000000e-01 3.206212751250189e-01 -1.758596800064562e-05
2.406250000000000e-01 3.266978928582008e-01 -1.991291770100655e-05
2.437500000000000e-01 3.328542724418705e-01 -1.783927394965828e-05
2.468750000000000e-01 3.390919169289667e-01 -2.010970838862992e-05
2.500000000000000e-01 3.454123492128958e-01 -1.809801517319364e-05
2.531250000000000e-01 3.518171123993401e-01 -2.025678879488302e-05
2.562500000000000e-01 3.583077701830001e-01 -1.835954180461337e-05
2.593750000000000e-01 3.648859072293631e-01 -2.039449863682166e-05
2.625000000000000e-01 3.715531295615936e-01 -1.860376772972549e-05
2.656250000000000e-01 3.783110649526354e-01 -2.055670390461016e-05
2.687500000000000e-01 3.851613633226258e-01 -1.883673005746644e-05
2.718750000000000e-01 3.921056971417164e-01 -2.071579758161523e-05
2.750000000000000e-01 3.991457618383991e-01 -1.904966721166408e-05
2.781250000000000e-01 4.062832762134377e-01 -2.085969360721620e-05
2.812500000000000e-01 4.135199828595055e-01 -1.926066529642162e-05
2.843750000000000e-01 4.208576485866312e-01 -2.100827304444526e-05
2.875000000000000e-01 4.282980648535585e-01 -1.948836089477582e-05
2.906250000000000e-01 4.358430482051222e-01 -2.116492956811759e-05
2.937500000000000e-01 4.434944407157500e-01 -1.968191682761568e-05
2.968750000000000e-01 4.512541104391968e-01 -2.131165342868802e-05
3.000000000000000e-01 4.591239518646220e-01 -1.984471823937978e-05
3.031250000000000e-01 4.671058863791195e-01 -2.143703271097567e-05
3.062500000000000e-01 4.752018627368176e-01 -1.999675400709753e-05
3.093750000000000e-01 4.834138575346580e-01 -2.154013879566776e-05
3.125000000000000e-01 4.917438756949728e-01 -2.012683853768397e-05
3.156250000000000e-01 5.001939509549778e-01 -2.161665004282097e-05
3.187500000000000e-01 5.087661463633005e-01 -2.022646891383409e-05
3.218750000000000e-01 5.174625547836644e-01 -2.166419144035293e-05
3.250000000000000e-01 5.262852994058529e-01 -2.031530054232602e-05
3.281250000000000e-01 5.352365342640750e-01 -2.169389948921556e-05
3.312500000000000e-01 5.443184447628656e-01 -2.037725803814047e-05
3.343750000000000e-01 5.535332482106405e-01 -2.168633323564129e-05
3.375000000000000e-01 5.628831943610435e-01 -2.040214619773882e-05
3.406250000000000e-01 5.723705659622137e-01 -2.163777909677807e-05
3.437500000000000e-01 5.819976793141081e-01 -2.038792094743617e-05
3.468750000000000e-01 5.917668848340161e-01 -2.152751835030744e-05
3.500000000000000e-01 6.016805676304035e-01 -2.031756977979434e-05
3.531250000000000e-01 6.117411480852264e-01 -2.139698457326152e-05
3.562500000000000e-01 6.219510824448572e-01 -2.019137131667820e-05
3.593750000000000e-01 6.323128634197650e-01 -2.120627150448117e-05
3.625000000000000e-01 6.428290207931012e-01 -2.001792241563730e-05
3.656250000000000e-01 6.535021220383342e-01 -2.095928009740150e-05
3.687500000000000e-01 6.643347729460869e-01 -1.977142720739036e-05
3.718750000000000e-01 6.753296182603294e-01 -2.065396569466224e-05
3.750000000000000e-01 6.864893423240808e-01 -1.944888796820407e-05
3.781250000000000e-01 6.978166697347804e-01 -2.028639550587034e-05
3.812500000000000e-01 7.093143660094854e-01 -1.906176353736686e-05
3.843750000000000e-01 7.209852382600603e-01 -1.983293185336883e-05
3.875000000000000e-01 7.328321358785219e-01 -1.859531732402264e-05
3.906250000000000e-01 7.448579512327029e-01 -1.929294475814869e-05
3.937500000000000e-01 7.570656203724140e-01 -1.803672767287518e-05
3.968750000000000e-01 7.694581237462648e-01 -1.865825075921047e-05
4.000000000000000e-01 7.820384869293291e-01 -1.740624174415740e-05
4.031250000000000e-01 7.948097813618253e-01 -1.793661541606578e-05
4.062500000000000e-01 8.077751250989945e-01 -1.668442277849369e-05
4.093750000000000e-01 8.209376835723596e-01 -1.713173521791160e-05
4.125000000000000e-01 8.343006703625532e-01 -1.585294582259640e-05
4.156250000000000e-01 8.478673479838968e-01 -1.620447135661650e-05
4.187500000000000e-01 8.616410286809313e-01 -1.491300315080145e-05
4.218750000000000e-01 8.756250752370857e-01 -1.520994321072565e-05
4.250000000000000e-01 8.898229017956865e-01 -1.387689157808390e-05
4.281250000000000e-01 9.042379746935050e-01 -1.410298485971253e-05
4.312500000000000e-01 9.188738133070491e-01 -1.273788485818357e-05
4.343750000000000e-01 9.337339909118028e-01 -1.290343576569539e-05
4.375000000000000e-01 9.488221355546261e-01 -1.150701843968830e-05
4.406250000000000e-01 9.641419309395265e-01 -1.158961159001150e-05
4.437500000000000e-01 9.796971173270190e-01 -1.018161792283082e-05
4.468750000000000e-01 9.954914924472941e-01 -1.018619575998401e-05
4.500000000000000e-01 1.011528912427417e+00 -8.773426997450194e-06
4.531250000000000e-01 1.027813292732786e+00 -8.712242197145298e-06
4.562500000000000e-01 1.044348609123070e+00 -7.279547101112226e-06
4.593750000000000e-01 1.061138898622882e+00 -7.168093757749231e-06
4.625000000000000e-01 1.078188260507393e+00 -5.708398051116508e-06
4.656250000000000e-01 1.095500857303154e+00 -5.556605484122611e-06
4.687500000000000e-01 1.113080915804360e+00 -4.091676085281040e-06
4.718750000000000e-01 1.130932728104805e+00 -3.899836733803463e-06
4.750000000000000e-01 1.149060652645771e+00 -2.450211728640725e-06
4.781250000000000e-01 1.167469115280130e+00 -2.213360158743218e-06
4.812500000000000e-01 1.186162610352890e+00 -7.839767079502950e-07
4.843750000000000e-01 1.205145701798475e+00 -5.192161226900606e-07
4.875000000000000e-01 1.224423024254985e+00 8.848291350509242e-07
4.906250000000000e-01 1.243999284195726e+00 1.143277479447143e-06
4.937500000000000e-01 1.263879261078271e+00 2.527011110622224e-06
4.968750000000000e-01 1.284067808511348e+00 2.767835588591062e-06
5.000000000000000e-01 1.304569855439823e+00 4.119543156327442e-06
5.031250000000000e-01 1.325390407348082e+00 4.345977313373516e-06
5.062500000000000e-01 1.346534547482100e+00 5.618820852155029e-06
5.093750000000000e-01 1.368007438090487e+00 5.829348542616817e-06
5.125000000000001e-01 1.389814321684837e+00 7.020423797932045e-06
5.156250000000000e-01 1.411960522319654e+00 7.200840481428974e-06
5.187500000000000e-01 1.434451446892208e+00 8.314958466428434e-06
5.218750000000000e-01 1.457292586462593e+00 8.423159651204089e-06
5.250000000000000e-01 1.480489517594354e+00 9.462905374491509e-06
5.281250000000001e-01 1.504047903715979e+00 9.494682970662920e-06
5.312500000000000e-01 1.527973496503592e+00 1.045676187185452e-05
5.343750000000000e-01 1.552272137285215e+00 1.041051893524716e-05
5.375000000000000e-01 1.576949758466886e+00 1.124760613284895e-05
5.406250000000000e-01 1.602012384981041e+00 1.117700924822224e-05
5.437500000000001e-01 1.627466135757470e+00 1.187482675783598e-05
5.468750000000000e-01 1.653317225217225e+00 1.172937873237513e-05
5.500000000000000e-01 1.679571964789851e+00 1.236593249223124e-05
5.531250000000000e-01 1.706236764454286e+00 1.209512922566879e-05
5.562500000000000e-01 1.733318134303830e+00 1.268328822591208e-05
5.593750000000001e-01 1.760822686135563e+00 1.234434742930384e-05
5.625000000000000e-01 1.788757135064574e+00 1.280527395232353e-05
5.656250000000000e-01 1.817128301163438e+00 1.249316647484157e-05
5.687500000000000e-01 1.845943111127301e+00 1.282470903910594e-05
5.718750000000000e-01 1.875208599965003e+00 1.247875773206174e-05
5.750000000000001e-01 1.904931912716643e+00 1.283496092183655e-05
5.781250000000000e-01 1.935120306198011e+00 1.236586884808705e-05
5.812500000000000e-01 1.965781150772311e+00 1.276219232630083e-05
5.843750000000000e-01 1.996921932149593e+00 1.233326889503989e-05
5.875000000000000e-01 2.028550253214365e+00 1.259897936808747e-05
5.906250000000001e-01 2.060673835881802e+00 1.233918920203202e-05
5.937500000000000e-01 2.093300522983012e+00 1.259263117724902e-05
5.968750000000000e-01 2.126438280179837e+00 1.227273202951571e-05
6.000000000000001e-01 2.160095197909630e+00 1.277319864072196e-05
6.031250000000000e-01 2.194279493360494e+00 1.241900743621999e-05
6.062500000000001e-01 2.228999512477486e+00 1.290742842371104e-05
6.093750000000000e-01 2.264263732000228e+00 1.291220625145346e-05
6.125000000000000e-01 2.300080761532477e+00 1.329593976605839e-05
6.156250000000001e-01 2.336459345644116e+00 1.337963679080412e-05
6.187500000000000e-01 2.373408366006099e+00 1.419732819370643e-05
6.218750000000001e-01 2.410936843558884e+00 1.413887683333984e-05
6.250000000000000e-01 2.449053940714840e+00 1.506431988263966e-05
6.281250000000000e-01 2.487768963595221e+00 1.557906018873463e-05
6.312500000000001e-01 2.527091364302215e+00 1.628369330907872e-05
6.343750000000000e-01 2.567030743226622e+00 1.691342680049783e-05
6.375000000000001e-01 2.607596851391758e+00 1.834810407215655e-05
6.406250000000000e-01 2.648799592834118e+00 1.873755027616449e-05
6.437500000000000e-01 2.690649027021411e+00 2.014235084340526e-05
6.468750000000001e-01 2.733155371308524e+00 2.152281268689842e-05
6.500000000000000e-01 2.776329003432049e+00 2.274211516328762e-05
6.531250000000001e-01 2.820180464043967e+00 2.378748715859613e-05
6.562500000000000e-01 2.864720459285089e+00 2.622954069733364e-05
6.593750000000000e-01 2.909959863398929e+00 2.747214081896790e-05
6.625000000000001e-01 2.955909721386590e+00 2.903000180225171e-05
6.656250000000000e-01 3.002581251703353e+00 3.149791316679975e-05
6.687500000000001e-01 3.049985848997626e+00 3.413578078496572e-05
6.718750000000000e-01 3.098135086892879e+00 3.528210102099542e-05
6.750000000000000e-01 3.147040720813310e+00 3.831024614186023e-05
6.781250000000001e-01 3.196714690853871e+00 4.186661484350979e-05
6.812500000000000e-01 3.247169124695383e+00 4.415403801808244e-05
6.843750000000001e-01 3.298416340565477e+00 4.618014495099553e-05
6.875000000000000e-01 3.350468850246008e+00 5.123460668685909e-05
6.906250000000000e-01 3.403339362127777e+00 5.534112156411662e-05
6.937500000000001e-01 3.457040784313211e+00 5.751468528118886e-05
6.968750000000000e-01 3.511586227767823e+00 6.133886796511154e-05
7.000000000000001e-01 3.566989009521205e+00 6.877586651973581e-05
7.031250000000000e-01 3.623262655918307e+00 7.357317918204165e-05
7.062500000000000e-01 3.680420905921852e+00 7.597602122106988e-05
7.093750000000001e-01 3.738477714466631e+00 8.205018635134296e-05
7.125000000000000e-01 3.797447255866536e+00 9.300246582317601e-05
7.156250000000001e-01 3.857343927275175e+00 9.987988543691195e-05
7.187500000000000e-01 3.918182352200844e+00 1.024089262135204e-04
7.218750000000000e-01 3.979977384076828e+00 1.100630692944495e-04
7.250000000000001e-01 4.042744109887770e+00 1.268321231426691e-04
7.281250000000000e-01 4.106497853853101e+00 1.404293385953255e-04
7.312500000000001e-01 4.171254181168399e+00 1.440736323381782e-04
7.343750000000000e-01 4.237028901805528e+00 1.491004452122661e-04
7.375000000000000e-01 4.303838074372613e+00 1.710659722464643e-04
7.406250000000001e-01 4.371698010034643e+00 2.021649431657740e-04
7.437500000000000e-01 4.440625276495786e+00 2.204445281289696e-04
7.468750000000001e-01 4.510636702044332e+00 2.201953339549264e-04
7.500000000000000e-01 4.581749379661216e+00 2.275863872996130e-04
7.531250000000000e-01 4.653980671193226e+00 2.696028051814797e-04
7.562500000000001e-01 4.727348211591802e+00 3.387899270129743e-04
7.593750000000000e-01 4.801869913218528e+00 3.918547786515289e-04
7.625000000000001e-01 4.877563970218381e+00 3.956902864352270e-04
7.656250000000000e-01 4.954448862961714e+00 3.680644408252703e-04
7.687500000000000e-01 5.032543362556198e+00 3.763174015558359e-04
7.718750000000001e-01 5.111866535429675e+00 4.829494134937195e-04
7.750000000000000e-01 5.192437747985146e+00 6.860840636111672e-04
7.781250000000001e-01 5.274276671329015e+00 8.920038316388184e-04
7.812500000000000e-01 5.357403286073669e+00 9.440447045786536e-04
7.843750000000000e-01 5.441837887215693e+00 6.820790470604935e-04
7.875000000000001e-01 5.527601089090773e+00 4.900605031782343e-06
7.906250000000000e-01 5.614713830406605e+00 -1.098835626830544e-03
7.937500000000001e-01 5.703197379355005e+00 -2.551048103777976e-03
7.968750000000000e-01 5.793073338804412e+00 -4.215228406785438e-03
8.000000000000000e-01 5.884363651574169e+00 -5.931441199077112e-03
8.031250000000001e-01 5.977090605791737e+00 -7.552202876992442e-03
8.062500000000000e-01 6.071276840334257e+00 -8.960278903119493e-03
8.093750000000001e-01 6.166945350355728e+00 -1.007977406607482e-02
8.125000000000000e-01 6.264119492901173e+00 -1.087179839420341e-02
8.156250000000000e-01 6.362822992609162e+00 -1.132991332059336e-02
8.187500000000001e-01 6.463079947504072e+00 -1.146883355180930e-02
8.218750000000000e-01 6.564914834879517e+00 -1.131781206754461e-02
8.250000000000001e-01 6.668352517274371e+00 -1.091219041268627e-02
8.281250000000000e-01 6.773418248542846e+00 -1.028986457131930e-02
8.312500000000000e-01 6.880137680020114e+00 -9.486982072290052e-03
8.343750000000001e-01 6.988536866784961e+00 -8.536961621490919e-03
8.375000000000000e-01 7.098642274021019e+00 -7.469255545285023e-03
8.406250000000001e-01 7.210480783478133e+00 -6.310198742305551e-03
8.437500000000000e-01 7.324079700035414e+00 -5.083443898755789e-03
8.468750000000000e-01 7.439466758367605e+00 -3.810737037662938e-03
8.500000000000001e-01 7.556670129716381e+00 -2.511969517716523e-03
8.531250000000000e-01 7.675718428768239e+00 -1.205642729244717e-03
8.562500000000001e-01 7.796640720640633e+00 8.988046700547417e-05
8.593750000000000e-01 7.919466527978115e+00 1.353937657956702e-03
8.625000000000000e-01 8.044225838160141e+00 2.560877769193729e-03
8.656250000000001e-01 8.170949110622363e+00 3.678498446318199e-03
8.687500000000000e-01 8.299667284293170e+00 4.668860264305269e-03
8.718750000000001e-01 8.430411785147284e+00 5.491731143580507e-03
8.750000000000000e-01 8.563214533878281e+00 6.109900575469845e-03
8.781250000000000e-01 8.698107953691880e+00 6.495018466707293e-03
8.812500000000001e-01 8.835124978221932e+00 6.632640712809880e-03
8.843750000000000e-01 8.974299059571019e+00 6.525527913478279e-03
8.875000000000001e-01 9.115664176477637e+00 6.194646195189732e-03
8.906250000000000e-01 9.259254842611947e+00 5.677641323081919e-03
8.937500000000000e-01 9.405106115002161e+00 5.024879825616653e-03
8.968750000000001e-01 9.553253602593529e+00 4.293563610780008e-03
9.000000000000000e-01 9.703733474942130e+00 3.540876928734722e-03
9.031250000000001e-01 9.856582471045494e+00 2.817431115406863e-03
9.062500000000000e-01 1.001183790831228e+01 2.162249597702482e-03
9.093750000000000e-01 1.016953769167313e+01 1.600139179114777e-03
9.125000000000001e-01 1.032972032283505e+01 1.141657399604481e-03
9.156250000000000e-01 1.049242490968134e+01 7.852468877515049e-04
9.187500000000001e-01 1.065769117581972e+01 5.206827698526218e-04
9.218750000000000e-01 1.082555947028058e+01 3.328700611542509e-04
9.250000000000000e-01 1.099607077736805e+01 2.052000711322522e-04
9.281250000000001e-01 1.116926672666618e+01 1.220032964939928e-04
9.312500000000000e-01 1.134518960320255e+01 6.997859928728761e-05
9.343750000000001e-01 1.152388235777201e+01 3.873295886784889e-05
9.375000000000000e-01 1.170538861742293e+01 2.069426221451231e-05
9.406250000000000e-01 1.188975269610854e+01 1.067608356062186e-05
9.437500000000001e-01 1.207701960550600e+01 5.319978522435624e-06
9.468750000000000e-01 1.226723506600578e+01 2.561468842240888e-06
9.500000000000001e-01 1.246044551787411e+01 1.192053085315866e-06
9.531250000000000e-01 1.265669813259115e+01 5.363828746570313e-07
9.562500000000000e-01 1.285604082436773e+01 2.334376883665773e-07
9.593750000000001e-01 1.305852226184337e+01 9.829367988011544e-08
9.625000000000000e-01 1.326419187996850e+01 4.005694779868934e-08
9.656250000000001e-01 1.347309989207381e+01 1.580388215590676e-08
9.687500000000000e-01 1.368529730212962e+01 6.038319571139068e-09
9.718750000000000e-01 1.390083591719824e+01 2.234930522459852e-09
9.750000000000001e-01 1.411976836008246e+01 8.015548496589472e-10
9.781250000000000e-01 1.434214808217320e+01 2.786415155603839e-10
9.812500000000001e-01 1.456802937649935e+01 9.391176832536589e-11
9.843750000000000e-01 1.479746739098328e+01 3.069535217302300e-11
9.875000000000000e-01 1.503051814190487e+01 9.731864594223208e-12
9.906250000000001e-01 1.526723852757770e+01 2.995140942326399e-12
9.937500000000000e-01 1.550768634224049e+01 8.904047903426799e-13
9.968750000000001e-01 1.575192029016732e+01 2.721532674633961e-13
1.000000000000000e+00 1.600000000000000e+01 2.903650955827765e-14
