0.000000000000000e+00 0.000000000000000e+00 5.174566438739876e-04
3.125000000000000e-03 3.369263549427258e-03 -2.134133945226921e-05
6.250000000000000e-03 6.739349689698711e-03 7.973113381043491e-05
9.375000000000001e-03 1.011108121249049e-02 -1.816273388323570e-05
1.250000000000000e-02 1.348528131119160e-02 3.200915209190663e-05
1.562500000000000e-02 1.686277378188298e-02 -1.916802621907213e-05
1.875000000000000e-02 2.024438322446370e-02 1.517718005885424e-05
2.187500000000000e-02 2.363093524397333e-02 -1.908485225690769e-05
2.500000000000000e-02 2.702325665215984e-02 6.497161859554287e-06
2.812500000000000e-02 3.042217566934200e-02 -1.934049366580507e-05
3.125000000000000e-02 3.382852212661575e-02 1.361641018059864e-06
3.437500000000000e-02 3.724312766845378e-02 -1.931120808475828e-05
3.750000000000001e-02 4.066682595574785e-02 -1.998272172848646e-06
4.062500000000000e-02 4.410045286934348e-02 -1.917108803723717e-05
4.375000000000000e-02 4.754484671411652e-02 -4.624138697095323e-06
4.687500000000000e-02 5.100084842364160e-02 -1.915956696832350e-05
5.000000000000000e-02 5.446930176550237e-02 -6.486183225901730e-06
5.312500000000001e-02 5.795105354729364e-02 -1.929106962636745e-05
5.625000000000000e-02 6.144695382336569e-02 -7.830455436506529e-06
5.937500000000000e-02 6.495785610236132e-02 -1.929073937243021e-05
6.250000000000000e-02 6.848461755559625e-02 -9.084110628976374e-06
6.562500000000000e-02 7.202809922633362e-02 -1.934200718385484e-05
6.875000000000001e-02 7.558916624000402e-02 -1.005427275811765e-05
7.187500000000001e-02 7.916868801542200e-02 -1.942063050148970e-05
7.500000000000001e-02 8.276753847705080e-02 -1.092164564616670e-05
7.812500000000000e-02 8.638659626836727e-02 -1.948214883591193e-05
8.125000000000000e-02 9.002674496637868e-02 -1.167804685891069e-05
8.437500000000001e-02 9.368887329734420e-02 -1.954105604645942e-05
8.750000000000001e-02 9.737387535375355e-02 -1.230916118999216e-05
9.062500000000001e-02 1.010826508126157e-01 -1.963884597719497e-05
9.375000000000000e-02 1.048161051551108e-01 -1.287210794475129e-05
9.687500000000000e-02 1.085751498876601e-01 -1.965185299348112e-05
1.000000000000000e-01 1.123607027644654e-01 -1.332999077876675e-05
1.031250000000000e-01 1.161736880115753e-01 -1.976602004970422e-05
1.062500000000000e-01 1.200150365525305e-01 -1.379745979623960e-05
1.093750000000000e-01 1.238856862356450e-01 -1.979566407753062e-05
1.125000000000000e-01 1.277865820629775e-01 -1.423167639165380e-05
1.156250000000000e-01 1.317186764210495e-01 -1.987451595707018e-05
1.187500000000000e-01 1.356829293133661e-01 -1.463659341514889e-05
1.218750000000000e-01 1.396803085947971e-01 -1.998778991607443e-05
1.250000000000000e-01 1.437117902078738e-01 -1.505106865187763e-05
1.281250000000000e-01 1.477783584210617e-01 -2.002615063542494e-05
1.312500000000000e-01 1.518810060690650e-01 -1.538642225693648e-05
1.343750000000000e-01 1.560207347952229e-01 -2.012433350706035e-05
1.375000000000000e-01 1.601985552960564e-01 -1.570617249355071e-05
1.406250000000000e-01 1.644154875680252e-01 -2.022419960879349e-05
1.437500000000000e-01 1.686725611565558e-01 -1.602335858516069e-05
1.468750000000000e-01 1.729708154074000e-01 -2.025935610796796e-05
1.500000000000000e-01 1.773112997203869e-01 -1.635053891247115e-05
1.531250000000000e-01 1.816950738056289e-01 -2.035783821684620e-05
1.562500000000000e-01 1.861232079422458e-01 -1.661793833781320e-05
1.593750000000000e-01 1.905967832396682e-01 -2.044668169281140e-05
1.625000000000000e-01 1.951168919015860e-01 -1.694116077619253e-05
1.656250000000000e-01 1.996846374926046e-01 -2.058948204237036e-05
1.687500000000000e-01 2.043011352076760e-01 -1.723083106947463e-05
1.718750000000000e-01 2.089675121443681e-01 -2.068669955071579e-05
1.750000000000000e-01 2.136849075780412e-01 -1.748539945533731e-05
1.781250000000000e-01 2.184544732399964e-01 -2.078623367971742e-05
1.812500000000000e-01 2.232773735986666e-01 -1.778219771983987e-05
1.843750000000000e-01 2.281547861439151e-01 -2.094929280374522e-05
1.875000000000000e-01 2.330879016745160e-01 -1.804170400488864e-05
1.906250000000000e-01 2.380779245888810e-01 -2.107660931794718e-05
1.937500000000000e-01 2.431260731791094e-01 -1.830276598410091e-05
1.968750000000000e-01 2.482335799284277e-01 -2.123987562455095e-05
2.000000000000000e-01 2.534016918120952e-01 -1.856231821068117e-05
2.031250000000000e-01 2.586316706018478e-01 -2.138130796977671e-05
2.062500000000000e-01 2.639247931739538e-01 -1.882938199655896e-05
2.093750000000000e-01 2.692823518209576e-01 -2.152546783021301e-05
2.125000000000000e-01 2.747056545671873e-01 -1.905050648047767e-05
2.156250000000000e-01 2.801960254881028e-01 -2.171165260151235e-05
2.187500000000000e-01 2.857548050335636e-01 -1.928677791802481e-05
2.218750000000000e-01 2.913833503550930e-01 -2.186392615491431e-05
2.250000000000000e-01 2.970830356372213e-01 -1.956168887060510e-05
2.281250000000000e-01 3.028552524329863e-01 -2.205898662378161e-05
2.312500000000000e-01 3.087014100036755e-01 -1.980307392938492e-05
2.343750000000000e-01 3.146229356628902e-01 -2.222285847559180e-05
2.375000000000000e-01 3.206212751250189e-01 -2.003831342627516e-05
2.406250000000000e-01 3.266978928582008e-01 -2.238330963788556e-05
2.437500000000000e-01 3.328542724418705e-01 -2.030628401505423e-05
2.468750000000000e-01 3.390919169289667e-01 -2.256141485348908e-05
2.500000000000000e-01 3.454123492128958e-01 -2.055533856644434e-05
2.531250000000000e-01 3.518171123993401e-01 -2.269929212054356e-05
2.562500000000000e-01 3.583077701830001e-01 -2.082147551858288e-05
2.593750000000000e-01 3.648859072293631e-01 -2.288810118799171e-05
2.625000000000000e-01 3.715531295615936e-01 -2.105866426351929e-05
2.656250000000000e-01 3.783110649526354e-01 -2.305804048925048e-05
2.687500000000000e-01 3.851613633226258e-01 -2.130761982254149e-05
2.718750000000000e-01 3.921056971417164e-01 -2.320837370410848e-05
2.750000000000000e-01 3.991457618383991e-01 -2.154521386988141e-05
2.781250000000000e-01 4.062832762134377e-01 -2.335857902318902e-05
2.812500000000000e-01 4.135199828595055e-01 -2.178163603353839e-05
2.843750000000000e-01 4.208576485866312e-01 -2.352157491599253e-05
2.875000000000000e-01 4.282980648535585e-01 -2.199544524339762e-05
2.906250000000000e-01 4.358430482051222e-01 -2.367867532541619e-05
2.937500000000000e-01 4.434944407157500e-01 -2.217667628498215e-05
2.968750000000000e-01 4.512541104391968e-01 -2.381584997065921e-05
3.000000000000000e-01 4.591239518646220e-01 -2.235739571812936e-05
3.031250000000000e-01 4.671058863791195e-01 -2.394172789665528e-05
3.062500000000000e-01 4.752018627368176e-01 -2.252504590582040e-05
3.093750000000000e-01 4.834138575346580e-01 -2.404738087188479e-05
3.125000000000000e-01 4.917438756949728e-01 -2.266143893525004e-05
3.156250000000000e-01 5.001939509549778e-01 -2.414801512409315e-05
3.187500000000000e-01 5.087661463633005e-01 -2.277753232249372e-05
3.218750000000000e-01 5.174625547836644e-01 -2.422875909757106e-05
3.250000000000000e-01 5.262852994058529e-01 -2.287468948240651e-05
3.281250000000000e-01 5.352365342640750e-01 -2.425763559255672e-05
3.312500000000000e-01 5.443184447628656e-01 -2.294416460666666e-05
3.343750000000000e-01 5.535332482106405e-01 -2.424473458025215e-05
3.375000000000000e-01 5.628831943610435e-01 -2.297443329327811e-05
3.406250000000000e-01 5.723705659622137e-01 -2.420779019020076e-05
3.437500000000000e-01 5.819976793141081e-01 -2.295377121467447e-05
3.468750000000000e-01 5.917668848340161e-01 -2.411578619379310e-05
3.500000000000000e-01 6.016805676304035e-01 -2.291001311348074e-05
3.531250000000000e-01 6.117411480852264e-01 -2.400879689346471e-05
3.562500000000000e-01 6.219510824448572e-01 -2.280573904752290e-05
3.593750000000000e-01 6.323128634197650e-01 -2.382873310947420e-05
3.625000000000000e-01 6.428290207931012e-01 -2.264501795121312e-05
3.656250000000000e-01 6.535021220383342e-01 -2.360438936692059e-05
3.687500000000000e-01 6.643347729460869e-01 -2.240078955541454e-05
3.718750000000000e-01 6.753296182603294e-01 -2.330282100602232e-05
3.750000000000000e-01 6.864893423240808e-01 -2.209999883028430e-05
3.781250000000000e-01 6.978166697347804e-01 -2.293494998948035e-05
3.812500000000000e-01 7.093143660094854e-01 -2.173327992982454e-05
3.843750000000000e-01 7.209852382600603e-01 -2.250721219886712e-05
3.875000000000000e-01 7.328321358785219e-01 -2.128927057121404e-05
3.906250000000000e-01 7.448579512327029e-01 -2.199246924020199e-05
3.937500000000000e-01 7.570656203724140e-01 -2.076160823885908e-05
3.968750000000000e-01 7.694581237462648e-01 -2.137366615000074e-05
4.000000000000000e-01 7.820384869293291e-01 -2.013882158050508e-05
4.031250000000000e-01 7.948097813618253e-01 -2.068052179162611e-05
4.062500000000000e-01 8.077751250989945e-01 -1.942743797024532e-05
4.093750000000000e-01 8.209376835723596e-01 -1.989267737150205e-05
4.125000000000000e-01 8.343006703625532e-01 -1.862636860984451e-05
4.156250000000000e-01 8.478673479838968e-01 -1.900289685704360e-05
4.187500000000000e-01 8.616410286809313e-01 -1.771104750810402e-05
4.218750000000000e-01 8.756250752370857e-01 -1.803463914182404e-05
4.250000000000000e-01 8.898229017956865e-01 -1.671146303913895e-05
4.281250000000000e-01 9.042379746935050e-01 -1.694867665603871e-05
4.312500000000000e-01 9.188738133070491e-01 -1.559308956123460e-05
4.343750000000000e-01 9.337339909118028e-01 -1.576844800921899e-05
4.375000000000000e-01 9.488221355546261e-01 -1.439882026609425e-05
4.406250000000000e-01 9.641419309395265e-01 -1.449634103546218e-05
4.437500000000000e-01 9.796971173270190e-01 -1.311275666926397e-05
4.468750000000000e-01 9.954914924472941e-01 -1.313259361018002e-05
4.500000000000000e-01 1.011528912427417e+00 -1.173739593346228e-05
4.531250000000000e-01 1.027813292732786e+00 -1.168830693840207e-05
4.562500000000000e-01 1.044348609123070e+00 -1.027666964197249e-05
4.593750000000000e-01 1.061138898622882e+00 -1.018387034297711e-05
4.625000000000000e-01 1.078188260507393e+00 -8.751137918193430e-06
4.656250000000000e-01 1.095500857303154e+00 -8.629570715591531e-06
4.687500000000000e-01 1.113080915804360e+00 -7.177681618020171e-06
4.718750000000000e-01 1.130932728104805e+00 -7.018257695966613e-06
4.750000000000000e-01 1.149060652645771e+00 -5.577110490945467e-06
4.781250000000000e-01 1.167469115280130e+00 -5.371217179578180e-06
4.812500000000000e-01 1.186162610352890e+00 -3.973310846949471e-06
4.843750000000000e-01 1.205145701798475e+00 -3.732694762614553e-06
4.875000000000000e-01 1.224423024254985e+00 -2.369819197261936e-06
4.906250000000000e-01 1.243999284195726e+00 -2.123314535637304e-06
4.937500000000000e-01 1.263879261078271e+00 -7.780193714452624e-07
4.968750000000000e-01 1.284067808511348e+00 -5.619682679759927e-07
5.000000000000000e-01 1.304569855439823e+00 7.526947131420033e-07
5.031250000000000e-01 1.325390407348082e+00 9.277005495954230e-07
5.062500000000000e-01 1.346534547482100e+00 2.189393952610970e-06
5.093750000000000e-01 1.368007438090487e+00 2.346880267629709e-06
5.125000000000001e-01 1.389814321684837e+00 3.511381176443454e-06
5.156250000000000e-01 1.411960522319654e+00 3.649647534564405e-06
5.187500000000000e-01 1.434451446892208e+00 4.701186324140168e-06
5.218750000000000e-01 1.457292586462593e+00 4.794792020419477e-06
5.250000000000000e-01 1.480489517594354e+00 5.770687281909953e-06
5.281250000000001e-01 1.504047903715979e+00 5.768025898950688e-06
5.312500000000000e-01 1.527973496503592e+00 6.677836642230526e-06
5.343750000000000e-01 1.552272137285215e+00 6.557230200320546e-06
5.375000000000000e-01 1.576949758466886e+00 7.388171908045296e-06
5.406250000000000e-01 1.602012384981041e+00 7.219768887349968e-06
5.437500000000001e-01 1.627466135757470e+00 7.868361803273733e-06
5.468750000000000e-01 1.653317225217225e+00 7.694294005053023e-06
5.500000000000000e-01 1.679571964789851e+00 8.210351473038749e-06
5.531250000000000e-01 1.706236764454286e+00 7.930412936241264e-06
5.562500000000000e-01 1.733318134303830e+00 8.426886923172285e-06
5.593750000000001e-01 1.760822686135563e+00 7.986336434120019e-06
5.625000000000000e-01 1.788757135064574e+00 8.449221766301842e-06
5.656250000000000e-01 1.817128301163438e+00 7.975394192612192e-06
5.687500000000000e-01 1.845943111127301e+00 8.261393652566754e-06
5.718750000000000e-01 1.875208599965003e+00 7.874502362558238e-06
5.750000000000001e-01 1.904931912716643e+00 8.031038922788988e-06
5.781250000000000e-01 1.935120306198011e+00 7.578484686219156e-06
5.812500000000000e-01 1.965781150772311e+00 7.847503100651379e-06
5.843750000000000e-01 1.996921932149593e+00 7.226933589380037e-06
5.875000000000000e-01 2.028550253214365e+00 7.547462083180241e-06
5.906250000000001e-01 2.060673835881802e+00 7.052169600908553e-06
5.937500000000000e-01 2.093300522983012e+00 7.162565988928791e-06
5.968750000000000e-01 2.126438280179837e+00 6.897107342112495e-06
6.000000000000001e-01 2.160095197909630e+00 7.055038063394517e-06
6.031250000000000e-01 2.194279493360494e+00 6.627834652711826e-06
6.062500000000001e-01 2.228999512477486e+00 7.140633651740358e-06
6.093750000000000e-01 2.264263732000228e+00 6.699409849956271e-06
6.125000000000000e-01 2.300080761532477e+00 7.086563468818272e-06
6.156250000000001e-01 2.336459345644116e+00 7.151087278815346e-06
6.187500000000000e-01 2.373408366006099e+00 7.412357662008538e-06
6.218750000000001e-01 2.410936843558884e+00 7.426871705785995e-06
6.250000000000000e-01 2.449053940714840e+00 8.306000515593434e-06
6.281250000000000e-01 2.487768963595221e+00 8.120869283051739e-06
6.312500000000001e-01 2.527091364302215e+00 8.950586695171272e-06
6.343750000000000e-01 2.567030743226622e+00 9.561702843473309e-06
6.375000000000001e-01 2.607596851391758e+00 1.009666016127696e-05
6.406250000000000e-01 2.648799592834118e+00 1.060621460449383e-05
6.437500000000000e-01 2.690649027021411e+00 1.213695452697798e-05
6.468750000000001e-01 2.733155371308524e+00 1.235612236022182e-05
6.500000000000000e-01 2.776329003432049e+00 1.353831024843796e-05
6.531250000000001e-01 2.820180464043967e+00 1.503855471246102e-05
6.562500000000000e-01 2.864720459285089e+00 1.609161807965910e-05
6.593750000000000e-01 2.909959863398929e+00 1.679485021853797e-05
6.625000000000001e-01 2.955909721386590e+00 1.930444498717322e-05
6.656250000000000e-01 3.002581251703353e+00 2.049006004826671e-05
6.687500000000001e-01 3.049985848997626e+00 2.154153234962452e-05
6.718750000000000e-01 3.098135086892879e+00 2.393002221071296e-05
6.750000000000000e-01 3.147040720813310e+00 2.666891921265399e-05
6.781250000000001e-01 3.196714690853871e+00 2.728364567407013e-05
6.812500000000000e-01 3.247169124695383e+00 2.985488222970821e-05
6.843750000000001e-01 3.298416340565477e+00 3.362588434367619e-05
6.875000000000000e-01 3.350468850246008e+00 3.564009220564093e-05
6.906250000000000e-01 3.403339362127777e+00 3.678447921441624e-05
6.937500000000001e-01 3.457040784313211e+00 4.169226857295259e-05
6.968750000000000e-01 3.511586227767823e+00 4.607384087047943e-05
7.000000000000001e-01 3.566989009521205e+00 4.743437987221843e-05
7.031250000000000e-01 3.623262655918307e+00 5.018185897202283e-05
7.062500000000000e-01 3.680420905921852e+00 5.779717962212624e-05
7.093750000000001e-01 3.738477714466631e+00 6.282958283314286e-05
7.125000000000000e-01 3.797447255866536e+00 6.385247103463009e-05
7.156250000000001e-01 3.857343927275175e+00 6.850999151944546e-05
7.187500000000000e-01 3.918182352200844e+00 7.986780975977455e-05
7.218750000000000e-01 3.979977384076828e+00 8.720449067023072e-05
7.250000000000001e-01 4.042744109887770e+00 8.785933676473859e-05
7.281250000000000e-01 4.106497853853101e+00 9.309517144564131e-05
7.312500000000001e-01 4.171254181168399e+00 1.100039395434631e-04
7.343750000000000e-01 4.237028901805528e+00 1.250154222002667e-04
7.375000000000000e-01 4.303838074372613e+00 1.272078860097679e-04
7.406250000000001e-01 4.371698010034643e+00 1.278862177538447e-04
7.437500000000000e-01 4.440625276495786e+00 1.474312040989757e-04
7.468750000000001e-01 4.510636702044332e+00 1.805786242615417e-04
7.500000000000000e-01 4.581749379661216e+00 2.010454834971326e-04
7.531250000000000e-01 4.653980671193226e+00 1.972962658526309e-04
7.562500000000001e-01 4.727348211591802e+00 1.963726967452701e-04
7.593750000000000e-01 4.801869913218528e+00 2.329503767004625e-04
7.625000000000001e-01 4.877563970218381e+00 3.052103568477882e-04
7.656250000000000e-01 4.954448862961714e+00 3.661107776031026e-04
7.687500000000000e-01 5.032543362556198e+00 3.719795239776969e-04
7.718750000000001e-01 5.111866535429675e+00 3.335029839750042e-04
7.750000000000000e-01 5.192437747985146e+00 3.223589255299442e-04
7.781250000000001e-01 5.274276671329015e+00 4.155935460684109e-04
7.812500000000000e-01 5.357403286073669e+00 6.270632479757101e-04
7.843750000000000e-01 5.441837887215693e+00 8.705205315029948e-04
7.875000000000001e-01 5.527601089090773e+00 9.846836771861850e-04
7.906250000000000e-01 5.614713830406605e+00 7.959228020806851e-04
7.937500000000001e-01 5.703197379355005e+00 1.874322181417190e-04
7.968750000000000e-01 5.793073338804412e+00 -8.634770142137736e-04
8.000000000000000e-01 5.884363651574169e+00 -2.283001820343745e-03
8.031250000000001e-01 5.977090605791737e+00 -3.932307117668493e-03
8.062500000000000e-01 6.071276840334257e+00 -5.645271557851601e-03
8.093750000000001e-01 6.166945350355728e+00 -7.267215954684980e-03
8.125000000000000e-01 6.264119492901173e+00 -8.674992562975943e-03
8.156250000000000e-01 6.362822992609162e+00 -9.789002934954317e-03
8.187500000000001e-01 6.463079947504072e+00 -1.056896933667851e-02
8.218750000000000e-01 6.564914834879517e+00 -1.100872773196249e-02
8.250000000000001e-01 6.668352517274371e+00 -1.112433490126803e-02
8.281250000000000e-01 6.773418248542846e+00 -1.094683451311339e-02
8.312500000000000e-01 6.880137680020114e+00 -1.051347156277429e-02
8.343750000000001e-01 6.988536866784961e+00 -9.863745979318545e-03
8.375000000000000e-01 7.098642274021019e+00 -9.034969780922419e-03
8.406250000000001e-01 7.210480783478133e+00 -8.061294292881861e-03
8.437500000000000e-01 7.324079700035414e+00 -6.972820236292123e-03
8.468750000000000e-01 7.439466758367605e+00 -5.796633969179714e-03
8.500000000000001e-01 7.556670129716381e+00 -4.557192236974445e-03
8.531250000000000e-01 7.675718428768239e+00 -3.276763191068168e-03
8.562500000000001e-01 7.796640720640633e+00 -1.975417169074305e-03
8.593750000000000e-01 7.919466527978115e+00 -6.719744813985402e-04
8.625000000000000e-01 8.044225838160141e+00 6.138127271186202e-04
8.656250000000001e-01 8.170949110622363e+00 1.858123125311526e-03
8.687500000000000e-01 8.299667284293170e+00 3.030531308211488e-03
8.718750000000001e-01 8.430411785147284e+00 4.093613803759066e-03
8.750000000000000e-01 8.563214533878281e+00 5.005490257618029e-03
8.781250000000000e-01 8.698107953691880e+00 5.724852105106970e-03
8.812500000000001e-01 8.835124978221932e+00 6.217192629917884e-03
8.843750000000000e-01 8.974299059571019e+00 6.460742056445922e-03
8.875000000000001e-01 9.115664176477637e+00 6.450894636842596e-03
8.906250000000000e-01 9.259254842611947e+00 6.202326628540217e-03
8.937500000000000e-01 9.405106115002161e+00 5.748371035602638e-03
8.968750000000001e-01 9.553253602593529e+00 5.137584650122959e-03
9.000000000000000e-01 9.703733474942130e+00 4.427920807927465e-03
9.031250000000001e-01 9.856582471045494e+00 3.679470433862939e-03
9.062500000000000e-01 1.001183790831228e+01 2.947152590704752e-03
9.093750000000000e-01 1.016953769167313e+01 2.274797834565831e-03
9.125000000000001e-01 1.032972032283505e+01 1.691691797187877e-03
9.156250000000000e-01 1.049242490968134e+01 1.211959172312741e-03
9.187500000000001e-01 1.065769117581972e+01 8.364329395880788e-04
9.218750000000000e-01 1.082555947028058e+01 5.561290476198390e-04
9.250000000000000e-01 1.099607077736805e+01 3.562700320127870e-04
9.281250000000001e-01 1.116926672666618e+01 2.199521269891258e-04
9.312500000000000e-01 1.134518960320255e+01 1.308972934002838e-04
9.343750000000001e-01 1.152388235777201e+01 7.511258466027214e-05
9.375000000000000e-01 1.170538861742293e+01 4.157316474988458e-05
9.406250000000000e-01 1.188975269610854e+01 2.220136231020846e-05
9.437500000000001e-01 1.207701960550600e+01 1.144368708531371e-05
9.468750000000000e-01 1.226723506600578e+01 5.695463514727272e-06
9.500000000000001e-01 1.246044551787411e+01 2.737960278485957e-06
9.531250000000000e-01 1.265669813259115e+01 1.271797983796037e-06
9.562500000000000e-01 1.285604082436773e+01 5.710295038252450e-07
9.593750000000001e-01 1.305852226184337e+01 2.479148695922499e-07
9.625000000000000e-01 1.326419187996850e+01 1.041121557759192e-07
9.656250000000001e-01 1.347309989207381e+01 4.230609511817646e-08
9.687500000000000e-01 1.368529730212962e+01 1.663991700154436e-08
9.718750000000000e-01 1.390083591719824e+01 6.337036721757878e-09
9.750000000000001e-01 1.411976836008246e+01 2.337460272909728e-09
9.781250000000000e-01 1.434214808217320e+01 8.353283588716225e-10
9.812500000000001e-01 1.456802937649935e+01 2.893029510801649e-10
9.843750000000000e-01 1.479746739098328e+01 9.713088703283914e-11
9.875000000000000e-01 1.503051814190487e+01 3.162049960194119e-11
9.906250000000001e-01 1.526723852757770e+01 9.989471610967254e-12
9.937500000000000e-01 1.550768634224049e+01 3.046783482687646e-12
9.968750000000001e-01 1.575192029016732e+01 9.541507937633328e-13
1.000000000000000e+00 1.600000000000000e+01 1.152610401957677e-13
