0.000000000000000e+00 0.000000000000000e+00 5.661415903682869e-05
3.125000000000000e-03 3.369263549427258e-03 3.868818825803552e-05
6.250000000000000e-03 6.739349689698711e-03 3.953307839576360e-05
9.375000000000001e-03 1.011108121249049e-02 3.695371306813850e-05
1.250000000000000e-02 1.348528131119160e-02 3.804688117635472e-05
1.562500000000000e-02 1.686277378188298e-02 3.714749128837882e-05
1.875000000000000e-02 2.024438322446370e-02 3.785980031968063e-05
2.187500000000000e-02 2.363093524397333e-02 3.660940647452427e-05
2.500000000000000e-02 2.702325665215984e-02 3.787042133991353e-05
2.812500000000000e-02 3.042217566934200e-02 3.693626598017068e-05
3.125000000000000e-02 3.382852212661575e-02 3.774921398665437e-05
3.437500000000000e-02 3.724312766845378e-02 3.705847088112062e-05
3.750000000000001e-02 4.066682595574785e-02 3.755023025252250e-05
4.062500000000000e-02 4.410045286934348e-02 3.705715443907273e-05
4.375000000000000e-02 4.754484671411652e-02 3.772899727640768e-05
4.687500000000000e-02 5.100084842364160e-02 3.722825553973149e-05
5.000000000000000e-02 5.446930176550237e-02 3.757915764914037e-05
5.312500000000001e-02 5.795105354729364e-02 3.713636905569288e-05
5.625000000000000e-02 6.144695382336569e-02 3.743227962855519e-05
5.937500000000000e-02 6.495785610236132e-02 3.702851495860917e-05
6.250000000000000e-02 6.848461755559625e-02 3.736054133979401e-05
6.562500000000000e-02 7.202809922633362e-02 3.703500981114024e-05
6.875000000000001e-02 7.558916624000402e-02 3.731108679785267e-05
7.187500000000001e-02 7.916868801542200e-02 3.700013785904819e-05
7.500000000000001e-02 8.276753847705080e-02 3.720807723679812e-05
7.812500000000000e-02 8.638659626836727e-02 3.687290515133845e-05
8.125000000000000e-02 9.002674496637868e-02 3.717590791615729e-05
8.437500000000001e-02 9.368887329734420e-02 3.691082287153563e-05
8.750000000000001e-02 9.737387535375355e-02 3.711263532887036e-05
9.062500000000001e-02 1.010826508126157e-01 3.677129703380055e-05
9.375000000000000e-02 1.048161051551108e-01 3.701017931366061e-05
9.687500000000000e-02 1.085751498876601e-01 3.671040564416667e-05
1.000000000000000e-01 1.123607027644654e-01 3.692740487236861e-05
1.031250000000000e-01 1.161736880115753e-01 3.671474967622086e-05
1.062500000000000e-01 1.200150365525305e-01 3.690369042061372e-05
1.093750000000000e-01 1.238856862356450e-01 3.665249013266945e-05
1.125000000000000e-01 1.277865820629775e-01 3.690829322193820e-05
1.156250000000000e-01 1.317186764210495e-01 3.667176782778891e-05
1.187500000000000e-01 1.356829293133661e-01 3.682292541318917e-05
1.218750000000000e-01 1.396803085947971e-01 3.664882712319909e-05
1.250000000000000e-01 1.437117902078738e-01 3.678604536890985e-05
1.281250000000000e-01 1.477783584210617e-01 3.653972189150869e-05
1.312500000000000e-01 1.518810060690650e-01 3.676313295320543e-05
1.343750000000000e-01 1.560207347952229e-01 3.647899856180507e-05
1.375000000000000e-01 1.601985552960564e-01 3.666932526879104e-05
1.406250000000000e-01 1.644154875680252e-01 3.647911689627212e-05
1.437500000000000e-01 1.686725611565558e-01 3.654592280843794e-05
1.468750000000000e-01 1.729708154074000e-01 3.636109187530429e-05
1.500000000000000e-01 1.773112997203869e-01 3.646762951069183e-05
1.531250000000000e-01 1.816950738056289e-01 3.630248527083472e-05
1.562500000000000e-01 1.861232079422458e-01 3.638150752945380e-05
1.593750000000000e-01 1.905967832396682e-01 3.621359779684595e-05
1.625000000000000e-01 1.951168919015860e-01 3.627905483539246e-05
1.656250000000000e-01 1.996846374926046e-01 3.616459900371071e-05
1.687500000000000e-01 2.043011352076760e-01 3.623701897705118e-05
1.718750000000000e-01 2.089675121443681e-01 3.613675333669327e-05
1.750000000000000e-01 2.136849075780412e-01 3.617758653487487e-05
1.781250000000000e-01 2.184544732399964e-01 3.605220442431010e-05
1.812500000000000e-01 2.232773735986666e-01 3.606539105780582e-05
1.843750000000000e-01 2.281547861439151e-01 3.593017272706594e-05
1.875000000000000e-01 2.330879016745160e-01 3.599271144888822e-05
1.906250000000000e-01 2.380779245888810e-01 3.589533556091379e-05
1.937500000000000e-01 2.431260731791094e-01 3.592356710820161e-05
1.968750000000000e-01 2.482335799284277e-01 3.579624611096321e-05
2.000000000000000e-01 2.534016918120952e-01 3.583144155223126e-05
2.031250000000000e-01 2.586316706018478e-01 3.569407747536534e-05
2.062500000000000e-01 2.639247931739538e-01 3.570827843920989e-05
2.093750000000000e-01 2.692823518209576e-01 3.559537608241434e-05
2.125000000000000e-01 2.747056545671873e-01 3.563714447825720e-05
2.156250000000000e-01 2.801960254881028e-01 3.548000587083439e-05
2.187500000000000e-01 2.857548050335636e-01 3.557007216859036e-05
2.218750000000000e-01 2.913833503550930e-01 3.539388609791381e-05
2.250000000000000e-01 2.970830356372213e-01 3.547552394660088e-05
2.281250000000000e-01 3.028552524329863e-01 3.533510415586516e-05
2.312500000000000e-01 3.087014100036755e-01 3.539997593552879e-05
2.343750000000000e-01 3.146229356628902e-01 3.523389320662592e-05
2.375000000000000e-01 3.206212751250189e-01 3.531904991810797e-05
2.406250000000000e-01 3.266978928582008e-01 3.515713448641503e-05
2.437500000000000e-01 3.328542724418705e-01 3.524161872835819e-05
2.468750000000000e-01 3.390919169289667e-01 3.508056934704013e-05
2.500000000000000e-01 3.454123492128958e-01 3.514412254748117e-05
2.531250000000000e-01 3.518171123993401e-01 3.503559106490654e-05
2.562500000000000e-01 3.583077701830001e-01 3.505998836399197e-05
2.593750000000000e-01 3.648859072293631e-01 3.500030570603239e-05
2.625000000000000e-01 3.715531295615936e-01 3.498989889189326e-05
2.656250000000000e-01 3.783110649526354e-01 3.492862242641988e-05
2.687500000000000e-01 3.851613633226258e-01 3.494267436937109e-05
2.718750000000000e-01 3.921056971417164e-01 3.488449534672348e-05
2.750000000000000e-01 3.991457618383991e-01 3.489848940470617e-05
2.781250000000000e-01 4.062832762134377e-01 3.487765355854410e-05
2.812500000000000e-01 4.135199828595055e-01 3.485538028642455e-05
2.843750000000000e-01 4.208576485866312e-01 3.484132211124340e-05
2.875000000000000e-01 4.282980648535585e-01 3.488903637099914e-05
2.906250000000000e-01 4.358430482051222e-01 3.485819988708784e-05
2.937500000000000e-01 4.434944407157500e-01 3.489771891972731e-05
2.968750000000000e-01 4.512541104391968e-01 3.484654382844425e-05
3.000000000000000e-01 4.591239518646220e-01 3.494673623838908e-05
3.031250000000000e-01 4.671058863791195e-01 3.488641565319029e-05
3.062500000000000e-01 4.752018627368176e-01 3.500354063933642e-05
3.093750000000000e-01 4.834138575346580e-01 3.494324600548297e-05
3.125000000000000e-01 4.917438756949728e-01 3.511406773859655e-05
3.156250000000000e-01 5.001939509549778e-01 3.506871084428483e-05
3.187500000000000e-01 5.087661463633005e-01 3.524432765376592e-05
3.218750000000000e-01 5.174625547836644e-01 3.525392479077443e-05
3.250000000000000e-01 5.262852994058529e-01 3.540004041200554e-05
3.281250000000000e-01 5.352365342640750e-01 3.544924278218788e-05
3.312500000000000e-01 5.443184447628656e-01 3.558830201814045e-05
3.343750000000000e-01 5.535332482106405e-01 3.568327738365693e-05
3.375000000000000e-01 5.628831943610435e-01 3.582644260215063e-05
3.406250000000000e-01 5.723705659622137e-01 3.600491609742081e-05
3.437500000000000e-01 5.819976793141081e-01 3.616089458185345e-05
3.468750000000000e-01 5.917668848340161e-01 3.635664624698009e-05
3.500000000000000e-01 6.016805676304035e-01 3.656099233160145e-05
3.531250000000000e-01 6.117411480852264e-01 3.675243627739658e-05
3.562500000000000e-01 6.219510824448572e-01 3.700881894745346e-05
3.593750000000000e-01 6.323128634197650e-01 3.722569823137090e-05
3.625000000000000e-01 6.428290207931012e-01 3.757011206659034e-05
3.656250000000000e-01 6.535021220383342e-01 3.777374345673034e-05
3.687500000000000e-01 6.643347729460869e-01 3.817767573938947e-05
3.718750000000000e-01 6.753296182603294e-01 3.843782294831682e-05
3.750000000000000e-01 6.864893423240808e-01 3.889130969692854e-05
3.781250000000000e-01 6.978166697347804e-01 3.921768113617526e-05
3.812500000000000e-01 7.093143660094854e-01 3.966887094046945e-05
3.843750000000000e-01 7.209852382600603e-01 4.008208348660609e-05
3.875000000000000e-01 7.328321358785219e-01 4.055295722045103e-05
3.906250000000000e-01 7.448579512327029e-01 4.105381080817618e-05
3.937500000000000e-01 7.570656203724140e-01 4.157531141403409e-05
3.968750000000000e-01 7.694581237462648e-01 4.213780479715618e-05
4.000000000000000e-01 7.820384869293291e-01 4.273464822448617e-05
4.031250000000000e-01 7.948097813618253e-01 4.333160395386666e-05
4.062500000000000e-01 8.077751250989945e-01 4.401220457152169e-05
4.093750000000000e-01 8.209376835723596e-01 4.464838412686055e-05
4.125000000000000e-01 8.343006703625532e-01 4.541954375315590e-05
4.156250000000000e-01 8.478673479838968e-01 4.612671853990811e-05
4.187500000000000e-01 8.616410286809313e-01 4.696675705374255e-05
4.218750000000000e-01 8.756250752370857e-01 4.775520949240120e-05
4.250000000000000e-01 8.898229017956865e-01 4.864229437060772e-05
4.281250000000000e-01 9.042379746935050e-01 4.950664194921171e-05
4.312500000000000e-01 9.188738133070491e-01 5.046959249955730e-05
4.343750000000000e-01 9.337339909118028e-01 5.141551446490436e-05
4.375000000000000e-01 9.488221355546261e-01 5.245956333195205e-05
4.406250000000000e-01 9.641419309395265e-01 5.348730013456909e-05
4.437500000000000e-01 9.796971173270190e-01 5.457413422358671e-05
4.468750000000000e-01 9.954914924472941e-01 5.569004976992495e-05
4.500000000000000e-01 1.011528912427417e+00 5.684595015264075e-05
4.531250000000000e-01 1.027813292732786e+00 5.803650816092358e-05
4.562500000000000e-01 1.044348609123070e+00 5.929116828968170e-05
4.593750000000000e-01 1.061138898622882e+00 6.050100821547238e-05
4.625000000000000e-01 1.078188260507393e+00 6.185136256732951e-05
4.656250000000000e-01 1.095500857303154e+00 6.312283922598208e-05
4.687500000000000e-01 1.113080915804360e+00 6.452997427276719e-05
4.718750000000000e-01 1.130932728104805e+00 6.590919042318922e-05
4.750000000000000e-01 1.149060652645771e+00 6.730639851423508e-05
4.781250000000000e-01 1.167469115280130e+00 6.875412068535933e-05
4.812500000000000e-01 1.186162610352890e+00 7.024468738088889e-05
4.843750000000000e-01 1.205145701798475e+00 7.172216582051350e-05
4.875000000000000e-01 1.224423024254985e+00 7.324580242718813e-05
4.906250000000000e-01 1.243999284195726e+00 7.476314850812798e-05
4.937500000000000e-01 1.263879261078271e+00 7.635494216451578e-05
4.968750000000000e-01 1.284067808511348e+00 7.788534104033720e-05
5.000000000000000e-01 1.304569855439823e+00 7.950688167062898e-05
5.031250000000000e-01 1.325390407348082e+00 8.108813314787683e-05
5.062500000000000e-01 1.346534547482100e+00 8.271353923037146e-05
5.093750000000000e-01 1.368007438090487e+00 8.433275577313307e-05
5.125000000000001e-01 1.389814321684837e+00 8.597370220143217e-05
5.156250000000000e-01 1.411960522319654e+00 8.761045893469175e-05
5.187500000000000e-01 1.434451446892208e+00 8.927722565941785e-05
5.218750000000000e-01 1.457292586462593e+00 9.092007968149883e-05
5.250000000000000e-01 1.480489517594354e+00 9.261488754388437e-05
5.281250000000001e-01 1.504047903715979e+00 9.426873572810681e-05
5.312500000000000e-01 1.527973496503592e+00 9.598567920291086e-05
5.343750000000000e-01 1.552272137285215e+00 9.766700382943926e-05
5.375000000000000e-01 1.576949758466886e+00 9.939857452075961e-05
5.406250000000000e-01 1.602012384981041e+00 1.011279689372177e-04
5.437500000000001e-01 1.627466135757470e+00 1.028834226279389e-04
5.468750000000000e-01 1.653317225217225e+00 1.046609722499400e-04
5.500000000000000e-01 1.679571964789851e+00 1.064851263634396e-04
5.531250000000000e-01 1.706236764454286e+00 1.083046022096102e-04
5.562500000000000e-01 1.733318134303830e+00 1.102273304510111e-04
5.593750000000001e-01 1.760822686135563e+00 1.121402536234220e-04
5.625000000000000e-01 1.788757135064574e+00 1.141488238335813e-04
5.656250000000000e-01 1.817128301163438e+00 1.162196929912910e-04
5.687500000000000e-01 1.845943111127301e+00 1.183585043576564e-04
5.718750000000000e-01 1.875208599965003e+00 1.205849662083953e-04
5.750000000000001e-01 1.904931912716643e+00 1.229458224292509e-04
5.781250000000000e-01 1.935120306198011e+00 1.253670743838357e-04
5.812500000000000e-01 1.965781150772311e+00 1.279702901451747e-04
5.843750000000000e-01 1.996921932149593e+00 1.306893440520629e-04
5.875000000000000e-01 2.028550253214365e+00 1.335779606478886e-04
5.906250000000001e-01 2.060673835881802e+00 1.366409254378659e-04
5.937500000000000e-01 2.093300522983012e+00 1.399143372305733e-04
5.968750000000000e-01 2.126438280179837e+00 1.433835652937478e-04
6.000000000000001e-01 2.160095197909630e+00 1.471212059665324e-04
6.031250000000000e-01 2.194279493360494e+00 1.510792352341529e-04
6.062500000000001e-01 2.228999512477486e+00 1.553658993460299e-04
6.093750000000000e-01 2.264263732000228e+00 1.599427849459092e-04
6.125000000000000e-01 2.300080761532477e+00 1.648413520184439e-04
6.156250000000001e-01 2.336459345644116e+00 1.701217849808092e-04
6.187500000000000e-01 2.373408366006099e+00 1.758432744709178e-04
6.218750000000001e-01 2.410936843558884e+00 1.819139662540399e-04
6.250000000000000e-01 2.449053940714840e+00 1.884870633888442e-04
6.281250000000000e-01 2.487768963595221e+00 1.956236428921150e-04
6.312500000000001e-01 2.527091364302215e+00 2.032902253863957e-04
6.343750000000000e-01 2.567030743226622e+00 2.114651384587209e-04
6.375000000000001e-01 2.607596851391758e+00 2.203881830867234e-04
6.406250000000000e-01 2.648799592834118e+00 2.301053750963693e-04
6.437500000000000e-01 2.690649027021411e+00 2.405198353456153e-04
6.468750000000001e-01 2.733155371308524e+00 2.516401206807864e-04
6.500000000000000e-01 2.776329003432049e+00 2.638866342922132e-04
6.531250000000001e-01 2.820180464043967e+00 2.773670238131917e-04
6.562500000000000e-01 2.864720459285089e+00 2.917581419424122e-04
6.593750000000000e-01 2.909959863398929e+00 3.070525365726597e-04
6.625000000000001e-01 2.955909721386590e+00 3.241071626417188e-04
6.656250000000000e-01 3.002581251703353e+00 3.432643970766973e-04
6.687500000000001e-01 3.049985848997626e+00 3.637479819646284e-04
6.718750000000000e-01 3.098135086892879e+00 3.851208376325486e-04
6.750000000000000e-01 3.147040720813310e+00 4.088063361003420e-04
6.781250000000001e-01 3.196714690853871e+00 4.362989980188031e-04
6.812500000000000e-01 3.247169124695383e+00 4.667232599803454e-04
6.843750000000001e-01 3.298416340565477e+00 4.976223945543809e-04
6.875000000000000e-01 3.350468850246008e+00 5.289886403089894e-04
6.906250000000000e-01 3.403339362127777e+00 5.644755921884094e-04
6.937500000000001e-01 3.457040784313211e+00 6.070768246880183e-04
6.968750000000000e-01 3.511586227767823e+00 6.533319517981344e-04
7.000000000000001e-01 3.566989009521205e+00 6.941227681224078e-04
7.031250000000000e-01 3.623262655918307e+00 7.227259840372456e-04
7.062500000000000e-01 3.680420905921852e+00 7.421758419401337e-04
7.093750000000001e-01 3.738477714466631e+00 7.615670307345998e-04
7.125000000000000e-01 3.797447255866536e+00 7.806640103876602e-04
7.156250000000001e-01 3.857343927275175e+00 7.721995608039073e-04
7.187500000000000e-01 3.918182352200844e+00 6.752857353923797e-04
7.218750000000000e-01 3.979977384076828e+00 4.060440725755179e-04
7.250000000000001e-01 4.042744109887770e+00 -1.180677760055007e-04
7.281250000000000e-01 4.106497853853101e+00 -9.518373559988607e-04
7.312500000000001e-01 4.171254181168399e+00 -2.104322175605625e-03
7.343750000000000e-01 4.237028901805528e+00 -3.535517975136825e-03
7.375000000000000e-01 4.303838074372613e+00 -5.165948271944230e-03
7.406250000000001e-01 4.371698010034643e+00 -6.893848351291553e-03
7.437500000000000e-01 4.440625276495786e+00 -8.613250875997330e-03
7.468750000000001e-01 4.510636702044332e+00 -1.022852473901695e-02
7.500000000000000e-01 4.581749379661216e+00 -1.166331203468303e-02
7.531250000000000e-01 4.653980671193226e+00 -1.286410690412128e-02
7.562500000000001e-01 4.727348211591802e+00 -1.379963167203573e-02
7.593750000000000e-01 4.801869913218528e+00 -1.445779317003927e-02
7.625000000000001e-01 4.877563970218381e+00 -1.484143023911851e-02
7.656250000000000e-01 4.954448862961714e+00 -1.496406240851669e-02
7.687500000000000e-01 5.032543362556198e+00 -1.484600530747210e-02
7.718750000000001e-01 5.111866535429675e+00 -1.451130860227027e-02
7.750000000000000e-01 5.192437747985146e+00 -1.398536914168926e-02
7.781250000000001e-01 5.274276671329015e+00 -1.329334084961137e-02
7.812500000000000e-01 5.357403286073669e+00 -1.245908521096145e-02
7.843750000000000e-01 5.441837887215693e+00 -1.150466622984855e-02
7.875000000000001e-01 5.527601089090773e+00 -1.045015157070395e-02
7.906250000000000e-01 5.614713830406605e+00 -9.313691551798248e-03
7.937500000000001e-01 5.703197379355005e+00 -8.111666014469335e-03
7.968750000000000e-01 5.793073338804412e+00 -6.858986814813191e-03
8.000000000000000e-01 5.884363651574169e+00 -5.569408430078464e-03
8.031250000000001e-01 5.977090605791737e+00 -4.255963946250825e-03
8.062500000000000e-01 6.071276840334257e+00 -2.931343668791053e-03
8.093750000000001e-01 6.166945350355728e+00 -1.608270114355729e-03
8.125000000000000e-01 6.264119492901173e+00 -2.998152856082766e-04
8.156250000000000e-01 6.362822992609162e+00 9.801720016983798e-04
8.187500000000001e-01 6.463079947504072e+00 2.216453107384041e-03
8.218750000000000e-01 6.564914834879517e+00 3.391611696687329e-03
8.250000000000001e-01 6.668352517274371e+00 4.485369604952300e-03
8.281250000000000e-01 6.773418248542846e+00 5.474438473239735e-03
8.312500000000000e-01 6.880137680020114e+00 6.333320665552447e-03
8.343750000000001e-01 6.988536866784961e+00 7.036206418372401e-03
8.375000000000000e-01 7.098642274021019e+00 7.559735306307730e-03
8.406250000000001e-01 7.210480783478133e+00 7.886074880239213e-03
8.437500000000000e-01 7.324079700035414e+00 8.005666808159582e-03
8.468750000000000e-01 7.439466758367605e+00 7.919115951113699e-03
8.500000000000001e-01 7.556670129716381e+00 7.637949606246828e-03
8.531250000000000e-01 7.675718428768239e+00 7.184214122277835e-03
8.562500000000001e-01 7.796640720640633e+00 6.589021180618891e-03
8.593750000000000e-01 7.919466527978115e+00 5.890213580571856e-03
8.625000000000000e-01 8.044225838160141e+00 5.129354651585001e-03
8.656250000000001e-01 8.170949110622363e+00 4.348311581951187e-03
8.687500000000000e-01 8.299667284293170e+00 3.585801129181596e-03
8.718750000000001e-01 8.430411785147284e+00 2.874343569641313e-03
8.750000000000000e-01 8.563214533878281e+00 2.238061947150090e-03
8.781250000000000e-01 8.698107953691880e+00 1.691636699167275e-03
8.812500000000001e-01 8.835124978221932e+00 1.240504237186838e-03
8.843750000000000e-01 8.974299059571019e+00 8.821401191820495e-04
8.875000000000001e-01 9.115664176477637e+00 6.080718987280248e-04
8.906250000000000e-01 9.259254842611947e+00 4.061779913919892e-04
8.937500000000000e-01 9.405106115002161e+00 2.628580069752389e-04
8.968750000000001e-01 9.553253602593529e+00 1.647776383168042e-04
9.000000000000000e-01 9.703733474942130e+00 1.000465788056587e-04
9.031250000000001e-01 9.856582471045494e+00 5.883149551099467e-05
9.062500000000000e-01 1.001183790831228e+01 3.350554619638640e-05
9.093750000000000e-01 1.016953769167313e+01 1.848135727063264e-05
9.125000000000001e-01 1.032972032283505e+01 9.873828979957596e-06
9.156250000000000e-01 1.049242490968134e+01 5.109835588604564e-06
9.187500000000001e-01 1.065769117581972e+01 2.561779190367462e-06
9.218750000000000e-01 1.082555947028058e+01 1.244345417495119e-06
9.250000000000000e-01 1.099607077736805e+01 5.856815790248386e-07
9.281250000000001e-01 1.116926672666618e+01 2.671560563495570e-07
9.312500000000000e-01 1.134518960320255e+01 1.181181044793659e-07
9.343750000000001e-01 1.152388235777201e+01 5.062719275749097e-08
9.375000000000000e-01 1.170538861742293e+01 2.103958693533474e-08
9.406250000000000e-01 1.188975269610854e+01 8.479068037722567e-09
9.437500000000001e-01 1.207701960550600e+01 3.314279701552415e-09
9.468750000000000e-01 1.226723506600578e+01 1.256705430813041e-09
9.500000000000001e-01 1.246044551787411e+01 4.623326250382742e-10
9.531250000000000e-01 1.265669813259115e+01 1.650538547613412e-10
9.562500000000000e-01 1.285604082436773e+01 5.718998170587580e-11
9.593750000000001e-01 1.305852226184337e+01 1.923578783796666e-11
9.625000000000000e-01 1.326419187996850e+01 6.281562010805211e-12
9.656250000000001e-01 1.347309989207381e+01 1.991884247928011e-12
9.687500000000000e-01 1.368529730212962e+01 6.134363801872271e-13
9.718750000000000e-01 1.390083591719824e+01 1.835072229482407e-13
9.750000000000001e-01 1.411976836008246e+01 5.333142078204424e-14
9.781250000000000e-01 1.434214808217320e+01 1.506005431095446e-14
9.812500000000001e-01 1.456802937649935e+01 4.132845481618382e-15
9.843750000000000e-01 1.479746739098328e+01 1.102341529045497e-15
9.875000000000000e-01 1.503051814190487e+01 2.858149453379910e-16
9.906250000000001e-01 1.526723852757770e+01 7.206509420106516e-17
9.937500000000000e-01 1.550768634224049e+01 1.760751135596132e-17
9.968750000000001e-01 1.575192029016732e+01 4.457790844295339e-18
1.000000000000000e+00 1.600000000000000e+01 8.887378706504644e-21
