0.000000000000000e+00 0.000000000000000e+00 5.089697268693701e-04
3.125000000000000e-03 3.369263549427258e-03 -2.984295087325835e-05
6.250000000000000e-03 6.739349689698711e-03 7.556831928636115e-05
9.375000000000001e-03 1.011108121249049e-02 -3.121576319919742e-05
1.250000000000000e-02 1.348528131119160e-02 3.028995309959036e-05
1.562500000000000e-02 1.686277378188298e-02 -3.035980967774448e-05
1.875000000000000e-02 2.024438322446370e-02 1.390693473899234e-05
2.187500000000000e-02 2.363093524397333e-02 -3.038304381111289e-05
2.500000000000000e-02 2.702325665215984e-02 5.276252958245153e-06
2.812500000000000e-02 3.042217566934200e-02 -3.003678565244921e-05
3.125000000000000e-02 3.382852212661575e-02 1.311110344384117e-07
3.437500000000000e-02 3.724312766845378e-02 -2.976404346653276e-05
3.750000000000001e-02 4.066682595574785e-02 -3.553655447086708e-06
4.062500000000000e-02 4.410045286934348e-02 -2.942535385058768e-05
4.375000000000000e-02 4.754484671411652e-02 -6.425434360482243e-06
4.687500000000000e-02 5.100084842364160e-02 -2.910059467548401e-05
5.000000000000000e-02 5.446930176550237e-02 -8.657054442966603e-06
5.312500000000001e-02 5.795105354729364e-02 -2.887875571442405e-05
5.625000000000000e-02 6.144695382336569e-02 -1.039468589110366e-05
5.937500000000000e-02 6.495785610236132e-02 -2.856397037752081e-05
6.250000000000000e-02 6.848461755559625e-02 -1.194390115836413e-05
6.562500000000000e-02 7.202809922633362e-02 -2.818709530563085e-05
6.875000000000001e-02 7.558916624000402e-02 -1.334177771424136e-05
7.187500000000001e-02 7.916868801542200e-02 -2.776673597790581e-05
7.500000000000001e-02 8.276753847705080e-02 -1.460674299561567e-05
7.812500000000000e-02 8.638659626836727e-02 -2.738141959255007e-05
8.125000000000000e-02 9.002674496637868e-02 -1.570542068596746e-05
8.437500000000001e-02 9.368887329734420e-02 -2.706079551311156e-05
8.750000000000001e-02 9.737387535375355e-02 -1.674563626459597e-05
9.062500000000001e-02 1.010826508126157e-01 -2.660589953788928e-05
9.375000000000000e-02 1.048161051551108e-01 -1.773889068249579e-05
9.687500000000000e-02 1.085751498876601e-01 -2.626976855240410e-05
1.000000000000000e-01 1.123607027644654e-01 -1.862733509395881e-05
1.031250000000000e-01 1.161736880115753e-01 -2.588056809866601e-05
1.062500000000000e-01 1.200150365525305e-01 -1.945653197218396e-05
1.093750000000000e-01 1.238856862356450e-01 -2.563672673098981e-05
1.125000000000000e-01 1.277865820629775e-01 -2.023893737532687e-05
1.156250000000000e-01 1.317186764210495e-01 -2.539873666382308e-05
1.187500000000000e-01 1.356829293133661e-01 -2.096284518916506e-05
1.218750000000000e-01 1.396803085947971e-01 -2.520264580399813e-05
1.250000000000000e-01 1.437117902078738e-01 -2.159101987078100e-05
1.281250000000000e-01 1.477783584210617e-01 -2.503101604749742e-05
1.312500000000000e-01 1.518810060690650e-01 -2.218140762144470e-05
1.343750000000000e-01 1.560207347952229e-01 -2.495569942522604e-05
1.375000000000000e-01 1.601985552960564e-01 -2.271229383208488e-05
1.406250000000000e-01 1.644154875680252e-01 -2.496896244254702e-05
1.437500000000000e-01 1.686725611565558e-01 -2.313487079118946e-05
1.468750000000000e-01 1.729708154074000e-01 -2.499615259495366e-05
1.500000000000000e-01 1.773112997203869e-01 -2.348347067065707e-05
1.531250000000000e-01 1.816950738056289e-01 -2.506505962835372e-05
1.562500000000000e-01 1.861232079422458e-01 -2.379431707950423e-05
1.593750000000000e-01 1.905967832396682e-01 -2.523361094545434e-05
1.625000000000000e-01 1.951168919015860e-01 -2.401172473151061e-05
1.656250000000000e-01 1.996846374926046e-01 -2.543042389310692e-05
1.687500000000000e-01 2.043011352076760e-01 -2.419424442518176e-05
1.718750000000000e-01 2.089675121443681e-01 -2.570465559473299e-05
1.750000000000000e-01 2.136849075780412e-01 -2.430833624546023e-05
1.781250000000000e-01 2.184544732399964e-01 -2.602102775683456e-05
1.812500000000000e-01 2.232773735986666e-01 -2.439182611914573e-05
1.843750000000000e-01 2.281547861439151e-01 -2.640797883618175e-05
1.875000000000000e-01 2.330879016745160e-01 -2.441496802326035e-05
1.906250000000000e-01 2.380779245888810e-01 -2.679014397918010e-05
1.937500000000000e-01 2.431260731791094e-01 -2.447722428632077e-05
1.968750000000000e-01 2.482335799284277e-01 -2.721005724154736e-05
2.000000000000000e-01 2.534016918120952e-01 -2.448553483252873e-05
2.031250000000000e-01 2.586316706018478e-01 -2.758027196710959e-05
2.062500000000000e-01 2.639247931739538e-01 -2.449522754208422e-05
2.093750000000000e-01 2.692823518209576e-01 -2.796209496992425e-05
2.125000000000000e-01 2.747056545671873e-01 -2.456445984251879e-05
2.156250000000000e-01 2.801960254881028e-01 -2.833315770575220e-05
2.187500000000000e-01 2.857548050335636e-01 -2.468052008356904e-05
2.218750000000000e-01 2.913833503550930e-01 -2.865329858496358e-05
2.250000000000000e-01 2.970830356372213e-01 -2.485162622487805e-05
2.281250000000000e-01 3.028552524329863e-01 -2.892104803117181e-05
2.312500000000000e-01 3.087014100036755e-01 -2.505348997903393e-05
2.343750000000000e-01 3.146229356628902e-01 -2.911580248465495e-05
2.375000000000000e-01 3.206212751250189e-01 -2.535827540534145e-05
2.406250000000000e-01 3.266978928582008e-01 -2.923173406771250e-05
2.437500000000000e-01 3.328542724418705e-01 -2.569849406553186e-05
2.468750000000000e-01 3.390919169289667e-01 -2.929051905218231e-05
2.500000000000000e-01 3.454123492128958e-01 -2.611410687713989e-05
2.531250000000000e-01 3.518171123993401e-01 -2.933497337812287e-05
2.562500000000000e-01 3.583077701830001e-01 -2.656596628753201e-05
2.593750000000000e-01 3.648859072293631e-01 -2.929722744032854e-05
2.625000000000000e-01 3.715531295615936e-01 -2.707216111113452e-05
2.656250000000000e-01 3.783110649526354e-01 -2.922313635661876e-05
2.687500000000000e-01 3.851613633226258e-01 -2.757062163497464e-05
2.718750000000000e-01 3.921056971417164e-01 -2.917929612774255e-05
2.750000000000000e-01 3.991457618383991e-01 -2.804669180200708e-05
2.781250000000000e-01 4.062832762134377e-01 -2.912918914006837e-05
2.812500000000000e-01 4.135199828595055e-01 -2.847603515798521e-05
2.843750000000000e-01 4.208576485866312e-01 -2.914942456854818e-05
2.875000000000000e-01 4.282980648535585e-01 -2.886544799616358e-05
2.906250000000000e-01 4.358430482051222e-01 -2.925575900223682e-05
2.937500000000000e-01 4.434944407157500e-01 -2.914037370616969e-05
2.968750000000000e-01 4.512541104391968e-01 -2.944656234409784e-05
3.000000000000000e-01 4.591239518646220e-01 -2.930401361749925e-05
3.031250000000000e-01 4.671058863791195e-01 -2.969424611057363e-05
3.062500000000000e-01 4.752018627368176e-01 -2.937855326917530e-05
3.093750000000000e-01 4.834138575346580e-01 -3.001290557602943e-05
3.125000000000000e-01 4.917438756949728e-01 -2.935000461064341e-05
3.156250000000000e-01 5.001939509549778e-01 -3.036342694217067e-05
3.187500000000000e-01 5.087661463633005e-01 -2.926395024261278e-05
3.218750000000000e-01 5.174625547836644e-01 -3.073014632060769e-05
3.250000000000000e-01 5.262852994058529e-01 -2.912601519036790e-05
3.281250000000000e-01 5.352365342640750e-01 -3.104670600484249e-05
3.312500000000000e-01 5.443184447628656e-01 -2.898876145819513e-05
3.343750000000000e-01 5.535332482106405e-01 -3.128523212046782e-05
3.375000000000000e-01 5.628831943610435e-01 -2.890891354592237e-05
3.406250000000000e-01 5.723705659622137e-01 -3.138692277336971e-05
3.437500000000000e-01 5.819976793141081e-01 -2.891960030950530e-05
3.468750000000000e-01 5.917668848340161e-01 -3.132364721425743e-05
3.500000000000000e-01 6.016805676304035e-01 -2.900384844614292e-05
3.531250000000000e-01 6.117411480852264e-01 -3.112085292563985e-05
3.562500000000000e-01 6.219510824448572e-01 -2.915297643416756e-05
3.593750000000000e-01 6.323128634197650e-01 -3.075235871506155e-05
3.625000000000000e-01 6.428290207931012e-01 -2.931144439490737e-05
3.656250000000000e-01 6.535021220383342e-01 -3.029753246118480e-05
3.687500000000000e-01 6.643347729460869e-01 -2.943971007059825e-05
3.718750000000000e-01 6.753296182603294e-01 -2.977588548041604e-05
3.750000000000000e-01 6.864893423240808e-01 -2.944371289224896e-05
3.781250000000000e-01 6.978166697347804e-01 -2.928635522434587e-05
3.812500000000000e-01 7.093143660094854e-01 -2.926490926997904e-05
3.843750000000000e-01 7.209852382600603e-01 -2.888970665767860e-05
3.875000000000000e-01 7.328321358785219e-01 -2.885283445634890e-05
3.906250000000000e-01 7.448579512327029e-01 -2.857568854277430e-05
3.937500000000000e-01 7.570656203724140e-01 -2.821035641396946e-05
3.968750000000000e-01 7.694581237462648e-01 -2.831250336301237e-05
4.000000000000000e-01 7.820384869293291e-01 -2.737882649607784e-05
4.031250000000000e-01 7.948097813618253e-01 -2.803841408922746e-05
4.062500000000000e-01 8.077751250989945e-01 -2.642034990276040e-05
4.093750000000000e-01 8.209376835723596e-01 -2.762110495429920e-05
4.125000000000000e-01 8.343006703625532e-01 -2.547005072590300e-05
4.156250000000000e-01 8.478673479838968e-01 -2.700634199756966e-05
4.187500000000000e-01 8.616410286809313e-01 -2.460011910158101e-05
4.218750000000000e-01 8.756250752370857e-01 -2.608372856464746e-05
4.250000000000000e-01 8.898229017956865e-01 -2.386849214012822e-05
4.281250000000000e-01 9.042379746935050e-01 -2.487585689360502e-05
4.312500000000000e-01 9.188738133070491e-01 -2.320356479999546e-05
4.343750000000000e-01 9.337339909118028e-01 -2.345701781640284e-05
4.375000000000000e-01 9.488221355546261e-01 -2.250366468866502e-05
4.406250000000000e-01 9.641419309395265e-01 -2.197116635251580e-05
4.437500000000000e-01 9.796971173270190e-01 -2.162415875180993e-05
4.468750000000000e-01 9.954914924472941e-01 -2.058398740686083e-05
4.500000000000000e-01 1.011528912427417e+00 -2.042786521229264e-05
4.531250000000000e-01 1.027813292732786e+00 -1.940578372425264e-05
4.562500000000000e-01 1.044348609123070e+00 -1.888244816848269e-05
4.593750000000000e-01 1.061138898622882e+00 -1.840999269180844e-05
4.625000000000000e-01 1.078188260507393e+00 -1.710553144014584e-05
4.656250000000000e-01 1.095500857303154e+00 -1.746743068158006e-05
4.687500000000000e-01 1.113080915804360e+00 -1.531541896027644e-05
4.718750000000000e-01 1.130932728104805e+00 -1.635147085662683e-05
4.750000000000000e-01 1.149060652645771e+00 -1.376811666806088e-05
4.781250000000000e-01 1.167469115280130e+00 -1.485832102398844e-05
4.812500000000000e-01 1.186162610352890e+00 -1.259711689091232e-05
4.843750000000000e-01 1.205145701798475e+00 -1.304188864102545e-05
4.875000000000000e-01 1.224423024254985e+00 -1.173614327775955e-05
4.906250000000000e-01 1.243999284195726e+00 -1.111691522215543e-05
4.937500000000000e-01 1.263879261078271e+00 -1.086781821513204e-05
4.968750000000000e-01 1.284067808511348e+00 -9.495193101781635e-06
5.000000000000000e-01 1.304569855439823e+00 -9.679861816688180e-06
5.031250000000000e-01 1.325390407348082e+00 -8.451021292916111e-06
5.062500000000000e-01 1.346534547482100e+00 -8.085304912982686e-06
5.093750000000000e-01 1.368007438090487e+00 -7.934615461898873e-06
5.125000000000001e-01 1.389814321684837e+00 -6.407679499652918e-06
5.156250000000000e-01 1.411960522319654e+00 -7.523368716335657e-06
5.187500000000000e-01 1.434451446892208e+00 -5.191520695152889e-06
5.218750000000000e-01 1.457292586462593e+00 -6.737667050582646e-06
5.250000000000000e-01 1.480489517594354e+00 -4.799054220849835e-06
5.281250000000001e-01 1.504047903715979e+00 -5.516239488322895e-06
5.312500000000000e-01 1.527973496503592e+00 -5.046597045472505e-06
5.343750000000000e-01 1.552272137285215e+00 -4.378374227230147e-06
5.375000000000000e-01 1.576949758466886e+00 -5.256606368317034e-06
5.406250000000000e-01 1.602012384981041e+00 -4.036138436474976e-06
5.437500000000001e-01 1.627466135757470e+00 -4.872689230548296e-06
5.468750000000000e-01 1.653317225217225e+00 -4.736092014189926e-06
5.500000000000000e-01 1.679571964789851e+00 -4.119578993609530e-06
5.531250000000000e-01 1.706236764454286e+00 -5.832669677796478e-06
5.562500000000000e-01 1.733318134303830e+00 -3.934747879983162e-06
5.593750000000001e-01 1.760822686135563e+00 -6.295044026129909e-06
5.625000000000000e-01 1.788757135064574e+00 -5.040497799017509e-06
5.656250000000000e-01 1.817128301163438e+00 -5.965545891475547e-06
5.687500000000000e-01 1.845943111127301e+00 -6.858816854694785e-06
5.718750000000000e-01 1.875208599965003e+00 -5.963242362566224e-06
5.750000000000001e-01 1.904931912716643e+00 -7.981174148356640e-06
5.781250000000000e-01 1.935120306198011e+00 -7.393173161150388e-06
5.812500000000000e-01 1.965781150772311e+00 -7.916945725355960e-06
5.843750000000000e-01 1.996921932149593e+00 -9.730957931363747e-06
5.875000000000000e-01 2.028550253214365e+00 -8.037894331939861e-06
5.906250000000001e-01 2.060673835881802e+00 -1.106705577246637e-05
5.937500000000000e-01 2.093300522983012e+00 -9.857265458564392e-06
5.968750000000000e-01 2.126438280179837e+00 -1.084546856583229e-05
6.000000000000001e-01 2.160095197909630e+00 -1.247963200493992e-05
6.031250000000000e-01 2.194279493360494e+00 -1.105115592295973e-05
6.062500000000001e-01 2.228999512477486e+00 -1.343641385690244e-05
6.093750000000000e-01 2.264263732000228e+00 -1.335521204341023e-05
6.125000000000000e-01 2.300080761532477e+00 -1.268715683161615e-05
6.156250000000001e-01 2.336459345644116e+00 -1.578292220332985e-05
6.187500000000000e-01 2.373408366006099e+00 -1.333425454408348e-05
6.218750000000001e-01 2.410936843558884e+00 -1.552045476804083e-05
6.250000000000000e-01 2.449053940714840e+00 -1.619950738893719e-05
6.281250000000000e-01 2.487768963595221e+00 -1.441284855774643e-05
6.312500000000001e-01 2.527091364302215e+00 -1.739831494337236e-05
6.343750000000000e-01 2.567030743226622e+00 -1.628266563738388e-05
6.375000000000001e-01 2.607596851391758e+00 -1.551291385037843e-05
6.406250000000000e-01 2.648799592834118e+00 -1.885635554906515e-05
6.437500000000000e-01 2.690649027021411e+00 -1.555584208128478e-05
6.468750000000001e-01 2.733155371308524e+00 -1.734012900350471e-05
6.500000000000000e-01 2.776329003432049e+00 -1.876678581424093e-05
6.531250000000001e-01 2.820180464043967e+00 -1.548326549302643e-05
6.562500000000000e-01 2.864720459285089e+00 -1.840446680844708e-05
6.593750000000000e-01 2.909959863398929e+00 -1.847122017536338e-05
6.625000000000001e-01 2.955909721386590e+00 -1.509952465592621e-05
6.656250000000000e-01 3.002581251703353e+00 -1.949600328182736e-05
6.687500000000001e-01 3.049985848997626e+00 -1.733182205471319e-05
6.718750000000000e-01 3.098135086892879e+00 -1.523202345078524e-05
6.750000000000000e-01 3.147040720813310e+00 -1.966373625060620e-05
6.781250000000001e-01 3.196714690853871e+00 -1.654470074058598e-05
6.812500000000000e-01 3.247169124695383e+00 -1.474457171457768e-05
6.843750000000001e-01 3.298416340565477e+00 -1.995536335309260e-05
6.875000000000000e-01 3.350468850246008e+00 -1.535958439060674e-05
6.906250000000000e-01 3.403339362127777e+00 -1.432079407417193e-05
6.937500000000001e-01 3.457040784313211e+00 -1.962949435538314e-05
6.968750000000000e-01 3.511586227767823e+00 -1.476077772514367e-05
7.000000000000001e-01 3.566989009521205e+00 -1.291974385006929e-05
7.031250000000000e-01 3.623262655918307e+00 -1.954147087739629e-05
7.062500000000000e-01 3.680420905921852e+00 -1.413659011964283e-05
7.093750000000001e-01 3.738477714466631e+00 -1.119020037061230e-05
7.125000000000000e-01 3.797447255866536e+00 -1.865676538471954e-05
7.156250000000001e-01 3.857343927275175e+00 -1.461593372896915e-05
7.187500000000000e-01 3.918182352200844e+00 -8.413071936400522e-06
7.218750000000000e-01 3.979977384076828e+00 -1.703290308207270e-05
7.250000000000001e-01 4.042744109887770e+00 -1.578818922363756e-05
7.281250000000000e-01 4.106497853853101e+00 -6.027934761802050e-06
7.312500000000001e-01 4.171254181168399e+00 -1.273730731255478e-05
7.343750000000000e-01 4.237028901805528e+00 -1.794318778899973e-05
7.375000000000000e-01 4.303838074372613e+00 -5.265464448296471e-06
7.406250000000001e-01 4.371698010034643e+00 -5.618716139960137e-06
7.437500000000000e-01 4.440625276495786e+00 -1.772004423846045e-05
7.468750000000001e-01 4.510636702044332e+00 -9.336315728454303e-06
7.500000000000000e-01 4.581749379661216e+00 2.614802177290503e-06
7.531250000000000e-01 4.653980671193226e+00 -1.033647491596686e-05
7.562500000000001e-01 4.727348211591802e+00 -1.620482062327187e-05
7.593750000000000e-01 4.801869913218528e+00 2.926019082338322e-06
7.625000000000001e-01 4.877563970218381e+00 6.573298746577996e-06
7.656250000000000e-01 4.954448862961714e+00 -1.385558067439627e-05
7.687500000000000e-01 5.032543362556198e+00 -1.020411548553034e-05
7.718750000000001e-01 5.111866535429675e+00 1.583181064370600e-05
7.750000000000000e-01 5.192437747985146e+00 1.216465650103218e-05
7.781250000000001e-01 5.274276671329015e+00 -1.438451689952570e-05
7.812500000000000e-01 5.357403286073669e+00 -5.093955317924854e-06
7.843750000000000e-01 5.441837887215693e+00 3.054543468456211e-05
7.875000000000001e-01 5.527601089090773e+00 2.776965200832099e-05
7.906250000000000e-01 5.614713830406605e+00 -9.883104027184948e-06
7.937500000000001e-01 5.703197379355005e+00 -8.119735275341152e-06
7.968750000000000e-01 5.793073338804412e+00 4.321682482351904e-05
8.000000000000000e-01 5.884363651574169e+00 6.458189752167407e-05
8.031250000000001e-01 5.977090605791737e+00 1.784392617182688e-05
8.062500000000000e-01 6.071276840334257e+00 -2.061234753956445e-05
8.093750000000001e-01 6.166945350355728e+00 2.525886810354792e-05
8.125000000000000e-01 6.264119492901173e+00 1.092135877584209e-04
8.156250000000000e-01 6.362822992609162e+00 1.175232986167121e-04
8.187500000000001e-01 6.463079947504072e+00 3.106342585928431e-05
8.218750000000000e-01 6.564914834879517e+00 -3.558624369159276e-05
8.250000000000001e-01 6.668352517274371e+00 3.046712385051697e-05
8.281250000000000e-01 6.773418248542846e+00 1.944788327006616e-04
8.312500000000000e-01 6.880137680020114e+00 2.974862250823787e-04
8.343750000000001e-01 6.988536866784961e+00 2.187445599070064e-04
8.375000000000000e-01 7.098642274021019e+00 1.055033670564591e-05
8.406250000000001e-01 7.210480783478133e+00 -1.292434462266776e-04
8.437500000000000e-01 7.324079700035414e+00 -1.170711439647146e-05
8.468750000000000e-01 7.439466758367605e+00 3.892733667239571e-04
8.500000000000001e-01 7.556670129716381e+00 9.005314935698486e-04
8.531250000000000e-01 7.675718428768239e+00 1.235585968797353e-03
8.562500000000001e-01 7.796640720640633e+00 1.135919193474857e-03
8.593750000000000e-01 7.919466527978115e+00 4.772583966382076e-04
8.625000000000000e-01 8.044225838160141e+00 -6.982831538552007e-04
8.656250000000001e-01 8.170949110622363e+00 -2.221181902380282e-03
8.687500000000000e-01 8.299667284293170e+00 -3.862489061578450e-03
8.718750000000001e-01 8.430411785147284e+00 -5.402924881409568e-03
8.750000000000000e-01 8.563214533878281e+00 -6.675150328548883e-03
8.781250000000000e-01 8.698107953691880e+00 -7.582161838137807e-03
8.812500000000001e-01 8.835124978221932e+00 -8.089152119350974e-03
8.843750000000000e-01 8.974299059571019e+00 -8.207304035044554e-03
8.875000000000001e-01 9.115664176477637e+00 -7.974126485924916e-03
8.906250000000000e-01 9.259254842611947e+00 -7.441709507041441e-03
8.937500000000000e-01 9.405106115002161e+00 -6.667621208919652e-03
8.968750000000001e-01 9.553253602593529e+00 -5.708645044927658e-03
9.000000000000000e-01 9.703733474942130e+00 -4.613818913665168e-03
9.031250000000001e-01 9.856582471045494e+00 -3.421135567613790e-03
9.062500000000000e-01 1.001183790831228e+01 -2.159422490570704e-03
9.093750000000000e-01 1.016953769167313e+01 -8.559849418212894e-04
9.125000000000001e-01 1.032972032283505e+01 4.540953182526668e-04
9.156250000000000e-01 1.049242490968134e+01 1.721371549052597e-03
9.187500000000001e-01 1.065769117581972e+01 2.881600905713722e-03
9.218750000000000e-01 1.082555947028058e+01 3.862236420539861e-03
9.250000000000000e-01 1.099607077736805e+01 4.594478014439237e-03
9.281250000000001e-01 1.116926672666618e+01 5.027694990900744e-03
9.312500000000000e-01 1.134518960320255e+01 5.141985860762986e-03
9.343750000000001e-01 1.152388235777201e+01 4.954698622900195e-03
9.375000000000000e-01 1.170538861742293e+01 4.518380349160544e-03
9.406250000000000e-01 1.188975269610854e+01 3.910472696907388e-03
9.437500000000001e-01 1.207701960550600e+01 3.217925136472421e-03
9.468750000000000e-01 1.226723506600578e+01 2.521415143680837e-03
9.500000000000001e-01 1.246044551787411e+01 1.883444959245785e-03
9.531250000000000e-01 1.265669813259115e+01 1.342658755551447e-03
9.562500000000000e-01 1.285604082436773e+01 9.143588024317767e-04
9.593750000000001e-01 1.305852226184337e+01 5.954180575425954e-04
9.625000000000000e-01 1.326419187996850e+01 3.710945671746352e-04
9.656250000000001e-01 1.347309989207381e+01 2.215621492979322e-04
9.687500000000000e-01 1.368529730212962e+01 1.268335228983081e-04
9.718750000000000e-01 1.390083591719824e+01 6.967330788697210e-05
9.750000000000001e-01 1.411976836008246e+01 3.675743274694498e-05
9.781250000000000e-01 1.434214808217320e+01 1.863843857348194e-05
9.812500000000001e-01 1.456802937649935e+01 9.090309671296611e-06
9.843750000000000e-01 1.479746739098328e+01 4.267609714788112e-06
9.875000000000000e-01 1.503051814190487e+01 1.929305566380020e-06
9.906250000000001e-01 1.526723852757770e+01 8.417192938910842e-07
9.937500000000000e-01 1.550768634224049e+01 3.516464875859103e-07
9.968750000000001e-01 1.575192029016732e+01 1.475245621492685e-07
1.000000000000000e+00 1.600000000000000e+01 4.426998268024498e-08
