0.000000000000000e+00 0.000000000000000e+00 3.934239788538497e-06
3.125000000000000e-03 3.369263549427258e-03 -1.399173099937197e-05
6.250000000000000e-03 6.739349689698711e-03 -5.842969050628754e-06
9.375000000000001e-03 1.011108121249049e-02 -9.260912096132843e-06
1.250000000000000e-02 1.348528131119160e-02 -7.404310657302711e-06
1.562500000000000e-02 1.686277378188298e-02 -1.019354848580456e-05
1.875000000000000e-02 2.024438322446370e-02 -8.115870683875908e-06
2.187500000000000e-02 2.363093524397333e-02 -9.814908423584811e-06
2.500000000000000e-02 2.702325665215984e-02 -8.515291027297495e-06
2.812500000000000e-02 3.042217566934200e-02 -9.968157098402036e-06
3.125000000000000e-02 3.382852212661575e-02 -8.466385109895428e-06
3.437500000000000e-02 3.724312766845378e-02 -1.022800912280418e-05
3.750000000000001e-02 4.066682595574785e-02 -8.403252951860727e-06
4.062500000000000e-02 4.410045286934348e-02 -1.005918945633138e-05
4.375000000000000e-02 4.754484671411652e-02 -8.382947454427026e-06
4.687500000000000e-02 5.100084842364160e-02 -9.850959221218757e-06
5.000000000000000e-02 5.446930176550237e-02 -8.623733170519789e-06
5.312500000000001e-02 5.795105354729364e-02 -9.717095562250359e-06
5.625000000000000e-02 6.144695382336569e-02 -8.811474278116096e-06
5.937500000000000e-02 6.495785610236132e-02 -9.680755307219413e-06
6.250000000000000e-02 6.848461755559625e-02 -8.873524867453439e-06
6.562500000000000e-02 7.202809922633362e-02 -9.625245717232455e-06
6.875000000000001e-02 7.558916624000402e-02 -9.032893562963266e-06
7.187500000000001e-02 7.916868801542200e-02 -9.595736214781665e-06
7.500000000000001e-02 8.276753847705080e-02 -9.155177115315459e-06
7.812500000000000e-02 8.638659626836727e-02 -9.608057107831634e-06
8.125000000000000e-02 9.002674496637868e-02 -9.224366750656240e-06
8.437500000000001e-02 9.368887329734420e-02 -9.625393833766563e-06
8.750000000000001e-02 9.737387535375355e-02 -9.408063235386019e-06
9.062500000000001e-02 1.010826508126157e-01 -9.702981063459801e-06
9.375000000000000e-02 1.048161051551108e-01 -9.521929970582549e-06
9.687500000000000e-02 1.085751498876601e-01 -9.764129272318421e-06
1.000000000000000e-01 1.123607027644654e-01 -9.615520374341916e-06
1.031250000000000e-01 1.161736880115753e-01 -9.824695772969398e-06
1.062500000000000e-01 1.200150365525305e-01 -9.700812931922515e-06
1.093750000000000e-01 1.238856862356450e-01 -9.834910984426684e-06
1.125000000000000e-01 1.277865820629775e-01 -9.846803049633183e-06
1.156250000000000e-01 1.317186764210495e-01 -9.923384626371520e-06
1.187500000000000e-01 1.356829293133661e-01 -9.894782376316106e-06
1.218750000000000e-01 1.396803085947971e-01 -9.975760640284542e-06
1.250000000000000e-01 1.437117902078738e-01 -1.003925571007147e-05
1.281250000000000e-01 1.477783584210617e-01 -9.941548939323908e-06
1.312500000000000e-01 1.518810060690650e-01 -1.012379115457476e-05
1.343750000000000e-01 1.560207347952229e-01 -1.002381108531851e-05
1.375000000000000e-01 1.601985552960564e-01 -1.017828905259829e-05
1.406250000000000e-01 1.644154875680252e-01 -1.011043547723571e-05
1.437500000000000e-01 1.686725611565558e-01 -1.020717223982944e-05
1.468750000000000e-01 1.729708154074000e-01 -1.026485439244913e-05
1.500000000000000e-01 1.773112997203869e-01 -1.029937520844747e-05
1.531250000000000e-01 1.816950738056289e-01 -1.040023362825148e-05
1.562500000000000e-01 1.861232079422458e-01 -1.039891766558118e-05
1.593750000000000e-01 1.905967832396682e-01 -1.050182121199264e-05
1.625000000000000e-01 1.951168919015860e-01 -1.046755755666386e-05
1.656250000000000e-01 1.996846374926046e-01 -1.064332921990597e-05
1.687500000000000e-01 2.043011352076760e-01 -1.059902162601980e-05
1.718750000000000e-01 2.089675121443681e-01 -1.074889346374343e-05
1.750000000000000e-01 2.136849075780412e-01 -1.073745505033355e-05
1.781250000000000e-01 2.184544732399964e-01 -1.092537294024401e-05
1.812500000000000e-01 2.232773735986666e-01 -1.086939574037676e-05
1.843750000000000e-01 2.281547861439151e-01 -1.112643727307175e-05
1.875000000000000e-01 2.330879016745160e-01 -1.095989755039541e-05
1.906250000000000e-01 2.380779245888810e-01 -1.122531565251514e-05
1.937500000000000e-01 2.431260731791094e-01 -1.104651024493672e-05
1.968750000000000e-01 2.482335799284277e-01 -1.137147365686633e-05
2.000000000000000e-01 2.534016918120952e-01 -1.119360078871796e-05
2.031250000000000e-01 2.586316706018478e-01 -1.148317038502221e-05
2.062500000000000e-01 2.639247931739538e-01 -1.131296141860041e-05
2.093750000000000e-01 2.692823518209576e-01 -1.158841950620201e-05
2.125000000000000e-01 2.747056545671873e-01 -1.148556892584975e-05
2.156250000000000e-01 2.801960254881028e-01 -1.170763758551472e-05
2.187500000000000e-01 2.857548050335636e-01 -1.165867041711865e-05
2.218750000000000e-01 2.913833503550930e-01 -1.186994181557212e-05
2.250000000000000e-01 2.970830356372213e-01 -1.179222761824844e-05
2.281250000000000e-01 3.028552524329863e-01 -1.198498634237077e-05
2.312500000000000e-01 3.087014100036755e-01 -1.199549703154765e-05
2.343750000000000e-01 3.146229356628902e-01 -1.219041034161790e-05
2.375000000000000e-01 3.206212751250189e-01 -1.216812533130272e-05
2.406250000000000e-01 3.266978928582008e-01 -1.232962012765718e-05
2.437500000000000e-01 3.328542724418705e-01 -1.237296261614294e-05
2.468750000000000e-01 3.390919169289667e-01 -1.245153024754879e-05
2.500000000000000e-01 3.454123492128958e-01 -1.252680766508615e-05
2.531250000000000e-01 3.518171123993401e-01 -1.259115911566708e-05
2.562500000000000e-01 3.583077701830001e-01 -1.268419999557609e-05
2.593750000000000e-01 3.648859072293631e-01 -1.274757168287234e-05
2.625000000000000e-01 3.715531295615936e-01 -1.282580882367905e-05
2.656250000000000e-01 3.783110649526354e-01 -1.287561157056534e-05
2.687500000000000e-01 3.851613633226258e-01 -1.294731564847969e-05
2.718750000000000e-01 3.921056971417164e-01 -1.305058310140749e-05
2.750000000000000e-01 3.991457618383991e-01 -1.312585865440088e-05
2.781250000000000e-01 4.062832762134377e-01 -1.320209053719254e-05
2.812500000000000e-01 4.135199828595055e-01 -1.326917338887260e-05
2.843750000000000e-01 4.208576485866312e-01 -1.339086051150978e-05
2.875000000000000e-01 4.282980648535585e-01 -1.339196306547246e-05
2.906250000000000e-01 4.358430482051222e-01 -1.351874549954679e-05
2.937500000000000e-01 4.434944407157500e-01 -1.349225660359516e-05
2.968750000000000e-01 4.512541104391968e-01 -1.363909353083193e-05
3.000000000000000e-01 4.591239518646220e-01 -1.358842826107872e-05
3.031250000000000e-01 4.671058863791195e-01 -1.374494505704369e-05
3.062500000000000e-01 4.752018627368176e-01 -1.364786471330850e-05
3.093750000000000e-01 4.834138575346580e-01 -1.380089802697288e-05
3.125000000000000e-01 4.917438756949728e-01 -1.372392625684176e-05
3.156250000000000e-01 5.001939509549778e-01 -1.385408255133950e-05
3.187500000000000e-01 5.087661463633005e-01 -1.379663919694311e-05
3.218750000000000e-01 5.174625547836644e-01 -1.390403748562159e-05
3.250000000000000e-01 5.262852994058529e-01 -1.381540056671251e-05
3.281250000000000e-01 5.352365342640750e-01 -1.387952552848992e-05
3.312500000000000e-01 5.443184447628656e-01 -1.383690448117266e-05
3.343750000000000e-01 5.535332482106405e-01 -1.381649140483696e-05
3.375000000000000e-01 5.628831943610435e-01 -1.377796750916038e-05
3.406250000000000e-01 5.723705659622137e-01 -1.372914738653687e-05
3.437500000000000e-01 5.819976793141081e-01 -1.368523084229987e-05
3.468750000000000e-01 5.917668848340161e-01 -1.361431638474266e-05
3.500000000000000e-01 6.016805676304035e-01 -1.355205239794418e-05
3.531250000000000e-01 6.117411480852264e-01 -1.344887689243294e-05
3.562500000000000e-01 6.219510824448572e-01 -1.335710182721472e-05
3.593750000000000e-01 6.323128634197650e-01 -1.323849949161331e-05
3.625000000000000e-01 6.428290207931012e-01 -1.307938917860137e-05
3.656250000000000e-01 6.535021220383342e-01 -1.298314383842774e-05
3.687500000000000e-01 6.643347729460869e-01 -1.274903041408265e-05
3.718750000000000e-01 6.753296182603294e-01 -1.264179818786160e-05
3.750000000000000e-01 6.864893423240808e-01 -1.235670031961046e-05
3.781250000000000e-01 6.978166697347804e-01 -1.221257596628422e-05
3.812500000000000e-01 7.093143660094854e-01 -1.187758276651156e-05
3.843750000000000e-01 7.209852382600603e-01 -1.169466585256337e-05
3.875000000000000e-01 7.328321358785219e-01 -1.135027145525554e-05
3.906250000000000e-01 7.448579512327029e-01 -1.109358692295596e-05
3.937500000000000e-01 7.570656203724140e-01 -1.074575718938459e-05
3.968750000000000e-01 7.694581237462648e-01 -1.041896876051961e-05
4.000000000000000e-01 7.820384869293291e-01 -1.002297708393057e-05
4.031250000000000e-01 7.948097813618253e-01 -9.606065205212211e-06
4.062500000000000e-01 8.077751250989945e-01 -9.193533976398325e-06
4.093750000000000e-01 8.209376835723596e-01 -8.748113469867879e-06
4.125000000000000e-01 8.343006703625532e-01 -8.269669422650052e-06
4.156250000000000e-01 8.478673479838968e-01 -7.775376336243914e-06
4.187500000000000e-01 8.616410286809313e-01 -7.231318321061431e-06
4.218750000000000e-01 8.756250752370857e-01 -6.712315914840354e-06
4.250000000000000e-01 8.898229017956865e-01 -6.085242201766625e-06
4.281250000000000e-01 9.042379746935050e-01 -5.517929724099679e-06
4.312500000000000e-01 9.188738133070491e-01 -4.832928367633805e-06
4.343750000000000e-01 9.337339909118028e-01 -4.220233831840808e-06
4.375000000000000e-01 9.488221355546261e-01 -3.496942226703804e-06
4.406250000000000e-01 9.641419309395265e-01 -2.828999609615283e-06
4.437500000000000e-01 9.796971173270190e-01 -2.059947034271743e-06
4.468750000000000e-01 9.954914924472941e-01 -1.328907241366155e-06
4.500000000000000e-01 1.011528912427417e+00 -5.150289195283021e-07
4.531250000000000e-01 1.027813292732786e+00 2.719037795430487e-07
4.562500000000000e-01 1.044348609123070e+00 1.106427423533345e-06
4.593750000000000e-01 1.061138898622882e+00 1.940520922919193e-06
4.625000000000000e-01 1.078188260507393e+00 2.797039384494470e-06
4.656250000000000e-01 1.095500857303154e+00 3.677164079501618e-06
4.687500000000000e-01 1.113080915804360e+00 4.574470204563131e-06
4.718750000000000e-01 1.130932728104805e+00 5.466237483561762e-06
4.750000000000000e-01 1.149060652645771e+00 6.402688624654822e-06
4.781250000000000e-01 1.167469115280130e+00 7.269333375326494e-06
4.812500000000000e-01 1.186162610352890e+00 8.247508577278318e-06
4.843750000000000e-01 1.205145701798475e+00 9.119907913394733e-06
4.875000000000000e-01 1.224423024254985e+00 1.009407916207814e-05
4.906250000000000e-01 1.243999284195726e+00 1.099798454794526e-05
4.937500000000000e-01 1.263879261078271e+00 1.190055605648591e-05
4.968750000000000e-01 1.284067808511348e+00 1.281739019937540e-05
5.000000000000000e-01 1.304569855439823e+00 1.370453202958181e-05
5.031250000000000e-01 1.325390407348082e+00 1.458224044971742e-05
5.062500000000000e-01 1.346534547482100e+00 1.546683624221707e-05
5.093750000000000e-01 1.368007438090487e+00 1.626641704808766e-05
5.125000000000001e-01 1.389814321684837e+00 1.710932933615551e-05
5.156250000000000e-01 1.411960522319654e+00 1.789096360864277e-05
5.187500000000000e-01 1.434451446892208e+00 1.867079542956649e-05
5.218750000000000e-01 1.457292586462593e+00 1.936328738563969e-05
5.250000000000000e-01 1.480489517594354e+00 2.010051043585825e-05
5.281250000000001e-01 1.504047903715979e+00 2.074851476682680e-05
5.312500000000000e-01 1.527973496503592e+00 2.138084042706027e-05
5.343750000000000e-01 1.552272137285215e+00 2.197401432035670e-05
5.375000000000000e-01 1.576949758466886e+00 2.253051717829883e-05
5.406250000000000e-01 1.602012384981041e+00 2.305024312308244e-05
5.437500000000001e-01 1.627466135757470e+00 2.354197444320912e-05
5.468750000000000e-01 1.653317225217225e+00 2.396680345672918e-05
5.500000000000000e-01 1.679571964789851e+00 2.441845516102693e-05
5.531250000000000e-01 1.706236764454286e+00 2.475963748813303e-05
5.562500000000000e-01 1.733318134303830e+00 2.514218504688276e-05
5.593750000000001e-01 1.760822686135563e+00 2.546099923971761e-05
5.625000000000000e-01 1.788757135064574e+00 2.575171572362044e-05
5.656250000000000e-01 1.817128301163438e+00 2.605507723848404e-05
5.687500000000000e-01 1.845943111127301e+00 2.632322218683466e-05
5.718750000000000e-01 1.875208599965003e+00 2.655994045601983e-05
5.750000000000001e-01 1.904931912716643e+00 2.686509838365365e-05
5.781250000000000e-01 1.935120306198011e+00 2.708447961888407e-05
5.812500000000000e-01 1.965781150772311e+00 2.737061444341091e-05
5.843750000000000e-01 1.996921932149593e+00 2.767572672370094e-05
5.875000000000000e-01 2.028550253214365e+00 2.796361546642613e-05
5.906250000000001e-01 2.060673835881802e+00 2.830274465946492e-05
5.937500000000000e-01 2.093300522983012e+00 2.872596453038407e-05
5.968750000000000e-01 2.126438280179837e+00 2.909882038504712e-05
6.000000000000001e-01 2.160095197909630e+00 2.959984349675120e-05
6.031250000000000e-01 2.194279493360494e+00 3.017548551919218e-05
6.062500000000001e-01 2.228999512477486e+00 3.074326711417980e-05
6.093750000000000e-01 2.264263732000228e+00 3.142798161148096e-05
6.125000000000000e-01 2.300080761532477e+00 3.228561008998525e-05
6.156250000000001e-01 2.336459345644116e+00 3.306605909998910e-05
6.187500000000000e-01 2.373408366006099e+00 3.403844497761466e-05
6.218750000000001e-01 2.410936843558884e+00 3.522252075372922e-05
6.250000000000000e-01 2.449053940714840e+00 3.632699515599063e-05
6.281250000000000e-01 2.487768963595221e+00 3.759147387960078e-05
6.312500000000001e-01 2.527091364302215e+00 3.923192551377747e-05
6.343750000000000e-01 2.567030743226622e+00 4.071229394165654e-05
6.375000000000001e-01 2.607596851391758e+00 4.232843213820261e-05
6.406250000000000e-01 2.648799592834118e+00 4.446233863039555e-05
6.437500000000000e-01 2.690649027021411e+00 4.650549753291888e-05
6.468750000000001e-01 2.733155371308524e+00 4.845070580927309e-05
6.500000000000000e-01 2.776329003432049e+00 5.112956838466227e-05
6.531250000000001e-01 2.820180464043967e+00 5.393103390791690e-05
6.562500000000000e-01 2.864720459285089e+00 5.634574327847263e-05
6.593750000000000e-01 2.909959863398929e+00 5.941564529232505e-05
6.625000000000001e-01 2.955909721386590e+00 6.324451876998961e-05
6.656250000000000e-01 3.002581251703353e+00 6.650049698103185e-05
6.687500000000001e-01 3.049985848997626e+00 6.981655676069203e-05
6.718750000000000e-01 3.098135086892879e+00 7.453302444315731e-05
6.750000000000000e-01 3.147040720813310e+00 7.946130231325795e-05
6.781250000000001e-01 3.196714690853871e+00 8.337256712519662e-05
6.812500000000000e-01 3.247169124695383e+00 8.824441215509296e-05
6.843750000000001e-01 3.298416340565477e+00 9.512757425682867e-05
6.875000000000000e-01 3.350468850246008e+00 1.014865799633372e-04
6.906250000000000e-01 3.403339362127777e+00 1.064416634569998e-04
6.937500000000001e-01 3.457040784313211e+00 1.134669300360657e-04
6.968750000000000e-01 3.511586227767823e+00 1.235529314606290e-04
7.000000000000001e-01 3.566989009521205e+00 1.325003225878449e-04
7.031250000000000e-01 3.623262655918307e+00 1.389310096243559e-04
7.062500000000000e-01 3.680420905921852e+00 1.482999479547501e-04
7.093750000000001e-01 3.738477714466631e+00 1.634351224601968e-04
7.125000000000000e-01 3.797447255866536e+00 1.783127618921539e-04
7.156250000000001e-01 3.857343927275175e+00 1.877380851970661e-04
7.187500000000000e-01 3.918182352200844e+00 1.979623624266052e-04
7.218750000000000e-01 3.979977384076828e+00 2.186392352723268e-04
7.250000000000001e-01 4.042744109887770e+00 2.469261653529928e-04
7.281250000000000e-01 4.106497853853101e+00 2.689927048308146e-04
7.312500000000001e-01 4.171254181168399e+00 2.801969569666598e-04
7.343750000000000e-01 4.237028901805528e+00 2.958509901384021e-04
7.375000000000000e-01 4.303838074372613e+00 3.349449186852157e-04
7.406250000000001e-01 4.371698010034643e+00 3.942109028847481e-04
7.437500000000000e-01 4.440625276495786e+00 4.455489364640608e-04
7.468750000000001e-01 4.510636702044332e+00 4.641779301336935e-04
7.500000000000000e-01 4.581749379661216e+00 4.602532337954631e-04
7.531250000000000e-01 4.653980671193226e+00 4.794867125421523e-04
7.562500000000001e-01 4.727348211591802e+00 5.665848634556511e-04
7.593750000000000e-01 4.801869913218528e+00 7.174549105220207e-04
7.625000000000001e-01 4.877563970218381e+00 8.556358038435072e-04
7.656250000000000e-01 4.954448862961714e+00 8.493404206535924e-04
7.687500000000000e-01 5.032543362556198e+00 5.589327074168352e-04
7.718750000000001e-01 5.111866535429675e+00 -1.117705506236367e-04
7.750000000000000e-01 5.192437747985146e+00 -1.183446972361560e-03
7.781250000000001e-01 5.274276671329015e+00 -2.598246142341747e-03
7.812500000000000e-01 5.357403286073669e+00 -4.240189505282863e-03
7.843750000000000e-01 5.441837887215693e+00 -5.966494097217942e-03
7.875000000000001e-01 5.527601089090773e+00 -7.637259088564158e-03
7.906250000000000e-01 5.614713830406605e+00 -9.136268614295215e-03
7.937500000000001e-01 5.703197379355005e+00 -1.038095139422825e-02
7.968750000000000e-01 5.793073338804412e+00 -1.132349686470427e-02
8.000000000000000e-01 5.884363651574169e+00 -1.194625149312920e-02
8.031250000000001e-01 5.977090605791737e+00 -1.225460485918441e-02
8.062500000000000e-01 6.071276840334257e+00 -1.226939674095843e-02
8.093750000000001e-01 6.166945350355728e+00 -1.202035627213839e-02
8.125000000000000e-01 6.264119492901173e+00 -1.154103269191391e-02
8.156250000000000e-01 6.362822992609162e+00 -1.086541093160179e-02
8.187500000000001e-01 6.463079947504072e+00 -1.002579917448721e-02
8.218750000000000e-01 6.564914834879517e+00 -9.051719601175047e-03
8.250000000000001e-01 6.668352517274371e+00 -7.969480365860121e-03
8.281250000000000e-01 6.773418248542846e+00 -6.802416818690564e-03
8.312500000000000e-01 6.880137680020114e+00 -5.571487126935918e-03
8.343750000000001e-01 6.988536866784961e+00 -4.295993593160028e-03
8.375000000000000e-01 7.098642274021019e+00 -2.994026757827594e-03
8.406250000000001e-01 7.210480783478133e+00 -1.682780529265055e-03
8.437500000000000e-01 7.324079700035414e+00 -3.790951629845917e-04
8.468750000000000e-01 7.439466758367605e+00 8.992715673043228e-04
8.500000000000001e-01 7.556670129716381e+00 2.131722533884659e-03
8.531250000000000e-01 7.675718428768239e+00 3.292956015266072e-03
8.562500000000001e-01 7.796640720640633e+00 4.352268530958815e-03
8.593750000000000e-01 7.919466527978115e+00 5.274849302471821e-03
8.625000000000000e-01 8.044225838160141e+00 6.025139005102055e-03
8.656250000000001e-01 8.170949110622363e+00 6.571523591707551e-03
8.687500000000000e-01 8.299667284293170e+00 6.891223261470283e-03
8.718750000000001e-01 8.430411785147284e+00 6.974305913396002e-03
8.750000000000000e-01 8.563214533878281e+00 6.826112510542480e-03
8.781250000000000e-01 8.698107953691880e+00 6.467757606977416e-03
8.812500000000001e-01 8.835124978221932e+00 5.934634330998439e-03
8.843750000000000e-01 8.974299059571019e+00 5.273055446886037e-03
8.875000000000001e-01 9.115664176477637e+00 4.535402215929831e-03
8.906250000000000e-01 9.259254842611947e+00 3.774448733675538e-03
8.937500000000000e-01 9.405106115002161e+00 3.037779178949301e-03
8.968750000000001e-01 9.553253602593529e+00 2.363272115420925e-03
9.000000000000000e-01 9.703733474942130e+00 1.776409740061430e-03
9.031250000000001e-01 9.856582471045494e+00 1.289729265449940e-03
9.062500000000000e-01 1.001183790831228e+01 9.042220147380195e-04
9.093750000000000e-01 1.016953769167313e+01 6.120804551116215e-04
9.125000000000001e-01 1.032972032283505e+01 4.000113400847607e-04
9.156250000000000e-01 1.049242490968134e+01 2.523905111221057e-04
9.187500000000001e-01 1.065769117581972e+01 1.537606808795831e-04
9.218750000000000e-01 1.082555947028058e+01 9.045795119657462e-05
9.250000000000000e-01 1.099607077736805e+01 5.139884712862172e-05
9.281250000000001e-01 1.116926672666618e+01 2.821340190985996e-05
9.312500000000000e-01 1.134518960320255e+01 1.496421887210337e-05
9.343750000000001e-01 1.152388235777201e+01 7.671109025575756e-06
9.375000000000000e-01 1.170538861742293e+01 3.801739164037769e-06
9.406250000000000e-01 1.188975269610854e+01 1.821984803035093e-06
9.437500000000001e-01 1.207701960550600e+01 8.446286659518486e-07
9.468750000000000e-01 1.226723506600578e+01 3.788495934917677e-07
9.500000000000001e-01 1.246044551787411e+01 1.644633340707852e-07
9.531250000000000e-01 1.265669813259115e+01 6.911832345932536e-08
9.562500000000000e-01 1.285604082436773e+01 2.812926786191205e-08
9.593750000000001e-01 1.305852226184337e+01 1.108874376554499e-08
9.625000000000000e-01 1.326419187996850e+01 4.235263694364424e-09
9.656250000000001e-01 1.347309989207381e+01 1.567710820666858e-09
9.687500000000000e-01 1.368529730212962e+01 5.625350489951663e-10
9.718750000000000e-01 1.390083591719824e+01 1.957219336452150e-10
9.750000000000001e-01 1.411976836008246e+01 6.604518765080936e-11
9.781250000000000e-01 1.434214808217320e+01 2.162008652546604e-11
9.812500000000001e-01 1.456802937649935e+01 6.867334753728680e-12
9.843750000000000e-01 1.479746739098328e+01 2.117055253547797e-12
9.875000000000000e-01 1.503051814190487e+01 6.335346034955036e-13
9.906250000000001e-01 1.526723852757770e+01 1.841513777052399e-13
9.937500000000000e-01 1.550768634224049e+01 5.175939075633947e-14
9.968750000000001e-01 1.575192029016732e+01 1.500276754994026e-14
1.000000000000000e+00 1.600000000000000e+01 1.178540298566038e-15
