0.000000000000000e+00 0.000000000000000e+00 2.432137581284598e-04
3.125000000000000e-03 3.369263549427258e-03 2.252877873906282e-04
6.250000000000000e-03 6.739349689698711e-03 2.310353153537019e-04
9.375000000000001e-03 1.011108121249049e-02 2.284327509287756e-04
1.250000000000000e-02 1.348528131119160e-02 2.291837303916945e-04
1.562500000000000e-02 1.686277378188298e-02 2.282879350024228e-04
1.875000000000000e-02 2.024438322446370e-02 2.288419569739683e-04
2.187500000000000e-02 2.363093524397333e-02 2.281678804281602e-04
2.500000000000000e-02 2.702325665215984e-02 2.283640872843696e-04
2.812500000000000e-02 3.042217566934200e-02 2.279093428056894e-04
3.125000000000000e-02 3.382852212661575e-02 2.283723959160051e-04
3.437500000000000e-02 3.724312766845378e-02 2.279332253109542e-04
3.750000000000001e-02 4.066682595574785e-02 2.282185420203717e-04
4.062500000000000e-02 4.410045286934348e-02 2.280196930290478e-04
4.375000000000000e-02 4.754484671411652e-02 2.281594781663992e-04
4.687500000000000e-02 5.100084842364160e-02 2.278925579882551e-04
5.000000000000000e-02 5.446930176550237e-02 2.280123061432228e-04
5.312500000000001e-02 5.795105354729364e-02 2.280364076576567e-04
5.625000000000000e-02 6.144695382336569e-02 2.280732373114935e-04
5.937500000000000e-02 6.495785610236132e-02 2.278453626872698e-04
6.250000000000000e-02 6.848461755559625e-02 2.283002463242329e-04
6.562500000000000e-02 7.202809922633362e-02 2.278654051091956e-04
6.875000000000001e-02 7.558916624000402e-02 2.283426930094267e-04
7.187500000000001e-02 7.916868801542200e-02 2.278970253654439e-04
7.500000000000001e-02 8.276753847705080e-02 2.283080172942373e-04
7.812500000000000e-02 8.638659626836727e-02 2.278837130692096e-04
8.125000000000000e-02 9.002674496637868e-02 2.282879332609068e-04
8.437500000000001e-02 9.368887329734420e-02 2.280043033298430e-04
8.750000000000001e-02 9.737387535375355e-02 2.283299714903074e-04
9.062500000000001e-02 1.010826508126157e-01 2.279336538936188e-04
9.375000000000000e-02 1.048161051551108e-01 2.283140772541711e-04
9.687500000000000e-02 1.085751498876601e-01 2.279602386728120e-04
1.000000000000000e-01 1.123607027644654e-01 2.284083121121212e-04
1.031250000000000e-01 1.161736880115753e-01 2.280872276853055e-04
1.062500000000000e-01 1.200150365525305e-01 2.283901079394057e-04
1.093750000000000e-01 1.238856862356450e-01 2.281323725159460e-04
1.125000000000000e-01 1.277865820629775e-01 2.283971369180140e-04
1.156250000000000e-01 1.317186764210495e-01 2.281565431473501e-04
1.187500000000000e-01 1.356829293133661e-01 2.284575100170193e-04
1.218750000000000e-01 1.396803085947971e-01 2.283064228356848e-04
1.250000000000000e-01 1.437117902078738e-01 2.284661553258486e-04
1.281250000000000e-01 1.477783584210617e-01 2.283494149669813e-04
1.312500000000000e-01 1.518810060690650e-01 2.285563226438647e-04
1.343750000000000e-01 1.560207347952229e-01 2.284443226962536e-04
1.375000000000000e-01 1.601985552960564e-01 2.285846588377128e-04
1.406250000000000e-01 1.644154875680252e-01 2.285085822951428e-04
1.437500000000000e-01 1.686725611565558e-01 2.286529458044133e-04
1.468750000000000e-01 1.729708154074000e-01 2.286237618191523e-04
1.500000000000000e-01 1.773112997203869e-01 2.287031492963043e-04
1.531250000000000e-01 1.816950738056289e-01 2.287228200104370e-04
1.562500000000000e-01 1.861232079422458e-01 2.288044729615811e-04
1.593750000000000e-01 1.905967832396682e-01 2.287937759323793e-04
1.625000000000000e-01 1.951168919015860e-01 2.289408458111838e-04
1.656250000000000e-01 1.996846374926046e-01 2.288866128380350e-04
1.687500000000000e-01 2.043011352076760e-01 2.290597208169559e-04
1.718750000000000e-01 2.089675121443681e-01 2.290248841881438e-04
1.750000000000000e-01 2.136849075780412e-01 2.291844305455950e-04
1.781250000000000e-01 2.184544732399964e-01 2.291007452590062e-04
1.812500000000000e-01 2.232773735986666e-01 2.293143553294143e-04
1.843750000000000e-01 2.281547861439151e-01 2.292845395259136e-04
1.875000000000000e-01 2.330879016745160e-01 2.295076810420228e-04
1.906250000000000e-01 2.380779245888810e-01 2.294545101071676e-04
1.937500000000000e-01 2.431260731791094e-01 2.296442750178828e-04
1.968750000000000e-01 2.482335799284277e-01 2.296147167356198e-04
2.000000000000000e-01 2.534016918120952e-01 2.298188074451179e-04
2.031250000000000e-01 2.586316706018478e-01 2.297732013560089e-04
2.062500000000000e-01 2.639247931739538e-01 2.300220701174142e-04
2.093750000000000e-01 2.692823518209576e-01 2.300128603438932e-04
2.125000000000000e-01 2.747056545671873e-01 2.302034727044910e-04
2.156250000000000e-01 2.801960254881028e-01 2.302298876182757e-04
2.187500000000000e-01 2.857548050335636e-01 2.304451925153200e-04
2.218750000000000e-01 2.913833503550930e-01 2.304783490564039e-04
2.250000000000000e-01 2.970830356372213e-01 2.307274693829884e-04
2.281250000000000e-01 3.028552524329863e-01 2.307897390226837e-04
2.312500000000000e-01 3.087014100036755e-01 2.309758477521108e-04
2.343750000000000e-01 3.146229356628902e-01 2.310761154549263e-04
2.375000000000000e-01 3.206212751250189e-01 2.312998059757248e-04
2.406250000000000e-01 3.266978928582008e-01 2.313783608359871e-04
2.437500000000000e-01 3.328542724418705e-01 2.316256302581389e-04
2.468750000000000e-01 3.390919169289667e-01 2.317294247206099e-04
2.500000000000000e-01 3.454123492128958e-01 2.320018695483062e-04
2.531250000000000e-01 3.518171123993401e-01 2.321561962566995e-04
2.562500000000000e-01 3.583077701830001e-01 2.324302106489375e-04
2.593750000000000e-01 3.648859072293631e-01 2.326054579468167e-04
2.625000000000000e-01 3.715531295615936e-01 2.328907144309079e-04
2.656250000000000e-01 3.783110649526354e-01 2.330640745171002e-04
2.687500000000000e-01 3.851613633226258e-01 2.333610367525135e-04
2.718750000000000e-01 3.921056971417164e-01 2.335821965996553e-04
2.750000000000000e-01 3.991457618383991e-01 2.339010623954696e-04
2.781250000000000e-01 4.062832762134377e-01 2.341529464997035e-04
2.812500000000000e-01 4.135199828595055e-01 2.345299679585204e-04
2.843750000000000e-01 4.208576485866312e-01 2.347839264902393e-04
2.875000000000000e-01 4.282980648535585e-01 2.351945287875432e-04
2.906250000000000e-01 4.358430482051222e-01 2.354741106686080e-04
2.937500000000000e-01 4.434944407157500e-01 2.359225192704229e-04
2.968750000000000e-01 4.512541104391968e-01 2.362201591645558e-04
3.000000000000000e-01 4.591239518646220e-01 2.367206478013922e-04
3.031250000000000e-01 4.671058863791195e-01 2.370774735952490e-04
3.062500000000000e-01 4.752018627368176e-01 2.375902704142417e-04
3.093750000000000e-01 4.834138575346580e-01 2.379924166391626e-04
3.125000000000000e-01 4.917438756949728e-01 2.385480417932608e-04
3.156250000000000e-01 5.001939509549778e-01 2.390542620064905e-04
3.187500000000000e-01 5.087661463633005e-01 2.396043869813541e-04
3.218750000000000e-01 5.174625547836644e-01 2.401614068354839e-04
3.250000000000000e-01 5.262852994058529e-01 2.407537490619420e-04
3.281250000000000e-01 5.352365342640750e-01 2.413740368146585e-04
3.312500000000000e-01 5.443184447628656e-01 2.420496082852419e-04
3.343750000000000e-01 5.535332482106405e-01 2.426999773065358e-04
3.375000000000000e-01 5.628831943610435e-01 2.434847334356398e-04
3.406250000000000e-01 5.723705659622137e-01 2.441659295960149e-04
3.437500000000000e-01 5.819976793141081e-01 2.450411314945503e-04
3.468750000000000e-01 5.917668848340161e-01 2.457758201437667e-04
3.500000000000000e-01 6.016805676304035e-01 2.467225615407943e-04
3.531250000000000e-01 6.117411480852264e-01 2.475638818278091e-04
3.562500000000000e-01 6.219510824448572e-01 2.485669494519641e-04
3.593750000000000e-01 6.323128634197650e-01 2.495431994289774e-04
3.625000000000000e-01 6.428290207931012e-01 2.505886873249456e-04
3.656250000000000e-01 6.535021220383342e-01 2.516796365139373e-04
3.687500000000000e-01 6.643347729460869e-01 2.528083551597158e-04
3.718750000000000e-01 6.753296182603294e-01 2.539881771773710e-04
3.750000000000000e-01 6.864893423240808e-01 2.552675178026691e-04
3.781250000000000e-01 6.978166697347804e-01 2.565304430210231e-04
3.812500000000000e-01 7.093143660094854e-01 2.579491636159582e-04
3.843750000000000e-01 7.209852382600603e-01 2.593116785565803e-04
3.875000000000000e-01 7.328321358785219e-01 2.608416379605923e-04
3.906250000000000e-01 7.448579512327029e-01 2.623489279489232e-04
3.937500000000000e-01 7.570656203724140e-01 2.640114715101354e-04
3.968750000000000e-01 7.694581237462648e-01 2.656712639267787e-04
4.000000000000000e-01 7.820384869293291e-01 2.674656713321260e-04
4.031250000000000e-01 7.948097813618253e-01 2.692636341601424e-04
4.062500000000000e-01 8.077751250989945e-01 2.712130152117577e-04
4.093750000000000e-01 8.209376835723596e-01 2.731980856832284e-04
4.125000000000000e-01 8.343006703625532e-01 2.752932517089353e-04
4.156250000000000e-01 8.478673479838968e-01 2.774597195283205e-04
4.187500000000000e-01 8.616410286809313e-01 2.797151243409688e-04
4.218750000000000e-01 8.756250752370857e-01 2.820375793534233e-04
4.250000000000000e-01 8.898229017956865e-01 2.845528037963814e-04
4.281250000000000e-01 9.042379746935050e-01 2.870368576286660e-04
4.312500000000000e-01 9.188738133070491e-01 2.897198210313320e-04
4.343750000000000e-01 9.337339909118028e-01 2.924488037914661e-04
4.375000000000000e-01 9.488221355546261e-01 2.953354414801490e-04
4.406250000000000e-01 9.641419309395265e-01 2.982837822528434e-04
4.437500000000000e-01 9.796971173270190e-01 3.013831458747624e-04
4.468750000000000e-01 9.954914924472941e-01 3.045833236363798e-04
4.500000000000000e-01 1.011528912427417e+00 3.079166447800440e-04
4.531250000000000e-01 1.027813292732786e+00 3.113479889189611e-04
4.562500000000000e-01 1.044348609123070e+00 3.149588334602388e-04
4.593750000000000e-01 1.061138898622882e+00 3.186337075110986e-04
4.625000000000000e-01 1.078188260507393e+00 3.225224916000637e-04
4.656250000000000e-01 1.095500857303154e+00 3.264784274638628e-04
4.687500000000000e-01 1.113080915804360e+00 3.306402069384561e-04
4.718750000000000e-01 1.130932728104805e+00 3.349117396952743e-04
4.750000000000000e-01 1.149060652645771e+00 3.393599148479171e-04
4.781250000000000e-01 1.167469115280130e+00 3.439562210740376e-04
4.812500000000000e-01 1.186162610352890e+00 3.487339193351731e-04
4.843750000000000e-01 1.205145701798475e+00 3.536529232432207e-04
4.875000000000000e-01 1.224423024254985e+00 3.588011113208595e-04
4.906250000000000e-01 1.243999284195726e+00 3.640692521094145e-04
4.937500000000000e-01 1.263879261078271e+00 3.695987936880732e-04
4.968750000000000e-01 1.284067808511348e+00 3.752746818189063e-04
5.000000000000000e-01 1.304569855439823e+00 3.811943836232484e-04
5.031250000000000e-01 1.325390407348082e+00 3.873213317623463e-04
5.062500000000000e-01 1.346534547482100e+00 3.936865520935162e-04
5.093750000000000e-01 1.368007438090487e+00 4.002775238359490e-04
5.125000000000001e-01 1.389814321684837e+00 4.071650369068341e-04
5.156250000000000e-01 1.411960522319654e+00 4.142660255980998e-04
5.187500000000000e-01 1.434451446892208e+00 4.217159435177430e-04
5.218750000000000e-01 1.457292586462593e+00 4.294243980652196e-04
5.250000000000000e-01 1.480489517594354e+00 4.374822381648943e-04
5.281250000000001e-01 1.504047903715979e+00 4.458764009804972e-04
5.312500000000000e-01 1.527973496503592e+00 4.546509137946415e-04
5.343750000000000e-01 1.552272137285215e+00 4.637961622920078e-04
5.375000000000000e-01 1.576949758466886e+00 4.734079803921554e-04
5.406250000000000e-01 1.602012384981041e+00 4.834246424645767e-04
5.437500000000001e-01 1.627466135757470e+00 4.939777962611674e-04
5.468750000000000e-01 1.653317225217225e+00 5.050275122242305e-04
5.500000000000000e-01 1.679571964789851e+00 5.166583730831933e-04
5.531250000000000e-01 1.706236764454286e+00 5.288963778804263e-04
5.562500000000000e-01 1.733318134303830e+00 5.418124796956147e-04
5.593750000000001e-01 1.760822686135563e+00 5.554015854462493e-04
5.625000000000000e-01 1.788757135064574e+00 5.698152248746551e-04
5.656250000000000e-01 1.817128301163438e+00 5.850180377558212e-04
5.687500000000000e-01 1.845943111127301e+00 6.011266394375623e-04
5.718750000000000e-01 1.875208599965003e+00 6.181995425491941e-04
5.750000000000001e-01 1.904931912716643e+00 6.363217196782285e-04
5.781250000000000e-01 1.935120306198011e+00 6.555084817997663e-04
5.812500000000000e-01 1.965781150772311e+00 6.759201300192055e-04
5.843750000000000e-01 1.996921932149593e+00 6.975580066323807e-04
5.875000000000000e-01 2.028550253214365e+00 7.205293712140790e-04
5.906250000000001e-01 2.060673835881802e+00 7.448657425301305e-04
5.937500000000000e-01 2.093300522983012e+00 7.706371233838654e-04
5.968750000000000e-01 2.126438280179837e+00 7.978234635644479e-04
6.000000000000001e-01 2.160095197909630e+00 8.264756751647959e-04
6.031250000000000e-01 2.194279493360494e+00 8.564384318197377e-04
6.062500000000001e-01 2.228999512477486e+00 8.875897148798407e-04
6.093750000000000e-01 2.264263732000228e+00 9.196802272924080e-04
6.125000000000000e-01 2.300080761532477e+00 9.523415620463650e-04
6.156250000000001e-01 2.336459345644116e+00 9.848497235543923e-04
6.187500000000000e-01 2.373408366006099e+00 1.016295356300233e-03
6.218750000000001e-01 2.410936843558884e+00 1.045312397307705e-03
6.250000000000000e-01 2.449053940714840e+00 1.070104561349651e-03
6.281250000000000e-01 2.487768963595221e+00 1.088069211928469e-03
6.312500000000001e-01 2.527091364302215e+00 1.095500565404028e-03
6.343750000000000e-01 2.567030743226622e+00 1.087011707701803e-03
6.375000000000001e-01 2.607596851391758e+00 1.055618382494137e-03
6.406250000000000e-01 2.648799592834118e+00 9.924602850527864e-04
6.437500000000000e-01 2.690649027021411e+00 8.860792670548846e-04
6.468750000000001e-01 2.733155371308524e+00 7.204155228403319e-04
6.500000000000000e-01 2.776329003432049e+00 4.728965778873688e-04
6.531250000000001e-01 2.820180464043967e+00 1.134579418057454e-04
6.562500000000000e-01 2.864720459285089e+00 -3.931765304394558e-04
6.593750000000000e-01 2.909959863398929e+00 -1.082024929620908e-03
6.625000000000001e-01 2.955909721386590e+00 -1.979776547656298e-03
6.656250000000000e-01 3.002581251703353e+00 -3.097464527063693e-03
6.687500000000001e-01 3.049985848997626e+00 -4.425532954627671e-03
6.718750000000000e-01 3.098135086892879e+00 -5.933378782593929e-03
6.750000000000000e-01 3.147040720813310e+00 -7.572662295851115e-03
6.781250000000001e-01 3.196714690853871e+00 -9.283616256522660e-03
6.812500000000000e-01 3.247169124695383e+00 -1.100222021241782e-02
6.843750000000001e-01 3.298416340565477e+00 -1.266673654785882e-02
6.875000000000000e-01 3.350468850246008e+00 -1.422258957665946e-02
6.906250000000000e-01 3.403339362127777e+00 -1.562536676616163e-02
6.937500000000001e-01 3.457040784313211e+00 -1.684202191103338e-02
6.968750000000000e-01 3.511586227767823e+00 -1.785076515482138e-02
7.000000000000001e-01 3.566989009521205e+00 -1.863989620304910e-02
7.031250000000000e-01 3.623262655918307e+00 -1.920629663092870e-02
7.062500000000000e-01 3.680420905921852e+00 -1.955363127351227e-02
7.093750000000001e-01 3.738477714466631e+00 -1.969075009560482e-02
7.125000000000000e-01 3.797447255866536e+00 -1.963007406552051e-02
7.156250000000001e-01 3.857343927275175e+00 -1.938633441727530e-02
7.187500000000000e-01 3.918182352200844e+00 -1.897543856765785e-02
7.218750000000000e-01 3.979977384076828e+00 -1.841371331608586e-02
7.250000000000001e-01 4.042744109887770e+00 -1.771727894903196e-02
7.281250000000000e-01 4.106497853853101e+00 -1.690169968397569e-02
7.312500000000001e-01 4.171254181168399e+00 -1.598168170485201e-02
7.343750000000000e-01 4.237028901805528e+00 -1.497096864536012e-02
7.375000000000000e-01 4.303838074372613e+00 -1.388226449383291e-02
7.406250000000001e-01 4.371698010034643e+00 -1.272729290840309e-02
7.437500000000000e-01 4.440625276495786e+00 -1.151685094367144e-02
7.468750000000001e-01 4.510636702044332e+00 -1.026096072644607e-02
7.500000000000000e-01 4.581749379661216e+00 -8.968959395806574e-03
7.531250000000000e-01 4.653980671193226e+00 -7.649687564333238e-03
7.562500000000001e-01 4.727348211591802e+00 -6.311593068839558e-03
7.593750000000000e-01 4.801869913218528e+00 -4.962929541984412e-03
7.625000000000001e-01 4.877563970218381e+00 -3.611893582439506e-03
7.656250000000000e-01 4.954448862961714e+00 -2.266831788209811e-03
7.687500000000000e-01 5.032543362556198e+00 -9.364154738120555e-04
7.718750000000001e-01 5.111866535429675e+00 3.701532163954603e-04
7.750000000000000e-01 5.192437747985146e+00 1.642948626076597e-03
7.781250000000001e-01 5.274276671329015e+00 2.871108500250573e-03
7.812500000000000e-01 5.357403286073669e+00 4.042615798138211e-03
7.843750000000000e-01 5.441837887215693e+00 5.144095987798354e-03
7.875000000000001e-01 5.527601089090773e+00 6.160711745414194e-03
7.906250000000000e-01 5.614713830406605e+00 7.076274058029817e-03
7.937500000000001e-01 5.703197379355005e+00 7.873698805229734e-03
7.968750000000000e-01 5.793073338804412e+00 8.535886361379851e-03
8.000000000000000e-01 5.884363651574169e+00 9.047000995958301e-03
8.031250000000001e-01 5.977090605791737e+00 9.394006822702201e-03
8.062500000000000e-01 6.071276840334257e+00 9.568224834041012e-03
8.093750000000001e-01 6.166945350355728e+00 9.566647542304465e-03
8.125000000000000e-01 6.264119492901173e+00 9.392794004543927e-03
8.156250000000000e-01 6.362822992609162e+00 9.056986826984754e-03
8.187500000000001e-01 6.463079947504072e+00 8.576042854847194e-03
8.218750000000000e-01 6.564914834879517e+00 7.972451367594511e-03
8.250000000000001e-01 6.668352517274371e+00 7.273149612413644e-03
8.281250000000000e-01 6.773418248542846e+00 6.508004290118980e-03
8.312500000000000e-01 6.880137680020114e+00 5.708095152223442e-03
8.343750000000001e-01 6.988536866784961e+00 4.903897982077418e-03
8.375000000000000e-01 7.098642274021019e+00 4.123487282185444e-03
8.406250000000001e-01 7.210480783478133e+00 3.390912038140843e-03
8.437500000000000e-01 7.324079700035414e+00 2.724916998795672e-03
8.468750000000000e-01 7.439466758367605e+00 2.138165322032916e-03
8.500000000000001e-01 7.556670129716381e+00 1.637058914618711e-03
8.531250000000000e-01 7.675718428768239e+00 1.222161520081281e-03
8.562500000000001e-01 7.796640720640633e+00 8.891312277297950e-04
8.593750000000000e-01 7.919466527978115e+00 6.299911747357413e-04
8.625000000000000e-01 8.044225838160141e+00 4.345296492527190e-04
8.656250000000001e-01 8.170949110622363e+00 2.916294362617696e-04
8.687500000000000e-01 8.299667284293170e+00 1.903728685828293e-04
8.718750000000001e-01 8.430411785147284e+00 1.208363382843336e-04
8.750000000000000e-01 8.563214533878281e+00 7.455663632350541e-05
8.781250000000000e-01 8.698107953691880e+00 4.470614780074509e-05
8.812500000000001e-01 8.835124978221932e+00 2.604672054357293e-05
8.843750000000000e-01 8.974299059571019e+00 1.474251007462482e-05
8.875000000000001e-01 9.115664176477637e+00 8.105198602216183e-06
8.906250000000000e-01 9.259254842611947e+00 4.327959110477506e-06
8.937500000000000e-01 9.405106115002161e+00 2.244368713747062e-06
8.968750000000001e-01 9.553253602593529e+00 1.130240562551617e-06
9.000000000000000e-01 9.703733474942130e+00 5.527082756038540e-07
9.031250000000001e-01 9.856582471045494e+00 2.624580976378447e-07
9.062500000000000e-01 1.001183790831228e+01 1.210208972681665e-07
9.093750000000000e-01 1.016953769167313e+01 5.418770190531771e-08
9.125000000000001e-01 1.032972032283505e+01 2.356080349972188e-08
9.156250000000000e-01 1.049242490968134e+01 9.948149204334301e-09
9.187500000000001e-01 1.065769117581972e+01 4.079203481880923e-09
9.218750000000000e-01 1.082555947028058e+01 1.624467786208576e-09
9.250000000000000e-01 1.099607077736805e+01 6.283107710449268e-10
9.281250000000001e-01 1.116926672666618e+01 2.360442426502366e-10
9.312500000000000e-01 1.134518960320255e+01 8.613866033636370e-11
9.343750000000001e-01 1.152388235777201e+01 3.053662308419270e-11
9.375000000000000e-01 1.170538861742293e+01 1.051710741268697e-11
9.406250000000000e-01 1.188975269610854e+01 3.519328188797088e-12
9.437500000000001e-01 1.207701960550600e+01 1.144322501149078e-12
9.468750000000000e-01 1.226723506600578e+01 3.615767176878033e-13
9.500000000000001e-01 1.246044551787411e+01 1.110337135212081e-13
9.531250000000000e-01 1.265669813259115e+01 3.313991739690014e-14
9.562500000000000e-01 1.285604082436773e+01 9.614583319381694e-15
9.593750000000001e-01 1.305852226184337e+01 2.711644709748548e-15
9.625000000000000e-01 1.326419187996850e+01 7.435316970998354e-16
9.656250000000001e-01 1.347309989207381e+01 1.982311517991784e-16
9.687500000000000e-01 1.368529730212962e+01 5.139152447455775e-17
9.718750000000000e-01 1.390083591719824e+01 1.295686074626247e-17
9.750000000000001e-01 1.411976836008246e+01 3.177154033973394e-18
9.781250000000000e-01 1.434214808217320e+01 7.577890977396798e-19
9.812500000000001e-01 1.456802937649935e+01 1.758212285144370e-19
9.843750000000000e-01 1.479746739098328e+01 3.968700786402848e-20
9.875000000000000e-01 1.503051814190487e+01 8.716016835200951e-21
9.906250000000001e-01 1.526723852757770e+01 1.862850431994776e-21
9.937500000000000e-01 1.550768634224049e+01 3.864559339879024e-22
9.968750000000001e-01 1.575192029016732e+01 8.334410006546252e-23
1.000000000000000e+00 1.600000000000000e+01 -6.885386244137539e-24
