0.000000000000000e+00 0.000000000000000e+00 5.116072115275895e-04
3.125000000000000e-03 3.369263549427258e-03 -2.720089962645073e-05
6.250000000000000e-03 6.739349689698711e-03 7.385537048758949e-05
9.375000000000001e-03 1.011108121249049e-02 -2.552924060493870e-05
1.250000000000000e-02 1.348528131119160e-02 2.624376939997967e-05
1.562500000000000e-02 1.686277378188298e-02 -2.621469879163502e-05
1.875000000000000e-02 2.024438322446370e-02 9.402491977336161e-06
2.187500000000000e-02 2.363093524397333e-02 -2.605822442938165e-05
2.500000000000000e-02 2.702325665215984e-02 8.197916701415775e-07
2.812500000000000e-02 3.042217566934200e-02 -2.599914131750114e-05
3.125000000000000e-02 3.382852212661575e-02 -4.253576705815185e-06
3.437500000000000e-02 3.724312766845378e-02 -2.592517820365623e-05
3.750000000000001e-02 4.066682595574785e-02 -7.729697662507941e-06
4.062500000000000e-02 4.410045286934348e-02 -2.603556702409400e-05
4.375000000000000e-02 4.754484671411652e-02 -1.036292223802100e-05
4.687500000000000e-02 5.100084842364160e-02 -2.605444744169525e-05
5.000000000000000e-02 5.446930176550237e-02 -1.226267169763709e-05
5.312500000000001e-02 5.795105354729364e-02 -2.616347037136816e-05
5.625000000000000e-02 6.144695382336569e-02 -1.383090345487010e-05
5.937500000000000e-02 6.495785610236132e-02 -2.618508958931771e-05
6.250000000000000e-02 6.848461755559625e-02 -1.506164704340377e-05
6.562500000000000e-02 7.202809922633362e-02 -2.619382345487101e-05
6.875000000000001e-02 7.558916624000402e-02 -1.609523267259945e-05
7.187500000000001e-02 7.916868801542200e-02 -2.619521814362322e-05
7.500000000000001e-02 8.276753847705080e-02 -1.706125867912178e-05
7.812500000000000e-02 8.638659626836727e-02 -2.613157315230790e-05
8.125000000000000e-02 9.002674496637868e-02 -1.786688800109551e-05
8.437500000000001e-02 9.368887329734420e-02 -2.614636764314446e-05
8.750000000000001e-02 9.737387535375355e-02 -1.859340288090463e-05
9.062500000000001e-02 1.010826508126157e-01 -2.625478276476824e-05
9.375000000000000e-02 1.048161051551108e-01 -1.917918568954421e-05
9.687500000000000e-02 1.085751498876601e-01 -2.621935355142417e-05
1.000000000000000e-01 1.123607027644654e-01 -1.973650481426787e-05
1.031250000000000e-01 1.161736880115753e-01 -2.626747162970802e-05
1.062500000000000e-01 1.200150365525305e-01 -2.017703733856572e-05
1.093750000000000e-01 1.238856862356450e-01 -2.624930411901777e-05
1.125000000000000e-01 1.277865820629775e-01 -2.069997536428093e-05
1.156250000000000e-01 1.317186764210495e-01 -2.630397652450220e-05
1.187500000000000e-01 1.356829293133661e-01 -2.114892338368931e-05
1.218750000000000e-01 1.396803085947971e-01 -2.636105910172901e-05
1.250000000000000e-01 1.437117902078738e-01 -2.155671381619718e-05
1.281250000000000e-01 1.477783584210617e-01 -2.635943129330675e-05
1.312500000000000e-01 1.518810060690650e-01 -2.191264872600380e-05
1.343750000000000e-01 1.560207347952229e-01 -2.641875068235024e-05
1.375000000000000e-01 1.601985552960564e-01 -2.228425459266231e-05
1.406250000000000e-01 1.644154875680252e-01 -2.653641856566569e-05
1.437500000000000e-01 1.686725611565558e-01 -2.258158174376030e-05
1.468750000000000e-01 1.729708154074000e-01 -2.661487751192123e-05
1.500000000000000e-01 1.773112997203869e-01 -2.294291669289765e-05
1.531250000000000e-01 1.816950738056289e-01 -2.667722927575603e-05
1.562500000000000e-01 1.861232079422458e-01 -2.327088345501657e-05
1.593750000000000e-01 1.905967832396682e-01 -2.678883807206232e-05
1.625000000000000e-01 1.951168919015860e-01 -2.356652265145739e-05
1.656250000000000e-01 1.996846374926046e-01 -2.690883478440337e-05
1.687500000000000e-01 2.043011352076760e-01 -2.384900536627662e-05
1.718750000000000e-01 2.089675121443681e-01 -2.707220226477295e-05
1.750000000000000e-01 2.136849075780412e-01 -2.413213608692366e-05
1.781250000000000e-01 2.184544732399964e-01 -2.720865713842779e-05
1.812500000000000e-01 2.232773735986666e-01 -2.438348292890242e-05
1.843750000000000e-01 2.281547861439151e-01 -2.738144061034067e-05
1.875000000000000e-01 2.330879016745160e-01 -2.461599079705267e-05
1.906250000000000e-01 2.380779245888810e-01 -2.754870389707193e-05
1.937500000000000e-01 2.431260731791094e-01 -2.487147636357413e-05
1.968750000000000e-01 2.482335799284277e-01 -2.773936991687720e-05
2.000000000000000e-01 2.534016918120952e-01 -2.508387903185428e-05
2.031250000000000e-01 2.586316706018478e-01 -2.791230491230483e-05
2.062500000000000e-01 2.639247931739538e-01 -2.533585340428006e-05
2.093750000000000e-01 2.692823518209576e-01 -2.809699637964688e-05
2.125000000000000e-01 2.747056545671873e-01 -2.556109156246594e-05
2.156250000000000e-01 2.801960254881028e-01 -2.830457647539786e-05
2.187500000000000e-01 2.857548050335636e-01 -2.578770370141406e-05
2.218750000000000e-01 2.913833503550930e-01 -2.848861412191628e-05
2.250000000000000e-01 2.970830356372213e-01 -2.604666968216647e-05
2.281250000000000e-01 3.028552524329863e-01 -2.868606123295583e-05
2.312500000000000e-01 3.087014100036755e-01 -2.627170266756787e-05
2.343750000000000e-01 3.146229356628902e-01 -2.889736048537528e-05
2.375000000000000e-01 3.206212751250189e-01 -2.652585428650249e-05
2.406250000000000e-01 3.266978928582008e-01 -2.909162357364267e-05
2.437500000000000e-01 3.328542724418705e-01 -2.679081511168157e-05
2.468750000000000e-01 3.390919169289667e-01 -2.925617231183558e-05
2.500000000000000e-01 3.454123492128958e-01 -2.709153571777065e-05
2.531250000000000e-01 3.518171123993401e-01 -2.945110172581669e-05
2.562500000000000e-01 3.583077701830001e-01 -2.737663212262480e-05
2.593750000000000e-01 3.648859072293631e-01 -2.962342563628928e-05
2.625000000000000e-01 3.715531295615936e-01 -2.766763972190771e-05
2.656250000000000e-01 3.783110649526354e-01 -2.977811104031966e-05
2.687500000000000e-01 3.851613633226258e-01 -2.797541460052542e-05
2.718750000000000e-01 3.921056971417164e-01 -2.991633582918293e-05
2.750000000000000e-01 3.991457618383991e-01 -2.826525605703742e-05
2.781250000000000e-01 4.062832762134377e-01 -3.003936352457059e-05
2.812500000000000e-01 4.135199828595055e-01 -2.853527421127126e-05
2.843750000000000e-01 4.208576485866312e-01 -3.016649815137588e-05
2.875000000000000e-01 4.282980648535585e-01 -2.881743169592817e-05
2.906250000000000e-01 4.358430482051222e-01 -3.032843298399213e-05
2.937500000000000e-01 4.434944407157500e-01 -2.905261470990764e-05
2.968750000000000e-01 4.512541104391968e-01 -3.045617469609987e-05
3.000000000000000e-01 4.591239518646220e-01 -2.927226263962083e-05
3.031250000000000e-01 4.671058863791195e-01 -3.062143111170966e-05
3.062500000000000e-01 4.752018627368176e-01 -2.944834492336540e-05
3.093750000000000e-01 4.834138575346580e-01 -3.079395279882792e-05
3.125000000000000e-01 4.917438756949728e-01 -2.960834225894050e-05
3.156250000000000e-01 5.001939509549778e-01 -3.095510833188971e-05
3.187500000000000e-01 5.087661463633005e-01 -2.970878669738925e-05
3.218750000000000e-01 5.174625547836644e-01 -3.110309910928277e-05
3.250000000000000e-01 5.262852994058529e-01 -2.976806850329833e-05
3.281250000000000e-01 5.352365342640750e-01 -3.123765521081571e-05
3.312500000000000e-01 5.443184447628656e-01 -2.981156885000604e-05
3.343750000000000e-01 5.535332482106405e-01 -3.132479836441242e-05
3.375000000000000e-01 5.628831943610435e-01 -2.982324803549017e-05
3.406250000000000e-01 5.723705659622137e-01 -3.134852549225693e-05
3.437500000000000e-01 5.819976793141081e-01 -2.983863737091155e-05
3.468750000000000e-01 5.917668848340161e-01 -3.130491593086304e-05
3.500000000000000e-01 6.016805676304035e-01 -2.984783409989347e-05
3.531250000000000e-01 6.117411480852264e-01 -3.120823591207209e-05
3.562500000000000e-01 6.219510824448572e-01 -2.983833901145724e-05
3.593750000000000e-01 6.323128634197650e-01 -3.103061627823884e-05
3.625000000000000e-01 6.428290207931012e-01 -2.979393335144087e-05
3.656250000000000e-01 6.535021220383342e-01 -3.075574398504328e-05
3.687500000000000e-01 6.643347729460869e-01 -2.970741372698290e-05
3.718750000000000e-01 6.753296182603294e-01 -3.043608072222415e-05
3.750000000000000e-01 6.864893423240808e-01 -2.952260706781341e-05
3.781250000000000e-01 6.978166697347804e-01 -3.008681993290744e-05
3.812500000000000e-01 7.093143660094854e-01 -2.922017247317140e-05
3.843750000000000e-01 7.209852382600603e-01 -2.971127764025613e-05
3.875000000000000e-01 7.328321358785219e-01 -2.882165680694424e-05
3.906250000000000e-01 7.448579512327029e-01 -2.932492265241243e-05
3.937500000000000e-01 7.570656203724140e-01 -2.827903177572819e-05
3.968750000000000e-01 7.694581237462648e-01 -2.888438139666205e-05
4.000000000000000e-01 7.820384869293291e-01 -2.763499592935476e-05
4.031250000000000e-01 7.948097813618253e-01 -2.836866103707114e-05
4.062500000000000e-01 8.077751250989945e-01 -2.690266196793252e-05
4.093750000000000e-01 8.209376835723596e-01 -2.772487031902108e-05
4.125000000000000e-01 8.343006703625532e-01 -2.614510617326093e-05
4.156250000000000e-01 8.478673479838968e-01 -2.692005952016681e-05
4.187500000000000e-01 8.616410286809313e-01 -2.537074487360667e-05
4.218750000000000e-01 8.756250752370857e-01 -2.595689381021992e-05
4.250000000000000e-01 8.898229017956865e-01 -2.456400481174820e-05
4.281250000000000e-01 9.042379746935050e-01 -2.485205509921204e-05
4.312500000000000e-01 9.188738133070491e-01 -2.369113341983201e-05
4.343750000000000e-01 9.337339909118028e-01 -2.366376496986254e-05
4.375000000000000e-01 9.488221355546261e-01 -2.268731417054467e-05
4.406250000000000e-01 9.641419309395265e-01 -2.247220992420897e-05
4.437500000000000e-01 9.796971173270190e-01 -2.150233769207913e-05
4.468750000000000e-01 9.954914924472941e-01 -2.128965696317474e-05
4.500000000000000e-01 1.011528912427417e+00 -2.014334951656542e-05
4.531250000000000e-01 1.027813292732786e+00 -2.010999810052010e-05
4.562500000000000e-01 1.044348609123070e+00 -1.866875550779650e-05
4.593750000000000e-01 1.061138898622882e+00 -1.889685732782227e-05
4.625000000000000e-01 1.078188260507393e+00 -1.719552201400890e-05
4.656250000000000e-01 1.095500857303154e+00 -1.752828085501345e-05
4.687500000000000e-01 1.113080915804360e+00 -1.578242815449528e-05
4.718750000000000e-01 1.130932728104805e+00 -1.600437066805928e-05
4.750000000000000e-01 1.149060652645771e+00 -1.448639171698158e-05
4.781250000000000e-01 1.167469115280130e+00 -1.436907490882537e-05
4.812500000000000e-01 1.186162610352890e+00 -1.323183282313055e-05
4.843750000000000e-01 1.205145701798475e+00 -1.276963485745436e-05
4.875000000000000e-01 1.224423024254985e+00 -1.191541768481877e-05
4.906250000000000e-01 1.243999284195726e+00 -1.134533465928459e-05
4.937500000000000e-01 1.263879261078271e+00 -1.045968417125487e-05
4.968750000000000e-01 1.284067808511348e+00 -1.015448943918653e-05
5.000000000000000e-01 1.304569855439823e+00 -8.940817891227648e-06
5.031250000000000e-01 1.325390407348082e+00 -9.116131193838847e-06
5.062500000000000e-01 1.346534547482100e+00 -7.566746591687111e-06
5.093750000000000e-01 1.368007438090487e+00 -8.044561084707387e-06
5.125000000000001e-01 1.389814321684837e+00 -6.539483976308707e-06
5.156250000000000e-01 1.411960522319654e+00 -6.848627318590455e-06
5.187500000000000e-01 1.434451446892208e+00 -5.879674783193656e-06
5.218750000000000e-01 1.457292586462593e+00 -5.705705842496317e-06
5.250000000000000e-01 1.480489517594354e+00 -5.360341512840454e-06
5.281250000000001e-01 1.504047903715979e+00 -4.940038010610351e-06
5.312500000000000e-01 1.527973496503592e+00 -4.725228243097098e-06
5.343750000000000e-01 1.552272137285215e+00 -4.700321858510990e-06
5.375000000000000e-01 1.576949758466886e+00 -4.034822915075513e-06
5.406250000000000e-01 1.602012384981041e+00 -4.771574343374855e-06
5.437500000000001e-01 1.627466135757470e+00 -3.674401616291128e-06
5.468750000000000e-01 1.653317225217225e+00 -4.759120818674822e-06
5.500000000000000e-01 1.679571964789851e+00 -3.947142582740501e-06
5.531250000000000e-01 1.706236764454286e+00 -4.543220877489755e-06
5.562500000000000e-01 1.733318134303830e+00 -4.664214061219915e-06
5.593750000000001e-01 1.760822686135563e+00 -4.599617074087854e-06
5.625000000000000e-01 1.788757135064574e+00 -5.215418486915452e-06
5.656250000000000e-01 1.817128301163438e+00 -5.389640122087185e-06
5.687500000000000e-01 1.845943111127301e+00 -5.399727936203528e-06
5.718750000000000e-01 1.875208599965003e+00 -6.636439346856100e-06
5.750000000000001e-01 1.904931912716643e+00 -5.856908916605744e-06
5.781250000000000e-01 1.935120306198011e+00 -7.483661759282927e-06
5.812500000000000e-01 1.965781150772311e+00 -7.153625803163250e-06
5.843750000000000e-01 1.996921932149593e+00 -7.814252386770857e-06
5.875000000000000e-01 2.028550253214365e+00 -8.720803758056183e-06
5.906250000000001e-01 2.060673835881802e+00 -8.575422533266312e-06
5.937500000000000e-01 2.093300522983012e+00 -9.482371849376284e-06
5.968750000000000e-01 2.126438280179837e+00 -1.026679260319834e-05
6.000000000000001e-01 2.160095197909630e+00 -9.735927136568919e-06
6.031250000000000e-01 2.194279493360494e+00 -1.167953815141302e-05
6.062500000000001e-01 2.228999512477486e+00 -1.090031272726512e-05
6.093750000000000e-01 2.264263732000228e+00 -1.183266850866440e-05
6.125000000000000e-01 2.300080761532477e+00 -1.272158875438279e-05
6.156250000000001e-01 2.336459345644116e+00 -1.212415727805913e-05
6.187500000000000e-01 2.373408366006099e+00 -1.323080618271307e-05
6.218750000000001e-01 2.410936843558884e+00 -1.379588996450149e-05
6.250000000000000e-01 2.449053940714840e+00 -1.276106335337209e-05
6.281250000000000e-01 2.487768963595221e+00 -1.482031939459615e-05
6.312500000000001e-01 2.527091364302215e+00 -1.381591355458483e-05
6.343750000000000e-01 2.567030743226622e+00 -1.388682971431691e-05
6.375000000000001e-01 2.607596851391758e+00 -1.529264429125225e-05
6.406250000000000e-01 2.648799592834118e+00 -1.404460216689034e-05
6.437500000000000e-01 2.690649027021411e+00 -1.422759805968004e-05
6.468750000000001e-01 2.733155371308524e+00 -1.576499359742814e-05
6.500000000000000e-01 2.776329003432049e+00 -1.345800507304946e-05
6.531250000000001e-01 2.820180464043967e+00 -1.473951994958612e-05
6.562500000000000e-01 2.864720459285089e+00 -1.528670684616596e-05
6.593750000000000e-01 2.909959863398929e+00 -1.309772014264918e-05
6.625000000000001e-01 2.955909721386590e+00 -1.434582879568765e-05
6.656250000000000e-01 3.002581251703353e+00 -1.499421404501346e-05
6.687500000000001e-01 3.049985848997626e+00 -1.195150413223816e-05
6.718750000000000e-01 3.098135086892879e+00 -1.398915600834998e-05
6.750000000000000e-01 3.147040720813310e+00 -1.405732664761156e-05
6.781250000000001e-01 3.196714690853871e+00 -1.094425075790132e-05
6.812500000000000e-01 3.247169124695383e+00 -1.267443702898838e-05
6.843750000000001e-01 3.298416340565477e+00 -1.349895982797923e-05
6.875000000000000e-01 3.350468850246008e+00 -9.217417576580835e-06
6.906250000000000e-01 3.403339362127777e+00 -1.112683132902213e-05
6.937500000000001e-01 3.457040784313211e+00 -1.248590368395428e-05
6.968750000000000e-01 3.511586227767823e+00 -7.815192163281588e-06
7.000000000000001e-01 3.566989009521205e+00 -8.234309793965803e-06
7.031250000000000e-01 3.623262655918307e+00 -1.165521647886934e-05
7.062500000000000e-01 3.680420905921852e+00 -6.361951547528989e-06
7.093750000000001e-01 3.738477714466631e+00 -4.616053066095611e-06
7.125000000000000e-01 3.797447255866536e+00 -9.460056561506425e-06
7.156250000000001e-01 3.857343927275175e+00 -6.217874924006144e-06
7.187500000000000e-01 3.918182352200844e+00 -1.232181872773185e-08
7.218750000000000e-01 3.979977384076828e+00 -5.125514847617997e-06
7.250000000000001e-01 4.042744109887770e+00 -6.427274938091829e-06
7.281250000000000e-01 4.106497853853101e+00 2.760327949069331e-06
7.312500000000001e-01 4.171254181168399e+00 3.295329574467128e-06
7.343750000000000e-01 4.237028901805528e+00 -4.606882380440798e-06
7.375000000000000e-01 4.303838074372613e+00 1.633876448210356e-06
7.406250000000001e-01 4.371698010034643e+00 1.214920968373236e-05
7.437500000000000e-01 4.440625276495786e+00 5.988701764660653e-06
7.468750000000001e-01 4.510636702044332e+00 -8.578335382600983e-07
7.500000000000000e-01 4.581749379661216e+00 1.267098170401956e-05
7.531250000000000e-01 4.653980671193226e+00 2.324582288756501e-05
7.562500000000001e-01 4.727348211591802e+00 1.162180720712969e-05
7.593750000000000e-01 4.801869913218528e+00 4.939092947554246e-06
7.625000000000001e-01 4.877563970218381e+00 2.522770842496523e-05
7.656250000000000e-01 4.954448862961714e+00 4.055636747823682e-05
7.687500000000000e-01 5.032543362556198e+00 2.509402238183795e-05
7.718750000000001e-01 5.111866535429675e+00 1.115533683637189e-05
7.750000000000000e-01 5.192437747985146e+00 3.539371405716864e-05
7.781250000000001e-01 5.274276671329015e+00 6.800757733208509e-05
7.812500000000000e-01 5.357403286073669e+00 5.953971273692817e-05
7.843750000000000e-01 5.441837887215693e+00 2.574829406746629e-05
7.875000000000001e-01 5.527601089090773e+00 3.186397500769555e-05
7.906250000000000e-01 5.614713830406605e+00 8.979640608223471e-05
7.937500000000001e-01 5.703197379355005e+00 1.319262848112767e-04
7.968750000000000e-01 5.793073338804412e+00 1.018135619854568e-04
8.000000000000000e-01 5.884363651574169e+00 4.142699670242015e-05
8.031250000000001e-01 5.977090605791737e+00 4.739897329689808e-05
8.062500000000000e-01 6.071276840334257e+00 1.524516466831661e-04
8.093750000000001e-01 6.166945350355728e+00 2.718550343597410e-04
8.125000000000000e-01 6.264119492901173e+00 2.861504167754682e-04
8.156250000000000e-01 6.362822992609162e+00 1.680336412634201e-04
8.187500000000001e-01 6.463079947504072e+00 2.957644971405909e-05
8.218750000000000e-01 6.564914834879517e+00 3.972427510339905e-05
8.250000000000001e-01 6.668352517274371e+00 2.900656427125394e-04
8.281250000000000e-01 6.773418248542846e+00 7.090447806873770e-04
8.312500000000000e-01 6.880137680020114e+00 1.084362716071154e-03
8.343750000000001e-01 6.988536866784961e+00 1.162023459118328e-03
8.375000000000000e-01 7.098642274021019e+00 7.594395699735154e-04
8.406250000000001e-01 7.210480783478133e+00 -1.701268406817757e-04
8.437500000000000e-01 7.324079700035414e+00 -1.535021381740176e-03
8.468750000000000e-01 7.439466758367605e+00 -3.153643262701750e-03
8.500000000000001e-01 7.556670129716381e+00 -4.814469443556802e-03
8.531250000000000e-01 7.675718428768239e+00 -6.329622304291585e-03
8.562500000000001e-01 7.796640720640633e+00 -7.561697632471947e-03
8.593750000000000e-01 7.919466527978115e+00 -8.434046715333815e-03
8.625000000000000e-01 8.044225838160141e+00 -8.922163576512222e-03
8.656250000000001e-01 8.170949110622363e+00 -9.041152822464050e-03
8.687500000000000e-01 8.299667284293170e+00 -8.828160431786239e-03
8.718750000000001e-01 8.430411785147284e+00 -8.330674820663206e-03
8.750000000000000e-01 8.563214533878281e+00 -7.597928649020860e-03
8.781250000000000e-01 8.698107953691880e+00 -6.678268074608722e-03
8.812500000000001e-01 8.835124978221932e+00 -5.616550870052112e-03
8.843750000000000e-01 8.974299059571019e+00 -4.452085964759239e-03
8.875000000000001e-01 9.115664176477637e+00 -3.216557354800790e-03
8.906250000000000e-01 9.259254842611947e+00 -1.935283057684299e-03
8.937500000000000e-01 9.405106115002161e+00 -6.320303353139882e-04
8.968750000000001e-01 9.553253602593529e+00 6.640221315505122e-04
9.000000000000000e-01 9.703733474942130e+00 1.912849761000619e-03
9.031250000000001e-01 9.856582471045494e+00 3.062428530813428e-03
9.062500000000000e-01 1.001183790831228e+01 4.052883502919495e-03
9.093750000000000e-01 1.016953769167313e+01 4.824933305726865e-03
9.125000000000001e-01 1.032972032283505e+01 5.330510159823336e-03
9.156250000000000e-01 1.049242490968134e+01 5.542921298242842e-03
9.187500000000001e-01 1.065769117581972e+01 5.463896167361521e-03
9.218750000000000e-01 1.082555947028058e+01 5.125365676003220e-03
9.250000000000000e-01 1.099607077736805e+01 4.585054747679565e-03
9.281250000000001e-01 1.116926672666618e+01 3.916746291943531e-03
9.312500000000000e-01 1.134518960320255e+01 3.197737225299113e-03
9.343750000000001e-01 1.152388235777201e+01 2.496797637790251e-03
9.375000000000000e-01 1.170538861742293e+01 1.865518211756021e-03
9.406250000000000e-01 1.188975269610854e+01 1.334555467199100e-03
9.437500000000001e-01 1.207701960550600e+01 9.146308428885961e-04
9.468750000000000e-01 1.226723506600578e+01 6.008804848303875e-04
9.500000000000001e-01 1.246044551787411e+01 3.786464665821831e-04
9.531250000000000e-01 1.265669813259115e+01 2.290133511105537e-04
9.562500000000000e-01 1.285604082436773e+01 1.330301314581766e-04
9.593750000000001e-01 1.305852226184337e+01 7.426483112268919e-05
9.625000000000000e-01 1.326419187996850e+01 3.986937654128099e-05
9.656250000000001e-01 1.347309989207381e+01 2.059647912559674e-05
9.687500000000000e-01 1.368529730212962e+01 1.024498611980886e-05
9.718750000000000e-01 1.390083591719824e+01 4.909691728981942e-06
9.750000000000001e-01 1.411976836008246e+01 2.268152862214675e-06
9.781250000000000e-01 1.434214808217320e+01 1.010665559522610e-06
9.812500000000001e-01 1.456802937649935e+01 4.346004550666022e-07
9.843750000000000e-01 1.479746739098328e+01 1.804485000381536e-07
9.875000000000000e-01 1.503051814190487e+01 7.236755595964969e-08
9.906250000000001e-01 1.526723852757770e+01 2.807580412635776e-08
9.937500000000000e-01 1.550768634224049e+01 1.046525507407661e-08
9.968750000000001e-01 1.575192029016732e+01 3.953842330798734e-09
1.000000000000000e+00 1.600000000000000e+01 9.248029545470446e-10
