0.000000000000000e+00 0.000000000000000e+00 5.159783199710785e-04
3.125000000000000e-03 3.369263549427258e-03 -2.282222295234328e-05
6.250000000000000e-03 6.739349689698711e-03 7.207587736807570e-05
9.375000000000001e-03 1.011108121249049e-02 -2.545032653454754e-05
1.250000000000000e-02 1.348528131119160e-02 2.588317565989386e-05
1.562500000000000e-02 1.686277378188298e-02 -2.485196481052369e-05
1.875000000000000e-02 2.024438322446370e-02 8.842464708386370e-06
2.187500000000000e-02 2.363093524397333e-02 -2.508316964733580e-05
2.500000000000000e-02 2.702325665215984e-02 2.226215463260915e-07
2.812500000000000e-02 3.042217566934200e-02 -2.517868836992558e-05
3.125000000000000e-02 3.382852212661575e-02 -4.879501260029745e-06
3.437500000000000e-02 3.724312766845378e-02 -2.510471207699241e-05
3.750000000000001e-02 4.066682595574785e-02 -8.305671982480727e-06
4.062500000000000e-02 4.410045286934348e-02 -2.508245877092803e-05
4.375000000000000e-02 4.754484671411652e-02 -1.084415530278376e-05
4.687500000000000e-02 5.100084842364160e-02 -2.531377203779784e-05
5.000000000000000e-02 5.446930176550237e-02 -1.272922331319497e-05
5.312500000000001e-02 5.795105354729364e-02 -2.553593149154073e-05
5.625000000000000e-02 6.144695382336569e-02 -1.410939736486217e-05
5.937500000000000e-02 6.495785610236132e-02 -2.545735887760945e-05
6.250000000000000e-02 6.848461755559625e-02 -1.541471250134804e-05
6.562500000000000e-02 7.202809922633362e-02 -2.560044256813934e-05
6.875000000000001e-02 7.558916624000402e-02 -1.633200451353271e-05
7.187500000000001e-02 7.916868801542200e-02 -2.559928167848146e-05
7.500000000000001e-02 8.276753847705080e-02 -1.718135644779337e-05
7.812500000000000e-02 8.638659626836727e-02 -2.567434788110012e-05
8.125000000000000e-02 9.002674496637868e-02 -1.796580318826990e-05
8.437500000000001e-02 9.368887329734420e-02 -2.577891718037686e-05
8.750000000000001e-02 9.737387535375355e-02 -1.859800224945057e-05
9.062500000000001e-02 1.010826508126157e-01 -2.586672951981777e-05
9.375000000000000e-02 1.048161051551108e-01 -1.911305039887029e-05
9.687500000000000e-02 1.085751498876601e-01 -2.594677468534659e-05
1.000000000000000e-01 1.123607027644654e-01 -1.955681767529211e-05
1.031250000000000e-01 1.161736880115753e-01 -2.603933266024110e-05
1.062500000000000e-01 1.200150365525305e-01 -2.001332092539355e-05
1.093750000000000e-01 1.238856862356450e-01 -2.609604418950178e-05
1.125000000000000e-01 1.277865820629775e-01 -2.044494214065527e-05
1.156250000000000e-01 1.317186764210495e-01 -2.620599716447632e-05
1.187500000000000e-01 1.356829293133661e-01 -2.087712192099620e-05
1.218750000000000e-01 1.396803085947971e-01 -2.624120705123901e-05
1.250000000000000e-01 1.437117902078738e-01 -2.123133209377112e-05
1.281250000000000e-01 1.477783584210617e-01 -2.634587293781256e-05
1.312500000000000e-01 1.518810060690650e-01 -2.153354770526402e-05
1.343750000000000e-01 1.560207347952229e-01 -2.643348207971122e-05
1.375000000000000e-01 1.601985552960564e-01 -2.189367700333987e-05
1.406250000000000e-01 1.644154875680252e-01 -2.651657221124009e-05
1.437500000000000e-01 1.686725611565558e-01 -2.222605763247372e-05
1.468750000000000e-01 1.729708154074000e-01 -2.660898443307587e-05
1.500000000000000e-01 1.773112997203869e-01 -2.257214458483141e-05
1.531250000000000e-01 1.816950738056289e-01 -2.666283412318947e-05
1.562500000000000e-01 1.861232079422458e-01 -2.290577093510228e-05
1.593750000000000e-01 1.905967832396682e-01 -2.674861605933161e-05
1.625000000000000e-01 1.951168919015860e-01 -2.321226794449919e-05
1.656250000000000e-01 1.996846374926046e-01 -2.687410674030037e-05
1.687500000000000e-01 2.043011352076760e-01 -2.354092040856100e-05
1.718750000000000e-01 2.089675121443681e-01 -2.698756144525147e-05
1.750000000000000e-01 2.136849075780412e-01 -2.381599650192592e-05
1.781250000000000e-01 2.184544732399964e-01 -2.707679605563127e-05
1.812500000000000e-01 2.232773735986666e-01 -2.411153551489423e-05
1.843750000000000e-01 2.281547861439151e-01 -2.723066886446886e-05
1.875000000000000e-01 2.330879016745160e-01 -2.439515605773328e-05
1.906250000000000e-01 2.380779245888810e-01 -2.736409447725414e-05
1.937500000000000e-01 2.431260731791094e-01 -2.466105086838999e-05
1.968750000000000e-01 2.482335799284277e-01 -2.750272009609471e-05
2.000000000000000e-01 2.534016918120952e-01 -2.493778959718888e-05
2.031250000000000e-01 2.586316706018478e-01 -2.763382278758264e-05
2.062500000000000e-01 2.639247931739538e-01 -2.520710547085974e-05
2.093750000000000e-01 2.692823518209576e-01 -2.782818399903769e-05
2.125000000000000e-01 2.747056545671873e-01 -2.544805772285162e-05
2.156250000000000e-01 2.801960254881028e-01 -2.798351845063461e-05
2.187500000000000e-01 2.857548050335636e-01 -2.571975369557097e-05
2.218750000000000e-01 2.913833503550930e-01 -2.818202591388632e-05
2.250000000000000e-01 2.970830356372213e-01 -2.594243951887006e-05
2.281250000000000e-01 3.028552524329863e-01 -2.838798514064010e-05
2.312500000000000e-01 3.087014100036755e-01 -2.617855920815735e-05
2.343750000000000e-01 3.146229356628902e-01 -2.860398528866560e-05
2.375000000000000e-01 3.206212751250189e-01 -2.641269799740207e-05
2.406250000000000e-01 3.266978928582008e-01 -2.879039998337537e-05
2.437500000000000e-01 3.328542724418705e-01 -2.667756831249237e-05
2.468750000000000e-01 3.390919169289667e-01 -2.901339963853972e-05
2.500000000000000e-01 3.454123492128958e-01 -2.692612131578981e-05
2.531250000000000e-01 3.518171123993401e-01 -2.922029909842175e-05
2.562500000000000e-01 3.583077701830001e-01 -2.717817193110817e-05
2.593750000000000e-01 3.648859072293631e-01 -2.941370190610974e-05
2.625000000000000e-01 3.715531295615936e-01 -2.744960057215232e-05
2.656250000000000e-01 3.783110649526354e-01 -2.958826445970616e-05
2.687500000000000e-01 3.851613633226258e-01 -2.771456721015630e-05
2.718750000000000e-01 3.921056971417164e-01 -2.974031222174330e-05
2.750000000000000e-01 3.991457618383991e-01 -2.796926158050169e-05
2.781250000000000e-01 4.062832762134377e-01 -2.988283426395142e-05
2.812500000000000e-01 4.135199828595055e-01 -2.825373632868414e-05
2.843750000000000e-01 4.208576485866312e-01 -3.005077925781383e-05
2.875000000000000e-01 4.282980648535585e-01 -2.850853834228095e-05
2.906250000000000e-01 4.358430482051222e-01 -3.016728101163447e-05
2.937500000000000e-01 4.434944407157500e-01 -2.876571041750471e-05
2.968750000000000e-01 4.512541104391968e-01 -3.030940628820136e-05
3.000000000000000e-01 4.591239518646220e-01 -2.899005221946654e-05
3.031250000000000e-01 4.671058863791195e-01 -3.045539760549920e-05
3.062500000000000e-01 4.752018627368176e-01 -2.920900889776913e-05
3.093750000000000e-01 4.834138575346580e-01 -3.058892794151050e-05
3.125000000000000e-01 4.917438756949728e-01 -2.937291280257625e-05
3.156250000000000e-01 5.001939509549778e-01 -3.071423098693572e-05
3.187500000000000e-01 5.087661463633005e-01 -2.949167677527329e-05
3.218750000000000e-01 5.174625547836644e-01 -3.084281847033143e-05
3.250000000000000e-01 5.262852994058529e-01 -2.958562572015293e-05
3.281250000000000e-01 5.352365342640750e-01 -3.094259901346144e-05
3.312500000000000e-01 5.443184447628656e-01 -2.962813619344111e-05
3.343750000000000e-01 5.535332482106405e-01 -3.100850999548503e-05
3.375000000000000e-01 5.628831943610435e-01 -2.965563718255248e-05
3.406250000000000e-01 5.723705659622137e-01 -3.102966404410259e-05
3.437500000000000e-01 5.819976793141081e-01 -2.966200058777633e-05
3.468750000000000e-01 5.917668848340161e-01 -3.102164612742178e-05
3.500000000000000e-01 6.016805676304035e-01 -2.964406891733523e-05
3.531250000000000e-01 6.117411480852264e-01 -3.094538325924799e-05
3.562500000000000e-01 6.219510824448572e-01 -2.959555022691659e-05
3.593750000000000e-01 6.323128634197650e-01 -3.076940957941209e-05
3.625000000000000e-01 6.428290207931012e-01 -2.952479376533597e-05
3.656250000000000e-01 6.535021220383342e-01 -3.053152782498586e-05
3.687500000000000e-01 6.643347729460869e-01 -2.938760972233736e-05
3.718750000000000e-01 6.753296182603294e-01 -3.023797094193476e-05
3.750000000000000e-01 6.864893423240808e-01 -2.917080433815997e-05
3.781250000000000e-01 6.978166697347804e-01 -2.988820730697156e-05
3.812500000000000e-01 7.093143660094854e-01 -2.889615351268804e-05
3.843750000000000e-01 7.209852382600603e-01 -2.950726627301354e-05
3.875000000000000e-01 7.328321358785219e-01 -2.849916783098268e-05
3.906250000000000e-01 7.448579512327029e-01 -2.907315595150378e-05
3.937500000000000e-01 7.570656203724140e-01 -2.799600678409645e-05
3.968750000000000e-01 7.694581237462648e-01 -2.858488144573567e-05
4.000000000000000e-01 7.820384869293291e-01 -2.737459226939439e-05
4.031250000000000e-01 7.948097813618253e-01 -2.801308081717544e-05
4.062500000000000e-01 8.077751250989945e-01 -2.667890778100414e-05
4.093750000000000e-01 8.209376835723596e-01 -2.733794309588083e-05
4.125000000000000e-01 8.343006703625532e-01 -2.592045088132975e-05
4.156250000000000e-01 8.478673479838968e-01 -2.654851538388995e-05
4.187500000000000e-01 8.616410286809313e-01 -2.510875726429249e-05
4.218750000000000e-01 8.756250752370857e-01 -2.561699863686453e-05
4.250000000000000e-01 8.898229017956865e-01 -2.424703775629587e-05
4.281250000000000e-01 9.042379746935050e-01 -2.455364597430293e-05
4.312500000000000e-01 9.188738133070491e-01 -2.330892343003014e-05
4.343750000000000e-01 9.337339909118028e-01 -2.340956872763718e-05
4.375000000000000e-01 9.488221355546261e-01 -2.226473575314481e-05
4.406250000000000e-01 9.641419309395265e-01 -2.220152980846158e-05
4.437500000000000e-01 9.796971173270190e-01 -2.108757675250340e-05
4.468750000000000e-01 9.954914924472941e-01 -2.097009346516947e-05
4.500000000000000e-01 1.011528912427417e+00 -1.976392267091236e-05
4.531250000000000e-01 1.027813292732786e+00 -1.974353671421687e-05
4.562500000000000e-01 1.044348609123070e+00 -1.834826170804238e-05
4.593750000000000e-01 1.061138898622882e+00 -1.844925577246939e-05
4.625000000000000e-01 1.078188260507393e+00 -1.687303131500185e-05
4.656250000000000e-01 1.095500857303154e+00 -1.706339973426840e-05
4.687500000000000e-01 1.113080915804360e+00 -1.544819440024826e-05
4.718750000000000e-01 1.130932728104805e+00 -1.555290391520758e-05
4.750000000000000e-01 1.149060652645771e+00 -1.409048689706380e-05
4.781250000000000e-01 1.167469115280130e+00 -1.396079985845254e-05
4.812500000000000e-01 1.186162610352890e+00 -1.276829558912120e-05
4.843750000000000e-01 1.205145701798475e+00 -1.239087413141394e-05
4.875000000000000e-01 1.224423024254985e+00 -1.139138311590084e-05
4.906250000000000e-01 1.243999284195726e+00 -1.096332251557321e-05
4.937500000000000e-01 1.263879261078271e+00 -9.926982063347096e-06
4.968750000000000e-01 1.284067808511348e+00 -9.725326389151013e-06
5.000000000000000e-01 1.304569855439823e+00 -8.453545180214733e-06
5.031250000000000e-01 1.325390407348082e+00 -8.587549575104249e-06
5.062500000000000e-01 1.346534547482100e+00 -7.134877620113506e-06
5.093750000000000e-01 1.368007438090487e+00 -7.422434648195573e-06
5.125000000000001e-01 1.389814321684837e+00 -6.111234596581010e-06
5.156250000000000e-01 1.411960522319654e+00 -6.231987589655252e-06
5.187500000000000e-01 1.434451446892208e+00 -5.359348353861106e-06
5.218750000000000e-01 1.457292586462593e+00 -5.173659172598739e-06
5.250000000000000e-01 1.480489517594354e+00 -4.695181562120781e-06
5.281250000000001e-01 1.504047903715979e+00 -4.460247477643762e-06
5.312500000000000e-01 1.527973496503592e+00 -3.993855546037332e-06
5.343750000000000e-01 1.552272137285215e+00 -4.171919098604536e-06
5.375000000000000e-01 1.576949758466886e+00 -3.363278994968688e-06
5.406250000000000e-01 1.602012384981041e+00 -4.081267638868297e-06
5.437500000000001e-01 1.627466135757470e+00 -3.115668611548169e-06
5.468750000000000e-01 1.653317225217225e+00 -3.901023129054540e-06
5.500000000000000e-01 1.679571964789851e+00 -3.399562346708274e-06
5.531250000000000e-01 1.706236764454286e+00 -3.726837832182049e-06
5.562500000000000e-01 1.733318134303830e+00 -3.903708969420161e-06
5.593750000000001e-01 1.760822686135563e+00 -3.960614835500678e-06
5.625000000000000e-01 1.788757135064574e+00 -4.212211569759949e-06
5.656250000000000e-01 1.817128301163438e+00 -4.797087535992210e-06
5.687500000000000e-01 1.845943111127301e+00 -4.444217663813381e-06
5.718750000000000e-01 1.875208599965003e+00 -5.740544147776412e-06
5.750000000000001e-01 1.904931912716643e+00 -5.165079696349243e-06
5.781250000000000e-01 1.935120306198011e+00 -6.292032582022234e-06
5.812500000000000e-01 1.965781150772311e+00 -6.470197767584691e-06
5.843750000000000e-01 1.996921932149593e+00 -6.749672143916188e-06
5.875000000000000e-01 2.028550253214365e+00 -7.588726128271355e-06
5.906250000000001e-01 2.060673835881802e+00 -7.876283510798932e-06
5.937500000000000e-01 2.093300522983012e+00 -8.048617076849677e-06
5.968750000000000e-01 2.126438280179837e+00 -9.385063147707741e-06
6.000000000000001e-01 2.160095197909630e+00 -8.693390138007296e-06
6.031250000000000e-01 2.194279493360494e+00 -1.012721651759117e-05
6.062500000000001e-01 2.228999512477486e+00 -1.018035671640449e-05
6.093750000000000e-01 2.264263732000228e+00 -1.027828600720789e-05
6.125000000000000e-01 2.300080761532477e+00 -1.132717117310413e-05
6.156250000000001e-01 2.336459345644116e+00 -1.128686781577641e-05
6.187500000000000e-01 2.373408366006099e+00 -1.122471283362427e-05
6.218750000000001e-01 2.410936843558884e+00 -1.268487239133680e-05
6.250000000000000e-01 2.449053940714840e+00 -1.152211776045281e-05
6.281250000000000e-01 2.487768963595221e+00 -1.255142996606682e-05
6.312500000000001e-01 2.527091364302215e+00 -1.294124863907575e-05
6.343750000000000e-01 2.567030743226622e+00 -1.206637462019901e-05
6.375000000000001e-01 2.607596851391758e+00 -1.294418263944362e-05
6.406250000000000e-01 2.648799592834118e+00 -1.326670517651080e-05
6.437500000000000e-01 2.690649027021411e+00 -1.175574032195972e-05
6.468750000000001e-01 2.733155371308524e+00 -1.343357490802498e-05
6.500000000000000e-01 2.776329003432049e+00 -1.264397988134345e-05
6.531250000000001e-01 2.820180464043967e+00 -1.159999472262128e-05
6.562500000000000e-01 2.864720459285089e+00 -1.296282779794223e-05
6.593750000000000e-01 2.909959863398929e+00 -1.218673594462836e-05
6.625000000000001e-01 2.955909721386590e+00 -1.051985604564795e-05
6.656250000000000e-01 3.002581251703353e+00 -1.255832189291587e-05
6.687500000000001e-01 3.049985848997626e+00 -1.099014386731957e-05
6.718750000000000e-01 3.098135086892879e+00 -9.434736770683882e-06
6.750000000000000e-01 3.147040720813310e+00 -1.125272530748959e-05
6.781250000000001e-01 3.196714690853871e+00 -1.009808846328072e-05
6.812500000000000e-01 3.247169124695383e+00 -7.384943895750129e-06
6.843750000000001e-01 3.298416340565477e+00 -9.847404531677571e-06
6.875000000000000e-01 3.350468850246008e+00 -8.725754453828782e-06
6.906250000000000e-01 3.403339362127777e+00 -5.309660530684745e-06
6.937500000000001e-01 3.457040784313211e+00 -7.179919653163852e-06
6.968750000000000e-01 3.511586227767823e+00 -7.761593172722686e-06
7.000000000000001e-01 3.566989009521205e+00 -2.667365543313196e-06
7.031250000000000e-01 3.623262655918307e+00 -3.634935788660935e-06
7.062500000000000e-01 3.680420905921852e+00 -6.023113863335797e-06
7.093750000000001e-01 3.738477714466631e+00 -9.554262567978499e-07
7.125000000000000e-01 3.797447255866536e+00 1.766436619195091e-06
7.156250000000001e-01 3.857343927275175e+00 -2.986449440869265e-06
7.187500000000000e-01 3.918182352200844e+00 -7.943765125659324e-08
7.218750000000000e-01 3.979977384076828e+00 7.068123468045327e-06
7.250000000000001e-01 4.042744109887770e+00 4.256440770789192e-06
7.281250000000000e-01 4.106497853853101e+00 5.885500651691567e-07
7.312500000000001e-01 4.171254181168399e+00 9.649530359502155e-06
7.343750000000000e-01 4.237028901805528e+00 1.497524471765562e-05
7.375000000000000e-01 4.303838074372613e+00 7.677575489368526e-06
7.406250000000001e-01 4.371698010034643e+00 7.731847039438421e-06
7.437500000000000e-01 4.440625276495786e+00 2.199769111655701e-05
7.468750000000001e-01 4.510636702044332e+00 2.522778364983783e-05
7.500000000000000e-01 4.581749379661216e+00 1.420901700496239e-05
7.531250000000000e-01 4.653980671193226e+00 1.690101357994851e-05
7.562500000000001e-01 4.727348211591802e+00 3.756156694830411e-05
7.593750000000000e-01 4.801869913218528e+00 4.290483883586738e-05
7.625000000000001e-01 4.877563970218381e+00 2.679474560744733e-05
7.656250000000000e-01 4.954448862961714e+00 2.562147398736233e-05
7.687500000000000e-01 5.032543362556198e+00 5.494994285934536e-05
7.718750000000001e-01 5.111866535429675e+00 7.523875316706414e-05
7.750000000000000e-01 5.192437747985146e+00 5.759064189588448e-05
7.781250000000001e-01 5.274276671329015e+00 3.610294456842050e-05
7.812500000000000e-01 5.357403286073669e+00 6.101699488761955e-05
7.843750000000000e-01 5.441837887215693e+00 1.164509766514967e-04
7.875000000000001e-01 5.527601089090773e+00 1.360929602378042e-04
7.906250000000000e-01 5.614713830406605e+00 9.524316699839036e-05
7.937500000000001e-01 5.703197379355005e+00 5.640704997644181e-05
7.968750000000000e-01 5.793073338804412e+00 9.658331670906935e-05
8.000000000000000e-01 5.884363651574169e+00 2.095404164385525e-04
8.031250000000001e-01 5.977090605791737e+00 2.971220611907970e-04
8.062500000000000e-01 6.071276840334257e+00 2.697302899238102e-04
8.093750000000001e-01 6.166945350355728e+00 1.461901712967615e-04
8.125000000000000e-01 6.264119492901173e+00 5.824393922556573e-05
8.156250000000000e-01 6.362822992609162e+00 1.487914950268746e-04
8.187500000000001e-01 6.463079947504072e+00 4.549463152637229e-04
8.218750000000000e-01 6.564914834879517e+00 8.578757568444830e-04
8.250000000000001e-01 6.668352517274371e+00 1.131885707709624e-03
8.281250000000000e-01 6.773418248542846e+00 1.046638255406073e-03
8.312500000000000e-01 6.880137680020114e+00 4.640036631625921e-04
8.343750000000001e-01 6.988536866784961e+00 -6.194642889474336e-04
8.375000000000000e-01 7.098642274021019e+00 -2.084925834725474e-03
8.406250000000001e-01 7.210480783478133e+00 -3.743887126275408e-03
8.437500000000000e-01 7.324079700035414e+00 -5.393703964655537e-03
8.468750000000000e-01 7.439466758367605e+00 -6.863538353230769e-03
8.500000000000001e-01 7.556670129716381e+00 -8.033937007798149e-03
8.531250000000000e-01 7.675718428768239e+00 -8.842509335452728e-03
8.562500000000001e-01 7.796640720640633e+00 -9.273618332154170e-03
8.593750000000000e-01 7.919466527978115e+00 -9.346572352212710e-03
8.625000000000000e-01 8.044225838160141e+00 -9.099678325999195e-03
8.656250000000001e-01 8.170949110622363e+00 -8.579765426599714e-03
8.687500000000000e-01 8.299667284293170e+00 -7.834060058645466e-03
8.718750000000001e-01 8.430411785147284e+00 -6.907992081366548e-03
8.750000000000000e-01 8.563214533878281e+00 -5.843520676706388e-03
8.781250000000000e-01 8.698107953691880e+00 -4.678156923419899e-03
8.812500000000001e-01 8.835124978221932e+00 -3.443148609447348e-03
8.843750000000000e-01 8.974299059571019e+00 -2.163787130394566e-03
8.875000000000001e-01 9.115664176477637e+00 -8.626503726227373e-04
8.906250000000000e-01 9.259254842611947e+00 4.344864472803876e-04
8.937500000000000e-01 9.405106115002161e+00 1.693053613278686e-03
8.968750000000001e-01 9.553253602593529e+00 2.867247348539468e-03
9.000000000000000e-01 9.703733474942130e+00 3.902357343421539e-03
9.031250000000001e-01 9.856582471045494e+00 4.741429207580979e-03
9.062500000000000e-01 1.001183790831228e+01 5.334547585706898e-03
9.093750000000000e-01 1.016953769167313e+01 5.648459908696162e-03
9.125000000000001e-01 1.032972032283505e+01 5.674236469880737e-03
9.156250000000000e-01 1.049242490968134e+01 5.430947295373603e-03
9.187500000000001e-01 1.065769117581972e+01 4.964081476567655e-03
9.218750000000000e-01 1.082555947028058e+01 4.338711829060525e-03
9.250000000000000e-01 1.099607077736805e+01 3.628921499281077e-03
9.281250000000001e-01 1.116926672666618e+01 2.906141826732227e-03
9.312500000000000e-01 1.134518960320255e+01 2.229272524195978e-03
9.343750000000001e-01 1.152388235777201e+01 1.638677712352244e-03
9.375000000000000e-01 1.170538861742293e+01 1.154766769370093e-03
9.406250000000000e-01 1.188975269610854e+01 7.804907771681802e-04
9.437500000000001e-01 1.207701960550600e+01 5.062129857277837e-04
9.468750000000000e-01 1.226723506600578e+01 3.152277704620468e-04
9.500000000000001e-01 1.246044551787411e+01 1.885756888852827e-04
9.531250000000000e-01 1.265669813259115e+01 1.084346263801346e-04
9.562500000000000e-01 1.285604082436773e+01 5.996878113857626e-05
9.593750000000001e-01 1.305852226184337e+01 3.191618678932033e-05
9.625000000000000e-01 1.326419187996850e+01 1.635596016244521e-05
9.656250000000001e-01 1.347309989207381e+01 8.075441591052795e-06
9.687500000000000e-01 1.368529730212962e+01 3.843451544927505e-06
9.718750000000000e-01 1.390083591719824e+01 1.764306202187735e-06
9.750000000000001e-01 1.411976836008246e+01 7.815353676442327e-07
9.781250000000000e-01 1.434214808217320e+01 3.342429066671754e-07
9.812500000000001e-01 1.456802937649935e+01 1.380771739801839e-07
9.843750000000000e-01 1.479746739098328e+01 5.512335889732667e-08
9.875000000000000e-01 1.503051814190487e+01 2.127362072150233e-08
9.906250000000001e-01 1.526723852757770e+01 7.947633301818575e-09
9.937500000000000e-01 1.550768634224049e+01 2.855570600527665e-09
9.968750000000001e-01 1.575192029016732e+01 1.042733996759191e-09
1.000000000000000e+00 1.600000000000000e+01 2.219434324368513e-10
