0.000000000000000e+00 0.000000000000000e+00 2.142471949996349e-01
3.125000000000000e-03 3.369263549427258e-03 2.142429690817701e-01
6.250000000000000e-03 6.739349689698711e-03 2.142445922798976e-01
9.375000000000001e-03 1.011108121249049e-02 2.142335329554834e-01
1.250000000000000e-02 1.348528131119160e-02 2.142188084225915e-01
1.562500000000000e-02 1.686277378188298e-02 2.141982152788941e-01
1.875000000000000e-02 2.024438322446370e-02 2.141743332255356e-01
2.187500000000000e-02 2.363093524397333e-02 2.141443451836960e-01
2.500000000000000e-02 2.702325665215984e-02 2.141105287984750e-01
2.812500000000000e-02 3.042217566934200e-02 2.140711070853974e-01
3.125000000000000e-02 3.382852212661575e-02 2.140275446913151e-01
3.437500000000000e-02 3.724312766845378e-02 2.139784717239023e-01
3.750000000000001e-02 4.066682595574785e-02 2.139251788025348e-01
4.062500000000000e-02 4.410045286934348e-02 2.138663561091468e-01
4.375000000000000e-02 4.754484671411652e-02 2.138029962594265e-01
4.687500000000000e-02 5.100084842364160e-02 2.137341655016954e-01
5.000000000000000e-02 5.446930176550237e-02 2.136607361516790e-01
5.312500000000001e-02 5.795105354729364e-02 2.135816795344271e-01
5.625000000000000e-02 6.144695382336569e-02 2.134977329998110e-01
5.937500000000000e-02 6.495785610236132e-02 2.134081602355043e-01
6.250000000000000e-02 6.848461755559625e-02 2.133135936665686e-01
6.562500000000000e-02 7.202809922633362e-02 2.132131786282679e-01
6.875000000000001e-02 7.558916624000402e-02 2.131074871490755e-01
7.187500000000001e-02 7.916868801542200e-02 2.129958904292217e-01
7.500000000000001e-02 8.276753847705080e-02 2.128788632382388e-01
7.812500000000000e-02 8.638659626836727e-02 2.127556629962387e-01
8.125000000000000e-02 9.002674496637868e-02 2.126267399933669e-01
8.437500000000001e-02 9.368887329734420e-02 2.124915307044886e-01
8.750000000000001e-02 9.737387535375355e-02 2.123503978315304e-01
9.062500000000001e-02 1.010826508126157e-01 2.122026710434746e-01
9.375000000000000e-02 1.048161051551108e-01 2.120487019498107e-01
9.687500000000000e-02 1.085751498876601e-01 2.118879702436394e-01
1.000000000000000e-01 1.123607027644654e-01 2.117207551647549e-01
1.031250000000000e-01 1.161736880115753e-01 2.115464308877747e-01
1.062500000000000e-01 1.200150365525305e-01 2.113652624995761e-01
1.093750000000000e-01 1.238856862356450e-01 2.111767599368216e-01
1.125000000000000e-01 1.277865820629775e-01 2.109811390796212e-01
1.156250000000000e-01 1.317186764210495e-01 2.107777994655367e-01
1.187500000000000e-01 1.356829293133661e-01 2.105669251862943e-01
1.218750000000000e-01 1.396803085947971e-01 2.103480458603407e-01
1.250000000000000e-01 1.437117902078738e-01 2.101213291853884e-01
1.281250000000000e-01 1.477783584210617e-01 2.098861899862631e-01
1.312500000000000e-01 1.518810060690650e-01 2.096427339670228e-01
1.343750000000000e-01 1.560207347952229e-01 2.093904961094351e-01
1.375000000000000e-01 1.601985552960564e-01 2.091296049677409e-01
1.406250000000000e-01 1.644154875680252e-01 2.088594928515267e-01
1.437500000000000e-01 1.686725611565558e-01 2.085801940161070e-01
1.468750000000000e-01 1.729708154074000e-01 2.082912253718363e-01
1.500000000000000e-01 1.773112997203869e-01 2.079926715281815e-01
1.531250000000000e-01 1.816950738056289e-01 2.076839973641516e-01
1.562500000000000e-01 1.861232079422458e-01 2.073651884720541e-01
1.593750000000000e-01 1.905967832396682e-01 2.070357160085462e-01
1.625000000000000e-01 1.951168919015860e-01 2.066955944938740e-01
1.656250000000000e-01 1.996846374926046e-01 2.063443312933070e-01
1.687500000000000e-01 2.043011352076760e-01 2.059818999404580e-01
1.718750000000000e-01 2.089675121443681e-01 2.056077269301784e-01
1.750000000000000e-01 2.136849075780412e-01 2.052217347393549e-01
1.781250000000000e-01 2.184544732399964e-01 2.048234330624337e-01
1.812500000000000e-01 2.232773735986666e-01 2.044127799874919e-01
1.843750000000000e-01 2.281547861439151e-01 2.039892224187308e-01
1.875000000000000e-01 2.330879016745160e-01 2.035526429716930e-01
1.906250000000000e-01 2.380779245888810e-01 2.031024772422226e-01
1.937500000000000e-01 2.431260731791094e-01 2.026385917277540e-01
1.968750000000000e-01 2.482335799284277e-01 2.021604808313158e-01
2.000000000000000e-01 2.534016918120952e-01 2.016680360393366e-01
2.031250000000000e-01 2.586316706018478e-01 2.011606798618089e-01
2.062500000000000e-01 2.639247931739538e-01 2.006382411759352e-01
2.093750000000000e-01 2.692823518209576e-01 2.001001354398275e-01
2.125000000000000e-01 2.747056545671873e-01 1.995461487654834e-01
2.156250000000000e-01 2.801960254881028e-01 1.989757556101844e-01
2.187500000000000e-01 2.857548050335636e-01 1.983887698266699e-01
2.218750000000000e-01 2.913833503550930e-01 1.977846321634397e-01
2.250000000000000e-01 2.970830356372213e-01 1.971631678258045e-01
2.281250000000000e-01 3.028552524329863e-01 1.965237586013721e-01
2.312500000000000e-01 3.087014100036755e-01 1.958661812662822e-01
2.343750000000000e-01 3.146229356628902e-01 1.951898390542433e-01
2.375000000000000e-01 3.206212751250189e-01 1.944944332111949e-01
2.406250000000000e-01 3.266978928582008e-01 1.937794393147457e-01
2.437500000000000e-01 3.328542724418705e-01 1.930444950215805e-01
2.468750000000000e-01 3.390919169289667e-01 1.922891343052844e-01
2.500000000000000e-01 3.454123492128958e-01 1.915129560935468e-01
2.531250000000000e-01 3.518171123993401e-01 1.907155212013047e-01
2.562500000000000e-01 3.583077701830001e-01 1.898964100576276e-01
2.593750000000000e-01 3.648859072293631e-01 1.890551917653572e-01
2.625000000000000e-01 3.715531295615936e-01 1.881914405191447e-01
2.656250000000000e-01 3.783110649526354e-01 1.873047287317730e-01
2.687500000000000e-01 3.851613633226258e-01 1.863946314743944e-01
2.718750000000000e-01 3.921056971417164e-01 1.854607259092023e-01
2.750000000000000e-01 3.991457618383991e-01 1.845025929682153e-01
2.781250000000000e-01 4.062832762134377e-01 1.835198181652884e-01
2.812500000000000e-01 4.135199828595055e-01 1.825119928156491e-01
2.843750000000000e-01 4.208576485866312e-01 1.814787151703464e-01
2.875000000000000e-01 4.282980648535585e-01 1.804195916573563e-01
2.906250000000000e-01 4.358430482051222e-01 1.793342381654507e-01
2.937500000000000e-01 4.434944407157500e-01 1.782222813965535e-01
2.968750000000000e-01 4.512541104391968e-01 1.770833602800919e-01
3.000000000000000e-01 4.591239518646220e-01 1.759171274522680e-01
3.031250000000000e-01 4.671058863791195e-01 1.747232507991180e-01
3.062500000000000e-01 4.752018627368176e-01 1.735014150625271e-01
3.093750000000000e-01 4.834138575346580e-01 1.722513235072990e-01
3.125000000000000e-01 4.917438756949728e-01 1.709726996467339e-01
3.156250000000000e-01 5.001939509549778e-01 1.696652890233329e-01
3.187500000000000e-01 5.087661463633005e-01 1.683288610403914e-01
3.218750000000000e-01 5.174625547836644e-01 1.669632108393427e-01
3.250000000000000e-01 5.262852994058529e-01 1.655681612167132e-01
3.281250000000000e-01 5.352365342640750e-01 1.641435645735447e-01
3.312500000000000e-01 5.443184447628656e-01 1.626893048890199e-01
3.343750000000000e-01 5.535332482106405e-01 1.612052997088988e-01
3.375000000000000e-01 5.628831943610435e-01 1.596915021382117e-01
3.406250000000000e-01 5.723705659622137e-01 1.581479028264160e-01
3.437500000000000e-01 5.819976793141081e-01 1.565745319320341e-01
3.468750000000000e-01 5.917668848340161e-01 1.549714610525349e-01
3.500000000000000e-01 6.016805676304035e-01 1.533388051040677e-01
3.531250000000000e-01 6.117411480852264e-01 1.516767241345136e-01
3.562500000000000e-01 6.219510824448572e-01 1.499854250522473e-01
3.593750000000000e-01 6.323128634197650e-01 1.482651632520469e-01
3.625000000000000e-01 6.428290207931012e-01 1.465162441188380e-01
3.656250000000000e-01 6.535021220383342e-01 1.447390243892942e-01
3.687500000000000e-01 6.643347729460869e-01 1.429339133509567e-01
3.718750000000000e-01 6.753296182603294e-01 1.411013738583889e-01
3.750000000000000e-01 6.864893423240808e-01 1.392419231461161e-01
3.781250000000000e-01 6.978166697347804e-01 1.373561334185778e-01
3.812500000000000e-01 7.093143660094854e-01 1.354446321982730e-01
3.843750000000000e-01 7.209852382600603e-01 1.335081024146368e-01
3.875000000000000e-01 7.328321358785219e-01 1.315472822179343e-01
3.906250000000000e-01 7.448579512327029e-01 1.295629645047647e-01
3.937500000000000e-01 7.570656203724140e-01 1.275559961444863e-01
3.968750000000000e-01 7.694581237462648e-01 1.255272768990950e-01
4.000000000000000e-01 7.820384869293291e-01 1.234777580327414e-01
4.031250000000000e-01 7.948097813618253e-01 1.214084406112099e-01
4.062500000000000e-01 8.077751250989945e-01 1.193203734961456e-01
4.093750000000000e-01 8.209376835723596e-01 1.172146510435935e-01
4.125000000000000e-01 8.343006703625532e-01 1.150924105214343e-01
4.156250000000000e-01 8.478673479838968e-01 1.129548292654514e-01
4.187500000000000e-01 8.616410286809313e-01 1.108031215989060e-01
4.218750000000000e-01 8.756250752370857e-01 1.086385355455103e-01
4.250000000000000e-01 8.898229017956865e-01 1.064623493704996e-01
4.281250000000000e-01 9.042379746935050e-01 1.042758679888380e-01
4.312500000000000e-01 9.188738133070491e-01 1.020804192834270e-01
4.343750000000000e-01 9.337339909118028e-01 9.987735037939306e-02
4.375000000000000e-01 9.488221355546261e-01 9.766802392282510e-02
4.406250000000000e-01 9.641419309395265e-01 9.545381441383395e-02
4.437500000000000e-01 9.796971173270190e-01 9.323610464425369e-02
4.468750000000000e-01 9.954914924472941e-01 9.101628228972281e-02
4.500000000000000e-01 1.011528912427417e+00 8.879573670425964e-02
4.531250000000000e-01 1.027813292732786e+00 8.657585596268415e-02
4.562500000000000e-01 1.044348609123070e+00 8.435802419250198e-02
4.593750000000000e-01 1.061138898622882e+00 8.214361923215475e-02
4.625000000000000e-01 1.078188260507393e+00 7.993401064691499e-02
4.656250000000000e-01 1.095500857303154e+00 7.773055812738316e-02
4.687500000000000e-01 1.113080915804360e+00 7.553461028853140e-02
4.718750000000000e-01 1.130932728104805e+00 7.334750387978607e-02
4.750000000000000e-01 1.149060652645771e+00 7.117056340884916e-02
4.781250000000000e-01 1.167469115280130e+00 6.900510117395101e-02
4.812500000000000e-01 1.186162610352890e+00 6.685241769116713e-02
4.843750000000000e-01 1.205145701798475e+00 6.471380249544147e-02
4.875000000000000e-01 1.224423024254985e+00 6.259053528609479e-02
4.906250000000000e-01 1.243999284195726e+00 6.048388737995804e-02
4.937500000000000e-01 1.263879261078271e+00 5.839512342794998e-02
4.968750000000000e-01 1.284067808511348e+00 5.632550334384751e-02
5.000000000000000e-01 1.304569855439823e+00 5.427628438730386e-02
5.031250000000000e-01 1.325390407348082e+00 5.224872333682619e-02
5.062500000000000e-01 1.346534547482100e+00 5.024407868237715e-02
5.093750000000000e-01 1.368007438090487e+00 4.826361276163388e-02
5.125000000000001e-01 1.389814321684837e+00 4.630859375869485e-02
5.156250000000000e-01 1.411960522319654e+00 4.438029747924328e-02
5.187500000000000e-01 1.434451446892208e+00 4.248000881195244e-02
5.218750000000000e-01 1.457292586462593e+00 4.060902278243714e-02
5.250000000000000e-01 1.480489517594354e+00 3.876864510345900e-02
5.281250000000001e-01 1.504047903715979e+00 3.696019212366550e-02
5.312500000000000e-01 1.527973496503592e+00 3.518499007720819e-02
5.343750000000000e-01 1.552272137285215e+00 3.344437353847494e-02
5.375000000000000e-01 1.576949758466886e+00 3.173968299028607e-02
5.406250000000000e-01 1.602012384981041e+00 3.007226142067829e-02
5.437500000000001e-01 1.627466135757470e+00 2.844344987325919e-02
5.468750000000000e-01 1.653317225217225e+00 2.685458188944711e-02
5.500000000000000e-01 1.679571964789851e+00 2.530697679804393e-02
5.531250000000000e-01 1.706236764454286e+00 2.380193182880741e-02
5.562500000000000e-01 1.733318134303830e+00 2.234071305207766e-02
5.593750000000001e-01 1.760822686135563e+00 2.092454517600077e-02
5.625000000000000e-01 1.788757135064574e+00 1.955460026623417e-02
5.656250000000000e-01 1.817128301163438e+00 1.823198548966181e-02
5.687500000000000e-01 1.845943111127301e+00 1.695773002281508e-02
5.718750000000000e-01 1.875208599965003e+00 1.573277130630908e-02
5.750000000000001e-01 1.904931912716643e+00 1.455794086732299e-02
5.781250000000000e-01 1.935120306198011e+00 1.343394997137318e-02
5.812500000000000e-01 1.965781150772311e+00 1.236137540053715e-02
5.843750000000000e-01 1.996921932149593e+00 1.134064568597297e-02
5.875000000000000e-01 2.028550253214365e+00 1.037202814605504e-02
5.906250000000001e-01 2.060673835881802e+00 9.455617095796075e-03
5.937500000000000e-01 2.093300522983012e+00 8.591323596735570e-03
5.968750000000000e-01 2.126438280179837e+00 7.778867107729300e-03
6.000000000000001e-01 2.160095197909630e+00 7.017769375093636e-03
6.031250000000000e-01 2.194279493360494e+00 6.307350864917374e-03
6.062500000000001e-01 2.228999512477486e+00 5.646729991232397e-03
6.093750000000000e-01 2.264263732000228e+00 5.034825331998219e-03
6.125000000000000e-01 2.300080761532477e+00 4.470360952060869e-03
6.156250000000001e-01 2.336459345644116e+00 3.951874870590255e-03
6.187500000000000e-01 2.373408366006099e+00 3.477730622767666e-03
6.218750000000001e-01 2.410936843558884e+00 3.046131774932976e-03
6.250000000000000e-01 2.449053940714840e+00 2.655139162557935e-03
6.281250000000000e-01 2.487768963595221e+00 2.302690534990457e-03
6.312500000000001e-01 2.527091364302215e+00 1.986622213554814e-03
6.343750000000000e-01 2.567030743226622e+00 1.704692303701552e-03
6.375000000000001e-01 2.607596851391758e+00 1.454604950466547e-03
6.406250000000000e-01 2.648799592834118e+00 1.234035091928153e-03
6.437500000000000e-01 2.690649027021411e+00 1.040653149348703e-03
6.468750000000001e-01 2.733155371308524e+00 8.721490961450044e-04
6.500000000000000e-01 2.776329003432049e+00 7.262553707885702e-04
6.531250000000001e-01 2.820180464043967e+00 6.007681403500067e-04
6.562500000000000e-01 2.864720459285089e+00 4.935664799878762e-04
6.593750000000000e-01 2.909959863398929e+00 4.026291067782891e-04
6.625000000000001e-01 2.955909721386590e+00 3.260483907619861e-04
6.656250000000000e-01 3.002581251703353e+00 2.620414583057685e-04
6.687500000000001e-01 3.049985848997626e+00 2.089582988481589e-04
6.718750000000000e-01 3.098135086892879e+00 1.652868816968720e-04
6.750000000000000e-01 3.147040720813310e+00 1.296553807099558e-04
6.781250000000001e-01 3.196714690853871e+00 1.008316876502304e-04
6.812500000000000e-01 3.247169124695383e+00 7.772046646780448e-05
6.843750000000001e-01 3.298416340565477e+00 5.935805811721117e-05
6.875000000000000e-01 3.350468850246008e+00 4.490558693626064e-05
6.906250000000000e-01 3.403339362127777e+00 3.364064417911573e-05
6.937500000000001e-01 3.457040784313211e+00 2.494793200704375e-05
6.968750000000000e-01 3.511586227767823e+00 1.830924299246555e-05
7.000000000000001e-01 3.566989009521205e+00 1.329312768604617e-05
7.031250000000000e-01 3.623262655918307e+00 9.544568394738539e-06
7.062500000000000e-01 3.680420905921852e+00 6.774933858670767e-06
7.093750000000001e-01 3.738477714466631e+00 4.752440098098614e-06
7.125000000000000e-01 3.797447255866536e+00 3.293290473048496e-06
7.156250000000001e-01 3.857343927275175e+00 2.253615935294473e-06
7.187500000000000e-01 3.918182352200844e+00 1.522287182272469e-06
7.218750000000000e-01 3.979977384076828e+00 1.014626080884051e-06
7.250000000000001e-01 4.042744109887770e+00 6.670058685786175e-07
7.281250000000000e-01 4.106497853853101e+00 4.322991934927776e-07
7.312500000000001e-01 4.171254181168399e+00 2.761103567510248e-07
7.343750000000000e-01 4.237028901805528e+00 1.737129615322258e-07
7.375000000000000e-01 4.303838074372613e+00 1.076059081160635e-07
7.406250000000001e-01 4.371698010034643e+00 6.559833479217362e-08
7.437500000000000e-01 4.440625276495786e+00 3.933653230548233e-08
7.468750000000001e-01 4.510636702044332e+00 2.319182628715641e-08
7.500000000000000e-01 4.581749379661216e+00 1.343673703497741e-08
7.531250000000000e-01 4.653980671193226e+00 7.646318346042229e-09
7.562500000000001e-01 4.727348211591802e+00 4.271551775396251e-09
7.593750000000000e-01 4.801869913218528e+00 2.341338280787157e-09
7.625000000000001e-01 4.877563970218381e+00 1.258501545885458e-09
7.656250000000000e-01 4.954448862961714e+00 6.630035755644635e-10
7.687500000000000e-01 5.032543362556198e+00 3.421429305759889e-10
7.718750000000001e-01 5.111866535429675e+00 1.728548774534993e-10
7.750000000000000e-01 5.192437747985146e+00 8.544501269922878e-11
7.781250000000001e-01 5.274276671329015e+00 4.130165647713618e-11
7.812500000000000e-01 5.357403286073669e+00 1.951033565395842e-11
7.843750000000000e-01 5.441837887215693e+00 9.001518285729435e-12
7.875000000000001e-01 5.527601089090773e+00 4.053726113439190e-12
7.906250000000000e-01 5.614713830406605e+00 1.780784485428519e-12
7.937500000000001e-01 5.703197379355005e+00 7.626311097769151e-13
7.968750000000000e-01 5.793073338804412e+00 3.181919520123479e-13
8.000000000000000e-01 5.884363651574169e+00 1.292583211485960e-13
8.031250000000001e-01 5.977090605791737e+00 5.109092640028815e-14
8.062500000000000e-01 6.071276840334257e+00 1.963653562911343e-14
8.093750000000001e-01 6.166945350355728e+00 7.333996247309193e-15
8.125000000000000e-01 6.264119492901173e+00 2.660048779683390e-15
8.156250000000000e-01 6.362822992609162e+00 9.363322791312389e-16
8.187500000000001e-01 6.463079947504072e+00 3.196544596704366e-16
8.218750000000000e-01 6.564914834879517e+00 1.057698556628074e-16
8.250000000000001e-01 6.668352517274371e+00 3.389964196010628e-17
8.281250000000000e-01 6.773418248542846e+00 1.051730252236073e-17
8.312500000000000e-01 6.880137680020114e+00 3.156578841492353e-18
8.343750000000001e-01 6.988536866784961e+00 9.159305346635876e-19
8.375000000000000e-01 7.098642274021019e+00 2.567893357824820e-19
8.406250000000001e-01 7.210480783478133e+00 6.951842751800006e-20
8.437500000000000e-01 7.324079700035414e+00 1.816256193099260e-20
8.468750000000000e-01 7.439466758367605e+00 4.576786454449918e-21
8.500000000000001e-01 7.556670129716381e+00 1.111757055781157e-21
8.531250000000000e-01 7.675718428768239e+00 2.601908650051839e-22
8.562500000000001e-01 7.796640720640633e+00 5.863850074575348e-23
8.593750000000000e-01 7.919466527978115e+00 1.271941987730138e-23
8.625000000000000e-01 8.044225838160141e+00 2.654240029700312e-24
8.656250000000001e-01 8.170949110622363e+00 5.326068762622699e-25
8.687500000000000e-01 8.299667284293170e+00 1.027266756767531e-25
8.718750000000001e-01 8.430411785147284e+00 1.903694481724595e-26
8.750000000000000e-01 8.563214533878281e+00 3.388350759472703e-27
8.781250000000000e-01 8.698107953691880e+00 5.790397147122265e-28
8.812500000000001e-01 8.835124978221932e+00 9.497767657154958e-29
8.843750000000000e-01 8.974299059571019e+00 1.494875434561265e-29
8.875000000000001e-01 9.115664176477637e+00 2.257089169474063e-30
8.906250000000000e-01 9.259254842611947e+00 3.268553635593830e-31
8.937500000000000e-01 9.405106115002161e+00 4.538805782495176e-32
8.968750000000001e-01 9.553253602593529e+00 6.042761280337283e-33
9.000000000000000e-01 9.703733474942130e+00 7.712205930562378e-34
9.031250000000001e-01 9.856582471045494e+00 9.434635274391086e-35
9.062500000000000e-01 1.001183790831228e+01 1.106218987189776e-35
9.093750000000000e-01 1.016953769167313e+01 1.243095857834011e-36
9.125000000000001e-01 1.032972032283505e+01 1.338767360295650e-37
9.156250000000000e-01 1.049242490968134e+01 1.381793213617253e-38
9.187500000000001e-01 1.065769117581972e+01 1.366876875135888e-39
9.218750000000000e-01 1.082555947028058e+01 1.295940517151983e-40
9.250000000000000e-01 1.099607077736805e+01 1.177715586558729e-41
9.281250000000001e-01 1.116926672666618e+01 1.025969998187635e-42
9.312500000000000e-01 1.134518960320255e+01 8.568706152088212e-44
9.343750000000001e-01 1.152388235777201e+01 6.861788535471504e-45
9.375000000000000e-01 1.170538861742293e+01 5.269423776046043e-46
9.406250000000000e-01 1.188975269610854e+01 3.881158345449782e-47
9.437500000000001e-01 1.207701960550600e+01 2.742247670482145e-48
9.468750000000000e-01 1.226723506600578e+01 1.858998619358406e-49
9.500000000000001e-01 1.246044551787411e+01 1.209381553438799e-50
9.531250000000000e-01 1.265669813259115e+01 7.551766991496504e-52
9.562500000000000e-01 1.285604082436773e+01 4.527178870806406e-53
9.593750000000001e-01 1.305852226184337e+01 2.606133839717219e-54
9.625000000000000e-01 1.326419187996850e+01 1.440969412321419e-55
9.656250000000001e-01 1.347309989207381e+01 7.654259802505796e-57
9.687500000000000e-01 1.368529730212962e+01 3.907018221153730e-58
9.718750000000000e-01 1.390083591719824e+01 1.916842868057314e-59
9.750000000000001e-01 1.411976836008246e+01 9.041338832449368e-61
9.781250000000000e-01 1.434214808217320e+01 4.101015407328010e-62
9.812500000000001e-01 1.456802937649935e+01 1.789247433326193e-63
9.843750000000000e-01 1.479746739098328e+01 7.510659121058287e-65
9.875000000000000e-01 1.503051814190487e+01 3.034050281863936e-66
9.906250000000001e-01 1.526723852757770e+01 1.179812296656177e-67
9.937500000000000e-01 1.550768634224049e+01 4.417134109683838e-69
9.968750000000001e-01 1.575192029016732e+01 1.642645777857442e-70
1.000000000000000e+00 1.600000000000000e+01 -5.989881417381530e-71
