0.000000000000000e+00 0.000000000000000e+00 4.349583283205048e-03
3.125000000000000e-03 3.369263549427258e-03 3.817420323898227e-03
6.250000000000000e-03 6.739349689698711e-03 3.917801817341936e-03
9.375000000000001e-03 1.011108121249049e-02 3.820330577106457e-03
1.250000000000000e-02 1.348528131119160e-02 3.870338677083482e-03
1.562500000000000e-02 1.686277378188298e-02 3.819658444044850e-03
1.875000000000000e-02 2.024438322446370e-02 3.854146170431680e-03
2.187500000000000e-02 2.363093524397333e-02 3.820205859239771e-03
2.500000000000000e-02 2.702325665215984e-02 3.846031404990832e-03
2.812500000000000e-02 3.042217566934200e-02 3.820570917292879e-03
3.125000000000000e-02 3.382852212661575e-02 3.841552109109547e-03
3.437500000000000e-02 3.724312766845378e-02 3.821438237506287e-03
3.750000000000001e-02 4.066682595574785e-02 3.838746468503958e-03
4.062500000000000e-02 4.410045286934348e-02 3.822196282151326e-03
4.375000000000000e-02 4.754484671411652e-02 3.837152903723059e-03
4.687500000000000e-02 5.100084842364160e-02 3.823041907380786e-03
5.000000000000000e-02 5.446930176550237e-02 3.836244809414727e-03
5.312500000000001e-02 5.795105354729364e-02 3.824045478110359e-03
5.625000000000000e-02 6.144695382336569e-02 3.835873494357063e-03
5.937500000000000e-02 6.495785610236132e-02 3.825238138801958e-03
6.250000000000000e-02 6.848461755559625e-02 3.836033074789762e-03
6.562500000000000e-02 7.202809922633362e-02 3.826688209365748e-03
6.875000000000001e-02 7.558916624000402e-02 3.836521377217944e-03
7.187500000000001e-02 7.916868801542200e-02 3.828165077679585e-03
7.500000000000001e-02 8.276753847705080e-02 3.837212635070340e-03
7.812500000000000e-02 8.638659626836727e-02 3.829726215683313e-03
8.125000000000000e-02 9.002674496637868e-02 3.838267730808712e-03
8.437500000000001e-02 9.368887329734420e-02 3.831553484379228e-03
8.750000000000001e-02 9.737387535375355e-02 3.839505249126319e-03
9.062500000000001e-02 1.010826508126157e-01 3.833458849445580e-03
9.375000000000000e-02 1.048161051551108e-01 3.841102391271045e-03
9.687500000000000e-02 1.085751498876601e-01 3.835629585976783e-03
1.000000000000000e-01 1.123607027644654e-01 3.842811769932256e-03
1.031250000000000e-01 1.161736880115753e-01 3.837875256865115e-03
1.062500000000000e-01 1.200150365525305e-01 3.844780499077136e-03
1.093750000000000e-01 1.238856862356450e-01 3.840255729862930e-03
1.125000000000000e-01 1.277865820629775e-01 3.846946992921122e-03
1.156250000000000e-01 1.317186764210495e-01 3.842913897388125e-03
1.187500000000000e-01 1.356829293133661e-01 3.849358623911353e-03
1.218750000000000e-01 1.396803085947971e-01 3.845761702346558e-03
1.250000000000000e-01 1.437117902078738e-01 3.851984665775520e-03
1.281250000000000e-01 1.477783584210617e-01 3.848735946191780e-03
1.312500000000000e-01 1.518810060690650e-01 3.854761816823146e-03
1.343750000000000e-01 1.560207347952229e-01 3.851915314437046e-03
1.375000000000000e-01 1.601985552960564e-01 3.857773176643214e-03
1.406250000000000e-01 1.644154875680252e-01 3.855283735425897e-03
1.437500000000000e-01 1.686725611565558e-01 3.861049133976520e-03
1.468750000000000e-01 1.729708154074000e-01 3.858839103245269e-03
1.500000000000000e-01 1.773112997203869e-01 3.864506900660492e-03
1.531250000000000e-01 1.816950738056289e-01 3.862580516710981e-03
1.562500000000000e-01 1.861232079422458e-01 3.868175634118209e-03
1.593750000000000e-01 1.905967832396682e-01 3.866496500086660e-03
1.625000000000000e-01 1.951168919015860e-01 3.872057473433871e-03
1.656250000000000e-01 1.996846374926046e-01 3.870661846921885e-03
1.687500000000000e-01 2.043011352076760e-01 3.876150297942993e-03
1.718750000000000e-01 2.089675121443681e-01 3.874990241953773e-03
1.750000000000000e-01 2.136849075780412e-01 3.880417292578126e-03
1.781250000000000e-01 2.184544732399964e-01 3.879578600650117e-03
1.812500000000000e-01 2.232773735986666e-01 3.884877587088231e-03
1.843750000000000e-01 2.281547861439151e-01 3.884259613004714e-03
1.875000000000000e-01 2.330879016745160e-01 3.889520566504099e-03
1.906250000000000e-01 2.380779245888810e-01 3.889143160546262e-03
1.937500000000000e-01 2.431260731791094e-01 3.894378585392877e-03
1.968750000000000e-01 2.482335799284277e-01 3.894159923322566e-03
2.000000000000000e-01 2.534016918120952e-01 3.899373913003524e-03
2.031250000000000e-01 2.586316706018478e-01 3.899300522602235e-03
2.062500000000000e-01 2.639247931739538e-01 3.904491208019073e-03
2.093750000000000e-01 2.692823518209576e-01 3.904566713124667e-03
2.125000000000000e-01 2.747056545671873e-01 3.909707347071354e-03
2.156250000000000e-01 2.801960254881028e-01 3.909944181893265e-03
2.187500000000000e-01 2.857548050335636e-01 3.914962113927550e-03
2.218750000000000e-01 2.913833503550930e-01 3.915335469084343e-03
2.250000000000000e-01 2.970830356372213e-01 3.920223527961774e-03
2.281250000000000e-01 3.028552524329863e-01 3.920684007324277e-03
2.312500000000000e-01 3.087014100036755e-01 3.925474586773939e-03
2.343750000000000e-01 3.146229356628902e-01 3.925957768217452e-03
2.375000000000000e-01 3.206212751250189e-01 3.930601565788486e-03
2.406250000000000e-01 3.266978928582008e-01 3.931051910760415e-03
2.437500000000000e-01 3.328542724418705e-01 3.935499279496462e-03
2.468750000000000e-01 3.390919169289667e-01 3.935888098781626e-03
2.500000000000000e-01 3.454123492128958e-01 3.940087559069876e-03
2.531250000000000e-01 3.518171123993401e-01 3.940342781184100e-03
2.562500000000000e-01 3.583077701830001e-01 3.944204789902137e-03
2.593750000000000e-01 3.648859072293631e-01 3.944227841360054e-03
2.625000000000000e-01 3.715531295615936e-01 3.947712414957603e-03
2.656250000000000e-01 3.783110649526354e-01 3.947432789673124e-03
2.687500000000000e-01 3.851613633226258e-01 3.950382437938160e-03
2.718750000000000e-01 3.921056971417164e-01 3.949686342386395e-03
2.750000000000000e-01 3.991457618383991e-01 3.951973384292732e-03
2.781250000000000e-01 4.062832762134377e-01 3.950705928377390e-03
2.812500000000000e-01 4.135199828595055e-01 3.952249754530087e-03
2.843750000000000e-01 4.208576485866312e-01 3.950184842967273e-03
2.875000000000000e-01 4.282980648535585e-01 3.950770187980276e-03
2.906250000000000e-01 4.358430482051222e-01 3.947764306453053e-03
2.937500000000000e-01 4.434944407157500e-01 3.947141163876951e-03
2.968750000000000e-01 4.512541104391968e-01 3.942915738858500e-03
3.000000000000000e-01 4.591239518646220e-01 3.940834303934283e-03
3.031250000000000e-01 4.671058863791195e-01 3.935108322863829e-03
3.062500000000000e-01 4.752018627368176e-01 3.931207561337709e-03
3.093750000000000e-01 4.834138575346580e-01 3.923603658682532e-03
3.125000000000000e-01 4.917438756949728e-01 3.917513956484524e-03
3.156250000000000e-01 5.001939509549778e-01 3.907568567273778e-03
3.187500000000000e-01 5.087661463633005e-01 3.898811185556515e-03
3.218750000000000e-01 5.174625547836644e-01 3.885986746320626e-03
3.250000000000000e-01 5.262852994058529e-01 3.873968029929768e-03
3.281250000000000e-01 5.352365342640750e-01 3.857627177197258e-03
3.312500000000000e-01 5.443184447628656e-01 3.841618501150752e-03
3.343750000000000e-01 5.535332482106405e-01 3.820984493696962e-03
3.375000000000000e-01 5.628831943610435e-01 3.800119082915501e-03
3.406250000000000e-01 5.723705659622137e-01 3.774228367585918e-03
3.437500000000000e-01 5.819976793141081e-01 3.747474242886089e-03
3.468750000000000e-01 5.917668848340161e-01 3.715153399444685e-03
3.500000000000000e-01 6.016805676304035e-01 3.681250641247215e-03
3.531250000000000e-01 6.117411480852264e-01 3.641098550956378e-03
3.562500000000000e-01 6.219510824448572e-01 3.598495064503124e-03
3.593750000000000e-01 6.323128634197650e-01 3.548828836468887e-03
3.625000000000000e-01 6.428290207931012e-01 3.495642161077485e-03
3.656250000000000e-01 6.535021220383342e-01 3.434405700837190e-03
3.687500000000000e-01 6.643347729460869e-01 3.368380908850069e-03
3.718750000000000e-01 6.753296182603294e-01 3.293063811825026e-03
3.750000000000000e-01 6.864893423240808e-01 3.211479698165623e-03
3.781250000000000e-01 6.978166697347804e-01 3.119061014899539e-03
3.812500000000000e-01 7.093143660094854e-01 3.018604563439162e-03
3.843750000000000e-01 7.209852382600603e-01 2.905465196653816e-03
3.875000000000000e-01 7.328321358785219e-01 2.782134641651301e-03
3.906250000000000e-01 7.448579512327029e-01 2.643910134918496e-03
3.937500000000000e-01 7.570656203724140e-01 2.492930630086999e-03
3.968750000000000e-01 7.694581237462648e-01 2.324370807725156e-03
4.000000000000000e-01 7.820384869293291e-01 2.140052778869062e-03
4.031250000000000e-01 7.948097813618253e-01 1.934928410576496e-03
4.062500000000000e-01 8.077751250989945e-01 1.710499385052792e-03
4.093750000000000e-01 8.209376835723596e-01 1.461487197269012e-03
4.125000000000000e-01 8.343006703625532e-01 1.188996171970812e-03
4.156250000000000e-01 8.478673479838968e-01 8.875325627505151e-04
4.187500000000000e-01 8.616410286809313e-01 5.578051145995358e-04
4.218750000000000e-01 8.756250752370857e-01 1.940383499321636e-04
4.250000000000000e-01 8.898229017956865e-01 -2.033690976109062e-04
4.281250000000000e-01 9.042379746935050e-01 -6.404878853216479e-04
4.312500000000000e-01 9.188738133070491e-01 -1.117197592329869e-03
4.343750000000000e-01 9.337339909118028e-01 -1.639743066394531e-03
4.375000000000000e-01 9.488221355546261e-01 -2.208203017751434e-03
4.406250000000000e-01 9.641419309395265e-01 -2.828885191885746e-03
4.437500000000000e-01 9.796971173270190e-01 -3.501809119563486e-03
4.468750000000000e-01 9.954914924472941e-01 -4.233187405181996e-03
4.500000000000000e-01 1.011528912427417e+00 -5.022686540005632e-03
4.531250000000000e-01 1.027813292732786e+00 -5.876058395921812e-03
4.562500000000000e-01 1.044348609123070e+00 -6.792269789229053e-03
4.593750000000000e-01 1.061138898622882e+00 -7.776192879576421e-03
4.625000000000000e-01 1.078188260507393e+00 -8.825549984030874e-03
4.656250000000000e-01 1.095500857303154e+00 -9.943895909302445e-03
4.687500000000000e-01 1.113080915804360e+00 -1.112717128895988e-02
4.718750000000000e-01 1.130932728104805e+00 -1.237705151808084e-02
4.750000000000000e-01 1.149060652645771e+00 -1.368724802386971e-02
4.781250000000000e-01 1.167469115280130e+00 -1.505714103170665e-02
4.812500000000000e-01 1.186162610352890e+00 -1.647782418019606e-02
4.843750000000000e-01 1.205145701798475e+00 -1.794620409594031e-02
4.875000000000000e-01 1.224423024254985e+00 -1.945074134306094e-02
4.906250000000000e-01 1.243999284195726e+00 -2.098590300653212e-02
4.937500000000000e-01 1.263879261078271e+00 -2.253786407838375e-02
4.968750000000000e-01 1.284067808511348e+00 -2.409915185230721e-02
5.000000000000000e-01 1.304569855439823e+00 -2.565432434126633e-02
5.031250000000000e-01 1.325390407348082e+00 -2.719475493432525e-02
5.062500000000000e-01 1.346534547482100e+00 -2.870445656497096e-02
5.093750000000000e-01 1.368007438090487e+00 -3.017462690994848e-02
5.125000000000001e-01 1.389814321684837e+00 -3.158982847475236e-02
5.156250000000000e-01 1.411960522319654e+00 -3.294213318744546e-02
5.187500000000000e-01 1.434451446892208e+00 -3.421770259758988e-02
5.218750000000000e-01 1.457292586462593e+00 -3.541023879950177e-02
5.250000000000000e-01 1.480489517594354e+00 -3.650825790414178e-02
5.281250000000001e-01 1.504047903715979e+00 -3.750763043855596e-02
5.312500000000000e-01 1.527973496503592e+00 -3.839959760997905e-02
5.343750000000000e-01 1.552272137285215e+00 -3.918232536844640e-02
5.375000000000000e-01 1.576949758466886e+00 -3.984986896995884e-02
5.406250000000000e-01 1.602012384981041e+00 -4.040260009748525e-02
5.437500000000001e-01 1.627466135757470e+00 -4.083714622283541e-02
5.468750000000000e-01 1.653317225217225e+00 -4.115577365529787e-02
5.500000000000000e-01 1.679571964789851e+00 -4.135735464732174e-02
5.531250000000000e-01 1.706236764454286e+00 -4.144566010564087e-02
5.562500000000000e-01 1.733318134303830e+00 -4.142132816999218e-02
5.593750000000001e-01 1.760822686135563e+00 -4.128920876993997e-02
5.625000000000000e-01 1.788757135064574e+00 -4.105129367958617e-02
5.656250000000000e-01 1.817128301163438e+00 -4.071311740005151e-02
5.687500000000000e-01 1.845943111127301e+00 -4.027758407478609e-02
5.718750000000000e-01 1.875208599965003e+00 -3.975056361404807e-02
5.750000000000001e-01 1.904931912716643e+00 -3.913555350844683e-02
5.781250000000000e-01 1.935120306198011e+00 -3.843849546390101e-02
5.812500000000000e-01 1.965781150772311e+00 -3.766318534346937e-02
5.843750000000000e-01 1.996921932149593e+00 -3.681541621115055e-02
5.875000000000000e-01 2.028550253214365e+00 -3.589908894327164e-02
5.906250000000001e-01 2.060673835881802e+00 -3.491972853377320e-02
5.937500000000000e-01 2.093300522983012e+00 -3.388119845791422e-02
5.968750000000000e-01 2.126438280179837e+00 -3.278864982931795e-02
6.000000000000001e-01 2.160095197909630e+00 -3.164580849643993e-02
6.031250000000000e-01 2.194279493360494e+00 -3.045742804904644e-02
6.062500000000001e-01 2.228999512477486e+00 -2.922706126811171e-02
6.093750000000000e-01 2.264263732000228e+00 -2.795905064873960e-02
6.125000000000000e-01 2.300080761532477e+00 -2.665674836399351e-02
6.156250000000001e-01 2.336459345644116e+00 -2.532410416515322e-02
6.187500000000000e-01 2.373408366006099e+00 -2.396427548270088e-02
6.218750000000001e-01 2.410936843558884e+00 -2.258086684527201e-02
6.250000000000000e-01 2.449053940714840e+00 -2.117686882186280e-02
6.281250000000000e-01 2.487768963595221e+00 -1.975558765033210e-02
6.312500000000001e-01 2.527091364302215e+00 -1.831988405536072e-02
6.343750000000000e-01 2.567030743226622e+00 -1.687283646700347e-02
6.375000000000001e-01 2.607596851391758e+00 -1.541722204709664e-02
6.406250000000000e-01 2.648799592834118e+00 -1.395597252580229e-02
6.437500000000000e-01 2.690649027021411e+00 -1.249183529089386e-02
6.468750000000001e-01 2.733155371308524e+00 -1.102767598300934e-02
6.500000000000000e-01 2.776329003432049e+00 -9.566281579227159e-03
6.531250000000001e-01 2.820180464043967e+00 -8.110547878237584e-03
6.562500000000000e-01 2.864720459285089e+00 -6.663389940400264e-03
6.593750000000000e-01 2.909959863398929e+00 -5.227849486112750e-03
6.625000000000001e-01 2.955909721386590e+00 -3.807073337179065e-03
6.656250000000000e-01 3.002581251703353e+00 -2.404376039185593e-03
6.687500000000001e-01 3.049985848997626e+00 -1.023253715015248e-03
6.718750000000000e-01 3.098135086892879e+00 3.325718457340530e-04
6.750000000000000e-01 3.147040720813310e+00 1.659123979593512e-03
6.781250000000001e-01 3.196714690853871e+00 2.952133288877285e-03
6.812500000000000e-01 3.247169124695383e+00 4.207004850473419e-03
6.843750000000001e-01 3.298416340565477e+00 5.418786138022129e-03
6.875000000000000e-01 3.350468850246008e+00 6.582141198314307e-03
6.906250000000000e-01 3.403339362127777e+00 7.691333319880709e-03
6.937500000000001e-01 3.457040784313211e+00 8.740221467698707e-03
6.968750000000000e-01 3.511586227767823e+00 9.722276195472111e-03
7.000000000000001e-01 3.566989009521205e+00 1.063062233009516e-02
7.031250000000000e-01 3.623262655918307e+00 1.145811651690993e-02
7.062500000000000e-01 3.680420905921852e+00 1.219746789666786e-02
7.093750000000001e-01 3.738477714466631e+00 1.284140888550861e-02
7.125000000000000e-01 3.797447255866536e+00 1.338291978285330e-02
7.156250000000001e-01 3.857343927275175e+00 1.381550546437033e-02
7.187500000000000e-01 3.918182352200844e+00 1.413351509042833e-02
7.218750000000000e-01 3.979977384076828e+00 1.433248762767503e-02
7.250000000000001e-01 4.042744109887770e+00 1.440949866780451e-02
7.281250000000000e-01 4.106497853853101e+00 1.436347931817977e-02
7.312500000000001e-01 4.171254181168399e+00 1.419547723287330e-02
7.343750000000000e-01 4.237028901805528e+00 1.390883367702946e-02
7.375000000000000e-01 4.303838074372613e+00 1.350925830058042e-02
7.406250000000001e-01 4.371698010034643e+00 1.300479349420318e-02
7.437500000000000e-01 4.440625276495786e+00 1.240567072527784e-02
7.468750000000001e-01 4.510636702044332e+00 1.172407006362311e-02
7.500000000000000e-01 4.581749379661216e+00 1.097379975902157e-02
7.531250000000000e-01 4.653980671193226e+00 1.016991473122952e-02
7.562500000000001e-01 4.727348211591802e+00 9.328291723937390e-03
7.593750000000000e-01 4.801869913218528e+00 8.465176043129420e-03
7.625000000000001e-01 4.877563970218381e+00 7.596712037271949e-03
7.656250000000000e-01 4.954448862961714e+00 6.738468403093580e-03
7.687500000000000e-01 5.032543362556198e+00 5.904970914504844e-03
7.718750000000001e-01 5.111866535429675e+00 5.109259086929230e-03
7.750000000000000e-01 5.192437747985146e+00 4.362488309914143e-03
7.781250000000001e-01 5.274276671329015e+00 3.673603061925193e-03
7.812500000000000e-01 5.357403286073669e+00 3.049107814328927e-03
7.843750000000000e-01 5.441837887215693e+00 2.492958611136615e-03
7.875000000000001e-01 5.527601089090773e+00 2.006589726352864e-03
7.906250000000000e-01 5.614713830406605e+00 1.589077261431985e-03
7.937500000000001e-01 5.703197379355005e+00 1.237427182450847e-03
7.968750000000000e-01 5.793073338804412e+00 9.469617918762534e-04
8.000000000000000e-01 5.884363651574169e+00 7.117685117744091e-04
8.031250000000001e-01 5.977090605791737e+00 5.251698843918558e-04
8.062500000000000e-01 6.071276840334257e+00 3.801745046745525e-04
8.093750000000001e-01 6.166945350355728e+00 2.698746521712094e-04
8.125000000000000e-01 6.264119492901173e+00 1.877662267289042e-04
8.156250000000000e-01 6.362822992609162e+00 1.279782470297625e-04
8.187500000000001e-01 6.463079947504072e+00 8.541063418865149e-05
8.218750000000000e-01 6.564914834879517e+00 5.578861633377179e-05
8.250000000000001e-01 6.668352517274371e+00 3.564879787238458e-05
8.281250000000000e-01 6.773418248542846e+00 2.227536525730956e-05
8.312500000000000e-01 6.880137680020114e+00 1.360528747968605e-05
8.343750000000001e-01 6.988536866784961e+00 8.119387472268453e-06
8.375000000000000e-01 7.098642274021019e+00 4.732696686564472e-06
8.406250000000001e-01 7.210480783478133e+00 2.693448570755111e-06
8.437500000000000e-01 7.324079700035414e+00 1.496151707003329e-06
8.468750000000000e-01 7.439466758367605e+00 8.109038884039696e-07
8.500000000000001e-01 7.556670129716381e+00 4.287037976460077e-07
8.531250000000000e-01 7.675718428768239e+00 2.210112139896385e-07
8.562500000000001e-01 7.796640720640633e+00 1.110765792744003e-07
8.593750000000000e-01 7.919466527978115e+00 5.440906709471960e-08
8.625000000000000e-01 8.044225838160141e+00 2.596911263660775e-08
8.656250000000001e-01 8.170949110622363e+00 1.207489412460974e-08
8.687500000000000e-01 8.299667284293170e+00 5.468396415969432e-09
8.718750000000001e-01 8.430411785147284e+00 2.411590880996234e-09
8.750000000000000e-01 8.563214533878281e+00 1.035468985041574e-09
8.781250000000000e-01 8.698107953691880e+00 4.328020176175344e-10
8.812500000000001e-01 8.835124978221932e+00 1.760738719597312e-10
8.843750000000000e-01 8.974299059571019e+00 6.970988264800240e-11
8.875000000000001e-01 9.115664176477637e+00 2.685550361197168e-11
8.906250000000000e-01 9.259254842611947e+00 1.006613181925287e-11
8.937500000000000e-01 9.405106115002161e+00 3.670608312514362e-12
8.968750000000001e-01 9.553253602593529e+00 1.302027094817743e-12
9.000000000000000e-01 9.703733474942130e+00 4.492348350779348e-13
9.031250000000001e-01 9.856582471045494e+00 1.507534845315293e-13
9.062500000000000e-01 1.001183790831228e+01 4.920111432389243e-14
9.093750000000000e-01 1.016953769167313e+01 1.561611796878006e-14
9.125000000000001e-01 1.032972032283505e+01 4.819947414201434e-15
9.156250000000000e-01 1.049242490968134e+01 1.446660125789881e-15
9.187500000000001e-01 1.065769117581972e+01 4.222142057491123e-16
9.218750000000000e-01 1.082555947028058e+01 1.198205882051734e-16
9.250000000000000e-01 1.099607077736805e+01 3.306399599671779e-17
9.281250000000001e-01 1.116926672666618e+01 8.871564550437327e-18
9.312500000000000e-01 1.134518960320255e+01 2.314537936878038e-18
9.343750000000001e-01 1.152388235777201e+01 5.871488278077549e-19
9.375000000000000e-01 1.170538861742293e+01 1.448287314271293e-19
9.406250000000000e-01 1.188975269610854e+01 3.473671961901761e-20
9.437500000000001e-01 1.207701960550600e+01 8.101348183733393e-21
9.468750000000000e-01 1.226723506600578e+01 1.837252768797484e-21
9.500000000000001e-01 1.246044551787411e+01 4.051669863095417e-22
9.531250000000000e-01 1.265669813259115e+01 8.688898536179016e-23
9.562500000000000e-01 1.285604082436773e+01 1.812067743780566e-23
9.593750000000001e-01 1.305852226184337e+01 3.675175171127186e-24
9.625000000000000e-01 1.326419187996850e+01 7.249227664306642e-25
9.656250000000001e-01 1.347309989207381e+01 1.390698172804280e-25
9.687500000000000e-01 1.368529730212962e+01 2.594896009404407e-26
9.718750000000000e-01 1.390083591719824e+01 4.709474719216093e-27
9.750000000000001e-01 1.411976836008246e+01 8.314016442802241e-28
9.781250000000000e-01 1.434214808217320e+01 1.427764315731446e-28
9.812500000000001e-01 1.456802937649935e+01 2.385237063286404e-29
9.843750000000000e-01 1.479746739098328e+01 3.876670185978778e-30
9.875000000000000e-01 1.503051814190487e+01 6.130017395945439e-31
9.906250000000001e-01 1.526723852757770e+01 9.431471769045829e-32
9.937500000000000e-01 1.550768634224049e+01 1.410132041975088e-32
9.968750000000001e-01 1.575192029016732e+01 2.193592891359293e-33
1.000000000000000e+00 1.600000000000000e+01 -4.675408919892824e-34
