0.000000000000000e+00 0.000000000000000e+00 1.321803953779176e-06
3.125000000000000e-03 3.369263549427258e-03 -1.660416683453049e-05
6.250000000000000e-03 6.739349689698711e-03 -2.559742806158037e-05
9.375000000000001e-03 1.011108121249049e-02 -1.826795983805892e-05
1.250000000000000e-02 1.348528131119160e-02 -2.762253236282612e-05
1.562500000000000e-02 1.686277378188298e-02 -1.662974304201759e-05
1.875000000000000e-02 2.024438322446370e-02 -2.911834434695259e-05
2.187500000000000e-02 2.363093524397333e-02 -1.702421881131584e-05
2.500000000000000e-02 2.702325665215984e-02 -2.953682496473894e-05
2.812500000000000e-02 3.042217566934200e-02 -1.722522905044685e-05
3.125000000000000e-02 3.382852212661575e-02 -2.980328290690288e-05
3.437500000000000e-02 3.724312766845378e-02 -1.754556230728293e-05
3.750000000000001e-02 4.066682595574785e-02 -2.975985158755481e-05
4.062500000000000e-02 4.410045286934348e-02 -1.814975319077245e-05
4.375000000000000e-02 4.754484671411652e-02 -2.950458579942662e-05
4.687500000000000e-02 5.100084842364160e-02 -1.845197004060136e-05
5.000000000000000e-02 5.446930176550237e-02 -2.926088996542465e-05
5.312500000000001e-02 5.795105354729364e-02 -1.909109647006693e-05
5.625000000000000e-02 6.144695382336569e-02 -2.895641907494626e-05
5.937500000000000e-02 6.495785610236132e-02 -1.969749327367571e-05
6.250000000000000e-02 6.848461755559625e-02 -2.848632012131389e-05
6.562500000000000e-02 7.202809922633362e-02 -2.024786221750376e-05
6.875000000000001e-02 7.558916624000402e-02 -2.804253666346261e-05
7.187500000000001e-02 7.916868801542200e-02 -2.073608864991100e-05
7.500000000000001e-02 8.276753847705080e-02 -2.756907392001617e-05
7.812500000000000e-02 8.638659626836727e-02 -2.131962322352888e-05
8.125000000000000e-02 9.002674496637868e-02 -2.699506964838754e-05
8.437500000000001e-02 9.368887329734420e-02 -2.199304066486398e-05
8.750000000000001e-02 9.737387535375355e-02 -2.650776315001499e-05
9.062500000000001e-02 1.010826508126157e-01 -2.261293987634653e-05
9.375000000000000e-02 1.048161051551108e-01 -2.604262030902663e-05
9.687500000000000e-02 1.085751498876601e-01 -2.330571195409874e-05
1.000000000000000e-01 1.123607027644654e-01 -2.564477684768702e-05
1.031250000000000e-01 1.161736880115753e-01 -2.406126528337102e-05
1.062500000000000e-01 1.200150365525305e-01 -2.512078020821310e-05
1.093750000000000e-01 1.238856862356450e-01 -2.459800362752806e-05
1.125000000000000e-01 1.277865820629775e-01 -2.470061236423755e-05
1.156250000000000e-01 1.317186764210495e-01 -2.524687768594603e-05
1.187500000000000e-01 1.356829293133661e-01 -2.440812223788630e-05
1.218750000000000e-01 1.396803085947971e-01 -2.577901458442827e-05
1.250000000000000e-01 1.437117902078738e-01 -2.409389889786598e-05
1.281250000000000e-01 1.477783584210617e-01 -2.620157310111915e-05
1.312500000000000e-01 1.518810060690650e-01 -2.385505274349124e-05
1.343750000000000e-01 1.560207347952229e-01 -2.663836863862652e-05
1.375000000000000e-01 1.601985552960564e-01 -2.368641047932256e-05
1.406250000000000e-01 1.644154875680252e-01 -2.694917911617518e-05
1.437500000000000e-01 1.686725611565558e-01 -2.367189938434575e-05
1.468750000000000e-01 1.729708154074000e-01 -2.719866730852182e-05
1.500000000000000e-01 1.773112997203869e-01 -2.361511071482475e-05
1.531250000000000e-01 1.816950738056289e-01 -2.740443325775969e-05
1.562500000000000e-01 1.861232079422458e-01 -2.370837670770366e-05
1.593750000000000e-01 1.905967832396682e-01 -2.752723179072744e-05
1.625000000000000e-01 1.951168919015860e-01 -2.388341794205183e-05
1.656250000000000e-01 1.996846374926046e-01 -2.761055371799737e-05
1.687500000000000e-01 2.043011352076760e-01 -2.415467044991601e-05
1.718750000000000e-01 2.089675121443681e-01 -2.754711971819630e-05
1.750000000000000e-01 2.136849075780412e-01 -2.445302270401847e-05
1.781250000000000e-01 2.184544732399964e-01 -2.739023882951247e-05
1.812500000000000e-01 2.232773735986666e-01 -2.481726609180182e-05
1.843750000000000e-01 2.281547861439151e-01 -2.722065793771628e-05
1.875000000000000e-01 2.330879016745160e-01 -2.526976161081159e-05
1.906250000000000e-01 2.380779245888810e-01 -2.700410311230254e-05
1.937500000000000e-01 2.431260731791094e-01 -2.574434845114666e-05
1.968750000000000e-01 2.482335799284277e-01 -2.677435234708739e-05
2.000000000000000e-01 2.534016918120952e-01 -2.625697564661621e-05
2.031250000000000e-01 2.586316706018478e-01 -2.660726488027496e-05
2.062500000000000e-01 2.639247931739538e-01 -2.676588827733657e-05
2.093750000000000e-01 2.692823518209576e-01 -2.637632629932654e-05
2.125000000000000e-01 2.747056545671873e-01 -2.732054275215559e-05
2.156250000000000e-01 2.801960254881028e-01 -2.621461561867688e-05
2.187500000000000e-01 2.857548050335636e-01 -2.780316963101903e-05
2.218750000000000e-01 2.913833503550930e-01 -2.614561806551148e-05
2.250000000000000e-01 2.970830356372213e-01 -2.818789533508579e-05
2.281250000000000e-01 3.028552524329863e-01 -2.611050763331530e-05
2.312500000000000e-01 3.087014100036755e-01 -2.853736388301343e-05
2.343750000000000e-01 3.146229356628902e-01 -2.621140807480396e-05
2.375000000000000e-01 3.206212751250189e-01 -2.877363901584618e-05
2.406250000000000e-01 3.266978928582008e-01 -2.637278567142204e-05
2.437500000000000e-01 3.328542724418705e-01 -2.893226801732802e-05
2.468750000000000e-01 3.390919169289667e-01 -2.666507909063844e-05
2.500000000000000e-01 3.454123492128958e-01 -2.903497792766370e-05
2.531250000000000e-01 3.518171123993401e-01 -2.711576438828703e-05
2.562500000000000e-01 3.583077701830001e-01 -2.898774577980861e-05
2.593750000000000e-01 3.648859072293631e-01 -2.758341742923849e-05
2.625000000000000e-01 3.715531295615936e-01 -2.885819850237127e-05
2.656250000000000e-01 3.783110649526354e-01 -2.813270959910796e-05
2.687500000000000e-01 3.851613633226258e-01 -2.869128416738081e-05
2.718750000000000e-01 3.921056971417164e-01 -2.869667946907088e-05
2.750000000000000e-01 3.991457618383991e-01 -2.852662974249238e-05
2.781250000000000e-01 4.062832762134377e-01 -2.925764925304203e-05
2.812500000000000e-01 4.135199828595055e-01 -2.834000145896721e-05
2.843750000000000e-01 4.208576485866312e-01 -2.979538537896845e-05
2.875000000000000e-01 4.282980648535585e-01 -2.825373613503585e-05
2.906250000000000e-01 4.358430482051222e-01 -3.020563579078223e-05
2.937500000000000e-01 4.434944407157500e-01 -2.824291572596800e-05
2.968750000000000e-01 4.512541104391968e-01 -3.051996176644805e-05
3.000000000000000e-01 4.591239518646220e-01 -2.833248652356170e-05
3.031250000000000e-01 4.671058863791195e-01 -3.066125764252016e-05
3.062500000000000e-01 4.752018627368176e-01 -2.855518783862685e-05
3.093750000000000e-01 4.834138575346580e-01 -3.066361916357112e-05
3.125000000000000e-01 4.917438756949728e-01 -2.892995385567840e-05
3.156250000000000e-01 5.001939509549778e-01 -3.050839864546112e-05
3.187500000000000e-01 5.087661463633005e-01 -2.938474059943107e-05
3.218750000000000e-01 5.174625547836644e-01 -3.020335019902071e-05
3.250000000000000e-01 5.262852994058529e-01 -2.988515113522229e-05
3.281250000000000e-01 5.352365342640750e-01 -2.985731887401370e-05
3.312500000000000e-01 5.443184447628656e-01 -3.036742120516351e-05
3.343750000000000e-01 5.535332482106405e-01 -2.951997968110885e-05
3.375000000000000e-01 5.628831943610435e-01 -3.077774754884244e-05
3.406250000000000e-01 5.723705659622137e-01 -2.923426030201983e-05
3.437500000000000e-01 5.819976793141081e-01 -3.100933712417865e-05
3.468750000000000e-01 5.917668848340161e-01 -2.907456428944263e-05
3.500000000000000e-01 6.016805676304035e-01 -3.102986312445285e-05
3.531250000000000e-01 6.117411480852264e-01 -2.904283121882163e-05
3.562500000000000e-01 6.219510824448572e-01 -3.082296609085321e-05
3.593750000000000e-01 6.323128634197650e-01 -2.914410577751672e-05
3.625000000000000e-01 6.428290207931012e-01 -3.035258988504652e-05
3.656250000000000e-01 6.535021220383342e-01 -2.940729417674484e-05
3.687500000000000e-01 6.643347729460869e-01 -2.971048298045901e-05
3.718750000000000e-01 6.753296182603294e-01 -2.966915907497225e-05
3.750000000000000e-01 6.864893423240808e-01 -2.895875318370443e-05
3.781250000000000e-01 6.978166697347804e-01 -2.982745228786033e-05
3.812500000000000e-01 7.093143660094854e-01 -2.826771496448093e-05
3.843750000000000e-01 7.209852382600603e-01 -2.977910347543495e-05
3.875000000000000e-01 7.328321358785219e-01 -2.768217031279349e-05
3.906250000000000e-01 7.448579512327029e-01 -2.943146922022504e-05
3.937500000000000e-01 7.570656203724140e-01 -2.724492909455660e-05
3.968750000000000e-01 7.694581237462648e-01 -2.871569327188482e-05
4.000000000000000e-01 7.820384869293291e-01 -2.700549985247630e-05
4.031250000000000e-01 7.948097813618253e-01 -2.768125310533976e-05
4.062500000000000e-01 8.077751250989945e-01 -2.687451095531802e-05
4.093750000000000e-01 8.209376835723596e-01 -2.645015804371282e-05
4.125000000000000e-01 8.343006703625532e-01 -2.668053862643649e-05
4.156250000000000e-01 8.478673479838968e-01 -2.520466164401437e-05
4.187500000000000e-01 8.616410286809313e-01 -2.628270002655635e-05
4.218750000000000e-01 8.756250752370857e-01 -2.409236975228683e-05
4.250000000000000e-01 8.898229017956865e-01 -2.548438656666245e-05
4.281250000000000e-01 9.042379746935050e-01 -2.320462093072801e-05
4.312500000000000e-01 9.188738133070491e-01 -2.424911795250583e-05
4.343750000000000e-01 9.337339909118028e-01 -2.252964629238523e-05
4.375000000000000e-01 9.488221355546261e-01 -2.263048401883501e-05
4.406250000000000e-01 9.641419309395265e-01 -2.199442002508074e-05
4.437500000000000e-01 9.796971173270190e-01 -2.085228598196725e-05
4.468750000000000e-01 9.954914924472941e-01 -2.135804065763529e-05
4.500000000000000e-01 1.011528912427417e+00 -1.918686268280803e-05
4.531250000000000e-01 1.027813292732786e+00 -2.036305011489552e-05
4.562500000000000e-01 1.044348609123070e+00 -1.781163853109221e-05
4.593750000000000e-01 1.061138898622882e+00 -1.887868040058208e-05
4.625000000000000e-01 1.078188260507393e+00 -1.680124982293896e-05
4.656250000000000e-01 1.095500857303154e+00 -1.695568656219555e-05
4.687500000000000e-01 1.113080915804360e+00 -1.607195142686532e-05
4.718750000000000e-01 1.130932728104805e+00 -1.485798228864808e-05
4.750000000000000e-01 1.149060652645771e+00 -1.529598446977796e-05
4.781250000000000e-01 1.167469115280130e+00 -1.296808971624003e-05
4.812500000000000e-01 1.186162610352890e+00 -1.414061872945262e-05
4.843750000000000e-01 1.205145701798475e+00 -1.157420940726781e-05
4.875000000000000e-01 1.224423024254985e+00 -1.245689670094894e-05
4.906250000000000e-01 1.243999284195726e+00 -1.078252624745136e-05
4.937500000000000e-01 1.263879261078271e+00 -1.036070341655269e-05
4.968750000000000e-01 1.284067808511348e+00 -1.026968740955945e-05
5.000000000000000e-01 1.304569855439823e+00 -8.348941136816554e-06
5.031250000000000e-01 1.325390407348082e+00 -9.618780719114630e-06
5.062500000000000e-01 1.346534547482100e+00 -6.969972086170175e-06
5.093750000000000e-01 1.368007438090487e+00 -8.374918140669792e-06
5.125000000000001e-01 1.389814321684837e+00 -6.463630865607228e-06
5.156250000000000e-01 1.411960522319654e+00 -6.586409046088884e-06
5.187500000000000e-01 1.434451446892208e+00 -6.553597604538462e-06
5.218750000000000e-01 1.457292586462593e+00 -4.861656281607255e-06
5.250000000000000e-01 1.480489517594354e+00 -6.529597843931108e-06
5.281250000000001e-01 1.504047903715979e+00 -4.017597276348567e-06
5.312500000000000e-01 1.527973496503592e+00 -5.769448780031581e-06
5.343750000000000e-01 1.552272137285215e+00 -4.361840915996571e-06
5.375000000000000e-01 1.576949758466886e+00 -4.391787521601866e-06
5.406250000000000e-01 1.602012384981041e+00 -5.330866024656752e-06
5.437500000000001e-01 1.627466135757470e+00 -3.365098907045906e-06
5.468750000000000e-01 1.653317225217225e+00 -5.851080606689647e-06
5.500000000000000e-01 1.679571964789851e+00 -3.675932309400612e-06
5.531250000000000e-01 1.706236764454286e+00 -5.317912395289737e-06
5.562500000000000e-01 1.733318134303830e+00 -5.283221689280757e-06
5.593750000000001e-01 1.760822686135563e+00 -4.407253287259754e-06
5.625000000000000e-01 1.788757135064574e+00 -6.934701502500721e-06
5.656250000000000e-01 1.817128301163438e+00 -4.629212556469075e-06
5.687500000000000e-01 1.845943111127301e+00 -7.297400209241895e-06
5.718750000000000e-01 1.875208599965003e+00 -6.640318264416559e-06
5.750000000000001e-01 1.904931912716643e+00 -6.590141635854854e-06
5.781250000000000e-01 1.935120306198011e+00 -9.096183735973499e-06
5.812500000000000e-01 1.965781150772311e+00 -6.779031228528599e-06
5.843750000000000e-01 1.996921932149593e+00 -1.003173447207359e-05
5.875000000000000e-01 2.028550253214365e+00 -9.060958574512989e-06
5.906250000000001e-01 2.060673835881802e+00 -9.353574139807648e-06
5.937500000000000e-01 2.093300522983012e+00 -1.200040930774858e-05
5.968750000000000e-01 2.126438280179837e+00 -9.512728230772076e-06
6.000000000000001e-01 2.160095197909630e+00 -1.295497030432180e-05
6.031250000000000e-01 2.194279493360494e+00 -1.211686535000118e-05
6.062500000000001e-01 2.228999512477486e+00 -1.191975825688214e-05
6.093750000000000e-01 2.264263732000228e+00 -1.518661194145752e-05
6.125000000000000e-01 2.300080761532477e+00 -1.219548004211222e-05
6.156250000000001e-01 2.336459345644116e+00 -1.535344569347221e-05
6.187500000000000e-01 2.373408366006099e+00 -1.538786832385949e-05
6.218750000000001e-01 2.410936843558884e+00 -1.371613724053094e-05
6.250000000000000e-01 2.449053940714840e+00 -1.784231350610521e-05
6.281250000000000e-01 2.487768963595221e+00 -1.481908340211164e-05
6.312500000000001e-01 2.527091364302215e+00 -1.636280364370867e-05
6.343750000000000e-01 2.567030743226622e+00 -1.850886034469718e-05
6.375000000000001e-01 2.607596851391758e+00 -1.479981955185592e-05
6.406250000000000e-01 2.648799592834118e+00 -1.894521159700744e-05
6.437500000000000e-01 2.690649027021411e+00 -1.774402436971917e-05
6.468750000000001e-01 2.733155371308524e+00 -1.579933072659565e-05
6.500000000000000e-01 2.776329003432049e+00 -2.046024855890925e-05
6.531250000000001e-01 2.820180464043967e+00 -1.652882493881452e-05
6.562500000000000e-01 2.864720459285089e+00 -1.739134886602548e-05
6.593750000000000e-01 2.909959863398929e+00 -2.073803374377663e-05
6.625000000000001e-01 2.955909721386590e+00 -1.551238674256274e-05
6.656250000000000e-01 3.002581251703353e+00 -1.901327066019122e-05
6.687500000000001e-01 3.049985848997626e+00 -2.008437327389147e-05
6.718750000000000e-01 3.098135086892879e+00 -1.492282634362795e-05
6.750000000000000e-01 3.147040720813310e+00 -2.024458391462411e-05
6.781250000000001e-01 3.196714690853871e+00 -1.900782978040004e-05
6.812500000000000e-01 3.247169124695383e+00 -1.457345841445432e-05
6.843750000000001e-01 3.298416340565477e+00 -2.102645314671489e-05
6.875000000000000e-01 3.350468850246008e+00 -1.785661505995641e-05
6.906250000000000e-01 3.403339362127777e+00 -1.421419172637617e-05
6.937500000000001e-01 3.457040784313211e+00 -2.142104469096787e-05
6.968750000000000e-01 3.511586227767823e+00 -1.690391820938138e-05
7.000000000000001e-01 3.566989009521205e+00 -1.352194432661858e-05
7.031250000000000e-01 3.623262655918307e+00 -2.156303658403874e-05
7.062500000000000e-01 3.680420905921852e+00 -1.632171325792042e-05
7.093750000000001e-01 3.738477714466631e+00 -1.228049656413042e-05
7.125000000000000e-01 3.797447255866536e+00 -2.139283876102960e-05
7.156250000000001e-01 3.857343927275175e+00 -1.641188367305809e-05
7.187500000000000e-01 3.918182352200844e+00 -1.033310755155428e-05
7.218750000000000e-01 3.979977384076828e+00 -2.056589953783806e-05
7.250000000000001e-01 4.042744109887770e+00 -1.752372126928955e-05
7.281250000000000e-01 4.106497853853101e+00 -7.946721121882868e-06
7.312500000000001e-01 4.171254181168399e+00 -1.817071384369218e-05
7.343750000000000e-01 4.237028901805528e+00 -1.987122824931783e-05
7.375000000000000e-01 4.303838074372613e+00 -6.219878771390070e-06
7.406250000000001e-01 4.371698010034643e+00 -1.295364763545923e-05
7.437500000000000e-01 4.440625276495786e+00 -2.244579732272954e-05
7.468750000000001e-01 4.510636702044332e+00 -7.615550488677271e-06
7.500000000000000e-01 4.581749379661216e+00 -4.604298989851134e-06
7.531250000000000e-01 4.653980671193226e+00 -2.153042442525249e-05
7.562500000000001e-01 4.727348211591802e+00 -1.447660675115532e-05
7.593750000000000e-01 4.801869913218528e+00 2.775018043412046e-06
7.625000000000001e-01 4.877563970218381e+00 -1.113273499668860e-05
7.656250000000000e-01 4.954448862961714e+00 -2.318528395298340e-05
7.687500000000000e-01 5.032543362556198e+00 -1.036761104739743e-06
7.718750000000001e-01 5.111866535429675e+00 7.812318606990695e-06
7.750000000000000e-01 5.192437747985146e+00 -1.753156369093692e-05
7.781250000000001e-01 5.274276671329015e+00 -1.946940978162276e-05
7.812500000000000e-01 5.357403286073669e+00 1.267109320899350e-05
7.843750000000000e-01 5.441837887215693e+00 1.369109056988540e-05
7.875000000000001e-01 5.527601089090773e+00 -2.036320774395935e-05
7.906250000000000e-01 5.614713830406605e+00 -1.725333445110802e-05
7.937500000000001e-01 5.703197379355005e+00 2.616897263621266e-05
7.968750000000000e-01 5.793073338804412e+00 3.006131497333934e-05
8.000000000000000e-01 5.884363651574169e+00 -1.596875769813215e-05
8.031250000000001e-01 5.977090605791737e+00 -2.473445193053898e-05
8.062500000000000e-01 6.071276840334257e+00 3.272722376980948e-05
8.093750000000001e-01 6.166945350355728e+00 6.679478172178264e-05
8.125000000000000e-01 6.264119492901173e+00 1.712868519637189e-05
8.156250000000000e-01 6.362822992609162e+00 -3.875790780938993e-05
8.187500000000001e-01 6.463079947504072e+00 5.628354671760718e-07
8.218750000000000e-01 6.564914834879517e+00 9.916319096025436e-05
8.250000000000001e-01 6.668352517274371e+00 1.234265489278764e-04
8.281250000000000e-01 6.773418248542846e+00 2.948153620326157e-05
8.312500000000000e-01 6.880137680020114e+00 -6.322340424277176e-05
8.343750000000001e-01 6.988536866784961e+00 -1.329992778594774e-05
8.375000000000000e-01 7.098642274021019e+00 1.644719038741740e-04
8.406250000000001e-01 7.210480783478133e+00 2.981407273012535e-04
8.437500000000000e-01 7.324079700035414e+00 2.347592862904017e-04
8.468750000000000e-01 7.439466758367605e+00 5.159414538533128e-06
8.500000000000001e-01 7.556670129716381e+00 -1.828869269891813e-04
8.531250000000000e-01 7.675718428768239e+00 -1.091473085349723e-04
8.562500000000001e-01 7.796640720640633e+00 2.827709875652246e-04
8.593750000000000e-01 7.919466527978115e+00 8.292717972070677e-04
8.625000000000000e-01 8.044225838160141e+00 1.232276820090126e-03
8.656250000000001e-01 8.170949110622363e+00 1.209953240108641e-03
8.687500000000000e-01 8.299667284293170e+00 6.174003478973784e-04
8.718750000000001e-01 8.430411785147284e+00 -5.137874099904520e-04
8.750000000000000e-01 8.563214533878281e+00 -2.011354438440441e-03
8.781250000000000e-01 8.698107953691880e+00 -3.637038494568215e-03
8.812500000000001e-01 8.835124978221932e+00 -5.160877489773816e-03
8.843750000000000e-01 8.974299059571019e+00 -6.410108262516983e-03
8.875000000000001e-01 9.115664176477637e+00 -7.285358972490818e-03
8.906250000000000e-01 9.259254842611947e+00 -7.752163732843313e-03
8.937500000000000e-01 9.405106115002161e+00 -7.822383424946618e-03
8.968750000000001e-01 9.553253602593529e+00 -7.537053248115451e-03
9.000000000000000e-01 9.703733474942130e+00 -6.953616272248431e-03
9.031250000000001e-01 9.856582471045494e+00 -6.135213089821849e-03
9.062500000000000e-01 1.001183790831228e+01 -5.140493040427890e-03
9.093750000000000e-01 1.016953769167313e+01 -4.016405271157875e-03
9.125000000000001e-01 1.032972032283505e+01 -2.797489431383985e-03
9.156250000000000e-01 1.049242490968134e+01 -1.512494911046741e-03
9.187500000000001e-01 1.065769117581972e+01 -1.949675911439826e-04
9.218750000000000e-01 1.082555947028058e+01 1.107488242357755e-03
9.250000000000000e-01 1.099607077736805e+01 2.329865271568203e-03
9.281250000000001e-01 1.116926672666618e+01 3.394471801614189e-03
9.312500000000000e-01 1.134518960320255e+01 4.223106437312740e-03
9.343750000000001e-01 1.152388235777201e+01 4.753464581205647e-03
9.375000000000000e-01 1.170538861742293e+01 4.954667710401751e-03
9.406250000000000e-01 1.188975269610854e+01 4.836476024238907e-03
9.437500000000001e-01 1.207701960550600e+01 4.448608810173111e-03
9.468750000000000e-01 1.226723506600578e+01 3.870141804268824e-03
9.500000000000001e-01 1.246044551787411e+01 3.192562982066426e-03
9.531250000000000e-01 1.265669813259115e+01 2.502009544576643e-03
9.562500000000000e-01 1.285604082436773e+01 1.865741795362207e-03
9.593750000000001e-01 1.305852226184337e+01 1.325613126566184e-03
9.625000000000000e-01 1.326419187996850e+01 8.985061805811812e-04
9.656250000000001e-01 1.347309989207381e+01 5.816540154363630e-04
9.687500000000000e-01 1.368529730212962e+01 3.600152097787663e-04
9.718750000000000e-01 1.390083591719824e+01 2.132747975989907e-04
9.750000000000001e-01 1.411976836008246e+01 1.210456549674907e-04
9.781250000000000e-01 1.434214808217320e+01 6.588099927206577e-05
9.812500000000001e-01 1.456802937649935e+01 3.441544012068504e-05
9.843750000000000e-01 1.479746739098328e+01 1.727167739237243e-05
9.875000000000000e-01 1.503051814190487e+01 8.330884110861769e-06
9.906250000000001e-01 1.526723852757770e+01 3.872321433835804e-06
9.937500000000000e-01 1.550768634224049e+01 1.720677319573917e-06
9.968750000000001e-01 1.575192029016732e+01 7.654359574452832e-07
1.000000000000000e+00 1.600000000000000e+01 2.637382917354640e-07
