0.000000000000000e+00 0.000000000000000e+00 -5.296315955700080e-06
3.125000000000000e-03 3.369263549427258e-03 -2.322228674582912e-05
6.250000000000000e-03 6.739349689698711e-03 -2.088213867684737e-05
9.375000000000001e-03 1.011108121249049e-02 -2.396109647733145e-05
1.250000000000000e-02 1.348528131119160e-02 -2.209350868441476e-05
1.562500000000000e-02 1.686277378188298e-02 -2.430059017586574e-05
1.875000000000000e-02 2.024438322446370e-02 -2.224746219432573e-05
2.187500000000000e-02 2.363093524397333e-02 -2.390428059779322e-05
2.500000000000000e-02 2.702325665215984e-02 -2.280088554824815e-05
2.812500000000000e-02 3.042217566934200e-02 -2.371537882686698e-05
3.125000000000000e-02 3.382852212661575e-02 -2.311051161394019e-05
3.437500000000000e-02 3.724312766845378e-02 -2.361522508996062e-05
3.750000000000001e-02 4.066682595574785e-02 -2.339971798109878e-05
4.062500000000000e-02 4.410045286934348e-02 -2.356492092273788e-05
4.375000000000000e-02 4.754484671411652e-02 -2.359945056507512e-05
4.687500000000000e-02 5.100084842364160e-02 -2.379103681064641e-05
5.000000000000000e-02 5.446930176550237e-02 -2.391135305215474e-05
5.312500000000001e-02 5.795105354729364e-02 -2.404601102143620e-05
5.625000000000000e-02 6.144695382336569e-02 -2.405810337482661e-05
5.937500000000000e-02 6.495785610236132e-02 -2.412496630708761e-05
6.250000000000000e-02 6.848461755559625e-02 -2.401977020828179e-05
6.562500000000000e-02 7.202809922633362e-02 -2.410829388906486e-05
6.875000000000001e-02 7.558916624000402e-02 -2.415767729194212e-05
7.187500000000001e-02 7.916868801542200e-02 -2.426371739051232e-05
7.500000000000001e-02 8.276753847705080e-02 -2.423507308276609e-05
7.812500000000000e-02 8.638659626836727e-02 -2.436421684491277e-05
8.125000000000000e-02 9.002674496637868e-02 -2.427031265254377e-05
8.437500000000001e-02 9.368887329734420e-02 -2.438833468880267e-05
8.750000000000001e-02 9.737387535375355e-02 -2.437358931048740e-05
9.062500000000001e-02 1.010826508126157e-01 -2.447373383011056e-05
9.375000000000000e-02 1.048161051551108e-01 -2.429394353712699e-05
9.687500000000000e-02 1.085751498876601e-01 -2.453478431650325e-05
1.000000000000000e-01 1.123607027644654e-01 -2.436378277549253e-05
1.031250000000000e-01 1.161736880115753e-01 -2.456819347306169e-05
1.062500000000000e-01 1.200150365525305e-01 -2.447641001975029e-05
1.093750000000000e-01 1.238856862356450e-01 -2.457704170349450e-05
1.125000000000000e-01 1.277865820629775e-01 -2.457904852734252e-05
1.156250000000000e-01 1.317186764210495e-01 -2.467294777309307e-05
1.187500000000000e-01 1.356829293133661e-01 -2.462309983329765e-05
1.218750000000000e-01 1.396803085947971e-01 -2.473476400855300e-05
1.250000000000000e-01 1.437117902078738e-01 -2.463470846012279e-05
1.281250000000000e-01 1.477783584210617e-01 -2.481923488950270e-05
1.312500000000000e-01 1.518810060690650e-01 -2.473265431044177e-05
1.343750000000000e-01 1.560207347952229e-01 -2.495796305194252e-05
1.375000000000000e-01 1.601985552960564e-01 -2.480683445968242e-05
1.406250000000000e-01 1.644154875680252e-01 -2.504248787619553e-05
1.437500000000000e-01 1.686725611565558e-01 -2.489632220750084e-05
1.468750000000000e-01 1.729708154074000e-01 -2.517004261250206e-05
1.500000000000000e-01 1.773112997203869e-01 -2.498521997149601e-05
1.531250000000000e-01 1.816950738056289e-01 -2.534058844143840e-05
1.562500000000000e-01 1.861232079422458e-01 -2.513078266513877e-05
1.593750000000000e-01 1.905967832396682e-01 -2.555409267311975e-05
1.625000000000000e-01 1.951168919015860e-01 -2.525930770051309e-05
1.656250000000000e-01 1.996846374926046e-01 -2.562725609288470e-05
1.687500000000000e-01 2.043011352076760e-01 -2.541676996876031e-05
1.718750000000000e-01 2.089675121443681e-01 -2.574138802513917e-05
1.750000000000000e-01 2.136849075780412e-01 -2.556426103626372e-05
1.781250000000000e-01 2.184544732399964e-01 -2.585110256860373e-05
1.812500000000000e-01 2.232773735986666e-01 -2.570407785036651e-05
1.843750000000000e-01 2.281547861439151e-01 -2.597988841075423e-05
1.875000000000000e-01 2.330879016745160e-01 -2.584671253817340e-05
1.906250000000000e-01 2.380779245888810e-01 -2.608926100869394e-05
1.937500000000000e-01 2.431260731791094e-01 -2.600184877236100e-05
1.968750000000000e-01 2.482335799284277e-01 -2.627512995753444e-05
2.000000000000000e-01 2.534016918120952e-01 -2.611321721918810e-05
2.031250000000000e-01 2.586316706018478e-01 -2.636754999732550e-05
2.062500000000000e-01 2.639247931739538e-01 -2.629467006743729e-05
2.093750000000000e-01 2.692823518209576e-01 -2.646417666623938e-05
2.125000000000000e-01 2.747056545671873e-01 -2.645967759233870e-05
2.156250000000000e-01 2.801960254881028e-01 -2.659738262864492e-05
2.187500000000000e-01 2.857548050335636e-01 -2.666206216289027e-05
2.218750000000000e-01 2.913833503550930e-01 -2.678571504104128e-05
2.250000000000000e-01 2.970830356372213e-01 -2.687271474135612e-05
2.281250000000000e-01 3.028552524329863e-01 -2.693093453424736e-05
2.312500000000000e-01 3.087014100036755e-01 -2.710935891308417e-05
2.343750000000000e-01 3.146229356628902e-01 -2.713607852117203e-05
2.375000000000000e-01 3.206212751250189e-01 -2.729803638100131e-05
2.406250000000000e-01 3.266978928582008e-01 -2.732540569450105e-05
2.437500000000000e-01 3.328542724418705e-01 -2.745346323960271e-05
2.468750000000000e-01 3.390919169289667e-01 -2.751243602839770e-05
2.500000000000000e-01 3.454123492128958e-01 -2.765107906891926e-05
2.531250000000000e-01 3.518171123993401e-01 -2.771149177476640e-05
2.562500000000000e-01 3.583077701830001e-01 -2.784707631260441e-05
2.593750000000000e-01 3.648859072293631e-01 -2.792048713016412e-05
2.625000000000000e-01 3.715531295615936e-01 -2.798775340339067e-05
2.656250000000000e-01 3.783110649526354e-01 -2.809165556075472e-05
2.687500000000000e-01 3.851613633226258e-01 -2.815409246026577e-05
2.718750000000000e-01 3.921056971417164e-01 -2.830590191945316e-05
2.750000000000000e-01 3.991457618383991e-01 -2.828726384446053e-05
2.781250000000000e-01 4.062832762134377e-01 -2.849120586713473e-05
2.812500000000000e-01 4.135199828595055e-01 -2.846303633728392e-05
2.843750000000000e-01 4.208576485866312e-01 -2.870918840990184e-05
2.875000000000000e-01 4.282980648535585e-01 -2.862761535254699e-05
2.906250000000000e-01 4.358430482051222e-01 -2.889071613368433e-05
2.937500000000000e-01 4.434944407157500e-01 -2.879817653184240e-05
2.968750000000000e-01 4.512541104391968e-01 -2.905733670084094e-05
3.000000000000000e-01 4.591239518646220e-01 -2.896196749178076e-05
3.031250000000000e-01 4.671058863791195e-01 -2.919930206231402e-05
3.062500000000000e-01 4.752018627368176e-01 -2.912125965494251e-05
3.093750000000000e-01 4.834138575346580e-01 -2.928825912995611e-05
3.125000000000000e-01 4.917438756949728e-01 -2.924495269435066e-05
3.156250000000000e-01 5.001939509549778e-01 -2.937646832001177e-05
3.187500000000000e-01 5.087661463633005e-01 -2.936459329522292e-05
3.218750000000000e-01 5.174625547836644e-01 -2.942288843449241e-05
3.250000000000000e-01 5.262852994058529e-01 -2.945994466726358e-05
3.281250000000000e-01 5.352365342640750e-01 -2.948628076157722e-05
3.312500000000000e-01 5.443184447628656e-01 -2.953526503922727e-05
3.343750000000000e-01 5.535332482106405e-01 -2.949426488774960e-05
3.375000000000000e-01 5.628831943610435e-01 -2.956370339061900e-05
3.406250000000000e-01 5.723705659622137e-01 -2.948039371584399e-05
3.437500000000000e-01 5.819976793141081e-01 -2.954819702295101e-05
3.468750000000000e-01 5.917668848340161e-01 -2.947246355651320e-05
3.500000000000000e-01 6.016805676304035e-01 -2.945174763163311e-05
3.531250000000000e-01 6.117411480852264e-01 -2.940708357406490e-05
3.562500000000000e-01 6.219510824448572e-01 -2.931107098485924e-05
3.593750000000000e-01 6.323128634197650e-01 -2.927584697761823e-05
3.625000000000000e-01 6.428290207931012e-01 -2.914293133673834e-05
3.656250000000000e-01 6.535021220383342e-01 -2.912273497808583e-05
3.687500000000000e-01 6.643347729460869e-01 -2.887567407060492e-05
3.718750000000000e-01 6.753296182603294e-01 -2.887213606505590e-05
3.750000000000000e-01 6.864893423240808e-01 -2.859520880591848e-05
3.781250000000000e-01 6.978166697347804e-01 -2.854990503813502e-05
3.812500000000000e-01 7.093143660094854e-01 -2.824522629075625e-05
3.843750000000000e-01 7.209852382600603e-01 -2.813372468905878e-05
3.875000000000000e-01 7.328321358785219e-01 -2.784478534874763e-05
3.906250000000000e-01 7.448579512327029e-01 -2.765362423851774e-05
3.937500000000000e-01 7.570656203724140e-01 -2.735884542697625e-05
3.968750000000000e-01 7.694581237462648e-01 -2.707925847081549e-05
4.000000000000000e-01 7.820384869293291e-01 -2.678675952901316e-05
4.031250000000000e-01 7.948097813618253e-01 -2.639947533783027e-05
4.062500000000000e-01 8.077751250989945e-01 -2.610213962586313e-05
4.093750000000000e-01 8.209376835723596e-01 -2.566972039411245e-05
4.125000000000000e-01 8.343006703625532e-01 -2.531454260978229e-05
4.156250000000000e-01 8.478673479838968e-01 -2.488873663532896e-05
4.187500000000000e-01 8.616410286809313e-01 -2.444326374674566e-05
4.218750000000000e-01 8.756250752370857e-01 -2.400219302570798e-05
4.250000000000000e-01 8.898229017956865e-01 -2.344433463590772e-05
4.281250000000000e-01 9.042379746935050e-01 -2.300994000635776e-05
4.312500000000000e-01 9.188738133070491e-01 -2.235471772187545e-05
4.343750000000000e-01 9.337339909118028e-01 -2.190364813314503e-05
4.375000000000000e-01 9.488221355546261e-01 -2.123606187024019e-05
4.406250000000000e-01 9.641419309395265e-01 -2.069953702641235e-05
4.437500000000000e-01 9.796971173270190e-01 -2.002797473281776e-05
4.468750000000000e-01 9.954914924472941e-01 -1.938583817300502e-05
4.500000000000000e-01 1.011528912427417e+00 -1.875652521265267e-05
4.531250000000000e-01 1.027813292732786e+00 -1.802126588595833e-05
4.562500000000000e-01 1.044348609123070e+00 -1.736994627727700e-05
4.593750000000000e-01 1.061138898622882e+00 -1.660865697032343e-05
4.625000000000000e-01 1.078188260507393e+00 -1.589962010824398e-05
4.656250000000000e-01 1.095500857303154e+00 -1.519460096344663e-05
4.687500000000000e-01 1.113080915804360e+00 -1.438444688881110e-05
4.718750000000000e-01 1.130932728104805e+00 -1.373386824877855e-05
4.750000000000000e-01 1.149060652645771e+00 -1.286336467231866e-05
4.781250000000000e-01 1.167469115280130e+00 -1.219903423800540e-05
4.812500000000000e-01 1.186162610352890e+00 -1.137953099888740e-05
4.843750000000000e-01 1.205145701798475e+00 -1.063573813968312e-05
4.875000000000000e-01 1.224423024254985e+00 -9.940083188573309e-06
4.906250000000000e-01 1.243999284195726e+00 -9.132216137055549e-06
4.937500000000000e-01 1.263879261078271e+00 -8.497101458591947e-06
4.968750000000000e-01 1.284067808511348e+00 -7.731122340067028e-06
5.000000000000000e-01 1.304569855439823e+00 -7.048297565329643e-06
5.031250000000000e-01 1.325390407348082e+00 -6.442127075993590e-06
5.062500000000000e-01 1.346534547482100e+00 -5.698352464111132e-06
5.093750000000000e-01 1.368007438090487e+00 -5.241008846711531e-06
5.125000000000001e-01 1.389814321684837e+00 -4.534238766355760e-06
5.156250000000000e-01 1.411960522319654e+00 -4.081122685039261e-06
5.187500000000000e-01 1.434451446892208e+00 -3.567373202049935e-06
5.218750000000000e-01 1.457292586462593e+00 -3.039450743872013e-06
5.250000000000000e-01 1.480489517594354e+00 -2.762676281665606e-06
5.281250000000001e-01 1.504047903715979e+00 -2.263067905514261e-06
5.312500000000000e-01 1.527973496503592e+00 -2.026397050241784e-06
5.343750000000000e-01 1.552272137285215e+00 -1.749185939540042e-06
5.375000000000000e-01 1.576949758466886e+00 -1.428873812496184e-06
5.406250000000000e-01 1.602012384981041e+00 -1.441827602301392e-06
5.437500000000001e-01 1.627466135757470e+00 -1.128748522880882e-06
5.468750000000000e-01 1.653317225217225e+00 -1.210136905926300e-06
5.500000000000000e-01 1.679571964789851e+00 -1.139275571306352e-06
5.531250000000000e-01 1.706236764454286e+00 -1.088693048137313e-06
5.562500000000000e-01 1.733318134303830e+00 -1.379559872706044e-06
5.593750000000001e-01 1.760822686135563e+00 -1.266143020169289e-06
5.625000000000000e-01 1.788757135064574e+00 -1.568903180030605e-06
5.656250000000000e-01 1.817128301163438e+00 -1.837430490677139e-06
5.687500000000000e-01 1.845943111127301e+00 -1.845666003049864e-06
5.718750000000000e-01 1.875208599965003e+00 -2.437867791518907e-06
5.750000000000001e-01 1.904931912716643e+00 -2.504476901924043e-06
5.781250000000000e-01 1.935120306198011e+00 -2.873933656952131e-06
5.812500000000000e-01 1.965781150772311e+00 -3.423610713508984e-06
5.843750000000000e-01 1.996921932149593e+00 -3.446554855410968e-06
5.875000000000000e-01 2.028550253214365e+00 -4.102219166340288e-06
5.906250000000001e-01 2.060673835881802e+00 -4.437884544663066e-06
5.937500000000000e-01 2.093300522983012e+00 -4.546997892773574e-06
5.968750000000000e-01 2.126438280179837e+00 -5.343387299327916e-06
6.000000000000001e-01 2.160095197909630e+00 -5.356967813529854e-06
6.031250000000000e-01 2.194279493360494e+00 -5.696450135859034e-06
6.062500000000001e-01 2.228999512477486e+00 -6.358174601627907e-06
6.093750000000000e-01 2.264263732000228e+00 -6.149366918539458e-06
6.125000000000000e-01 2.300080761532477e+00 -6.657752862770118e-06
6.156250000000001e-01 2.336459345644116e+00 -7.065805332866342e-06
6.187500000000000e-01 2.373408366006099e+00 -6.671058326117383e-06
6.218750000000001e-01 2.410936843558884e+00 -7.312802095310713e-06
6.250000000000000e-01 2.449053940714840e+00 -7.348633077901982e-06
6.281250000000000e-01 2.487768963595221e+00 -6.855050655805594e-06
6.312500000000001e-01 2.527091364302215e+00 -7.509932035226765e-06
6.343750000000000e-01 2.567030743226622e+00 -7.199585502441701e-06
6.375000000000001e-01 2.607596851391758e+00 -6.563344838492968e-06
6.406250000000000e-01 2.648799592834118e+00 -7.231496482350779e-06
6.437500000000000e-01 2.690649027021411e+00 -6.561813338401823e-06
6.468750000000001e-01 2.733155371308524e+00 -5.763755566791871e-06
6.500000000000000e-01 2.776329003432049e+00 -6.415237112022711e-06
6.531250000000001e-01 2.820180464043967e+00 -5.477810595347728e-06
6.562500000000000e-01 2.864720459285089e+00 -4.362405595251759e-06
6.593750000000000e-01 2.909959863398929e+00 -5.069873833942288e-06
6.625000000000001e-01 2.955909721386590e+00 -3.948426240239837e-06
6.656250000000000e-01 3.002581251703353e+00 -2.356927862629444e-06
6.687500000000001e-01 3.049985848997626e+00 -3.091269470321059e-06
6.718750000000000e-01 3.098135086892879e+00 -2.062620772702715e-06
6.750000000000000e-01 3.147040720813310e+00 2.900809770488902e-07
6.781250000000001e-01 3.196714690853871e+00 -3.325413883275935e-07
6.812500000000000e-01 3.247169124695383e+00 1.903737490635705e-07
6.843750000000001e-01 3.298416340565477e+00 3.428212826025961e-06
6.875000000000000e-01 3.350468850246008e+00 3.542103658818868e-06
6.906250000000000e-01 3.403339362127777e+00 2.974866900488361e-06
6.937500000000001e-01 3.457040784313211e+00 6.748308349715556e-06
6.968750000000000e-01 3.511586227767823e+00 8.748395208334718e-06
7.000000000000001e-01 3.566989009521205e+00 7.082906988166374e-06
7.031250000000000e-01 3.623262655918307e+00 9.824178495203494e-06
7.062500000000000e-01 3.680420905921852e+00 1.484871193405255e-05
7.093750000000001e-01 3.738477714466631e+00 1.393543713707951e-05
7.125000000000000e-01 3.797447255866536e+00 1.335894169727919e-05
7.156250000000001e-01 3.857343927275175e+00 1.997667326291072e-05
7.187500000000000e-01 3.918182352200844e+00 2.409643798814734e-05
7.218750000000000e-01 3.979977384076828e+00 2.093363945375515e-05
7.250000000000001e-01 4.042744109887770e+00 2.314576060601785e-05
7.281250000000000e-01 4.106497853853101e+00 3.336801788471589e-05
7.312500000000001e-01 4.171254181168399e+00 3.649088084425562e-05
7.343750000000000e-01 4.237028901805528e+00 3.146891001463516e-05
7.375000000000000e-01 4.303838074372613e+00 3.618616197663926e-05
7.406250000000001e-01 4.371698010034643e+00 5.136282064567344e-05
7.437500000000000e-01 4.440625276495786e+00 5.613765560877501e-05
7.468750000000001e-01 4.510636702044332e+00 4.808837979454033e-05
7.500000000000000e-01 4.581749379661216e+00 5.170030965035780e-05
7.531250000000000e-01 4.653980671193226e+00 7.463555410239294e-05
7.562500000000001e-01 4.727348211591802e+00 8.997184774841167e-05
7.593750000000000e-01 4.801869913218528e+00 8.029905983184508e-05
7.625000000000001e-01 4.877563970218381e+00 7.144915518224946e-05
7.656250000000000e-01 4.954448862961714e+00 9.579390045480242e-05
7.687500000000000e-01 5.032543362556198e+00 1.390741403317675e-04
7.718750000000001e-01 5.111866535429675e+00 1.544290614052995e-04
7.750000000000000e-01 5.192437747985146e+00 1.292770930330037e-04
7.781250000000001e-01 5.274276671329015e+00 1.116786663047624e-04
7.812500000000000e-01 5.357403286073669e+00 1.554676697277587e-04
7.843750000000000e-01 5.441837887215693e+00 2.492963689965695e-04
7.875000000000001e-01 5.527601089090773e+00 3.173424446079484e-04
7.906250000000000e-01 5.614713830406605e+00 2.964195436591505e-04
7.937500000000001e-01 5.703197379355005e+00 2.107235647857878e-04
7.968750000000000e-01 5.793073338804412e+00 1.680972207013621e-04
8.000000000000000e-01 5.884363651574169e+00 2.777218310637019e-04
8.031250000000001e-01 5.977090605791737e+00 5.556217583509112e-04
8.062500000000000e-01 6.071276840334257e+00 8.881006588047721e-04
8.093750000000001e-01 6.166945350355728e+00 1.073456135157846e-03
8.125000000000000e-01 6.264119492901173e+00 9.096988363694015e-04
8.156250000000000e-01 6.362822992609162e+00 2.755527685706640e-04
8.187500000000001e-01 6.463079947504072e+00 -8.313262107404318e-04
8.218750000000000e-01 6.564914834879517e+00 -2.305154855868612e-03
8.250000000000001e-01 6.668352517274371e+00 -3.974396043450296e-03
8.281250000000000e-01 6.773418248542846e+00 -5.651900350690174e-03
8.312500000000000e-01 6.880137680020114e+00 -7.174533918338184e-03
8.343750000000001e-01 6.988536866784961e+00 -8.424801045796461e-03
8.375000000000000e-01 7.098642274021019e+00 -9.335580539987749e-03
8.406250000000001e-01 7.210480783478133e+00 -9.883889967510946e-03
8.437500000000000e-01 7.324079700035414e+00 -1.007967893172454e-02
8.468750000000000e-01 7.439466758367605e+00 -9.953983831728306e-03
8.500000000000001e-01 7.556670129716381e+00 -9.548467001498424e-03
8.531250000000000e-01 7.675718428768239e+00 -8.907562668137872e-03
8.562500000000001e-01 7.796640720640633e+00 -8.073776065022012e-03
8.593750000000000e-01 7.919466527978115e+00 -7.086028740070464e-03
8.625000000000000e-01 8.044225838160141e+00 -5.979646218115688e-03
8.656250000000001e-01 8.170949110622363e+00 -4.786443195510802e-03
8.687500000000000e-01 8.299667284293170e+00 -3.534182197229001e-03
8.718750000000001e-01 8.430411785147284e+00 -2.246415671461412e-03
8.750000000000000e-01 8.563214533878281e+00 -9.441073432604307e-04
8.781250000000000e-01 8.698107953691880e+00 3.505089632931345e-04
8.812500000000001e-01 8.835124978221932e+00 1.609269024804454e-03
8.843750000000000e-01 8.974299059571019e+00 2.794995889774195e-03
8.875000000000001e-01 9.115664176477637e+00 3.861910153816353e-03
8.906250000000000e-01 9.259254842611947e+00 4.759901284436217e-03
8.937500000000000e-01 9.405106115002161e+00 5.441581779457193e-03
8.968750000000001e-01 9.553253602593529e+00 5.870311927392769e-03
9.000000000000000e-01 9.703733474942130e+00 6.027357267923796e-03
9.031250000000001e-01 9.856582471045494e+00 5.916631801040800e-03
9.062500000000000e-01 1.001183790831228e+01 5.565888653777063e-03
9.093750000000000e-01 1.016953769167313e+01 5.023813819254392e-03
9.125000000000001e-01 1.032972032283505e+01 4.353348819616044e-03
9.156250000000000e-01 1.049242490968134e+01 3.622556791264129e-03
9.187500000000001e-01 1.065769117581972e+01 2.895067684537256e-03
9.218750000000000e-01 1.082555947028058e+01 2.222235710892312e-03
9.250000000000000e-01 1.099607077736805e+01 1.638542173185915e-03
9.281250000000001e-01 1.116926672666618e+01 1.160737728636926e-03
9.312500000000000e-01 1.134518960320255e+01 7.901711800500451e-04
9.343750000000001e-01 1.152388235777201e+01 5.170688199267451e-04
9.375000000000000e-01 1.170538861742293e+01 3.253638441069932e-04
9.406250000000000e-01 1.188975269610854e+01 1.969505287740486e-04
9.437500000000001e-01 1.207701960550600e+01 1.147359598589246e-04
9.468750000000000e-01 1.226723506600578e+01 6.435673291893882e-05
9.500000000000001e-01 1.246044551787411e+01 3.477313470828800e-05
9.531250000000000e-01 1.265669813259115e+01 1.810735947727922e-05
9.562500000000000e-01 1.285604082436773e+01 9.091465123965828e-06
9.593750000000001e-01 1.305852226184337e+01 4.403360151441283e-06
9.625000000000000e-01 1.326419187996850e+01 2.058291150226483e-06
9.656250000000001e-01 1.347309989207381e+01 9.289618777460740e-07
9.687500000000000e-01 1.368529730212962e+01 4.049938963753799e-07
9.718750000000000e-01 1.390083591719824e+01 1.706254853377385e-07
9.750000000000001e-01 1.411976836008246e+01 6.949659355416331e-08
9.781250000000000e-01 1.434214808217320e+01 2.737667337862225e-08
9.812500000000001e-01 1.456802937649935e+01 1.043426782264339e-08
9.843750000000000e-01 1.479746739098328e+01 3.849223498902656e-09
9.875000000000000e-01 1.503051814190487e+01 1.374780842335781e-09
9.906250000000001e-01 1.526723852757770e+01 4.759064473445201e-10
9.937500000000000e-01 1.550768634224049e+01 1.587459302573660e-10
9.968750000000001e-01 1.575192029016732e+01 5.414120262803120e-11
1.000000000000000e+00 1.600000000000000e+01 9.511373324917153e-12
