0.000000000000000e+00 0.000000000000000e+00 -9.462569861265387e-02
3.125000000000000e-03 3.369263549427258e-03 -9.533039469142907e-02
6.250000000000000e-03 6.739349689698711e-03 -9.520496671306125e-02
9.375000000000001e-03 1.011108121249049e-02 -9.535333195194572e-02
1.250000000000000e-02 1.348528131119160e-02 -9.530985484303085e-02
1.562500000000000e-02 1.686277378188298e-02 -9.541259418426941e-02
1.875000000000000e-02 2.024438322446370e-02 -9.540816388620954e-02
2.187500000000000e-02 2.363093524397333e-02 -9.550453439780242e-02
2.500000000000000e-02 2.702325665215984e-02 -9.552760545486884e-02
2.812500000000000e-02 3.042217566934200e-02 -9.562834522395779e-02
3.125000000000000e-02 3.382852212661575e-02 -9.567406205389356e-02
3.437500000000000e-02 3.724312766845378e-02 -9.578409001332999e-02
3.750000000000001e-02 4.066682595574785e-02 -9.585040946513523e-02
4.062500000000000e-02 4.410045286934348e-02 -9.597205527997915e-02
4.375000000000000e-02 4.754484671411652e-02 -9.605733584357022e-02
4.687500000000000e-02 5.100084842364160e-02 -9.619179069219218e-02
5.000000000000000e-02 5.446930176550237e-02 -9.629600942976631e-02
5.312500000000001e-02 5.795105354729364e-02 -9.644425802650552e-02
5.625000000000000e-02 6.144695382336569e-02 -9.656689284416918e-02
5.937500000000000e-02 6.495785610236132e-02 -9.672958281169539e-02
6.250000000000000e-02 6.848461755559625e-02 -9.687033504220097e-02
6.562500000000000e-02 7.202809922633362e-02 -9.704823572488132e-02
6.875000000000001e-02 7.558916624000402e-02 -9.720698320613309e-02
7.187500000000001e-02 7.916868801542200e-02 -9.740063651557687e-02
7.500000000000001e-02 8.276753847705080e-02 -9.757730956495574e-02
7.812500000000000e-02 8.638659626836727e-02 -9.778703169521244e-02
8.125000000000000e-02 9.002674496637868e-02 -9.798179813922418e-02
8.437500000000001e-02 9.368887329734420e-02 -9.820785571297068e-02
8.750000000000001e-02 9.737387535375355e-02 -9.842095408646821e-02
9.062500000000001e-02 1.010826508126157e-01 -9.866369003307565e-02
9.375000000000000e-02 1.048161051551108e-01 -9.889503281631133e-02
9.687500000000000e-02 1.085751498876601e-01 -9.915480873511863e-02
1.000000000000000e-01 1.123607027644654e-01 -9.940438122801409e-02
1.031250000000000e-01 1.161736880115753e-01 -9.968148726908686e-02
1.062500000000000e-01 1.200150365525305e-01 -9.994941933956838e-02
1.093750000000000e-01 1.238856862356450e-01 -1.002439333601642e-01
1.125000000000000e-01 1.277865820629775e-01 -1.005302753416125e-01
1.156250000000000e-01 1.317186764210495e-01 -1.008422218395169e-01
1.187500000000000e-01 1.356829293133661e-01 -1.011470386473393e-01
1.218750000000000e-01 1.396803085947971e-01 -1.014765124737717e-01
1.250000000000000e-01 1.437117902078738e-01 -1.017995623972451e-01
1.281250000000000e-01 1.477783584210617e-01 -1.021465371632890e-01
1.312500000000000e-01 1.518810060690650e-01 -1.024875960658033e-01
1.343750000000000e-01 1.560207347952229e-01 -1.028518937539418e-01
1.375000000000000e-01 1.601985552960564e-01 -1.032107923490303e-01
1.406250000000000e-01 1.644154875680252e-01 -1.035920594157073e-01
1.437500000000000e-01 1.686725611565558e-01 -1.039682859566118e-01
1.468750000000000e-01 1.729708154074000e-01 -1.043660863538652e-01
1.500000000000000e-01 1.773112997203869e-01 -1.047591190985085e-01
1.531250000000000e-01 1.816950738056289e-01 -1.051728410376407e-01
1.562500000000000e-01 1.861232079422458e-01 -1.055818810487061e-01
1.593750000000000e-01 1.905967832396682e-01 -1.060106644487667e-01
1.625000000000000e-01 1.951168919015860e-01 -1.064348178406194e-01
1.656250000000000e-01 1.996846374926046e-01 -1.068777157095750e-01
1.687500000000000e-01 2.043011352076760e-01 -1.073156206379936e-01
1.718750000000000e-01 2.089675121443681e-01 -1.077712761204363e-01
1.750000000000000e-01 2.136849075780412e-01 -1.082216827178900e-01
1.781250000000000e-01 2.184544732399964e-01 -1.086884820818021e-01
1.812500000000000e-01 2.232773735986666e-01 -1.091495382289996e-01
1.843750000000000e-01 2.281547861439151e-01 -1.096256426513640e-01
1.875000000000000e-01 2.330879016745160e-01 -1.100952931244648e-01
1.906250000000000e-01 2.380779245888810e-01 -1.105784828936604e-01
1.937500000000000e-01 2.431260731791094e-01 -1.110542790206370e-01
1.968750000000000e-01 2.482335799284277e-01 -1.115419648396810e-01
2.000000000000000e-01 2.534016918120952e-01 -1.120211304502626e-01
2.031250000000000e-01 2.586316706018478e-01 -1.125102917491006e-01
2.062500000000000e-01 2.639247931739538e-01 -1.129896559814724e-01
2.093750000000000e-01 2.692823518209576e-01 -1.134769008608164e-01
2.125000000000000e-01 2.747056545671873e-01 -1.139528250952763e-01
2.156250000000000e-01 2.801960254881028e-01 -1.144343676997352e-01
2.187500000000000e-01 2.857548050335636e-01 -1.149027881792810e-01
2.218750000000000e-01 2.913833503550930e-01 -1.153743837725964e-01
2.250000000000000e-01 2.970830356372213e-01 -1.158308569992319e-01
2.281250000000000e-01 3.028552524329863e-01 -1.162878080545958e-01
2.312500000000000e-01 3.087014100036755e-01 -1.167274853019807e-01
2.343750000000000e-01 3.146229356628902e-01 -1.171647248782964e-01
2.375000000000000e-01 3.206212751250189e-01 -1.175823274511664e-01
2.406250000000000e-01 3.266978928582008e-01 -1.179944551960678e-01
2.437500000000000e-01 3.328542724418705e-01 -1.183843609656519e-01
2.468750000000000e-01 3.390919169289667e-01 -1.187656280932174e-01
2.500000000000000e-01 3.454123492128958e-01 -1.191219816408274e-01
2.531250000000000e-01 3.518171123993401e-01 -1.194663675911038e-01
2.562500000000000e-01 3.583077701830001e-01 -1.197831044692295e-01
2.593750000000000e-01 3.648859072293631e-01 -1.200844713369022e-01
2.625000000000000e-01 3.715531295615936e-01 -1.203553711357016e-01
2.656250000000000e-01 3.783110649526354e-01 -1.206075401273533e-01
2.687500000000000e-01 3.851613633226258e-01 -1.208264018280473e-01
2.718750000000000e-01 3.921056971417164e-01 -1.210232038570631e-01
2.750000000000000e-01 3.991457618383991e-01 -1.211839844833987e-01
2.781250000000000e-01 4.062832762134377e-01 -1.213194333679506e-01
2.812500000000000e-01 4.135199828595055e-01 -1.214162944392158e-01
2.843750000000000e-01 4.208576485866312e-01 -1.214847568323504e-01
2.875000000000000e-01 4.282980648535585e-01 -1.215122059218963e-01
2.906250000000000e-01 4.358430482051222e-01 -1.215084488690338e-01
2.937500000000000e-01 4.434944407157500e-01 -1.214615311290052e-01
2.968750000000000e-01 4.512541104391968e-01 -1.213808335560398e-01
3.000000000000000e-01 4.591239518646220e-01 -1.212551763370845e-01
3.031250000000000e-01 4.671058863791195e-01 -1.210935074021307e-01
3.062500000000000e-01 4.752018627368176e-01 -1.208853758391389e-01
3.093750000000000e-01 4.834138575346580e-01 -1.206394181832490e-01
3.125000000000000e-01 4.917438756949728e-01 -1.203458718401296e-01
3.156250000000000e-01 5.001939509549778e-01 -1.200130380460521e-01
3.187500000000000e-01 5.087661463633005e-01 -1.196319345383838e-01
3.218750000000000e-01 5.174625547836644e-01 -1.192104881999590e-01
3.250000000000000e-01 5.262852994058529e-01 -1.187404437801821e-01
3.281250000000000e-01 5.352365342640750e-01 -1.182294599896556e-01
3.312500000000000e-01 5.443184447628656e-01 -1.176699389484044e-01
3.343750000000000e-01 5.535332482106405e-01 -1.170692386144006e-01
3.375000000000000e-01 5.628831943610435e-01 -1.164204841961048e-01
3.406250000000000e-01 5.723705659622137e-01 -1.157306937297844e-01
3.437500000000000e-01 5.819976793141081e-01 -1.149936293885435e-01
3.468750000000000e-01 5.917668848340161e-01 -1.142160629323835e-01
3.500000000000000e-01 6.016805676304035e-01 -1.133923349812655e-01
3.531250000000000e-01 6.117411480852264e-01 -1.125289066418249e-01
3.562500000000000e-01 6.219510824448572e-01 -1.116207371673873e-01
3.593750000000000e-01 6.323128634197650e-01 -1.106739782723573e-01
3.625000000000000e-01 6.428290207931012e-01 -1.096840858979857e-01
3.656250000000000e-01 6.535021220383342e-01 -1.086569645094566e-01
3.687500000000000e-01 6.643347729460869e-01 -1.075885660604214e-01
3.718750000000000e-01 6.753296182603294e-01 -1.064844634839993e-01
3.750000000000000e-01 6.864893423240808e-01 -1.053410834779929e-01
3.781250000000000e-01 6.978166697347804e-01 -1.041637376149032e-01
3.812500000000000e-01 7.093143660094854e-01 -1.029492266669586e-01
3.843750000000000e-01 7.209852382600603e-01 -1.017025774763203e-01
3.875000000000000e-01 7.328321358785219e-01 -1.004210087533911e-01
3.906250000000000e-01 7.448579512327029e-01 -9.910924635180356e-02
3.937500000000000e-01 7.570656203724140e-01 -9.776482186811561e-02
3.968750000000000e-01 7.694581237462648e-01 -9.639221974880276e-02
4.000000000000000e-01 7.820384869293291e-01 -9.498930017906874e-02
4.031250000000000e-01 7.948097813618253e-01 -9.356023974441313e-02
4.062500000000000e-01 8.077751250989945e-01 -9.210318105784659e-02
4.093750000000000e-01 8.209376835723596e-01 -9.062207438500865e-02
4.125000000000000e-01 8.343006703625532e-01 -8.911530975410598e-02
4.156250000000000e-01 8.478673479838968e-01 -8.758655190397945e-02
4.187500000000000e-01 8.616410286809313e-01 -8.603444316658827e-02
4.218750000000000e-01 8.756250752370857e-01 -8.446242627041993e-02
4.250000000000000e-01 8.898229017956865e-01 -8.286933331795221e-02
4.281250000000000e-01 9.042379746935050e-01 -8.125835117212986e-02
4.312500000000000e-01 9.188738133070491e-01 -7.962852984235572e-02
4.343750000000000e-01 9.337339909118028e-01 -7.798284369090051e-02
4.375000000000000e-01 9.488221355546261e-01 -7.632049378572468e-02
4.406250000000000e-01 9.641419309395265e-01 -7.464422403437285e-02
4.437500000000000e-01 9.796971173270190e-01 -7.295341895170059e-02
4.468750000000000e-01 9.954914924472941e-01 -7.125062899240298e-02
4.500000000000000e-01 1.011528912427417e+00 -6.953536399176331e-02
4.531250000000000e-01 1.027813292732786e+00 -6.780996316611716e-02
4.562500000000000e-01 1.044348609123070e+00 -6.607408614821415e-02
4.593750000000000e-01 1.061138898622882e+00 -6.432990534293971e-02
4.625000000000000e-01 1.078188260507393e+00 -6.257719198768251e-02
4.656250000000000e-01 1.095500857303154e+00 -6.081792363657131e-02
4.687500000000000e-01 1.113080915804360e+00 -5.905198582701494e-02
4.718750000000000e-01 1.130932728104805e+00 -5.728121687810334e-02
4.750000000000000e-01 1.149060652645771e+00 -5.550561182554092e-02
4.781250000000000e-01 1.167469115280130e+00 -5.372683743476980e-02
4.812500000000000e-01 1.186162610352890e+00 -5.194496904939624e-02
4.843750000000000e-01 1.205145701798475e+00 -5.016155056867549e-02
4.875000000000000e-01 1.224423024254985e+00 -4.837676350843214e-02
4.906250000000000e-01 1.243999284195726e+00 -4.659202194407860e-02
4.937500000000000e-01 1.263879261078271e+00 -4.480757557175310e-02
4.968750000000000e-01 1.284067808511348e+00 -4.302471870235961e-02
5.000000000000000e-01 1.304569855439823e+00 -4.124378091145165e-02
5.031250000000000e-01 1.325390407348082e+00 -3.946597290711238e-02
5.062500000000000e-01 1.346534547482100e+00 -3.769170717627897e-02
5.093750000000000e-01 1.368007438090487e+00 -3.592209866055532e-02
5.125000000000001e-01 1.389814321684837e+00 -3.415761945568158e-02
5.156250000000000e-01 1.411960522319654e+00 -3.239931658606204e-02
5.187500000000000e-01 1.434451446892208e+00 -3.064773266586869e-02
5.218750000000000e-01 1.457292586462593e+00 -2.890387288779022e-02
5.250000000000000e-01 1.480489517594354e+00 -2.716835798361179e-02
5.281250000000001e-01 1.504047903715979e+00 -2.544215204157254e-02
5.312500000000000e-01 1.527973496503592e+00 -2.372594539180279e-02
5.343750000000000e-01 1.552272137285215e+00 -2.202068530443454e-02
5.375000000000000e-01 1.576949758466886e+00 -2.032713087736870e-02
5.406250000000000e-01 1.602012384981041e+00 -1.864624565476517e-02
5.437500000000001e-01 1.627466135757470e+00 -1.697886665669737e-02
5.468750000000000e-01 1.653317225217225e+00 -1.532599128700434e-02
5.500000000000000e-01 1.679571964789851e+00 -1.368854743102693e-02
5.531250000000000e-01 1.706236764454286e+00 -1.206758305970356e-02
5.562500000000000e-01 1.733318134303830e+00 -1.046413214939902e-02
5.593750000000001e-01 1.760822686135563e+00 -8.879321487422218e-03
5.625000000000000e-01 1.788757135064574e+00 -7.314308723598708e-03
5.656250000000000e-01 1.817128301163438e+00 -5.770333995740052e-03
5.687500000000000e-01 1.845943111127301e+00 -4.248699434500797e-03
5.718750000000000e-01 1.875208599965003e+00 -2.750792823041806e-03
5.750000000000001e-01 1.904931912716643e+00 -1.278086031291150e-03
5.781250000000000e-01 1.935120306198011e+00 1.678521191738878e-04
5.812500000000000e-01 1.965781150772311e+00 1.585350207253962e-03
5.843750000000000e-01 1.996921932149593e+00 2.972624540794982e-03
5.875000000000000e-01 2.028550253214365e+00 4.327771268185058e-03
5.906250000000001e-01 2.060673835881802e+00 5.648757724881322e-03
5.937500000000000e-01 2.093300522983012e+00 6.933414532894715e-03
5.968750000000000e-01 2.126438280179837e+00 8.179428206049100e-03
6.000000000000001e-01 2.160095197909630e+00 9.384334903695507e-03
6.031250000000000e-01 2.194279493360494e+00 1.054551572300751e-02
6.062500000000001e-01 2.228999512477486e+00 1.166019416542183e-02
6.093750000000000e-01 2.264263732000228e+00 1.272543646973892e-02
6.125000000000000e-01 2.300080761532477e+00 1.373815564389332e-02
6.156250000000001e-01 2.336459345644116e+00 1.469512013418212e-02
6.187500000000000e-01 2.373408366006099e+00 1.559296817402094e-02
6.218750000000001e-01 2.410936843558884e+00 1.642822892374466e-02
6.250000000000000e-01 2.449053940714840e+00 1.719735153390330e-02
6.281250000000000e-01 2.487768963595221e+00 1.789674321122525e-02
6.312500000000001e-01 2.527091364302215e+00 1.852281721342947e-02
6.343750000000000e-01 2.567030743226622e+00 1.907205142094669e-02
6.375000000000001e-01 2.607596851391758e+00 1.954105771071543e-02
6.406250000000000e-01 2.648799592834118e+00 1.992666178161496e-02
6.437500000000000e-01 2.690649027021411e+00 2.022599236333547e-02
6.468750000000001e-01 2.733155371308524e+00 2.043657791547284e-02
6.500000000000000e-01 2.776329003432049e+00 2.055644805334301e-02
6.531250000000001e-01 2.820180464043967e+00 2.058423610832725e-02
6.562500000000000e-01 2.864720459285089e+00 2.051927854670305e-02
6.593750000000000e-01 2.909959863398929e+00 2.036170653660418e-02
6.625000000000001e-01 2.955909721386590e+00 2.011252485521555e-02
6.656250000000000e-01 3.002581251703353e+00 1.977367361814185e-02
6.687500000000001e-01 3.049985848997626e+00 1.934806898932967e-02
6.718750000000000e-01 3.098135086892879e+00 1.883962003505706e-02
6.750000000000000e-01 3.147040720813310e+00 1.825322010995489e-02
6.781250000000001e-01 3.196714690853871e+00 1.759471246266417e-02
6.812500000000000e-01 3.247169124695383e+00 1.687083096940579e-02
6.843750000000001e-01 3.298416340565477e+00 1.608911790851834e-02
6.875000000000000e-01 3.350468850246008e+00 1.525782138259199e-02
6.906250000000000e-01 3.403339362127777e+00 1.438577533989995e-02
6.937500000000001e-01 3.457040784313211e+00 1.348226517000913e-02
6.968750000000000e-01 3.511586227767823e+00 1.255688163509160e-02
7.000000000000001e-01 3.566989009521205e+00 1.161936557774896e-02
7.031250000000000e-01 3.623262655918307e+00 1.067944556897966e-02
7.062500000000000e-01 3.680420905921852e+00 9.746670571975837e-03
7.093750000000001e-01 3.738477714466631e+00 8.830239910673381e-03
7.125000000000000e-01 3.797447255866536e+00 7.938833397851617e-03
7.156250000000001e-01 3.857343927275175e+00 7.080445366490935e-03
7.187500000000000e-01 3.918182352200844e+00 6.262227440559703e-03
7.218750000000000e-01 3.979977384076828e+00 5.490345975893981e-03
7.250000000000001e-01 4.042744109887770e+00 4.769860942246056e-03
7.281250000000000e-01 4.106497853853101e+00 4.104633338435380e-03
7.312500000000001e-01 4.171254181168399e+00 3.497267814636360e-03
7.343750000000000e-01 4.237028901805528e+00 2.949095900241562e-03
7.375000000000000e-01 4.303838074372613e+00 2.460203122130340e-03
7.406250000000001e-01 4.371698010034643e+00 2.029500516331932e-03
7.437500000000000e-01 4.440625276495786e+00 1.654837885604238e-03
7.468750000000001e-01 4.510636702044332e+00 1.333153017269819e-03
7.500000000000000e-01 4.581749379661216e+00 1.060648346232435e-03
7.531250000000000e-01 4.653980671193226e+00 8.329845714680714e-04
7.562500000000001e-01 4.727348211591802e+00 6.454797463964664e-04
7.593750000000000e-01 4.801869913218528e+00 4.933024593118461e-04
7.625000000000001e-01 4.877563970218381e+00 3.716488471676128e-04
7.656250000000000e-01 4.954448862961714e+00 2.758951633557824e-04
7.687500000000000e-01 5.032543362556198e+00 2.017201743694920e-04
7.718750000000001e-01 5.111866535429675e+00 1.451944720193869e-04
7.750000000000000e-01 5.192437747985146e+00 1.028365390424674e-04
7.781250000000001e-01 5.274276671329015e+00 7.163782081132691e-05
7.812500000000000e-01 5.357403286073669e+00 4.906093147629994e-05
7.843750000000000e-01 5.441837887215693e+00 3.301634560900142e-05
7.875000000000001e-01 5.527601089090773e+00 2.182347425437730e-05
7.906250000000000e-01 5.614713830406605e+00 1.416195642168331e-05
7.937500000000001e-01 5.703197379355005e+00 9.018433696789454e-06
7.968750000000000e-01 5.793073338804412e+00 5.633172536880708e-06
8.000000000000000e-01 5.884363651574169e+00 3.449820576065876e-06
8.031250000000001e-01 5.977090605791737e+00 2.070480373112850e-06
8.062500000000000e-01 6.071276840334257e+00 1.217275911788616e-06
8.093750000000001e-01 6.166945350355728e+00 7.007533782201057e-07
8.125000000000000e-01 6.264119492901173e+00 3.948368798589682e-07
8.156250000000000e-01 6.362822992609162e+00 2.176546949706332e-07
8.187500000000001e-01 6.463079947504072e+00 1.173387171602958e-07
8.218750000000000e-01 6.564914834879517e+00 6.183960105476240e-08
8.250000000000001e-01 6.668352517274371e+00 3.184764443022969e-08
8.281250000000000e-01 6.773418248542846e+00 1.602178425531951e-08
8.312500000000000e-01 6.880137680020114e+00 7.870631716357046e-09
8.343750000000001e-01 6.988536866784961e+00 3.774161170759211e-09
8.375000000000000e-01 7.098642274021019e+00 1.766018920174821e-09
8.406250000000001e-01 7.210480783478133e+00 8.061044340068195e-10
8.437500000000000e-01 7.324079700035414e+00 3.588149201541011e-10
8.468750000000000e-01 7.439466758367605e+00 1.557042139950067e-10
8.500000000000001e-01 7.556670129716381e+00 6.584969351723351e-11
8.531250000000000e-01 7.675718428768239e+00 2.713369379625181e-11
8.562500000000001e-01 7.796640720640633e+00 1.089054378474042e-11
8.593750000000000e-01 7.919466527978115e+00 4.256620098243472e-12
8.625000000000000e-01 8.044225838160141e+00 1.619755928935215e-12
8.656250000000001e-01 8.170949110622363e+00 5.999344181727866e-13
8.687500000000000e-01 8.299667284293170e+00 2.162385310973159e-13
8.718750000000001e-01 8.430411785147284e+00 7.583129607324593e-14
8.750000000000000e-01 8.563214533878281e+00 2.586820476395933e-14
8.781250000000000e-01 8.698107953691880e+00 8.582387187557806e-15
8.812500000000001e-01 8.835124978221932e+00 2.768858021559061e-15
8.843750000000000e-01 8.974299059571019e+00 8.685121426727920e-16
8.875000000000001e-01 9.115664176477637e+00 2.648320624695137e-16
8.906250000000000e-01 9.259254842611947e+00 7.849218113158699e-17
8.937500000000000e-01 9.405106115002161e+00 2.260944254778085e-17
8.968750000000001e-01 9.553253602593529e+00 6.328663639415338e-18
9.000000000000000e-01 9.703733474942130e+00 1.721267809276485e-18
9.031250000000001e-01 9.856582471045494e+00 4.548404480040339e-19
9.062500000000000e-01 1.001183790831228e+01 1.167637542417134e-19
9.093750000000000e-01 1.016953769167313e+01 2.911813620604219e-20
9.125000000000001e-01 1.032972032283505e+01 7.053388175564140e-21
9.156250000000000e-01 1.049242490968134e+01 1.659535716318156e-21
9.187500000000001e-01 1.065769117581972e+01 3.792360167530113e-22
9.218750000000000e-01 1.082555947028058e+01 8.416852877022396e-23
9.250000000000000e-01 1.099607077736805e+01 1.814234626578696e-23
9.281250000000001e-01 1.116926672666618e+01 3.797784200253370e-24
9.312500000000000e-01 1.134518960320255e+01 7.720631725466555e-25
9.343750000000001e-01 1.152388235777201e+01 1.524251467672772e-25
9.375000000000000e-01 1.170538861742293e+01 2.922401684885086e-26
9.406250000000000e-01 1.188975269610854e+01 5.441311601824226e-27
9.437500000000001e-01 1.207701960550600e+01 9.839002484818405e-28
9.468750000000000e-01 1.226723506600578e+01 1.727778534298388e-28
9.500000000000001e-01 1.246044551787411e+01 2.946609484004192e-29
9.531250000000000e-01 1.265669813259115e+01 4.880504005942044e-30
9.562500000000000e-01 1.285604082436773e+01 7.851025893422739e-31
9.593750000000001e-01 1.305852226184337e+01 1.226652981031337e-31
9.625000000000000e-01 1.326419187996850e+01 1.861513887762409e-32
9.656250000000001e-01 1.347309989207381e+01 2.743957742968649e-33
9.687500000000000e-01 1.368529730212962e+01 3.928927312322356e-34
9.718750000000000e-01 1.390083591719824e+01 5.464825547425765e-35
9.750000000000001e-01 1.411976836008246e+01 7.384242980890188e-36
9.781250000000000e-01 1.434214808217320e+01 9.693618018030708e-37
9.812500000000001e-01 1.456802937649935e+01 1.236346223810321e-37
9.843750000000000e-01 1.479746739098328e+01 1.532123228806625e-38
9.875000000000000e-01 1.503051814190487e+01 1.844899495208052e-39
9.906250000000001e-01 1.526723852757770e+01 2.158782514262927e-40
9.937500000000000e-01 1.550768634224049e+01 2.453177106384504e-41
9.968750000000001e-01 1.575192029016732e+01 2.889647992789397e-42
1.000000000000000e+00 1.600000000000000e+01 -6.970526130263545e-43
