0.000000000000000e+00 0.000000000000000e+00 -1.002179481105742e-05
3.125000000000000e-03 3.369263549427258e-03 -2.794776560195210e-05
6.250000000000000e-03 6.739349689698711e-03 -2.120061873593299e-05
9.375000000000001e-03 1.011108121249049e-02 -2.283242099515329e-05
1.250000000000000e-02 1.348528131119160e-02 -2.498200108735484e-05
1.562500000000000e-02 1.686277378188298e-02 -2.342843085252082e-05
1.875000000000000e-02 2.024438322446370e-02 -2.575963324581551e-05
2.187500000000000e-02 2.363093524397333e-02 -2.318399484129272e-05
2.500000000000000e-02 2.702325665215984e-02 -2.609365094949850e-05
2.812500000000000e-02 3.042217566934200e-02 -2.316556367656975e-05
3.125000000000000e-02 3.382852212661575e-02 -2.626846621820601e-05
3.437500000000000e-02 3.724312766845378e-02 -2.350589958148983e-05
3.750000000000001e-02 4.066682595574785e-02 -2.646820732853805e-05
4.062500000000000e-02 4.410045286934348e-02 -2.384078937121001e-05
4.375000000000000e-02 4.754484671411652e-02 -2.648578397753470e-05
4.687500000000000e-02 5.100084842364160e-02 -2.415312495542965e-05
5.000000000000000e-02 5.446930176550237e-02 -2.646438337740011e-05
5.312500000000001e-02 5.795105354729364e-02 -2.437903116718898e-05
5.625000000000000e-02 6.144695382336569e-02 -2.632167976165990e-05
5.937500000000000e-02 6.495785610236132e-02 -2.454813449402174e-05
6.250000000000000e-02 6.848461755559625e-02 -2.622615106263626e-05
6.562500000000000e-02 7.202809922633362e-02 -2.476873301682346e-05
6.875000000000001e-02 7.558916624000402e-02 -2.617023276355518e-05
7.187500000000001e-02 7.916868801542200e-02 -2.495864973789333e-05
7.500000000000001e-02 8.276753847705080e-02 -2.619236340500423e-05
7.812500000000000e-02 8.638659626836727e-02 -2.511658307989112e-05
8.125000000000000e-02 9.002674496637868e-02 -2.618106554821322e-05
8.437500000000001e-02 9.368887329734420e-02 -2.532880600790330e-05
8.750000000000001e-02 9.737387535375355e-02 -2.608543202138435e-05
9.062500000000001e-02 1.010826508126157e-01 -2.543428611586764e-05
9.375000000000000e-02 1.048161051551108e-01 -2.604956280014303e-05
9.687500000000000e-02 1.085751498876601e-01 -2.574580464999547e-05
1.000000000000000e-01 1.123607027644654e-01 -2.597394128907303e-05
1.031250000000000e-01 1.161736880115753e-01 -2.598224216413793e-05
1.062500000000000e-01 1.200150365525305e-01 -2.595464837767805e-05
1.093750000000000e-01 1.238856862356450e-01 -2.607527787814004e-05
1.125000000000000e-01 1.277865820629775e-01 -2.590137209948150e-05
1.156250000000000e-01 1.317186764210495e-01 -2.628184239834541e-05
1.187500000000000e-01 1.356829293133661e-01 -2.582642918952133e-05
1.218750000000000e-01 1.396803085947971e-01 -2.651631230261068e-05
1.250000000000000e-01 1.437117902078738e-01 -2.571214214557599e-05
1.281250000000000e-01 1.477783584210617e-01 -2.661932384010516e-05
1.312500000000000e-01 1.518810060690650e-01 -2.570259195812899e-05
1.343750000000000e-01 1.560207347952229e-01 -2.676885136958643e-05
1.375000000000000e-01 1.601985552960564e-01 -2.576745398061233e-05
1.406250000000000e-01 1.644154875680252e-01 -2.690746368757902e-05
1.437500000000000e-01 1.686725611565558e-01 -2.583051633038332e-05
1.468750000000000e-01 1.729708154074000e-01 -2.705670004080697e-05
1.500000000000000e-01 1.773112997203869e-01 -2.591795478410404e-05
1.531250000000000e-01 1.816950738056289e-01 -2.713472456786064e-05
1.562500000000000e-01 1.861232079422458e-01 -2.605372026812768e-05
1.593750000000000e-01 1.905967832396682e-01 -2.719181028534599e-05
1.625000000000000e-01 1.951168919015860e-01 -2.630060798169529e-05
1.656250000000000e-01 1.996846374926046e-01 -2.729324778092177e-05
1.687500000000000e-01 2.043011352076760e-01 -2.649633126894778e-05
1.718750000000000e-01 2.089675121443681e-01 -2.730692247629143e-05
1.750000000000000e-01 2.136849075780412e-01 -2.669634076061094e-05
1.781250000000000e-01 2.184544732399964e-01 -2.737659719107730e-05
1.812500000000000e-01 2.232773735986666e-01 -2.693445836139162e-05
1.843750000000000e-01 2.281547861439151e-01 -2.746646257955409e-05
1.875000000000000e-01 2.330879016745160e-01 -2.716729572207538e-05
1.906250000000000e-01 2.380779245888810e-01 -2.758398617503316e-05
1.937500000000000e-01 2.431260731791094e-01 -2.741493194420994e-05
1.968750000000000e-01 2.482335799284277e-01 -2.759055277999775e-05
2.000000000000000e-01 2.534016918120952e-01 -2.770220318285334e-05
2.031250000000000e-01 2.586316706018478e-01 -2.765226110947493e-05
2.062500000000000e-01 2.639247931739538e-01 -2.795371210216722e-05
2.093750000000000e-01 2.692823518209576e-01 -2.776403291487654e-05
2.125000000000000e-01 2.747056545671873e-01 -2.819228953282230e-05
2.156250000000000e-01 2.801960254881028e-01 -2.785628389828279e-05
2.187500000000000e-01 2.857548050335636e-01 -2.839728857114016e-05
2.218750000000000e-01 2.913833503550930e-01 -2.793314535573251e-05
2.250000000000000e-01 2.970830356372213e-01 -2.863417687291396e-05
2.281250000000000e-01 3.028552524329863e-01 -2.810245456592295e-05
2.312500000000000e-01 3.087014100036755e-01 -2.883747996516358e-05
2.343750000000000e-01 3.146229356628902e-01 -2.828294296578117e-05
2.375000000000000e-01 3.206212751250189e-01 -2.900849279468385e-05
2.406250000000000e-01 3.266978928582008e-01 -2.852783263577339e-05
2.437500000000000e-01 3.328542724418705e-01 -2.911945882845359e-05
2.468750000000000e-01 3.390919169289667e-01 -2.878120622101249e-05
2.500000000000000e-01 3.454123492128958e-01 -2.924129100247283e-05
2.531250000000000e-01 3.518171123993401e-01 -2.907821638919890e-05
2.562500000000000e-01 3.583077701830001e-01 -2.936082034499372e-05
2.593750000000000e-01 3.648859072293631e-01 -2.936562723496173e-05
2.625000000000000e-01 3.715531295615936e-01 -2.946596936186563e-05
2.656250000000000e-01 3.783110649526354e-01 -2.965110920824751e-05
2.687500000000000e-01 3.851613633226258e-01 -2.956875278484923e-05
2.718750000000000e-01 3.921056971417164e-01 -2.992782757497453e-05
2.750000000000000e-01 3.991457618383991e-01 -2.968900039496764e-05
2.781250000000000e-01 4.062832762134377e-01 -3.021619849216661e-05
2.812500000000000e-01 4.135199828595055e-01 -2.978620412787725e-05
2.843750000000000e-01 4.208576485866312e-01 -3.046146211914104e-05
2.875000000000000e-01 4.282980648535585e-01 -2.990380671812075e-05
2.906250000000000e-01 4.358430482051222e-01 -3.066125663445943e-05
2.937500000000000e-01 4.434944407157500e-01 -3.006077569010523e-05
2.968750000000000e-01 4.512541104391968e-01 -3.081560149905170e-05
3.000000000000000e-01 4.591239518646220e-01 -3.026091562626412e-05
3.031250000000000e-01 4.671058863791195e-01 -3.090954174172624e-05
3.062500000000000e-01 4.752018627368176e-01 -3.049876972655841e-05
3.093750000000000e-01 4.834138575346580e-01 -3.097528790435627e-05
3.125000000000000e-01 4.917438756949728e-01 -3.073756766729215e-05
3.156250000000000e-01 5.001939509549778e-01 -3.099767861360560e-05
3.187500000000000e-01 5.087661463633005e-01 -3.096746267588560e-05
3.218750000000000e-01 5.174625547836644e-01 -3.096452243426285e-05
3.250000000000000e-01 5.262852994058529e-01 -3.117398239997656e-05
3.281250000000000e-01 5.352365342640750e-01 -3.094372522201457e-05
3.312500000000000e-01 5.443184447628656e-01 -3.134146510139774e-05
3.343750000000000e-01 5.535332482106405e-01 -3.092887035378074e-05
3.375000000000000e-01 5.628831943610435e-01 -3.144129567516531e-05
3.406250000000000e-01 5.723705659622137e-01 -3.088929090467262e-05
3.437500000000000e-01 5.819976793141081e-01 -3.142894318213138e-05
3.468750000000000e-01 5.917668848340161e-01 -3.090676301963537e-05
3.500000000000000e-01 6.016805676304035e-01 -3.134897767628173e-05
3.531250000000000e-01 6.117411480852264e-01 -3.090667993999940e-05
3.562500000000000e-01 6.219510824448572e-01 -3.114451074287552e-05
3.593750000000000e-01 6.323128634197650e-01 -3.091485262973047e-05
3.625000000000000e-01 6.428290207931012e-01 -3.085993275186591e-05
3.656250000000000e-01 6.535021220383342e-01 -3.088197723648878e-05
3.687500000000000e-01 6.643347729460869e-01 -3.051643975600081e-05
3.718750000000000e-01 6.753296182603294e-01 -3.078534237766941e-05
3.750000000000000e-01 6.864893423240808e-01 -3.014753447703427e-05
3.781250000000000e-01 6.978166697347804e-01 -3.056000736573922e-05
3.812500000000000e-01 7.093143660094854e-01 -2.977733231647621e-05
3.843750000000000e-01 7.209852382600603e-01 -3.021974346017053e-05
3.875000000000000e-01 7.328321358785219e-01 -2.941597425348055e-05
3.906250000000000e-01 7.448579512327029e-01 -2.972807230838864e-05
3.937500000000000e-01 7.570656203724140e-01 -2.904425505420471e-05
3.968750000000000e-01 7.694581237462648e-01 -2.902450718500627e-05
4.000000000000000e-01 7.820384869293291e-01 -2.866648431175611e-05
4.031250000000000e-01 7.948097813618253e-01 -2.824033008282923e-05
4.062500000000000e-01 8.077751250989945e-01 -2.816761144110807e-05
4.093750000000000e-01 8.209376835723596e-01 -2.739105587185921e-05
4.125000000000000e-01 8.343006703625532e-01 -2.755590134853430e-05
4.156250000000000e-01 8.478673479838968e-01 -2.656563280816331e-05
4.187500000000000e-01 8.616410286809313e-01 -2.674870136797508e-05
4.218750000000000e-01 8.756250752370857e-01 -2.575228257045253e-05
4.250000000000000e-01 8.898229017956865e-01 -2.571268273775470e-05
4.281250000000000e-01 9.042379746935050e-01 -2.495483118079748e-05
4.312500000000000e-01 9.188738133070491e-01 -2.447106296607124e-05
4.343750000000000e-01 9.337339909118028e-01 -2.411263356258490e-05
4.375000000000000e-01 9.488221355546261e-01 -2.316097949889179e-05
4.406250000000000e-01 9.641419309395265e-01 -2.314523595807200e-05
4.437500000000000e-01 9.796971173270190e-01 -2.188293849163829e-05
4.468750000000000e-01 9.954914924472941e-01 -2.197895321312277e-05
4.500000000000000e-01 1.011528912427417e+00 -2.068410717875628e-05
4.531250000000000e-01 1.027813292732786e+00 -2.054245173268182e-05
4.562500000000000e-01 1.044348609123070e+00 -1.957673039679542e-05
4.593750000000000e-01 1.061138898622882e+00 -1.891986029716602e-05
4.625000000000000e-01 1.078188260507393e+00 -1.846596989021712e-05
4.656250000000000e-01 1.095500857303154e+00 -1.730165024693958e-05
4.687500000000000e-01 1.113080915804360e+00 -1.722600751332688e-05
4.718750000000000e-01 1.130932728104805e+00 -1.579390688839175e-05
4.750000000000000e-01 1.149060652645771e+00 -1.573876325222750e-05
4.781250000000000e-01 1.167469115280130e+00 -1.455098553453096e-05
4.812500000000000e-01 1.186162610352890e+00 -1.405426317520315e-05
4.843750000000000e-01 1.205145701798475e+00 -1.342571726407839e-05
4.875000000000000e-01 1.224423024254985e+00 -1.232296732358561e-05
4.906250000000000e-01 1.243999284195726e+00 -1.227850670772212e-05
4.937500000000000e-01 1.263879261078271e+00 -1.083250455336255e-05
4.968750000000000e-01 1.284067808511348e+00 -1.094262585609961e-05
5.000000000000000e-01 1.304569855439823e+00 -9.717387324174722e-06
5.031250000000000e-01 1.325390407348082e+00 -9.418049163043740e-06
5.062500000000000e-01 1.346534547482100e+00 -8.894066540721226e-06
5.093750000000000e-01 1.368007438090487e+00 -7.922748173465791e-06
5.125000000000001e-01 1.389814321684837e+00 -8.103429619730994e-06
5.156250000000000e-01 1.411960522319654e+00 -6.808035142024146e-06
5.187500000000000e-01 1.434451446892208e+00 -7.123244046096638e-06
5.218750000000000e-01 1.457292586462593e+00 -6.261571504963159e-06
5.250000000000000e-01 1.480489517594354e+00 -5.980512545047642e-06
5.281250000000001e-01 1.504047903715979e+00 -6.076648279852474e-06
5.312500000000000e-01 1.527973496503592e+00 -5.053413497151822e-06
5.343750000000000e-01 1.552272137285215e+00 -5.815479218322555e-06
5.375000000000000e-01 1.576949758466886e+00 -4.807894768950766e-06
5.406250000000000e-01 1.602012384981041e+00 -5.252672783870012e-06
5.437500000000001e-01 1.627466135757470e+00 -5.222607678679344e-06
5.468750000000000e-01 1.653317225217225e+00 -4.690571939693750e-06
5.500000000000000e-01 1.679571964789851e+00 -5.705213208868706e-06
5.531250000000000e-01 1.706236764454286e+00 -4.802569246091289e-06
5.562500000000000e-01 1.733318134303830e+00 -5.767613444480706e-06
5.593750000000001e-01 1.760822686135563e+00 -5.784611795564430e-06
5.625000000000000e-01 1.788757135064574e+00 -5.596105651429333e-06
5.656250000000000e-01 1.817128301163438e+00 -6.934998501013491e-06
5.687500000000000e-01 1.845943111127301e+00 -6.086889597077462e-06
5.718750000000000e-01 1.875208599965003e+00 -7.442893905641456e-06
5.750000000000001e-01 1.904931912716643e+00 -7.608584317938818e-06
5.781250000000000e-01 1.935120306198011e+00 -7.521394597688752e-06
5.812500000000000e-01 1.965781150772311e+00 -9.185173678615736e-06
5.843750000000000e-01 1.996921932149593e+00 -8.396617297838407e-06
5.875000000000000e-01 2.028550253214365e+00 -9.789618985350208e-06
5.906250000000001e-01 2.060673835881802e+00 -1.032433044968955e-05
5.937500000000000e-01 2.093300522983012e+00 -9.927151013979145e-06
5.968750000000000e-01 2.126438280179837e+00 -1.197219317835841e-05
6.000000000000001e-01 2.160095197909630e+00 -1.115821955199108e-05
6.031250000000000e-01 2.194279493360494e+00 -1.217401379778257e-05
6.062500000000001e-01 2.228999512477486e+00 -1.337701245901952e-05
6.093750000000000e-01 2.264263732000228e+00 -1.229834993673592e-05
6.125000000000000e-01 2.300080761532477e+00 -1.440242242113633e-05
6.156250000000001e-01 2.336459345644116e+00 -1.409409223417634e-05
6.187500000000000e-01 2.373408366006099e+00 -1.386162191545184e-05
6.218750000000001e-01 2.410936843558884e+00 -1.601680304867289e-05
6.250000000000000e-01 2.449053940714840e+00 -1.447919125462940e-05
6.281250000000000e-01 2.487768963595221e+00 -1.560143503656679e-05
6.312500000000001e-01 2.527091364302215e+00 -1.676245549082777e-05
6.343750000000000e-01 2.567030743226622e+00 -1.488796441096736e-05
6.375000000000001e-01 2.607596851391758e+00 -1.706028369115788e-05
6.406250000000000e-01 2.648799592834118e+00 -1.681775659487462e-05
6.437500000000000e-01 2.690649027021411e+00 -1.534200742550031e-05
6.468750000000001e-01 2.733155371308524e+00 -1.801382169291511e-05
6.500000000000000e-01 2.776329003432049e+00 -1.640100317825013e-05
6.531250000000001e-01 2.820180464043967e+00 -1.576631986070043e-05
6.562500000000000e-01 2.864720459285089e+00 -1.838940468228935e-05
6.593750000000000e-01 2.909959863398929e+00 -1.574560367386639e-05
6.625000000000001e-01 2.955909721386590e+00 -1.597010217291697e-05
6.656250000000000e-01 3.002581251703353e+00 -1.833781069452185e-05
6.687500000000001e-01 3.049985848997626e+00 -1.491028425355501e-05
6.718750000000000e-01 3.098135086892879e+00 -1.586485975406001e-05
6.750000000000000e-01 3.147040720813310e+00 -1.800010487811497e-05
6.781250000000001e-01 3.196714690853871e+00 -1.395173696361404e-05
6.812500000000000e-01 3.247169124695383e+00 -1.531689842828287e-05
6.843750000000001e-01 3.298416340565477e+00 -1.756728454826022e-05
6.875000000000000e-01 3.350468850246008e+00 -1.286004518323184e-05
6.906250000000000e-01 3.403339362127777e+00 -1.423171637550492e-05
6.937500000000001e-01 3.457040784313211e+00 -1.710963851581003e-05
6.968750000000000e-01 3.511586227767823e+00 -1.177346251713065e-05
7.000000000000001e-01 3.566989009521205e+00 -1.238521598211741e-05
7.031250000000000e-01 3.623262655918307e+00 -1.659520342121200e-05
7.062500000000000e-01 3.680420905921852e+00 -1.095739690456782e-05
7.093750000000001e-01 3.738477714466631e+00 -9.608200280843126e-06
7.125000000000000e-01 3.797447255866536e+00 -1.557562005914552e-05
7.156250000000001e-01 3.857343927275175e+00 -1.095149189670714e-05
7.187500000000000e-01 3.918182352200844e+00 -5.997685853794125e-06
7.218750000000000e-01 3.979977384076828e+00 -1.299821286914809e-05
7.250000000000001e-01 4.042744109887770e+00 -1.207725331676650e-05
7.281250000000000e-01 4.106497853853101e+00 -2.763083535530729e-06
7.312500000000001e-01 4.171254181168399e+00 -7.277166985844908e-06
7.343750000000000e-01 4.237028901805528e+00 -1.319135612134565e-05
7.375000000000000e-01 4.303838074372613e+00 -2.597355986076972e-06
7.406250000000001e-01 4.371698010034643e+00 1.623421260858210e-06
7.437500000000000e-01 4.440625276495786e+00 -9.719971030911309e-06
7.468750000000001e-01 4.510636702044332e+00 -7.275260955767053e-06
7.500000000000000e-01 4.581749379661216e+00 8.050409171370428e-06
7.531250000000000e-01 4.653980671193226e+00 3.792459812126074e-06
7.562500000000001e-01 4.727348211591802e+00 -9.428777301118941e-06
7.593750000000000e-01 4.801869913218528e+00 2.079812875169450e-06
7.625000000000001e-01 4.877563970218381e+00 1.971629316789631e-05
7.656250000000000e-01 4.954448862961714e+00 8.506328338141790e-06
7.687500000000000e-01 5.032543362556198e+00 -6.930838390923724e-06
7.718750000000001e-01 5.111866535429675e+00 1.149052589887598e-05
7.750000000000000e-01 5.192437747985146e+00 3.607246867175448e-05
7.781250000000001e-01 5.274276671329015e+00 2.237473001854824e-05
7.812500000000000e-01 5.357403286073669e+00 -2.904099376329558e-06
7.843750000000000e-01 5.441837887215693e+00 1.499295732030728e-05
7.875000000000001e-01 5.527601089090773e+00 5.797625694584531e-05
7.906250000000000e-01 5.614713830406605e+00 5.878803519867927e-05
7.937500000000001e-01 5.703197379355005e+00 1.534815882217031e-05
7.968750000000000e-01 5.793073338804412e+00 3.711553198759994e-06
8.000000000000000e-01 5.884363651574169e+00 6.188476360219227e-05
8.031250000000001e-01 5.977090605791737e+00 1.230215721485130e-04
8.062500000000000e-01 6.071276840334257e+00 1.038329601775734e-04
8.093750000000001e-01 6.166945350355728e+00 2.604450963745169e-05
8.125000000000000e-01 6.264119492901173e+00 2.035829459512290e-06
8.156250000000000e-01 6.362822992609162e+00 9.780318831735394e-05
8.187500000000001e-01 6.463079947504072e+00 2.420901709353948e-04
8.218750000000000e-01 6.564914834879517e+00 2.909227916569619e-04
8.250000000000001e-01 6.668352517274371e+00 1.787282262920084e-04
8.281250000000000e-01 6.773418248542846e+00 6.627797484567975e-08
8.312500000000000e-01 6.880137680020114e+00 -5.502973066294535e-05
8.343750000000001e-01 6.988536866784961e+00 1.481726655010884e-04
8.375000000000000e-01 7.098642274021019e+00 5.753084088006904e-04
8.406250000000001e-01 7.210480783478133e+00 1.022706182661847e-03
8.437500000000000e-01 7.324079700035414e+00 1.216953951420595e-03
8.468750000000000e-01 7.439466758367605e+00 9.413845109066492e-04
8.500000000000001e-01 7.556670129716381e+00 1.193976764260196e-04
8.531250000000000e-01 7.675718428768239e+00 -1.174106887789413e-03
8.562500000000001e-01 7.796640720640633e+00 -2.757854959510276e-03
8.593750000000000e-01 7.919466527978115e+00 -4.410950483921094e-03
8.625000000000000e-01 8.044225838160141e+00 -5.930895279715793e-03
8.656250000000001e-01 8.170949110622363e+00 -7.168716445385747e-03
8.687500000000000e-01 8.299667284293170e+00 -8.040140209493668e-03
8.718750000000001e-01 8.430411785147284e+00 -8.518769084324310e-03
8.750000000000000e-01 8.563214533878281e+00 -8.619534299739098e-03
8.781250000000000e-01 8.698107953691880e+00 -8.381086395313285e-03
8.812500000000001e-01 8.835124978221932e+00 -7.852884887061632e-03
8.843750000000000e-01 8.974299059571019e+00 -7.088029094065851e-03
8.875000000000001e-01 9.115664176477637e+00 -6.138910832438746e-03
8.906250000000000e-01 9.259254842611947e+00 -5.053072311045227e-03
8.937500000000000e-01 9.405106115002161e+00 -3.869524768114228e-03
8.968750000000001e-01 9.553253602593529e+00 -2.618226889748630e-03
9.000000000000000e-01 9.703733474942130e+00 -1.324343080884660e-03
9.031250000000001e-01 9.856582471045494e+00 -1.596369630252594e-05
9.062500000000000e-01 1.001183790831228e+01 1.268504776739464e-03
9.093750000000000e-01 1.016953769167313e+01 2.476988791344393e-03
9.125000000000001e-01 1.032972032283505e+01 3.546322180299928e-03
9.156250000000000e-01 1.049242490968134e+01 4.410372403492269e-03
9.187500000000001e-01 1.065769117581972e+01 5.011709483732201e-03
9.218750000000000e-01 1.082555947028058e+01 5.313807583217810e-03
9.250000000000000e-01 1.099607077736805e+01 5.310371457225044e-03
9.281250000000001e-01 1.116926672666618e+01 5.028803077214830e-03
9.312500000000000e-01 1.134518960320255e+01 4.526327678476171e-03
9.343750000000001e-01 1.152388235777201e+01 3.879578215107577e-03
9.375000000000000e-01 1.170538861742293e+01 3.170578412522746e-03
9.406250000000000e-01 1.188975269610854e+01 2.473080440154786e-03
9.437500000000001e-01 1.207701960550600e+01 1.842696135885866e-03
9.468750000000000e-01 1.226723506600578e+01 1.312590663291765e-03
9.500000000000001e-01 1.246044551787411e+01 8.945413608783789e-04
9.531250000000000e-01 1.265669813259115e+01 5.837143831684050e-04
9.562500000000000e-01 1.285604082436773e+01 3.649740899063525e-04
9.593750000000001e-01 1.305852226184337e+01 2.188349370448973e-04
9.625000000000000e-01 1.326419187996850e+01 1.259192213141925e-04
9.656250000000001e-01 1.347309989207381e+01 6.958411594858316e-05
9.687500000000000e-01 1.368529730212962e+01 3.695601001412692e-05
9.718750000000000e-01 1.390083591719824e+01 1.887651062067895e-05
9.750000000000001e-01 1.411976836008246e+01 9.279278875998810e-06
9.781250000000000e-01 1.434214808217320e+01 4.392847515064534e-06
9.812500000000001e-01 1.456802937649935e+01 2.003947570433902e-06
9.843750000000000e-01 1.479746739098328e+01 8.814752706935766e-07
9.875000000000000e-01 1.503051814190487e+01 3.740061572592037e-07
9.906250000000001e-01 1.526723852757770e+01 1.533537481865174e-07
9.937500000000000e-01 1.550768634224049e+01 6.033221379505283e-08
9.968750000000001e-01 1.575192029016732e+01 2.400002800998448e-08
1.000000000000000e+00 1.600000000000000e+01 6.528865989236970e-09
