0.000000000000000e+00 0.000000000000000e+00 1.086391124959504e-03
3.125000000000000e-03 3.369263549427258e-03 5.485782065308194e-04
6.250000000000000e-03 6.739349689698711e-03 6.440687534769523e-04
9.375000000000001e-03 1.011108121249049e-02 5.462806648985869e-04
1.250000000000000e-02 1.348528131119160e-02 5.977364576418767e-04
1.562500000000000e-02 1.686277378188298e-02 5.467229956630987e-04
1.875000000000000e-02 2.024438322446370e-02 5.808074544736191e-04
2.187500000000000e-02 2.363093524397333e-02 5.464455117192053e-04
2.500000000000000e-02 2.702325665215984e-02 5.722968254393745e-04
2.812500000000000e-02 3.042217566934200e-02 5.464966660115346e-04
3.125000000000000e-02 3.382852212661575e-02 5.670740997633384e-04
3.437500000000000e-02 3.724312766845378e-02 5.465396826883058e-04
3.750000000000001e-02 4.066682595574785e-02 5.636891845192127e-04
4.062500000000000e-02 4.410045286934348e-02 5.464795251649000e-04
4.375000000000000e-02 4.754484671411652e-02 5.611978309390739e-04
4.687500000000000e-02 5.100084842364160e-02 5.465469069276155e-04
5.000000000000000e-02 5.446930176550237e-02 5.596414790881233e-04
5.312500000000001e-02 5.795105354729364e-02 5.468749588756785e-04
5.625000000000000e-02 6.144695382336569e-02 5.582832230998776e-04
5.937500000000000e-02 6.495785610236132e-02 5.468882735635940e-04
6.250000000000000e-02 6.848461755559625e-02 5.572493495033478e-04
6.562500000000000e-02 7.202809922633362e-02 5.469840024595203e-04
6.875000000000001e-02 7.558916624000402e-02 5.564107182734918e-04
7.187500000000001e-02 7.916868801542200e-02 5.471277440397425e-04
7.500000000000001e-02 8.276753847705080e-02 5.557404026783988e-04
7.812500000000000e-02 8.638659626836727e-02 5.472678709997366e-04
8.125000000000000e-02 9.002674496637868e-02 5.552519473251268e-04
8.437500000000001e-02 9.368887329734420e-02 5.474501171759359e-04
8.750000000000001e-02 9.737387535375355e-02 5.548342320578328e-04
9.062500000000001e-02 1.010826508126157e-01 5.476718376528003e-04
9.375000000000000e-02 1.048161051551108e-01 5.545566326673987e-04
9.687500000000000e-02 1.085751498876601e-01 5.479225089007399e-04
1.000000000000000e-01 1.123607027644654e-01 5.543353250860840e-04
1.031250000000000e-01 1.161736880115753e-01 5.482191141827585e-04
1.062500000000000e-01 1.200150365525305e-01 5.541797596746759e-04
1.093750000000000e-01 1.238856862356450e-01 5.484677167758260e-04
1.125000000000000e-01 1.277865820629775e-01 5.540969881735321e-04
1.156250000000000e-01 1.317186764210495e-01 5.487792889256871e-04
1.187500000000000e-01 1.356829293133661e-01 5.540651160648202e-04
1.218750000000000e-01 1.396803085947971e-01 5.490771797450463e-04
1.250000000000000e-01 1.437117902078738e-01 5.540737836607115e-04
1.281250000000000e-01 1.477783584210617e-01 5.493551125541539e-04
1.312500000000000e-01 1.518810060690650e-01 5.541454756005763e-04
1.343750000000000e-01 1.560207347952229e-01 5.497687849048979e-04
1.375000000000000e-01 1.601985552960564e-01 5.543423609233556e-04
1.406250000000000e-01 1.644154875680252e-01 5.501758404006041e-04
1.437500000000000e-01 1.686725611565558e-01 5.545231227995042e-04
1.468750000000000e-01 1.729708154074000e-01 5.506268145850126e-04
1.500000000000000e-01 1.773112997203869e-01 5.547711934515344e-04
1.531250000000000e-01 1.816950738056289e-01 5.510207677510465e-04
1.562500000000000e-01 1.861232079422458e-01 5.550653857756693e-04
1.593750000000000e-01 1.905967832396682e-01 5.515283198276946e-04
1.625000000000000e-01 1.951168919015860e-01 5.553840776369979e-04
1.656250000000000e-01 1.996846374926046e-01 5.520586024422389e-04
1.687500000000000e-01 2.043011352076760e-01 5.557588489896893e-04
1.718750000000000e-01 2.089675121443681e-01 5.526148946596647e-04
1.750000000000000e-01 2.136849075780412e-01 5.562347249671913e-04
1.781250000000000e-01 2.184544732399964e-01 5.532475337928443e-04
1.812500000000000e-01 2.232773735986666e-01 5.567283376967721e-04
1.843750000000000e-01 2.281547861439151e-01 5.539257976231370e-04
1.875000000000000e-01 2.330879016745160e-01 5.572637902993859e-04
1.906250000000000e-01 2.380779245888810e-01 5.546263875725030e-04
1.937500000000000e-01 2.431260731791094e-01 5.578703430262912e-04
1.968750000000000e-01 2.482335799284277e-01 5.553631412660442e-04
2.000000000000000e-01 2.534016918120952e-01 5.585369727601419e-04
2.031250000000000e-01 2.586316706018478e-01 5.561974655621015e-04
2.062500000000000e-01 2.639247931739538e-01 5.592714803143602e-04
2.093750000000000e-01 2.692823518209576e-01 5.570825871308499e-04
2.125000000000000e-01 2.747056545671873e-01 5.601009985216476e-04
2.156250000000000e-01 2.801960254881028e-01 5.580283601453621e-04
2.187500000000000e-01 2.857548050335636e-01 5.609792284221515e-04
2.218750000000000e-01 2.913833503550930e-01 5.590385738051754e-04
2.250000000000000e-01 2.970830356372213e-01 5.619284823429355e-04
2.281250000000000e-01 3.028552524329863e-01 5.601508109956062e-04
2.312500000000000e-01 3.087014100036755e-01 5.629751793478511e-04
2.343750000000000e-01 3.146229356628902e-01 5.613196571411406e-04
2.375000000000000e-01 3.206212751250189e-01 5.641156402249375e-04
2.406250000000000e-01 3.266978928582008e-01 5.625809593683466e-04
2.437500000000000e-01 3.328542724418705e-01 5.653396245692008e-04
2.468750000000000e-01 3.390919169289667e-01 5.639552188002054e-04
2.500000000000000e-01 3.454123492128958e-01 5.666893261841324e-04
2.531250000000000e-01 3.518171123993401e-01 5.654165160311225e-04
2.562500000000000e-01 3.583077701830001e-01 5.681401138073603e-04
2.593750000000000e-01 3.648859072293631e-01 5.669860352735131e-04
2.625000000000000e-01 3.715531295615936e-01 5.697017012556455e-04
2.656250000000000e-01 3.783110649526354e-01 5.686694851891742e-04
2.687500000000000e-01 3.851613633226258e-01 5.714144247626282e-04
2.718750000000000e-01 3.921056971417164e-01 5.705289107342911e-04
2.750000000000000e-01 3.991457618383991e-01 5.732543822402194e-04
2.781250000000000e-01 4.062832762134377e-01 5.725030304483583e-04
2.812500000000000e-01 4.135199828595055e-01 5.752314993545928e-04
2.843750000000000e-01 4.208576485866312e-01 5.746478112582308e-04
2.875000000000000e-01 4.282980648535585e-01 5.773769439208456e-04
2.906250000000000e-01 4.358430482051222e-01 5.769444724423062e-04
2.937500000000000e-01 4.434944407157500e-01 5.797105470891418e-04
2.968750000000000e-01 4.512541104391968e-01 5.794298273364732e-04
3.000000000000000e-01 4.591239518646220e-01 5.822443463584279e-04
3.031250000000000e-01 4.671058863791195e-01 5.820957017450133e-04
3.062500000000000e-01 4.752018627368176e-01 5.849796351974116e-04
3.093750000000000e-01 4.834138575346580e-01 5.849701376130768e-04
3.125000000000000e-01 4.917438756949728e-01 5.879418281628387e-04
3.156250000000000e-01 5.001939509549778e-01 5.880979257225218e-04
3.187500000000000e-01 5.087661463633005e-01 5.911437453624992e-04
3.218750000000000e-01 5.174625547836644e-01 5.914909172089622e-04
3.250000000000000e-01 5.262852994058529e-01 5.945921985381518e-04
3.281250000000000e-01 5.352365342640750e-01 5.951443007410651e-04
3.312500000000000e-01 5.443184447628656e-01 5.983311865168487e-04
3.343750000000000e-01 5.535332482106405e-01 5.990902286054182e-04
3.375000000000000e-01 5.628831943610435e-01 6.024021977807838e-04
3.406250000000000e-01 5.723705659622137e-01 6.033550530405146e-04
3.437500000000000e-01 5.819976793141081e-01 6.068053194756690e-04
3.468750000000000e-01 5.917668848340161e-01 6.079588021113645e-04
3.500000000000000e-01 6.016805676304035e-01 6.115685142071754e-04
3.531250000000000e-01 6.117411480852264e-01 6.129608557522600e-04
3.562500000000000e-01 6.219510824448572e-01 6.167304827644129e-04
3.593750000000000e-01 6.323128634197650e-01 6.183751212739544e-04
3.625000000000000e-01 6.428290207931012e-01 6.223127478585832e-04
3.656250000000000e-01 6.535021220383342e-01 6.242180090758554e-04
3.687500000000000e-01 6.643347729460869e-01 6.283769425684159e-04
3.718750000000000e-01 6.753296182603294e-01 6.305695576170199e-04
3.750000000000000e-01 6.864893423240808e-01 6.349359835463923e-04
3.781250000000000e-01 6.978166697347804e-01 6.374402821625912e-04
3.812500000000000e-01 7.093143660094854e-01 6.420389279345179e-04
3.843750000000000e-01 7.209852382600603e-01 6.448794619273412e-04
3.875000000000000e-01 7.328321358785219e-01 6.497660130841713e-04
3.906250000000000e-01 7.448579512327029e-01 6.529195547095534e-04
3.937500000000000e-01 7.570656203724140e-01 6.581233005812015e-04
3.968750000000000e-01 7.694581237462648e-01 6.616662831580777e-04
4.000000000000000e-01 7.820384869293291e-01 6.671793542339232e-04
4.031250000000000e-01 7.948097813618253e-01 6.711240413101276e-04
4.062500000000000e-01 8.077751250989945e-01 6.770028353964570e-04
4.093750000000000e-01 8.209376835723596e-01 6.813899423207464e-04
4.125000000000000e-01 8.343006703625532e-01 6.876488551654030e-04
4.156250000000000e-01 8.478673479838968e-01 6.925075639178537e-04
4.187500000000000e-01 8.616410286809313e-01 6.992031944616065e-04
4.218750000000000e-01 8.756250752370857e-01 7.045575308480269e-04
4.250000000000000e-01 8.898229017956865e-01 7.117339489257279e-04
4.281250000000000e-01 9.042379746935050e-01 7.176274312571616e-04
4.312500000000000e-01 9.188738133070491e-01 7.253221740271847e-04
4.343750000000000e-01 9.337339909118028e-01 7.318094213671080e-04
4.375000000000000e-01 9.488221355546261e-01 7.400608867785645e-04
4.406250000000000e-01 9.641419309395265e-01 7.471962382707673e-04
4.437500000000000e-01 9.796971173270190e-01 7.560588647524671e-04
4.468750000000000e-01 9.954914924472941e-01 7.638878721054777e-04
4.500000000000000e-01 1.011528912427417e+00 7.734315248297204e-04
4.531250000000000e-01 1.027813292732786e+00 7.820050186393579e-04
4.562500000000000e-01 1.044348609123070e+00 7.922969411929782e-04
4.593750000000000e-01 1.061138898622882e+00 8.016868639531879e-04
4.625000000000000e-01 1.078188260507393e+00 8.127873141450844e-04
4.656250000000000e-01 1.095500857303154e+00 8.230776440880710e-04
4.687500000000000e-01 1.113080915804360e+00 8.350595330145065e-04
4.718750000000000e-01 1.130932728104805e+00 8.463279136698847e-04
4.750000000000000e-01 1.149060652645771e+00 8.592874361062336e-04
4.781250000000000e-01 1.167469115280130e+00 8.716123096087375e-04
4.812500000000000e-01 1.186162610352890e+00 8.856512739024170e-04
4.843750000000000e-01 1.205145701798475e+00 8.991332202508460e-04
4.875000000000000e-01 1.224423024254985e+00 9.143456530789161e-04
4.906250000000000e-01 1.243999284195726e+00 9.291026168550988e-04
4.937500000000000e-01 1.263879261078271e+00 9.455923838482024e-04
4.968750000000000e-01 1.284067808511348e+00 9.617336093566486e-04
5.000000000000000e-01 1.304569855439823e+00 9.796280197802774e-04
5.031250000000000e-01 1.325390407348082e+00 9.972570375153381e-04
5.062500000000000e-01 1.346534547482100e+00 1.016675626772464e-03
5.093750000000000e-01 1.368007438090487e+00 1.035911876918289e-03
5.125000000000001e-01 1.389814321684837e+00 1.056945850252179e-03
5.156250000000000e-01 1.411960522319654e+00 1.077889824563601e-03
5.187500000000000e-01 1.434451446892208e+00 1.100619621014544e-03
5.218750000000000e-01 1.457292586462593e+00 1.123311585903955e-03
5.250000000000000e-01 1.480489517594354e+00 1.147765757587015e-03
5.281250000000001e-01 1.504047903715979e+00 1.172177906059722e-03
5.312500000000000e-01 1.527973496503592e+00 1.198261252304502e-03
5.343750000000000e-01 1.552272137285215e+00 1.224231933815168e-03
5.375000000000000e-01 1.576949758466886e+00 1.251658937015583e-03
5.406250000000000e-01 1.602012384981041e+00 1.278764766356453e-03
5.437500000000001e-01 1.627466135757470e+00 1.306948940968966e-03
5.468750000000000e-01 1.653317225217225e+00 1.334342186555312e-03
5.500000000000000e-01 1.679571964789851e+00 1.362137204178451e-03
5.531250000000000e-01 1.706236764454286e+00 1.388310966407976e-03
5.562500000000000e-01 1.733318134303830e+00 1.413692370654568e-03
5.593750000000001e-01 1.760822686135563e+00 1.435978627933232e-03
5.625000000000000e-01 1.788757135064574e+00 1.455507187038849e-03
5.656250000000000e-01 1.817128301163438e+00 1.469452983460766e-03
5.687500000000000e-01 1.845943111127301e+00 1.477389911339914e-03
5.718750000000000e-01 1.875208599965003e+00 1.475648336448999e-03
5.750000000000001e-01 1.904931912716643e+00 1.462625796244253e-03
5.781250000000000e-01 1.935120306198011e+00 1.433334171838039e-03
5.812500000000000e-01 1.965781150772311e+00 1.384420630385907e-03
5.843750000000000e-01 1.996921932149593e+00 1.308793514077768e-03
5.875000000000000e-01 2.028550253214365e+00 1.200512650789622e-03
5.906250000000001e-01 2.060673835881802e+00 1.049533688799766e-03
5.937500000000000e-01 2.093300522983012e+00 8.464151836783045e-04
5.968750000000000e-01 2.126438280179837e+00 5.771404135941872e-04
6.000000000000001e-01 2.160095197909630e+00 2.279351937527897e-04
6.031250000000000e-01 2.194279493360494e+00 -2.195560832026093e-04
6.062500000000001e-01 2.228999512477486e+00 -7.825644586706491e-04
6.093750000000000e-01 2.264263732000228e+00 -1.480819751343875e-03
6.125000000000000e-01 2.300080761532477e+00 -2.329107285499015e-03
6.156250000000001e-01 2.336459345644116e+00 -3.339854070178179e-03
6.187500000000000e-01 2.373408366006099e+00 -4.514740535812575e-03
6.218750000000001e-01 2.410936843558884e+00 -5.848410230097010e-03
6.250000000000000e-01 2.449053940714840e+00 -7.321524026848479e-03
6.281250000000000e-01 2.487768963595221e+00 -8.907834733376398e-03
6.312500000000001e-01 2.527091364302215e+00 -1.056956143610823e-02
6.343750000000000e-01 2.567030743226622e+00 -1.226727700505426e-02
6.375000000000001e-01 2.607596851391758e+00 -1.395613866113472e-02
6.406250000000000e-01 2.648799592834118e+00 -1.559616045216273e-02
6.437500000000000e-01 2.690649027021411e+00 -1.714750794451532e-02
6.468750000000001e-01 2.733155371308524e+00 -1.857929727922180e-02
6.500000000000000e-01 2.776329003432049e+00 -1.986363084362753e-02
6.531250000000001e-01 2.820180464043967e+00 -2.098250023491901e-02
6.562500000000000e-01 2.864720459285089e+00 -2.192124372606343e-02
6.593750000000000e-01 2.909959863398929e+00 -2.267389177808666e-02
6.625000000000001e-01 2.955909721386590e+00 -2.323688580629010e-02
6.656250000000000e-01 3.002581251703353e+00 -2.361332349222011e-02
6.687500000000001e-01 3.049985848997626e+00 -2.380742456825086e-02
6.718750000000000e-01 3.098135086892879e+00 -2.382799180934964e-02
6.750000000000000e-01 3.147040720813310e+00 -2.368381992737364e-02
6.781250000000001e-01 3.196714690853871e+00 -2.338656820483552e-02
6.812500000000000e-01 3.247169124695383e+00 -2.294709697078913e-02
6.843750000000001e-01 3.298416340565477e+00 -2.237786573054999e-02
6.875000000000000e-01 3.350468850246008e+00 -2.169011299600383e-02
6.906250000000000e-01 3.403339362127777e+00 -2.089583504628102e-02
6.937500000000001e-01 3.457040784313211e+00 -2.000567626799704e-02
6.968750000000000e-01 3.511586227767823e+00 -1.903052383171243e-02
7.000000000000001e-01 3.566989009521205e+00 -1.797997786793104e-02
7.031250000000000e-01 3.623262655918307e+00 -1.686360207309979e-02
7.062500000000000e-01 3.680420905921852e+00 -1.568987254278927e-02
7.093750000000001e-01 3.738477714466631e+00 -1.446710743501556e-02
7.125000000000000e-01 3.797447255866536e+00 -1.320278693616632e-02
7.156250000000001e-01 3.857343927275175e+00 -1.190420365121312e-02
7.187500000000000e-01 3.918182352200844e+00 -1.057806442422436e-02
7.218750000000000e-01 3.979977384076828e+00 -9.230927850142514e-03
7.250000000000001e-01 4.042744109887770e+00 -7.869020563800721e-03
7.281250000000000e-01 4.106497853853101e+00 -6.498524166494192e-03
7.312500000000001e-01 4.171254181168399e+00 -5.125539080234172e-03
7.343750000000000e-01 4.237028901805528e+00 -3.756276449080226e-03
7.375000000000000e-01 4.303838074372613e+00 -2.397110052141411e-03
7.406250000000001e-01 4.371698010034643e+00 -1.054723477057671e-03
7.437500000000000e-01 4.440625276495786e+00 2.637907425069900e-04
7.468750000000001e-01 4.510636702044332e+00 1.550798838294867e-03
7.500000000000000e-01 4.581749379661216e+00 2.798009363770818e-03
7.531250000000000e-01 4.653980671193226e+00 3.996352872029617e-03
7.562500000000001e-01 4.727348211591802e+00 5.135878939697558e-03
7.593750000000000e-01 4.801869913218528e+00 6.205683631023188e-03
7.625000000000001e-01 4.877563970218381e+00 7.193905089159187e-03
7.656250000000000e-01 4.954448862961714e+00 8.087837316090835e-03
7.687500000000000e-01 5.032543362556198e+00 8.874220594504817e-03
7.718750000000001e-01 5.111866535429675e+00 9.539753316762316e-03
7.750000000000000e-01 5.192437747985146e+00 1.007183415767276e-02
7.781250000000001e-01 5.274276671329015e+00 1.045949073087660e-02
7.812500000000000e-01 5.357403286073669e+00 1.069439706059412e-02
7.843750000000000e-01 5.441837887215693e+00 1.077184538994042e-02
7.875000000000001e-01 5.527601089090773e+00 1.069153150781838e-02
7.906250000000000e-01 5.614713830406605e+00 1.045803970750426e-02
7.937500000000001e-01 5.703197379355005e+00 1.008096468526075e-02
7.968750000000000e-01 5.793073338804412e+00 9.574666053004664e-03
8.000000000000000e-01 5.884363651574169e+00 8.957698730884946e-03
8.031250000000001e-01 5.977090605791737e+00 8.251987981767666e-03
8.062500000000000e-01 6.071276840334257e+00 7.481820802594340e-03
8.093750000000001e-01 6.166945350355728e+00 6.672715196980860e-03
8.125000000000000e-01 6.264119492901173e+00 5.850219057637795e-03
8.156250000000000e-01 6.362822992609162e+00 5.038691292927669e-03
8.187500000000001e-01 6.463079947504072e+00 4.260131272653207e-03
8.218750000000000e-01 6.564914834879517e+00 3.533141380590962e-03
8.250000000000001e-01 6.668352517274371e+00 2.872119051161480e-03
8.281250000000000e-01 6.773418248542846e+00 2.286767887408367e-03
8.312500000000000e-01 6.880137680020114e+00 1.781987660648502e-03
8.343750000000001e-01 6.988536866784961e+00 1.358154378390644e-03
8.375000000000000e-01 7.098642274021019e+00 1.011745599923965e-03
8.406250000000001e-01 7.210480783478133e+00 7.362170286067587e-04
8.437500000000000e-01 7.324079700035414e+00 5.230061111326778e-04
8.468750000000000e-01 7.439466758367605e+00 3.625329421798988e-04
8.500000000000001e-01 7.556670129716381e+00 2.450870463985452e-04
8.531250000000000e-01 7.675718428768239e+00 1.615235765188543e-04
8.562500000000001e-01 7.796640720640633e+00 1.037341844125996e-04
8.593750000000000e-01 7.919466527978115e+00 6.489664352751772e-05
8.625000000000000e-01 8.044225838160141e+00 3.953630934974800e-05
8.656250000000001e-01 8.170949110622363e+00 2.344860568983417e-05
8.687500000000000e-01 8.299667284293170e+00 1.353541964869363e-05
8.718750000000001e-01 8.430411785147284e+00 7.602553551705377e-06
8.750000000000000e-01 8.563214533878281e+00 4.154236241932027e-06
8.781250000000000e-01 8.698107953691880e+00 2.207946419537085e-06
8.812500000000001e-01 8.835124978221932e+00 1.141256497061047e-06
8.843750000000000e-01 8.974299059571019e+00 5.736096823356936e-07
8.875000000000001e-01 9.115664176477637e+00 2.803095424371573e-07
8.906250000000000e-01 9.259254842611947e+00 1.331696283180839e-07
8.937500000000000e-01 9.405106115002161e+00 6.150117852103880e-08
8.968750000000001e-01 9.553253602593529e+00 2.760860373923396e-08
9.000000000000000e-01 9.703733474942130e+00 1.204664789615437e-08
9.031250000000001e-01 9.856582471045494e+00 5.108959399057610e-09
9.062500000000000e-01 1.001183790831228e+01 2.105872293809718e-09
9.093750000000000e-01 1.016953769167313e+01 8.436427375322425e-10
9.125000000000001e-01 1.032972032283505e+01 3.284808088034129e-10
9.156250000000000e-01 1.049242490968134e+01 1.243048739882742e-10
9.187500000000001e-01 1.065769117581972e+01 4.571917969463203e-11
9.218750000000000e-01 1.082555947028058e+01 1.634366371164122e-11
9.250000000000000e-01 1.099607077736805e+01 5.678748353004414e-12
9.281250000000001e-01 1.116926672666618e+01 1.917883250041302e-12
9.312500000000000e-01 1.134518960320255e+01 6.296142033128603e-13
9.343750000000001e-01 1.152388235777201e+01 2.009223552676485e-13
9.375000000000000e-01 1.170538861742293e+01 6.233096875602267e-14
9.406250000000000e-01 1.188975269610854e+01 1.879851474120278e-14
9.437500000000001e-01 1.207701960550600e+01 5.512021745827611e-15
9.468750000000000e-01 1.226723506600578e+01 1.571415575040124e-15
9.500000000000001e-01 1.246044551787411e+01 4.356022761810569e-16
9.531250000000000e-01 1.265669813259115e+01 1.174182065700518e-16
9.562500000000000e-01 1.285604082436773e+01 3.077904508722199e-17
9.593750000000001e-01 1.305852226184337e+01 7.846540603520103e-18
9.625000000000000e-01 1.326419187996850e+01 1.945514122377588e-18
9.656250000000001e-01 1.347309989207381e+01 4.691955923651520e-19
9.687500000000000e-01 1.368529730212962e+01 1.100696671588000e-19
9.718750000000000e-01 1.390083591719824e+01 2.511925975595125e-20
9.750000000000001e-01 1.411976836008246e+01 5.577031614314866e-21
9.781250000000000e-01 1.434214808217320e+01 1.204726321354186e-21
9.812500000000001e-01 1.456802937649935e+01 2.532181888935491e-22
9.843750000000000e-01 1.479746739098328e+01 5.179108841643795e-23
9.875000000000000e-01 1.503051814190487e+01 1.030860915627124e-23
9.906250000000001e-01 1.526723852757770e+01 1.997107728834454e-24
9.937500000000000e-01 1.550768634224049e+01 3.757834644681095e-25
9.968750000000001e-01 1.575192029016732e+01 7.360056490084859e-26
1.000000000000000e+00 1.600000000000000e+01 -9.203301233191435e-27
