0.000000000000000e+00 0.000000000000000e+00 1.342909792766281e-04
3.125000000000000e-03 3.369263549427258e-03 1.163650085145458e-04
6.250000000000000e-03 6.739349689698711e-03 1.169461200949481e-04
9.375000000000001e-03 1.011108121249049e-02 1.139147800655133e-04
1.250000000000000e-02 1.348528131119160e-02 1.153481015414889e-04
1.562500000000000e-02 1.686277378188298e-02 1.141651313494702e-04
1.875000000000000e-02 2.024438322446370e-02 1.144348204510735e-04
2.187500000000000e-02 2.363093524397333e-02 1.132837716670740e-04
2.500000000000000e-02 2.702325665215984e-02 1.143088330925494e-04
2.812500000000000e-02 3.042217566934200e-02 1.133576542063706e-04
3.125000000000000e-02 3.382852212661575e-02 1.143181288234046e-04
3.437500000000000e-02 3.724312766845378e-02 1.134438374999562e-04
3.750000000000001e-02 4.066682595574785e-02 1.138951836454930e-04
4.062500000000000e-02 4.410045286934348e-02 1.132434117549259e-04
4.375000000000000e-02 4.754484671411652e-02 1.138174922133417e-04
4.687500000000000e-02 5.100084842364160e-02 1.132885973623287e-04
5.000000000000000e-02 5.446930176550237e-02 1.135963601943076e-04
5.312500000000001e-02 5.795105354729364e-02 1.132407388697961e-04
5.625000000000000e-02 6.144695382336569e-02 1.135687664131677e-04
5.937500000000000e-02 6.495785610236132e-02 1.132441649499449e-04
6.250000000000000e-02 6.848461755559625e-02 1.135874255253627e-04
6.562500000000000e-02 7.202809922633362e-02 1.132992524139423e-04
6.875000000000001e-02 7.558916624000402e-02 1.136419877767277e-04
7.187500000000001e-02 7.916868801542200e-02 1.133085767438932e-04
7.500000000000001e-02 8.276753847705080e-02 1.136921471317156e-04
7.812500000000000e-02 8.638659626836727e-02 1.133226281039072e-04
8.125000000000000e-02 9.002674496637868e-02 1.136151136543184e-04
8.437500000000001e-02 9.368887329734420e-02 1.133293208425989e-04
8.750000000000001e-02 9.737387535375355e-02 1.135868984142663e-04
9.062500000000001e-02 1.010826508126157e-01 1.132575330602191e-04
9.375000000000000e-02 1.048161051551108e-01 1.134802244759931e-04
9.687500000000000e-02 1.085751498876601e-01 1.132517951169040e-04
1.000000000000000e-01 1.123607027644654e-01 1.134352089538320e-04
1.031250000000000e-01 1.161736880115753e-01 1.132570311272124e-04
1.062500000000000e-01 1.200150365525305e-01 1.134565379901588e-04
1.093750000000000e-01 1.238856862356450e-01 1.131499179950480e-04
1.125000000000000e-01 1.277865820629775e-01 1.133731812804487e-04
1.156250000000000e-01 1.317186764210495e-01 1.131304918776312e-04
1.187500000000000e-01 1.356829293133661e-01 1.133745909210638e-04
1.218750000000000e-01 1.396803085947971e-01 1.131277281448146e-04
1.250000000000000e-01 1.437117902078738e-01 1.133849800542312e-04
1.281250000000000e-01 1.477783584210617e-01 1.132564870436243e-04
1.312500000000000e-01 1.518810060690650e-01 1.133524829978838e-04
1.343750000000000e-01 1.560207347952229e-01 1.132093070169081e-04
1.375000000000000e-01 1.601985552960564e-01 1.133415316356011e-04
1.406250000000000e-01 1.644154875680252e-01 1.131951182854165e-04
1.437500000000000e-01 1.686725611565558e-01 1.133415009153022e-04
1.468750000000000e-01 1.729708154074000e-01 1.132253807365038e-04
1.500000000000000e-01 1.773112997203869e-01 1.133129118731980e-04
1.531250000000000e-01 1.816950738056289e-01 1.131720947539287e-04
1.562500000000000e-01 1.861232079422458e-01 1.133131317479940e-04
1.593750000000000e-01 1.905967832396682e-01 1.131703612404579e-04
1.625000000000000e-01 1.951168919015860e-01 1.131998835758271e-04
1.656250000000000e-01 1.996846374926046e-01 1.131269651049357e-04
1.687500000000000e-01 2.043011352076760e-01 1.132064586036315e-04
1.718750000000000e-01 2.089675121443681e-01 1.131425419133854e-04
1.750000000000000e-01 2.136849075780412e-01 1.132382464027549e-04
1.781250000000000e-01 2.184544732399964e-01 1.131403067544621e-04
1.812500000000000e-01 2.232773735986666e-01 1.132583113630055e-04
1.843750000000000e-01 2.281547861439151e-01 1.131662031877019e-04
1.875000000000000e-01 2.330879016745160e-01 1.132553003450725e-04
1.906250000000000e-01 2.380779245888810e-01 1.131503512646797e-04
1.937500000000000e-01 2.431260731791094e-01 1.132673665237984e-04
1.968750000000000e-01 2.482335799284277e-01 1.131400102292156e-04
2.000000000000000e-01 2.534016918120952e-01 1.132785768154322e-04
2.031250000000000e-01 2.586316706018478e-01 1.131500429117095e-04
2.062500000000000e-01 2.639247931739538e-01 1.132690851887343e-04
2.093750000000000e-01 2.692823518209576e-01 1.131558160108892e-04
2.125000000000000e-01 2.747056545671873e-01 1.132854902839727e-04
2.156250000000000e-01 2.801960254881028e-01 1.131628369758871e-04
2.187500000000000e-01 2.857548050335636e-01 1.133230110348843e-04
2.218750000000000e-01 2.913833503550930e-01 1.132225551060260e-04
2.250000000000000e-01 2.970830356372213e-01 1.133640463976099e-04
2.281250000000000e-01 3.028552524329863e-01 1.132869362731774e-04
2.312500000000000e-01 3.087014100036755e-01 1.134053212980212e-04
2.343750000000000e-01 3.146229356628902e-01 1.133649654670673e-04
2.375000000000000e-01 3.206212751250189e-01 1.134555029959060e-04
2.406250000000000e-01 3.266978928582008e-01 1.134227826334105e-04
2.437500000000000e-01 3.328542724418705e-01 1.135041558564017e-04
2.468750000000000e-01 3.390919169289667e-01 1.134994740843309e-04
2.500000000000000e-01 3.454123492128958e-01 1.135815206917133e-04
2.531250000000000e-01 3.518171123993401e-01 1.136347634254825e-04
2.562500000000000e-01 3.583077701830001e-01 1.136687658123905e-04
2.593750000000000e-01 3.648859072293631e-01 1.137139745181934e-04
2.625000000000000e-01 3.715531295615936e-01 1.138318328219983e-04
2.656250000000000e-01 3.783110649526354e-01 1.138498835140768e-04
2.687500000000000e-01 3.851613633226258e-01 1.139693428636975e-04
2.718750000000000e-01 3.921056971417164e-01 1.139879758836991e-04
2.750000000000000e-01 3.991457618383991e-01 1.141563309624098e-04
2.781250000000000e-01 4.062832762134377e-01 1.141773930436315e-04
2.812500000000000e-01 4.135199828595055e-01 1.143709639100104e-04
2.843750000000000e-01 4.208576485866312e-01 1.143730620955536e-04
2.875000000000000e-01 4.282980648535585e-01 1.146094909034816e-04
2.906250000000000e-01 4.358430482051222e-01 1.146176572830011e-04
2.937500000000000e-01 4.434944407157500e-01 1.148591304700439e-04
2.968750000000000e-01 4.512541104391968e-01 1.149157278315642e-04
3.000000000000000e-01 4.591239518646220e-01 1.151640819285290e-04
3.031250000000000e-01 4.671058863791195e-01 1.152717902376478e-04
3.062500000000000e-01 4.752018627368176e-01 1.155123746814206e-04
3.093750000000000e-01 4.834138575346580e-01 1.156922878373907e-04
3.125000000000000e-01 4.917438756949728e-01 1.158939997361428e-04
3.156250000000000e-01 5.001939509549778e-01 1.161195026242854e-04
3.187500000000000e-01 5.087661463633005e-01 1.163409364687487e-04
3.218750000000000e-01 5.174625547836644e-01 1.165911308279822e-04
3.250000000000000e-01 5.262852994058529e-01 1.168699614744200e-04
3.281250000000000e-01 5.352365342640750e-01 1.171649000793202e-04
3.312500000000000e-01 5.443184447628656e-01 1.175052781336636e-04
3.343750000000000e-01 5.535332482106405e-01 1.177570812716301e-04
3.375000000000000e-01 5.628831943610435e-01 1.181791679762146e-04
3.406250000000000e-01 5.723705659622137e-01 1.184691045496440e-04
3.437500000000000e-01 5.819976793141081e-01 1.189483503287998e-04
3.468750000000000e-01 5.917668848340161e-01 1.192568991705764e-04
3.500000000000000e-01 6.016805676304035e-01 1.197822292306184e-04
3.531250000000000e-01 6.117411480852264e-01 1.201816877261254e-04
3.562500000000000e-01 6.219510824448572e-01 1.207263973132776e-04
3.593750000000000e-01 6.323128634197650e-01 1.212188782376330e-04
3.625000000000000e-01 6.428290207931012e-01 1.217687744609104e-04
3.656250000000000e-01 6.535021220383342e-01 1.223462222050492e-04
3.687500000000000e-01 6.643347729460869e-01 1.229418445177472e-04
3.718750000000000e-01 6.753296182603294e-01 1.235823247495403e-04
3.750000000000000e-01 6.864893423240808e-01 1.242759064394341e-04
3.781250000000000e-01 6.978166697347804e-01 1.249623471413653e-04
3.812500000000000e-01 7.093143660094854e-01 1.257580461211979e-04
3.843750000000000e-01 7.209852382600603e-01 1.264905311807208e-04
3.875000000000000e-01 7.328321358785219e-01 1.273680112443323e-04
3.906250000000000e-01 7.448579512327029e-01 1.281792593692209e-04
3.937500000000000e-01 7.570656203724140e-01 1.291396306204162e-04
3.968750000000000e-01 7.694581237462648e-01 1.300589780628469e-04
4.000000000000000e-01 7.820384869293291e-01 1.310970258509905e-04
4.031250000000000e-01 7.948097813618253e-01 1.321120652889117e-04
4.062500000000000e-01 8.077751250989945e-01 1.332323776914266e-04
4.093750000000000e-01 8.209376835723596e-01 1.343424434796713e-04
4.125000000000000e-01 8.343006703625532e-01 1.355743936763920e-04
4.156250000000000e-01 8.478673479838968e-01 1.368071341650532e-04
4.187500000000000e-01 8.616410286809313e-01 1.381250511750195e-04
4.218750000000000e-01 8.756250752370857e-01 1.394772034326401e-04
4.250000000000000e-01 8.898229017956865e-01 1.408860101218883e-04
4.281250000000000e-01 9.042379746935050e-01 1.423433867863937e-04
4.312500000000000e-01 9.188738133070491e-01 1.439181611915798e-04
4.343750000000000e-01 9.337339909118028e-01 1.454574935047550e-04
4.375000000000000e-01 9.488221355546261e-01 1.471671247961727e-04
4.406250000000000e-01 9.641419309395265e-01 1.488226745129098e-04
4.437500000000000e-01 9.796971173270190e-01 1.506363063632196e-04
4.468750000000000e-01 9.954914924472941e-01 1.524777347874995e-04
4.500000000000000e-01 1.011528912427417e+00 1.543767933102107e-04
4.531250000000000e-01 1.027813292732786e+00 1.563323945154545e-04
4.562500000000000e-01 1.044348609123070e+00 1.583945282389194e-04
4.593750000000000e-01 1.061138898622882e+00 1.604899202449372e-04
4.625000000000000e-01 1.078188260507393e+00 1.626692258610854e-04
4.656250000000000e-01 1.095500857303154e+00 1.648829312963966e-04
4.687500000000000e-01 1.113080915804360e+00 1.672348097152504e-04
4.718750000000000e-01 1.130932728104805e+00 1.695708895464856e-04
4.750000000000000e-01 1.149060652645771e+00 1.720536198131014e-04
4.781250000000000e-01 1.167469115280130e+00 1.745488614633889e-04
4.812500000000000e-01 1.186162610352890e+00 1.771538248976201e-04
4.843750000000000e-01 1.205145701798475e+00 1.798083850625779e-04
4.875000000000000e-01 1.224423024254985e+00 1.825479311695504e-04
4.906250000000000e-01 1.243999284195726e+00 1.853481275545355e-04
4.937500000000000e-01 1.263879261078271e+00 1.882462204916686e-04
4.968750000000000e-01 1.284067808511348e+00 1.911807653389851e-04
5.000000000000000e-01 1.304569855439823e+00 1.942479540238460e-04
5.031250000000000e-01 1.325390407348082e+00 1.973313096407048e-04
5.062500000000000e-01 1.346534547482100e+00 2.005574702274725e-04
5.093750000000000e-01 1.368007438090487e+00 2.038198014811087e-04
5.125000000000001e-01 1.389814321684837e+00 2.071986528161191e-04
5.156250000000000e-01 1.411960522319654e+00 2.106564942066344e-04
5.187500000000000e-01 1.434451446892208e+00 2.142148111196083e-04
5.218750000000000e-01 1.457292586462593e+00 2.178597438003261e-04
5.250000000000000e-01 1.480489517594354e+00 2.216450836429592e-04
5.281250000000001e-01 1.504047903715979e+00 2.254875569878209e-04
5.312500000000000e-01 1.527973496503592e+00 2.295148426201150e-04
5.343750000000000e-01 1.552272137285215e+00 2.336185318889913e-04
5.375000000000000e-01 1.576949758466886e+00 2.378874633265956e-04
5.406250000000000e-01 1.602012384981041e+00 2.423026467835185e-04
5.437500000000001e-01 1.627466135757470e+00 2.468791563901558e-04
5.468750000000000e-01 1.653317225217225e+00 2.516139133104819e-04
5.500000000000000e-01 1.679571964789851e+00 2.565835846602245e-04
5.531250000000000e-01 1.706236764454286e+00 2.617052196469222e-04
5.562500000000000e-01 1.733318134303830e+00 2.671021017599942e-04
5.593750000000001e-01 1.760822686135563e+00 2.727210560292560e-04
5.625000000000000e-01 1.788757135064574e+00 2.786211385682956e-04
5.656250000000000e-01 1.817128301163438e+00 2.848086516036305e-04
5.687500000000000e-01 1.845943111127301e+00 2.913393803306399e-04
5.718750000000000e-01 1.875208599965003e+00 2.981947062234707e-04
5.750000000000001e-01 1.904931912716643e+00 3.054756708145114e-04
5.781250000000000e-01 1.935120306198011e+00 3.131401673429065e-04
5.812500000000000e-01 1.965781150772311e+00 3.213020021603625e-04
5.843750000000000e-01 1.996921932149593e+00 3.299546664549240e-04
5.875000000000000e-01 2.028550253214365e+00 3.391596600573982e-04
5.906250000000001e-01 2.060673835881802e+00 3.489612443272753e-04
5.937500000000000e-01 2.093300522983012e+00 3.594609659319979e-04
5.968750000000000e-01 2.126438280179837e+00 3.706262462881616e-04
6.000000000000001e-01 2.160095197909630e+00 3.826084220945302e-04
6.031250000000000e-01 2.194279493360494e+00 3.954507867552817e-04
6.062500000000001e-01 2.228999512477486e+00 4.092268900324038e-04
6.093750000000000e-01 2.264263732000228e+00 4.239917675419298e-04
6.125000000000000e-01 2.300080761532477e+00 4.399017174658339e-04
6.156250000000001e-01 2.336459345644116e+00 4.569961201818277e-04
6.187500000000000e-01 2.373408366006099e+00 4.754272656739386e-04
6.218750000000001e-01 2.410936843558884e+00 4.952470915271698e-04
6.250000000000000e-01 2.449053940714840e+00 5.165808999482986e-04
6.281250000000000e-01 2.487768963595221e+00 5.395715675302963e-04
6.312500000000001e-01 2.527091364302215e+00 5.644022987841930e-04
6.343750000000000e-01 2.567030743226622e+00 5.910030046498081e-04
6.375000000000001e-01 2.607596851391758e+00 6.194161347215930e-04
6.406250000000000e-01 2.648799592834118e+00 6.498141099596681e-04
6.437500000000000e-01 2.690649027021411e+00 6.823546215484077e-04
6.468750000000001e-01 2.733155371308524e+00 7.166629226377546e-04
6.500000000000000e-01 2.776329003432049e+00 7.520678092812364e-04
6.531250000000001e-01 2.820180464043967e+00 7.879703734369674e-04
6.562500000000000e-01 2.864720459285089e+00 8.241264769070337e-04
6.593750000000000e-01 2.909959863398929e+00 8.595655777635366e-04
6.625000000000001e-01 2.955909721386590e+00 8.912891524631722e-04
6.656250000000000e-01 3.002581251703353e+00 9.139642450136647e-04
6.687500000000001e-01 3.049985848997626e+00 9.216885604094588e-04
6.718750000000000e-01 3.098135086892879e+00 9.091460546607164e-04
6.750000000000000e-01 3.147040720813310e+00 8.696920529991134e-04
6.781250000000001e-01 3.196714690853871e+00 7.893305346765710e-04
6.812500000000000e-01 3.247169124695383e+00 6.403381669935422e-04
6.843750000000001e-01 3.298416340565477e+00 3.789479026582419e-04
6.875000000000000e-01 3.350468850246008e+00 -4.908415956777001e-05
6.906250000000000e-01 3.403339362127777e+00 -6.962907591952429e-04
6.937500000000001e-01 3.457040784313211e+00 -1.598557033956914e-03
6.968750000000000e-01 3.511586227767823e+00 -2.763842638909473e-03
7.000000000000001e-01 3.566989009521205e+00 -4.167739434543285e-03
7.031250000000000e-01 3.623262655918307e+00 -5.757044673547587e-03
7.062500000000000e-01 3.680420905921852e+00 -7.458719090128922e-03
7.093750000000001e-01 3.738477714466631e+00 -9.191241568116137e-03
7.125000000000000e-01 3.797447255866536e+00 -1.087514812028507e-02
7.156250000000001e-01 3.857343927275175e+00 -1.244090873416528e-02
7.187500000000000e-01 3.918182352200844e+00 -1.383342452702868e-02
7.218750000000000e-01 3.979977384076828e+00 -1.501359680823265e-02
7.250000000000001e-01 4.042744109887770e+00 -1.595765406868406e-02
7.281250000000000e-01 4.106497853853101e+00 -1.665527319841982e-02
7.312500000000001e-01 4.171254181168399e+00 -1.710694139991416e-02
7.343750000000000e-01 4.237028901805528e+00 -1.732131388617630e-02
7.375000000000000e-01 4.303838074372613e+00 -1.731263450648819e-02
7.406250000000001e-01 4.371698010034643e+00 -1.709866496757415e-02
7.437500000000000e-01 4.440625276495786e+00 -1.669895343441254e-02
7.468750000000001e-01 4.510636702044332e+00 -1.613362779872458e-02
7.500000000000000e-01 4.581749379661216e+00 -1.542245807213280e-02
7.531250000000000e-01 4.653980671193226e+00 -1.458431138273323e-02
7.562500000000001e-01 4.727348211591802e+00 -1.363678370628127e-02
7.593750000000000e-01 4.801869913218528e+00 -1.259608910833144e-02
7.625000000000001e-01 4.877563970218381e+00 -1.147704018019367e-02
7.656250000000000e-01 4.954448862961714e+00 -1.029318126280599e-02
7.687500000000000e-01 5.032543362556198e+00 -9.056913734245766e-03
7.718750000000001e-01 5.111866535429675e+00 -7.779726652390331e-03
7.750000000000000e-01 5.192437747985146e+00 -6.472363474246979e-03
7.781250000000001e-01 5.274276671329015e+00 -5.145088020789765e-03
7.812500000000000e-01 5.357403286073669e+00 -3.807902100778793e-03
7.843750000000000e-01 5.441837887215693e+00 -2.470835426146537e-03
7.875000000000001e-01 5.527601089090773e+00 -1.144191776256332e-03
7.906250000000000e-01 5.614713830406605e+00 1.611807172880239e-04
7.937500000000001e-01 5.703197379355005e+00 1.433620915474476e-03
7.968750000000000e-01 5.793073338804412e+00 2.660321376423852e-03
8.000000000000000e-01 5.884363651574169e+00 3.826947023166450e-03
8.031250000000001e-01 5.977090605791737e+00 4.917281657613652e-03
8.062500000000000e-01 6.071276840334257e+00 5.913092979894504e-03
8.093750000000001e-01 6.166945350355728e+00 6.794445881347241e-03
8.125000000000000e-01 6.264119492901173e+00 7.540640945222670e-03
8.156250000000000e-01 6.362822992609162e+00 8.131793608988797e-03
8.187500000000001e-01 6.463079947504072e+00 8.550865467446990e-03
8.218750000000000e-01 6.564914834879517e+00 8.785796565859682e-03
8.250000000000001e-01 6.668352517274371e+00 8.831337408029648e-03
8.281250000000000e-01 6.773418248542846e+00 8.690255361750474e-03
8.312500000000000e-01 6.880137680020114e+00 8.373746784082302e-03
8.343750000000001e-01 6.988536866784961e+00 7.901048392160827e-03
8.375000000000000e-01 7.098642274021019e+00 7.298349500756085e-03
8.406250000000001e-01 7.210480783478133e+00 6.597146136848957e-03
8.437500000000000e-01 7.324079700035414e+00 5.832177242270200e-03
8.468750000000000e-01 7.439466758367605e+00 5.039085577109005e-03
8.500000000000001e-01 7.556670129716381e+00 4.251977076400127e-03
8.531250000000000e-01 7.675718428768239e+00 3.501103911503569e-03
8.562500000000001e-01 7.796640720640633e+00 2.810933962343671e-03
8.593750000000000e-01 7.919466527978115e+00 2.198855847502980e-03
8.625000000000000e-01 8.044225838160141e+00 1.674687696469398e-03
8.656250000000001e-01 8.170949110622363e+00 1.241023690237652e-03
8.687500000000000e-01 8.299667284293170e+00 8.943032242276089e-04
8.718750000000001e-01 8.430411785147284e+00 6.263678750791941e-04
8.750000000000000e-01 8.563214533878281e+00 4.262134180435779e-04
8.781250000000000e-01 8.698107953691880e+00 2.816569816311222e-04
8.812500000000001e-01 8.835124978221932e+00 1.807090398311959e-04
8.843750000000000e-01 8.974299059571019e+00 1.125382369896564e-04
8.875000000000001e-01 9.115664176477637e+00 6.801397193578316e-05
8.906250000000000e-01 9.259254842611947e+00 3.988506666176143e-05
8.937500000000000e-01 9.405106115002161e+00 2.269290216821449e-05
8.968750000000001e-01 9.553253602593529e+00 1.252580193324027e-05
9.000000000000000e-01 9.703733474942130e+00 6.707149769318518e-06
9.031250000000001e-01 9.856582471045494e+00 3.484013661821676e-06
9.062500000000000e-01 1.001183790831228e+01 1.755630916542914e-06
9.093750000000000e-01 1.016953769167313e+01 8.582398322700805e-07
9.125000000000001e-01 1.032972032283505e+01 4.070277164344304e-07
9.156250000000000e-01 1.049242490968134e+01 1.872850815080212e-07
9.187500000000001e-01 1.065769117581972e+01 8.361334689575758e-08
9.218750000000000e-01 1.082555947028058e+01 3.622222514196761e-08
9.250000000000000e-01 1.099607077736805e+01 1.522788013456624e-08
9.281250000000001e-01 1.116926672666618e+01 6.213116867158070e-09
9.312500000000000e-01 1.134518960320255e+01 2.460531809865412e-09
9.343750000000001e-01 1.152388235777201e+01 9.458966788868367e-10
9.375000000000000e-01 1.170538861742293e+01 3.530216634208000e-10
9.406250000000000e-01 1.188975269610854e+01 1.279237246594953e-10
9.437500000000001e-01 1.207701960550600e+01 4.501354383948004e-11
9.468750000000000e-01 1.226723506600578e+01 1.538256807985055e-11
9.500000000000001e-01 1.246044551787411e+01 5.105753119923067e-12
9.531250000000000e-01 1.265669813259115e+01 1.646221710556660e-12
9.562500000000000e-01 1.285604082436773e+01 5.156640541939925e-13
9.593750000000001e-01 1.305852226184337e+01 1.569451793268215e-13
9.625000000000000e-01 1.326419187996850e+01 4.641776448801101e-14
9.656250000000001e-01 1.347309989207381e+01 1.334221570880516e-14
9.687500000000000e-01 1.368529730212962e+01 3.727617326186348e-15
9.718750000000000e-01 1.390083591719824e+01 1.012385952559439e-15
9.750000000000001e-01 1.411976836008246e+01 2.673152405013479e-16
9.781250000000000e-01 1.434214808217320e+01 6.863017178361345e-17
9.812500000000001e-01 1.456802937649935e+01 1.713446790948184e-17
9.843750000000000e-01 1.479746739098328e+01 4.160451018688284e-18
9.875000000000000e-01 1.503051814190487e+01 9.825851676597552e-19
9.906250000000001e-01 1.526723852757770e+01 2.257792828862382e-19
9.937500000000000e-01 1.550768634224049e+01 5.032510670637800e-20
9.968750000000001e-01 1.575192029016732e+01 1.164798648980267e-20
1.000000000000000e+00 1.600000000000000e+01 -5.388404151269889e-22
