0.000000000000000e+00 0.000000000000000e+00 3.491445951272862e-04
3.125000000000000e-03 3.369263549427258e-03 3.312186244122219e-04
6.250000000000000e-03 6.739349689698711e-03 3.373401783278956e-04
9.375000000000001e-03 1.011108121249049e-02 3.349905148904051e-04
1.250000000000000e-02 1.348528131119160e-02 3.351668553803646e-04
1.562500000000000e-02 1.686277378188298e-02 3.335937845092441e-04
1.875000000000000e-02 2.024438322446370e-02 3.350384266989705e-04
2.187500000000000e-02 2.363093524397333e-02 3.336113823446095e-04
2.500000000000000e-02 2.702325665215984e-02 3.347190576047985e-04
2.812500000000000e-02 3.042217566934200e-02 3.338729230722738e-04
3.125000000000000e-02 3.382852212661575e-02 3.348687233410751e-04
3.437500000000000e-02 3.724312766845378e-02 3.339402893781313e-04
3.750000000000001e-02 4.066682595574785e-02 3.347235834989230e-04
4.062500000000000e-02 4.410045286934348e-02 3.340352730750764e-04
4.375000000000000e-02 4.754484671411652e-02 3.345685532023946e-04
4.687500000000000e-02 5.100084842364160e-02 3.341287343492585e-04
5.000000000000000e-02 5.446930176550237e-02 3.345415697744503e-04
5.312500000000001e-02 5.795105354729364e-02 3.341182877551707e-04
5.625000000000000e-02 6.144695382336569e-02 3.345129618829138e-04
5.937500000000000e-02 6.495785610236132e-02 3.341197585804104e-04
6.250000000000000e-02 6.848461755559625e-02 3.346120544404550e-04
6.562500000000000e-02 7.202809922633362e-02 3.341952719222458e-04
6.875000000000001e-02 7.558916624000402e-02 3.345510032602642e-04
7.187500000000001e-02 7.916868801542200e-02 3.343362086662344e-04
7.500000000000001e-02 8.276753847705080e-02 3.345468588034152e-04
7.812500000000000e-02 8.638659626836727e-02 3.343785725830631e-04
8.125000000000000e-02 9.002674496637868e-02 3.346619073876315e-04
8.437500000000001e-02 9.368887329734420e-02 3.345302842603980e-04
8.750000000000001e-02 9.737387535375355e-02 3.347387402404931e-04
9.062500000000001e-02 1.010826508126157e-01 3.345693125318194e-04
9.375000000000000e-02 1.048161051551108e-01 3.348191686024875e-04
9.687500000000000e-02 1.085751498876601e-01 3.345727718260429e-04
1.000000000000000e-01 1.123607027644654e-01 3.349405902734411e-04
1.031250000000000e-01 1.161736880115753e-01 3.347671466754797e-04
1.062500000000000e-01 1.200150365525305e-01 3.349642848754853e-04
1.093750000000000e-01 1.238856862356450e-01 3.348794747799328e-04
1.125000000000000e-01 1.277865820629775e-01 3.351188429605571e-04
1.156250000000000e-01 1.317186764210495e-01 3.350082229836470e-04
1.187500000000000e-01 1.356829293133661e-01 3.351731372321635e-04
1.218750000000000e-01 1.396803085947971e-01 3.350672618408796e-04
1.250000000000000e-01 1.437117902078738e-01 3.353629174797323e-04
1.281250000000000e-01 1.477783584210617e-01 3.352321493561511e-04
1.312500000000000e-01 1.518810060690650e-01 3.355466392204301e-04
1.343750000000000e-01 1.560207347952229e-01 3.353773413196661e-04
1.375000000000000e-01 1.601985552960564e-01 3.356641264846044e-04
1.406250000000000e-01 1.644154875680252e-01 3.355892571446384e-04
1.437500000000000e-01 1.686725611565558e-01 3.358163804515017e-04
1.468750000000000e-01 1.729708154074000e-01 3.357559521463999e-04
1.500000000000000e-01 1.773112997203869e-01 3.360515372692022e-04
1.531250000000000e-01 1.816950738056289e-01 3.359356139633272e-04
1.562500000000000e-01 1.861232079422458e-01 3.362480657081547e-04
1.593750000000000e-01 1.905967832396682e-01 3.362312673402470e-04
1.625000000000000e-01 1.951168919015860e-01 3.364383185658301e-04
1.656250000000000e-01 1.996846374926046e-01 3.364556597464093e-04
1.687500000000000e-01 2.043011352076760e-01 3.366531810623229e-04
1.718750000000000e-01 2.089675121443681e-01 3.367184924377263e-04
1.750000000000000e-01 2.136849075780412e-01 3.369427678153340e-04
1.781250000000000e-01 2.184544732399964e-01 3.369870728608193e-04
1.812500000000000e-01 2.232773735986666e-01 3.372139019524577e-04
1.843750000000000e-01 2.281547861439151e-01 3.372817528584778e-04
1.875000000000000e-01 2.330879016745160e-01 3.375070437738409e-04
1.906250000000000e-01 2.380779245888810e-01 3.376212331106266e-04
1.937500000000000e-01 2.431260731791094e-01 3.378542852638338e-04
1.968750000000000e-01 2.482335799284277e-01 3.379817322407015e-04
2.000000000000000e-01 2.534016918120952e-01 3.382301676370873e-04
2.031250000000000e-01 2.586316706018478e-01 3.383353532961264e-04
2.062500000000000e-01 2.639247931739538e-01 3.386299083546241e-04
2.093750000000000e-01 2.692823518209576e-01 3.387150375046760e-04
2.125000000000000e-01 2.747056545671873e-01 3.390376674954508e-04
2.156250000000000e-01 2.801960254881028e-01 3.391225368823474e-04
2.187500000000000e-01 2.857548050335636e-01 3.395139662808790e-04
2.218750000000000e-01 2.913833503550930e-01 3.396328213908261e-04
2.250000000000000e-01 2.970830356372213e-01 3.400152501849978e-04
2.281250000000000e-01 3.028552524329863e-01 3.401453471234668e-04
2.312500000000000e-01 3.087014100036755e-01 3.405709288847453e-04
2.343750000000000e-01 3.146229356628902e-01 3.407476058062281e-04
2.375000000000000e-01 3.206212751250189e-01 3.411145655407177e-04
2.406250000000000e-01 3.266978928582008e-01 3.413513453188430e-04
2.437500000000000e-01 3.328542724418705e-01 3.417261598779982e-04
2.468750000000000e-01 3.390919169289667e-01 3.420086923007141e-04
2.500000000000000e-01 3.454123492128958e-01 3.423969690497623e-04
2.531250000000000e-01 3.518171123993401e-01 3.427560866000116e-04
2.562500000000000e-01 3.583077701830001e-01 3.431478264522801e-04
2.593750000000000e-01 3.648859072293631e-01 3.435488187983311e-04
2.625000000000000e-01 3.715531295615936e-01 3.439709509341323e-04
2.656250000000000e-01 3.783110649526354e-01 3.443507066141211e-04
2.687500000000000e-01 3.851613633226258e-01 3.448406705545635e-04
2.718750000000000e-01 3.921056971417164e-01 3.452493618999361e-04
2.750000000000000e-01 3.991457618383991e-01 3.458093080897041e-04
2.781250000000000e-01 4.062832762134377e-01 3.462254231849463e-04
2.812500000000000e-01 4.135199828595055e-01 3.468772786572988e-04
2.843750000000000e-01 4.208576485866312e-01 3.472914415896328e-04
2.875000000000000e-01 4.282980648535585e-01 3.479868366567397e-04
2.906250000000000e-01 4.358430482051222e-01 3.484954967767250e-04
2.937500000000000e-01 4.434944407157500e-01 3.492130177277125e-04
2.968750000000000e-01 4.512541104391968e-01 3.497865054274745e-04
3.000000000000000e-01 4.591239518646220e-01 3.504978647560838e-04
3.031250000000000e-01 4.671058863791195e-01 3.511851198663875e-04
3.062500000000000e-01 4.752018627368176e-01 3.519360247358802e-04
3.093750000000000e-01 4.834138575346580e-01 3.527141554996785e-04
3.125000000000000e-01 4.917438756949728e-01 3.535159126082093e-04
3.156250000000000e-01 5.001939509549778e-01 3.543495920756205e-04
3.187500000000000e-01 5.087661463633005e-01 3.552398133559381e-04
3.218750000000000e-01 5.174625547836644e-01 3.561080177862829e-04
3.250000000000000e-01 5.262852994058529e-01 3.571176487531510e-04
3.281250000000000e-01 5.352365342640750e-01 3.580325043768641e-04
3.312500000000000e-01 5.443184447628656e-01 3.591644128747922e-04
3.343750000000000e-01 5.535332482106405e-01 3.601632157783497e-04
3.375000000000000e-01 5.628831943610435e-01 3.613697050946529e-04
3.406250000000000e-01 5.723705659622137e-01 3.624833702632573e-04
3.437500000000000e-01 5.819976793141081e-01 3.637469073983988e-04
3.468750000000000e-01 5.917668848340161e-01 3.649954365767556e-04
3.500000000000000e-01 6.016805676304035e-01 3.663566663580101e-04
3.531250000000000e-01 6.117411480852264e-01 3.677348447102927e-04
3.562500000000000e-01 6.219510824448572e-01 3.692161079165510e-04
3.593750000000000e-01 6.323128634197650e-01 3.707036034216881e-04
3.625000000000000e-01 6.428290207931012e-01 3.723115785965451e-04
3.656250000000000e-01 6.535021220383342e-01 3.739260960206790e-04
3.687500000000000e-01 6.643347729460869e-01 3.756849689346311e-04
3.718750000000000e-01 6.753296182603294e-01 3.774547910883971e-04
3.750000000000000e-01 6.864893423240808e-01 3.793576193626574e-04
3.781250000000000e-01 6.978166697347804e-01 3.812676206237016e-04
3.812500000000000e-01 7.093143660094854e-01 3.833425800051669e-04
3.843750000000000e-01 7.209852382600603e-01 3.854043412355266e-04
3.875000000000000e-01 7.328321358785219e-01 3.876896695709066e-04
3.906250000000000e-01 7.448579512327029e-01 3.899446578658502e-04
3.937500000000000e-01 7.570656203724140e-01 3.923721017879170e-04
3.968750000000000e-01 7.694581237462648e-01 3.948604556657193e-04
4.000000000000000e-01 7.820384869293291e-01 3.974649117878831e-04
4.031250000000000e-01 7.948097813618253e-01 4.001887607628490e-04
4.062500000000000e-01 8.077751250989945e-01 4.030342668462604e-04
4.093750000000000e-01 8.209376835723596e-01 4.059321359684826e-04
4.125000000000000e-01 8.343006703625532e-01 4.090509969374158e-04
4.156250000000000e-01 8.478673479838968e-01 4.122131540793542e-04
4.187500000000000e-01 8.616410286809313e-01 4.155679229459040e-04
4.218750000000000e-01 8.756250752370857e-01 4.189822539223868e-04
4.250000000000000e-01 8.898229017956865e-01 4.226329533606715e-04
4.281250000000000e-01 9.042379746935050e-01 4.263519614781965e-04
4.312500000000000e-01 9.188738133070491e-01 4.302632437425074e-04
4.343750000000000e-01 9.337339909118028e-01 4.343133174082029e-04
4.375000000000000e-01 9.488221355546261e-01 4.385415319311011e-04
4.406250000000000e-01 9.641419309395265e-01 4.429152253383795e-04
4.437500000000000e-01 9.796971173270190e-01 4.475024569297674e-04
4.468750000000000e-01 9.954914924472941e-01 4.522143992313096e-04
4.500000000000000e-01 1.011528912427417e+00 4.571889224083252e-04
4.531250000000000e-01 1.027813292732786e+00 4.622787468671009e-04
4.562500000000000e-01 1.044348609123070e+00 4.676460548557452e-04
4.593750000000000e-01 1.061138898622882e+00 4.731689160760139e-04
4.625000000000000e-01 1.078188260507393e+00 4.789448432835173e-04
4.656250000000000e-01 1.095500857303154e+00 4.849321237860024e-04
4.687500000000000e-01 1.113080915804360e+00 4.911702329905653e-04
4.718750000000000e-01 1.130932728104805e+00 4.976318382217867e-04
4.750000000000000e-01 1.149060652645771e+00 5.043955082618252e-04
4.781250000000000e-01 1.167469115280130e+00 5.113659559517163e-04
4.812500000000000e-01 1.186162610352890e+00 5.186885330653976e-04
4.843750000000000e-01 1.205145701798475e+00 5.262421926450235e-04
4.875000000000000e-01 1.224423024254985e+00 5.341480847721545e-04
4.906250000000000e-01 1.243999284195726e+00 5.423531949801417e-04
4.937500000000000e-01 1.263879261078271e+00 5.509089963826872e-04
4.968750000000000e-01 1.284067808511348e+00 5.598052280432453e-04
5.000000000000000e-01 1.304569855439823e+00 5.691078377573837e-04
5.031250000000000e-01 1.325390407348082e+00 5.787547505703383e-04
5.062500000000000e-01 1.346534547482100e+00 5.888799605791673e-04
5.093750000000000e-01 1.368007438090487e+00 5.993889517867822e-04
5.125000000000001e-01 1.389814321684837e+00 6.104024733558957e-04
5.156250000000000e-01 1.411960522319654e+00 6.218915574947564e-04
5.187500000000000e-01 1.434451446892208e+00 6.339117183840943e-04
5.218750000000000e-01 1.457292586462593e+00 6.464711090233112e-04
5.250000000000000e-01 1.480489517594354e+00 6.596586001200591e-04
5.281250000000001e-01 1.504047903715979e+00 6.734180472268814e-04
5.312500000000000e-01 1.527973496503592e+00 6.879003395289907e-04
5.343750000000000e-01 1.552272137285215e+00 7.030571355500015e-04
5.375000000000000e-01 1.576949758466886e+00 7.189813288376262e-04
5.406250000000000e-01 1.602012384981041e+00 7.357008856531002e-04
5.437500000000001e-01 1.627466135757470e+00 7.532922493469328e-04
5.468750000000000e-01 1.653317225217225e+00 7.717447587287482e-04
5.500000000000000e-01 1.679571964789851e+00 7.911987392519873e-04
5.531250000000000e-01 1.706236764454286e+00 8.116151431563360e-04
5.562500000000000e-01 1.733318134303830e+00 8.331048782361207e-04
5.593750000000001e-01 1.760822686135563e+00 8.556762569554188e-04
5.625000000000000e-01 1.788757135064574e+00 8.793833607446394e-04
5.656250000000000e-01 1.817128301163438e+00 9.042102549103402e-04
5.687500000000000e-01 1.845943111127301e+00 9.302316240498570e-04
5.718750000000000e-01 1.875208599965003e+00 9.573273212665062e-04
5.750000000000001e-01 1.904931912716643e+00 9.854955326664458e-04
5.781250000000000e-01 1.935120306198011e+00 1.014601423476134e-03
5.812500000000000e-01 1.965781150772311e+00 1.044463162047448e-03
5.843750000000000e-01 1.996921932149593e+00 1.074730278331089e-03
5.875000000000000e-01 2.028550253214365e+00 1.105060390970582e-03
5.906250000000001e-01 2.060673835881802e+00 1.134789521015944e-03
5.937500000000000e-01 2.093300522983012e+00 1.163107777829158e-03
5.968750000000000e-01 2.126438280179837e+00 1.188824276963496e-03
6.000000000000001e-01 2.160095197909630e+00 1.210389700987556e-03
6.031250000000000e-01 2.194279493360494e+00 1.225635302238534e-03
6.062500000000001e-01 2.228999512477486e+00 1.231827706382406e-03
6.093750000000000e-01 2.264263732000228e+00 1.225161585738489e-03
6.125000000000000e-01 2.300080761532477e+00 1.200636557708198e-03
6.156250000000001e-01 2.336459345644116e+00 1.151667809451695e-03
6.187500000000000e-01 2.373408366006099e+00 1.069940572432030e-03
6.218750000000001e-01 2.410936843558884e+00 9.447560301676377e-04
6.250000000000000e-01 2.449053940714840e+00 7.626048732489862e-04
6.281250000000000e-01 2.487768963595221e+00 5.061433433743909e-04
6.312500000000001e-01 2.527091364302215e+00 1.537221914908236e-04
6.343750000000000e-01 2.567030743226622e+00 -3.203325135571647e-04
6.375000000000001e-01 2.607596851391758e+00 -9.432031233542239e-04
6.406250000000000e-01 2.648799592834118e+00 -1.739636465242789e-03
6.437500000000000e-01 2.690649027021411e+00 -2.726544657089993e-03
6.468750000000001e-01 2.733155371308524e+00 -3.908317894710875e-03
6.500000000000000e-01 2.776329003432049e+00 -5.273521171749897e-03
6.531250000000001e-01 2.820180464043967e+00 -6.794772496333159e-03
6.562500000000000e-01 2.864720459285089e+00 -8.431062961971375e-03
6.593750000000000e-01 2.909959863398929e+00 -1.013218911903802e-02
6.625000000000001e-01 2.955909721386590e+00 -1.184389239494214e-02
6.656250000000000e-01 3.002581251703353e+00 -1.351285275070268e-02
6.687500000000001e-01 3.049985848997626e+00 -1.509069303052951e-02
6.718750000000000e-01 3.098135086892879e+00 -1.653661792088480e-02
6.750000000000000e-01 3.147040720813310e+00 -1.781868512517762e-02
6.781250000000001e-01 3.196714690853871e+00 -1.891410278745354e-02
6.812500000000000e-01 3.247169124695383e+00 -1.980867068960212e-02
6.843750000000001e-01 3.298416340565477e+00 -2.049585746906941e-02
6.875000000000000e-01 3.350468850246008e+00 -2.097543949768542e-02
6.906250000000000e-01 3.403339362127777e+00 -2.125226111658119e-02
6.937500000000001e-01 3.457040784313211e+00 -2.133491770725564e-02
6.968750000000000e-01 3.511586227767823e+00 -2.123473997288627e-02
7.000000000000001e-01 3.566989009521205e+00 -2.096476041469511e-02
7.031250000000000e-01 3.623262655918307e+00 -2.053897883149293e-02
7.062500000000000e-01 3.680420905921852e+00 -1.997167810627418e-02
7.093750000000001e-01 3.738477714466631e+00 -1.927702517038555e-02
7.125000000000000e-01 3.797447255866536e+00 -1.846872000695754e-02
7.156250000000001e-01 3.857343927275175e+00 -1.755984389062777e-02
7.187500000000000e-01 3.918182352200844e+00 -1.656269035773984e-02
7.218750000000000e-01 3.979977384076828e+00 -1.548874448870438e-02
7.250000000000001e-01 4.042744109887770e+00 -1.434864776572068e-02
7.281250000000000e-01 4.106497853853101e+00 -1.315227466852674e-02
7.312500000000001e-01 4.171254181168399e+00 -1.190878044561647e-02
7.343750000000000e-01 4.237028901805528e+00 -1.062673859063018e-02
7.375000000000000e-01 4.303838074372613e+00 -9.314202681272862e-03
7.406250000000001e-01 4.371698010034643e+00 -7.978868979920692e-03
7.437500000000000e-01 4.440625276495786e+00 -6.628145365593871e-03
7.468750000000001e-01 4.510636702044332e+00 -5.269319529808667e-03
7.500000000000000e-01 4.581749379661216e+00 -3.909656669935773e-03
7.531250000000000e-01 4.653980671193226e+00 -2.556569083480109e-03
7.562500000000001e-01 4.727348211591802e+00 -1.217750461672483e-03
7.593750000000000e-01 4.801869913218528e+00 9.865309387636112e-05
7.625000000000001e-01 4.877563970218381e+00 1.383887533941338e-03
7.656250000000000e-01 4.954448862961714e+00 2.628422200284147e-03
7.687500000000000e-01 5.032543362556198e+00 3.821786883922009e-03
7.718750000000001e-01 5.111866535429675e+00 4.952416678369851e-03
7.750000000000000e-01 5.192437747985146e+00 6.007544945324578e-03
7.781250000000001e-01 5.274276671329015e+00 6.973209514788869e-03
7.812500000000000e-01 5.357403286073669e+00 7.834463838906772e-03
7.843750000000000e-01 5.441837887215693e+00 8.575877613294692e-03
7.875000000000001e-01 5.527601089090773e+00 9.182367142660510e-03
7.906250000000000e-01 5.614713830406605e+00 9.640318203914082e-03
7.937500000000001e-01 5.703197379355005e+00 9.938878658104309e-03
7.968750000000000e-01 5.793073338804412e+00 1.007123496988834e-02
8.000000000000000e-01 5.884363651574169e+00 1.003567045279460e-02
8.031250000000001e-01 5.977090605791737e+00 9.836239546986980e-03
8.062500000000000e-01 6.071276840334257e+00 9.482967157618077e-03
8.093750000000001e-01 6.166945350355728e+00 8.991566659972854e-03
8.125000000000000e-01 6.264119492901173e+00 8.382736093648755e-03
8.156250000000000e-01 6.362822992609162e+00 7.681123773563330e-03
8.187500000000001e-01 6.463079947504072e+00 6.914055206014411e-03
8.218750000000000e-01 6.564914834879517e+00 6.110100232728952e-03
8.250000000000001e-01 6.668352517274371e+00 5.297552814110264e-03
8.281250000000000e-01 6.773418248542846e+00 4.502906716224339e-03
8.312500000000000e-01 6.880137680020114e+00 3.749434712142052e-03
8.343750000000001e-01 6.988536866784961e+00 3.056001056667123e-03
8.375000000000000e-01 7.098642274021019e+00 2.436238510971817e-03
8.406250000000001e-01 7.210480783478133e+00 1.898190813030829e-03
8.437500000000000e-01 7.324079700035414e+00 1.444460911602509e-03
8.468750000000000e-01 7.439466758367605e+00 1.072828609666583e-03
8.500000000000001e-01 7.556670129716381e+00 7.772290790833167e-04
8.531250000000000e-01 7.675718428768239e+00 5.489350140877407e-04
8.562500000000001e-01 7.796640720640633e+00 3.777708456180029e-04
8.593750000000000e-01 7.919466527978115e+00 2.532074567579869e-04
8.625000000000000e-01 8.044225838160141e+00 1.652309200896561e-04
8.656250000000001e-01 8.170949110622363e+00 1.049346768455778e-04
8.687500000000000e-01 8.299667284293170e+00 6.483717810017379e-05
8.718750000000001e-01 8.430411785147284e+00 3.896619171163855e-05
8.750000000000000e-01 8.563214533878281e+00 2.277233420613699e-05
8.781250000000000e-01 8.698107953691880e+00 1.293880082158463e-05
8.812500000000001e-01 8.835124978221932e+00 7.146140703706377e-06
8.843750000000000e-01 8.974299059571019e+00 3.835978715788379e-06
8.875000000000001e-01 9.115664176477637e+00 2.001035344190212e-06
8.906250000000000e-01 9.259254842611947e+00 1.014294292409787e-06
8.937500000000000e-01 9.405106115002161e+00 4.995391310900055e-07
8.968750000000001e-01 9.553253602593529e+00 2.390259965769848e-07
9.000000000000000e-01 9.703733474942130e+00 1.111148194881229e-07
9.031250000000001e-01 9.856582471045494e+00 5.018082895687239e-08
9.062500000000000e-01 1.001183790831228e+01 2.201589969960526e-08
9.093750000000000e-01 1.016953769167313e+01 9.383545213648138e-09
9.125000000000001e-01 1.032972032283505e+01 3.885378627053904e-09
9.156250000000000e-01 1.049242490968134e+01 1.562945830688441e-09
9.187500000000001e-01 1.065769117581972e+01 6.108166268149874e-10
9.218750000000000e-01 1.082555947028058e+01 2.319261494281743e-10
9.250000000000000e-01 1.099607077736805e+01 8.556165566999889e-11
9.281250000000001e-01 1.116926672666618e+01 3.067048132313656e-11
9.312500000000000e-01 1.134518960320255e+01 1.068310983235670e-11
9.343750000000001e-01 1.152388235777201e+01 3.616065797941928e-12
9.375000000000000e-01 1.170538861742293e+01 1.189499221741688e-12
9.406250000000000e-01 1.188975269610854e+01 3.802861329225978e-13
9.437500000000001e-01 1.207701960550600e+01 1.181696583759053e-13
9.468750000000000e-01 1.226723506600578e+01 3.569295557576270e-14
9.500000000000001e-01 1.246044551787411e+01 1.048028254303621e-14
9.531250000000000e-01 1.265669813259115e+01 2.991652895796510e-15
9.562500000000000e-01 1.285604082436773e+01 8.302935629947468e-16
9.593750000000001e-01 1.305852226184337e+01 2.240626824320293e-16
9.625000000000000e-01 1.326419187996850e+01 5.879771160930284e-17
9.656250000000001e-01 1.347309989207381e+01 1.500515181779157e-17
9.687500000000000e-01 1.368529730212962e+01 3.724309806143861e-18
9.718750000000000e-01 1.390083591719824e+01 8.991108506747038e-19
9.750000000000001e-01 1.411976836008246e+01 2.111443519630701e-19
9.781250000000000e-01 1.434214808217320e+01 4.823711794141147e-20
9.812500000000001e-01 1.456802937649935e+01 1.072150597706435e-20
9.843750000000000e-01 1.479746739098328e+01 2.318674454070061e-21
9.875000000000000e-01 1.503051814190487e+01 4.879421966165480e-22
9.906250000000001e-01 1.526723852757770e+01 9.993704965506532e-23
9.937500000000000e-01 1.550768634224049e+01 1.987366591875639e-23
9.968750000000001e-01 1.575192029016732e+01 4.110372731398313e-24
1.000000000000000e+00 1.600000000000000e+01 -4.247838838677051e-25
