0.000000000000000e+00 0.000000000000000e+00 5.110720119898746e-04
3.125000000000000e-03 3.369263549427258e-03 -2.773702582067527e-05
6.250000000000000e-03 6.739349689698711e-03 7.529925670310392e-05
9.375000000000001e-03 1.011108121249049e-02 -2.393737613197543e-05
1.250000000000000e-02 1.348528131119160e-02 2.802209165512003e-05
1.562500000000000e-02 1.686277378188298e-02 -2.457578002493013e-05
1.875000000000000e-02 2.024438322446370e-02 1.091404386030960e-05
2.187500000000000e-02 2.363093524397333e-02 -2.403377814329065e-05
2.500000000000000e-02 2.702325665215984e-02 2.305568279514751e-06
2.812500000000000e-02 3.042217566934200e-02 -2.413979661062033e-05
3.125000000000000e-02 3.382852212661575e-02 -2.965795761960593e-06
3.437500000000000e-02 3.724312766845378e-02 -2.440571054597840e-05
3.750000000000001e-02 4.066682595574785e-02 -6.611427714324125e-06
4.062500000000000e-02 4.410045286934348e-02 -2.430049419295087e-05
4.375000000000000e-02 4.754484671411652e-02 -9.190801467508891e-06
4.687500000000000e-02 5.100084842364160e-02 -2.430719939368981e-05
5.000000000000000e-02 5.446930176550237e-02 -1.112321579967650e-05
5.312500000000001e-02 5.795105354729364e-02 -2.421243408866579e-05
5.625000000000000e-02 6.144695382336569e-02 -1.267578168143142e-05
5.937500000000000e-02 6.495785610236132e-02 -2.426562957996556e-05
6.250000000000000e-02 6.848461755559625e-02 -1.390605481066049e-05
6.562500000000000e-02 7.202809922633362e-02 -2.440323759580595e-05
6.875000000000001e-02 7.558916624000402e-02 -1.496130965747813e-05
7.187500000000001e-02 7.916868801542200e-02 -2.443088028851504e-05
7.500000000000001e-02 8.276753847705080e-02 -1.579171528840863e-05
7.812500000000000e-02 8.638659626836727e-02 -2.446042796765807e-05
8.125000000000000e-02 9.002674496637868e-02 -1.651800305168602e-05
8.437500000000001e-02 9.368887329734420e-02 -2.453539946550302e-05
8.750000000000001e-02 9.737387535375355e-02 -1.723382225615575e-05
9.062500000000001e-02 1.010826508126157e-01 -2.457302713056628e-05
9.375000000000000e-02 1.048161051551108e-01 -1.783999920044008e-05
9.687500000000000e-02 1.085751498876601e-01 -2.453259630811770e-05
1.000000000000000e-01 1.123607027644654e-01 -1.839627036524731e-05
1.031250000000000e-01 1.161736880115753e-01 -2.460685061693884e-05
1.062500000000000e-01 1.200150365525305e-01 -1.880720018220380e-05
1.093750000000000e-01 1.238856862356450e-01 -2.467158452029189e-05
1.125000000000000e-01 1.277865820629775e-01 -1.919291299691582e-05
1.156250000000000e-01 1.317186764210495e-01 -2.465178209747227e-05
1.187500000000000e-01 1.356829293133661e-01 -1.962011103636996e-05
1.218750000000000e-01 1.396803085947971e-01 -2.475074748734432e-05
1.250000000000000e-01 1.437117902078738e-01 -2.002905414462161e-05
1.281250000000000e-01 1.477783584210617e-01 -2.481430947288385e-05
1.312500000000000e-01 1.518810060690650e-01 -2.038052106485092e-05
1.343750000000000e-01 1.560207347952229e-01 -2.491596334686204e-05
1.375000000000000e-01 1.601985552960564e-01 -2.067729844802426e-05
1.406250000000000e-01 1.644154875680252e-01 -2.504402207764467e-05
1.437500000000000e-01 1.686725611565558e-01 -2.102004460506767e-05
1.468750000000000e-01 1.729708154074000e-01 -2.519727406941183e-05
1.500000000000000e-01 1.773112997203869e-01 -2.127124006327962e-05
1.531250000000000e-01 1.816950738056289e-01 -2.530250335143903e-05
1.562500000000000e-01 1.861232079422458e-01 -2.157249526460194e-05
1.593750000000000e-01 1.905967832396682e-01 -2.541205585398677e-05
1.625000000000000e-01 1.951168919015860e-01 -2.187059565637179e-05
1.656250000000000e-01 1.996846374926046e-01 -2.557705733979948e-05
1.687500000000000e-01 2.043011352076760e-01 -2.214498368102792e-05
1.718750000000000e-01 2.089675121443681e-01 -2.570814970000289e-05
1.750000000000000e-01 2.136849075780412e-01 -2.242792097262063e-05
1.781250000000000e-01 2.184544732399964e-01 -2.580983370267863e-05
1.812500000000000e-01 2.232773735986666e-01 -2.269387122415741e-05
1.843750000000000e-01 2.281547861439151e-01 -2.595609243604216e-05
1.875000000000000e-01 2.330879016745160e-01 -2.296101727200299e-05
1.906250000000000e-01 2.380779245888810e-01 -2.613082617010549e-05
1.937500000000000e-01 2.431260731791094e-01 -2.320399708250945e-05
1.968750000000000e-01 2.482335799284277e-01 -2.624846344347549e-05
2.000000000000000e-01 2.534016918120952e-01 -2.346666292708703e-05
2.031250000000000e-01 2.586316706018478e-01 -2.639937229317208e-05
2.062500000000000e-01 2.639247931739538e-01 -2.370788549519513e-05
2.093750000000000e-01 2.692823518209576e-01 -2.654187867059273e-05
2.125000000000000e-01 2.747056545671873e-01 -2.400204499601302e-05
2.156250000000000e-01 2.801960254881028e-01 -2.669059512859977e-05
2.187500000000000e-01 2.857548050335636e-01 -2.428274258933806e-05
2.218750000000000e-01 2.913833503550930e-01 -2.682421412917617e-05
2.250000000000000e-01 2.970830356372213e-01 -2.456663801500553e-05
2.281250000000000e-01 3.028552524329863e-01 -2.700848888668993e-05
2.312500000000000e-01 3.087014100036755e-01 -2.484356327388222e-05
2.343750000000000e-01 3.146229356628902e-01 -2.717227528842679e-05
2.375000000000000e-01 3.206212751250189e-01 -2.511347248444682e-05
2.406250000000000e-01 3.266978928582008e-01 -2.737371459580436e-05
2.437500000000000e-01 3.328542724418705e-01 -2.539200794214660e-05
2.468750000000000e-01 3.390919169289667e-01 -2.754998888180229e-05
2.500000000000000e-01 3.454123492128958e-01 -2.564673239862637e-05
2.531250000000000e-01 3.518171123993401e-01 -2.773397428009090e-05
2.562500000000000e-01 3.583077701830001e-01 -2.589429270874429e-05
2.593750000000000e-01 3.648859072293631e-01 -2.791155605908371e-05
2.625000000000000e-01 3.715531295615936e-01 -2.615178027689188e-05
2.656250000000000e-01 3.783110649526354e-01 -2.809571666898776e-05
2.687500000000000e-01 3.851613633226258e-01 -2.637815447376456e-05
2.718750000000000e-01 3.921056971417164e-01 -2.825990116556124e-05
2.750000000000000e-01 3.991457618383991e-01 -2.660995002671631e-05
2.781250000000000e-01 4.062832762134377e-01 -2.847720079709535e-05
2.812500000000000e-01 4.135199828595055e-01 -2.682017542299417e-05
2.843750000000000e-01 4.208576485866312e-01 -2.867015502925241e-05
2.875000000000000e-01 4.282980648535585e-01 -2.705157002182238e-05
2.906250000000000e-01 4.358430482051222e-01 -2.883149443328606e-05
2.937500000000000e-01 4.434944407157500e-01 -2.726717492097471e-05
2.968750000000000e-01 4.512541104391968e-01 -2.898576909944563e-05
3.000000000000000e-01 4.591239518646220e-01 -2.748513958981114e-05
3.031250000000000e-01 4.671058863791195e-01 -2.913403414094133e-05
3.062500000000000e-01 4.752018627368176e-01 -2.767882279970629e-05
3.093750000000000e-01 4.834138575346580e-01 -2.924133079888785e-05
3.125000000000000e-01 4.917438756949728e-01 -2.782982674902148e-05
3.156250000000000e-01 5.001939509549778e-01 -2.932741405629756e-05
3.187500000000000e-01 5.087661463633005e-01 -2.798963816644756e-05
3.218750000000000e-01 5.174625547836644e-01 -2.938794371632474e-05
3.250000000000000e-01 5.262852994058529e-01 -2.812229958219173e-05
3.281250000000000e-01 5.352365342640750e-01 -2.944049033275977e-05
3.312500000000000e-01 5.443184447628656e-01 -2.821516658179011e-05
3.343750000000000e-01 5.535332482106405e-01 -2.946771229712392e-05
3.375000000000000e-01 5.628831943610435e-01 -2.826798366398583e-05
3.406250000000000e-01 5.723705659622137e-01 -2.947120789181080e-05
3.437500000000000e-01 5.819976793141081e-01 -2.828115392736332e-05
3.468750000000000e-01 5.917668848340161e-01 -2.943986118932212e-05
3.500000000000000e-01 6.016805676304035e-01 -2.822980977393308e-05
3.531250000000000e-01 6.117411480852264e-01 -2.935266846753192e-05
3.562500000000000e-01 6.219510824448572e-01 -2.813077802164951e-05
3.593750000000000e-01 6.323128634197650e-01 -2.921582068417941e-05
3.625000000000000e-01 6.428290207931012e-01 -2.798722030365960e-05
3.656250000000000e-01 6.535021220383342e-01 -2.902173664551518e-05
3.687500000000000e-01 6.643347729460869e-01 -2.778839979710580e-05
3.718750000000000e-01 6.753296182603294e-01 -2.877150722129423e-05
3.750000000000000e-01 6.864893423240808e-01 -2.754507781329415e-05
3.781250000000000e-01 6.978166697347804e-01 -2.842267878313486e-05
3.812500000000000e-01 7.093143660094854e-01 -2.723465587545169e-05
3.843750000000000e-01 7.209852382600603e-01 -2.800855779505072e-05
3.875000000000000e-01 7.328321358785219e-01 -2.683815099011633e-05
3.906250000000000e-01 7.448579512327029e-01 -2.751978414151995e-05
3.937500000000000e-01 7.570656203724140e-01 -2.636151776887610e-05
3.968750000000000e-01 7.694581237462648e-01 -2.695488866018378e-05
4.000000000000000e-01 7.820384869293291e-01 -2.579295547570492e-05
4.031250000000000e-01 7.948097813618253e-01 -2.630999697934716e-05
4.062500000000000e-01 8.077751250989945e-01 -2.511462966593647e-05
4.093750000000000e-01 8.209376835723596e-01 -2.559267232345211e-05
4.125000000000000e-01 8.343006703625532e-01 -2.434027782646699e-05
4.156250000000000e-01 8.478673479838968e-01 -2.478497826581818e-05
4.187500000000000e-01 8.616410286809313e-01 -2.348382812580774e-05
4.218750000000000e-01 8.756250752370857e-01 -2.387826486085866e-05
4.250000000000000e-01 8.898229017956865e-01 -2.252988460265170e-05
4.281250000000000e-01 9.042379746935050e-01 -2.285712328206389e-05
4.312500000000000e-01 9.188738133070491e-01 -2.149772223940457e-05
4.343750000000000e-01 9.337339909118028e-01 -2.172107680765083e-05
4.375000000000000e-01 9.488221355546261e-01 -2.039548885429972e-05
4.406250000000000e-01 9.641419309395265e-01 -2.051400581296510e-05
4.437500000000000e-01 9.796971173270190e-01 -1.920576678410310e-05
4.468750000000000e-01 9.954914924472941e-01 -1.920452862528225e-05
4.500000000000000e-01 1.011528912427417e+00 -1.791248906736583e-05
4.531250000000000e-01 1.027813292732786e+00 -1.785654609933151e-05
4.562500000000000e-01 1.044348609123070e+00 -1.652650725368973e-05
4.593750000000000e-01 1.061138898622882e+00 -1.646190736016573e-05
4.625000000000000e-01 1.078188260507393e+00 -1.506401636727648e-05
4.656250000000000e-01 1.095500857303154e+00 -1.503571655554705e-05
4.687500000000000e-01 1.113080915804360e+00 -1.357042292103812e-05
4.718750000000000e-01 1.130932728104805e+00 -1.354512950054736e-05
4.750000000000000e-01 1.149060652645771e+00 -1.208331682260752e-05
4.781250000000000e-01 1.167469115280130e+00 -1.198861067181237e-05
4.812500000000000e-01 1.186162610352890e+00 -1.063185668823547e-05
4.843750000000000e-01 1.205145701798475e+00 -1.041994957784325e-05
4.875000000000000e-01 1.224423024254985e+00 -9.198712034569913e-06
4.906250000000000e-01 1.243999284195726e+00 -8.916429679152604e-06
4.937500000000000e-01 1.263879261078271e+00 -7.746711107415702e-06
4.968750000000000e-01 1.284067808511348e+00 -7.526271410177008e-06
5.000000000000000e-01 1.304569855439823e+00 -6.302547956391157e-06
5.031250000000000e-01 1.325390407348082e+00 -6.246706084882905e-06
5.062500000000000e-01 1.346534547482100e+00 -4.967308739574932e-06
5.093750000000000e-01 1.368007438090487e+00 -5.028447623465565e-06
5.125000000000001e-01 1.389814321684837e+00 -3.825579258031656e-06
5.156250000000000e-01 1.411960522319654e+00 -3.850678625029094e-06
5.187500000000000e-01 1.434451446892208e+00 -2.888171174572047e-06
5.218750000000000e-01 1.457292586462593e+00 -2.807877318840138e-06
5.250000000000000e-01 1.480489517594354e+00 -2.089049068937062e-06
5.281250000000001e-01 1.504047903715979e+00 -2.034119524968244e-06
5.312500000000000e-01 1.527973496503592e+00 -1.346444005310172e-06
5.343750000000000e-01 1.552272137285215e+00 -1.546577435635338e-06
5.375000000000000e-01 1.576949758466886e+00 -7.580057689105775e-07
5.406250000000000e-01 1.602012384981041e+00 -1.230883717525882e-06
5.437500000000001e-01 1.627466135757470e+00 -4.899080894985996e-07
5.468750000000000e-01 1.653317225217225e+00 -9.599927495106528e-07
5.500000000000000e-01 1.679571964789851e+00 -5.536827256878574e-07
5.531250000000000e-01 1.706236764454286e+00 -8.460498852759836e-07
5.562500000000000e-01 1.733318134303830e+00 -7.607703323138984e-07
5.593750000000001e-01 1.760822686135563e+00 -1.079986430894740e-06
5.625000000000000e-01 1.788757135064574e+00 -9.339850823378328e-07
5.656250000000000e-01 1.817128301163438e+00 -1.655135257247930e-06
5.687500000000000e-01 1.845943111127301e+00 -1.256995998889752e-06
5.718750000000000e-01 1.875208599965003e+00 -2.203784280235233e-06
5.750000000000001e-01 1.904931912716643e+00 -1.990577382924312e-06
5.781250000000000e-01 1.935120306198011e+00 -2.616630783712643e-06
5.812500000000000e-01 1.965781150772311e+00 -2.897078846775468e-06
5.843750000000000e-01 1.996921932149593e+00 -3.270835947094536e-06
5.875000000000000e-01 2.028550253214365e+00 -3.507228433547082e-06
5.906250000000001e-01 2.060673835881802e+00 -4.309012435709687e-06
5.937500000000000e-01 2.093300522983012e+00 -4.002730686829682e-06
5.968750000000000e-01 2.126438280179837e+00 -5.121043271588749e-06
6.000000000000001e-01 2.160095197909630e+00 -4.936245433635690e-06
6.031250000000000e-01 2.194279493360494e+00 -5.436047309102309e-06
6.062500000000001e-01 2.228999512477486e+00 -5.894094269253910e-06
6.093750000000000e-01 2.264263732000228e+00 -6.030364348862969e-06
6.125000000000000e-01 2.300080761532477e+00 -6.088689525875850e-06
6.156250000000001e-01 2.336459345644116e+00 -6.969032914342341e-06
6.187500000000000e-01 2.373408366006099e+00 -6.235762993565108e-06
6.218750000000001e-01 2.410936843558884e+00 -7.049651738167522e-06
6.250000000000000e-01 2.449053940714840e+00 -7.024924356302662e-06
6.281250000000000e-01 2.487768963595221e+00 -6.672569587495413e-06
6.312500000000001e-01 2.527091364302215e+00 -7.003388978627941e-06
6.343750000000000e-01 2.567030743226622e+00 -7.191288240778395e-06
6.375000000000001e-01 2.607596851391758e+00 -6.099504960583900e-06
6.406250000000000e-01 2.648799592834118e+00 -7.016774951540831e-06
6.437500000000000e-01 2.690649027021411e+00 -6.338215024756969e-06
6.468750000000001e-01 2.733155371308524e+00 -5.551173589562857e-06
6.500000000000000e-01 2.776329003432049e+00 -5.966550567293826e-06
6.531250000000001e-01 2.820180464043967e+00 -5.549148162514522e-06
6.562500000000000e-01 2.864720459285089e+00 -3.926262607133522e-06
6.593750000000000e-01 2.909959863398929e+00 -4.851263720085824e-06
6.625000000000001e-01 2.955909721386590e+00 -3.844581087589886e-06
6.656250000000000e-01 3.002581251703353e+00 -2.201905911548483e-06
6.687500000000001e-01 3.049985848997626e+00 -2.603697067382351e-06
6.718750000000000e-01 3.098135086892879e+00 -2.237775598092798e-06
6.750000000000000e-01 3.147040720813310e+00 5.518888974652104e-07
6.781250000000001e-01 3.196714690853871e+00 9.151185538500093e-09
6.812500000000000e-01 3.247169124695383e+00 2.203200878024002e-07
6.843750000000001e-01 3.298416340565477e+00 3.274624688713134e-06
6.875000000000000e-01 3.350468850246008e+00 4.139204066427235e-06
6.906250000000000e-01 3.403339362127777e+00 2.922620022664110e-06
6.937500000000001e-01 3.457040784313211e+00 6.509566390081583e-06
6.968750000000000e-01 3.511586227767823e+00 9.033227458278339e-06
7.000000000000001e-01 3.566989009521205e+00 7.532084996476205e-06
7.031250000000000e-01 3.623262655918307e+00 9.212140759628907e-06
7.062500000000000e-01 3.680420905921852e+00 1.484145778401250e-05
7.093750000000001e-01 3.738477714466631e+00 1.450876214928084e-05
7.125000000000000e-01 3.797447255866536e+00 1.323000156685294e-05
7.156250000000001e-01 3.857343927275175e+00 1.905103664317546e-05
7.187500000000000e-01 3.918182352200844e+00 2.450900138806710e-05
7.218750000000000e-01 3.979977384076828e+00 2.148565897914461e-05
7.250000000000001e-01 4.042744109887770e+00 2.233668033553862e-05
7.281250000000000e-01 4.106497853853101e+00 3.223219547534149e-05
7.312500000000001e-01 4.171254181168399e+00 3.724195936031935e-05
7.343750000000000e-01 4.237028901805528e+00 3.199181766340654e-05
7.375000000000000e-01 4.303838074372613e+00 3.470050168366684e-05
7.406250000000001e-01 4.371698010034643e+00 4.963442925076537e-05
7.437500000000000e-01 4.440625276495786e+00 5.700817411934049e-05
7.468750000000001e-01 4.510636702044332e+00 4.908977272175938e-05
7.500000000000000e-01 4.581749379661216e+00 4.977000132083816e-05
7.531250000000000e-01 4.653980671193226e+00 7.126352389112076e-05
7.562500000000001e-01 4.727348211591802e+00 8.989658730329003e-05
7.593750000000000e-01 4.801869913218528e+00 8.263821417711031e-05
7.625000000000001e-01 4.877563970218381e+00 7.089481489453346e-05
7.656250000000000e-01 4.954448862961714e+00 9.012756937782473e-05
7.687500000000000e-01 5.032543362556198e+00 1.341624609181250e-04
7.718750000000001e-01 5.111866535429675e+00 1.556923255133392e-04
7.750000000000000e-01 5.192437747985146e+00 1.340028249329454e-04
7.781250000000001e-01 5.274276671329015e+00 1.104901268744541e-04
7.812500000000000e-01 5.357403286073669e+00 1.446341859421989e-04
7.843750000000000e-01 5.441837887215693e+00 2.359767940660703e-04
7.875000000000001e-01 5.527601089090773e+00 3.137553184516128e-04
7.906250000000000e-01 5.614713830406605e+00 3.059446074341782e-04
7.937500000000001e-01 5.703197379355005e+00 2.229210817260647e-04
7.968750000000000e-01 5.793073338804412e+00 1.650530160095843e-04
8.000000000000000e-01 5.884363651574169e+00 2.494202913778867e-04
8.031250000000001e-01 5.977090605791737e+00 5.094675086883928e-04
8.062500000000000e-01 6.071276840334257e+00 8.490130951877126e-04
8.093750000000001e-01 6.166945350355728e+00 1.072695187582103e-03
8.125000000000000e-01 6.264119492901173e+00 9.722815764277768e-04
8.156250000000000e-01 6.362822992609162e+00 4.105380165800100e-04
8.187500000000001e-01 6.463079947504072e+00 -6.317629723793553e-04
8.218750000000000e-01 6.564914834879517e+00 -2.062269338344138e-03
8.250000000000001e-01 6.668352517274371e+00 -3.714598914390489e-03
8.281250000000000e-01 6.773418248542846e+00 -5.401319424006984e-03
8.312500000000000e-01 6.880137680020114e+00 -6.953331494819009e-03
8.343750000000001e-01 6.988536866784961e+00 -8.246673417820070e-03
8.375000000000000e-01 7.098642274021019e+00 -9.206764942502570e-03
8.406250000000001e-01 7.210480783478133e+00 -9.805571361327509e-03
8.437500000000000e-01 7.324079700035414e+00 -1.004873158103515e-02
8.468750000000000e-01 7.439466758367605e+00 -9.965415116344935e-03
8.500000000000001e-01 7.556670129716381e+00 -9.596084049268943e-03
8.531250000000000e-01 7.675718428768239e+00 -8.985409452985184e-03
8.562500000000001e-01 7.796640720640633e+00 -8.176159899358862e-03
8.593750000000000e-01 7.919466527978115e+00 -7.207914778907869e-03
8.625000000000000e-01 8.044225838160141e+00 -6.116412773319939e-03
8.656250000000001e-01 8.170949110622363e+00 -4.934041556588014e-03
8.687500000000000e-01 8.299667284293170e+00 -3.689094437821178e-03
8.718750000000001e-01 8.430411785147284e+00 -2.405630109097845e-03
8.750000000000000e-01 8.563214533878281e+00 -1.104752885227630e-03
8.781250000000000e-01 8.698107953691880e+00 1.916673152680326e-04
8.812500000000001e-01 8.835124978221932e+00 1.456305143146188e-03
8.843750000000000e-01 8.974299059571019e+00 2.652961563621764e-03
8.875000000000001e-01 9.115664176477637e+00 3.736531084479861e-03
8.906250000000000e-01 9.259254842611947e+00 4.656882944873205e-03
8.937500000000000e-01 9.405106115002161e+00 5.365721917863096e-03
8.968750000000001e-01 9.553253602593529e+00 5.824643927166055e-03
9.000000000000000e-01 9.703733474942130e+00 6.012521188197281e-03
9.031250000000001e-01 9.856582471045494e+00 5.930614234695448e-03
9.062500000000000e-01 1.001183790831228e+01 5.604205397228235e-03
9.093750000000000e-01 1.016953769167313e+01 5.080121608899805e-03
9.125000000000001e-01 1.032972032283505e+01 4.420370933544863e-03
9.156250000000000e-01 1.049242490968134e+01 3.693122646600381e-03
9.187500000000001e-01 1.065769117581972e+01 2.963036859347583e-03
9.218750000000000e-01 1.082555947028058e+01 2.283119445450296e-03
9.250000000000000e-01 1.099607077736805e+01 1.689733862952805e-03
9.281250000000001e-01 1.116926672666618e+01 1.201377454990600e-03
9.312500000000000e-01 1.134518960320255e+01 8.207556593026062e-04
9.343750000000001e-01 1.152388235777201e+01 5.389532435619198e-04
9.375000000000000e-01 1.170538861742293e+01 3.402867542406085e-04
9.406250000000000e-01 1.188975269610854e+01 2.066661747164169e-04
9.437500000000001e-01 1.207701960550600e+01 1.207848722670327e-04
9.468750000000000e-01 1.226723506600578e+01 6.796306432410305e-05
9.500000000000001e-01 1.246044551787411e+01 3.683453298400488e-05
9.531250000000000e-01 1.265669813259115e+01 1.923829063491884e-05
9.562500000000000e-01 1.285604082436773e+01 9.687557573607333e-06
9.593750000000001e-01 1.305852226184337e+01 4.705481958717499e-06
9.625000000000000e-01 1.326419187996850e+01 2.205657229298841e-06
9.656250000000001e-01 1.347309989207381e+01 9.981909477495504e-07
9.687500000000000e-01 1.368529730212962e+01 4.363382592924862e-07
9.718750000000000e-01 1.390083591719824e+01 1.843120231456790e-07
9.750000000000001e-01 1.411976836008246e+01 7.526366392729006e-08
9.781250000000000e-01 1.434214808217320e+01 2.972301815787687e-08
9.812500000000001e-01 1.456802937649935e+01 1.135648813384692e-08
9.843750000000000e-01 1.479746739098328e+01 4.199577444572696e-09
9.875000000000000e-01 1.503051814190487e+01 1.503478546852657e-09
9.906250000000001e-01 1.526723852757770e+01 5.216709552267573e-10
9.937500000000000e-01 1.550768634224049e+01 1.743967271723359e-10
9.968750000000001e-01 1.575192029016732e+01 5.954189500990224e-11
1.000000000000000e+00 1.600000000000000e+01 1.023918428057002e-11
