0.000000000000000e+00 0.000000000000000e+00 -1.039292470434557e-01
3.125000000000000e-03 3.369263549427258e-03 -1.046477789584028e-01
6.250000000000000e-03 6.739349689698711e-03 -1.045218160903628e-01
9.375000000000001e-03 1.011108121249049e-02 -1.046540559211163e-01
1.250000000000000e-02 1.348528131119160e-02 -1.045910379349220e-01
1.562500000000000e-02 1.686277378188298e-02 -1.046632253421204e-01
1.875000000000000e-02 2.024438322446370e-02 -1.046257619727206e-01
2.187500000000000e-02 2.363093524397333e-02 -1.046776914910418e-01
2.500000000000000e-02 2.702325665215984e-02 -1.046542923648798e-01
2.812500000000000e-02 3.042217566934200e-02 -1.046968645614874e-01
3.125000000000000e-02 3.382852212661575e-02 -1.046829328079935e-01
3.437500000000000e-02 3.724312766845378e-02 -1.047210286462190e-01
3.750000000000001e-02 4.066682595574785e-02 -1.047135427044761e-01
4.062500000000000e-02 4.410045286934348e-02 -1.047491105817002e-01
4.375000000000000e-02 4.754484671411652e-02 -1.047473798837396e-01
4.687500000000000e-02 5.100084842364160e-02 -1.047813826888236e-01
5.000000000000000e-02 5.446930176550237e-02 -1.047839966084554e-01
5.312500000000001e-02 5.795105354729364e-02 -1.048175240905314e-01
5.625000000000000e-02 6.144695382336569e-02 -1.048236342658275e-01
5.937500000000000e-02 6.495785610236132e-02 -1.048567091427622e-01
6.250000000000000e-02 6.848461755559625e-02 -1.048660093223169e-01
6.562500000000000e-02 7.202809922633362e-02 -1.048988031256943e-01
6.875000000000001e-02 7.558916624000402e-02 -1.049105325230455e-01
7.187500000000001e-02 7.916868801542200e-02 -1.049431166479192e-01
7.500000000000001e-02 8.276753847705080e-02 -1.049567262162574e-01
7.812500000000000e-02 8.638659626836727e-02 -1.049889380115703e-01
8.125000000000000e-02 9.002674496637868e-02 -1.050039349037228e-01
8.437500000000001e-02 9.368887329734420e-02 -1.050354395351736e-01
8.750000000000001e-02 9.737387535375355e-02 -1.050512906581387e-01
9.062500000000001e-02 1.010826508126157e-01 -1.050818044066669e-01
9.375000000000000e-02 1.048161051551108e-01 -1.050977834681445e-01
9.687500000000000e-02 1.085751498876601e-01 -1.051268888921093e-01
1.000000000000000e-01 1.123607027644654e-01 -1.051423563473555e-01
1.031250000000000e-01 1.161736880115753e-01 -1.051694048584197e-01
1.062500000000000e-01 1.200150365525305e-01 -1.051836676196471e-01
1.093750000000000e-01 1.238856862356450e-01 -1.052080271810470e-01
1.125000000000000e-01 1.277865820629775e-01 -1.052201520357697e-01
1.156250000000000e-01 1.317186764210495e-01 -1.052410905349390e-01
1.187500000000000e-01 1.356829293133661e-01 -1.052501364815927e-01
1.218750000000000e-01 1.396803085947971e-01 -1.052666660097521e-01
1.250000000000000e-01 1.437117902078738e-01 -1.052716348990460e-01
1.281250000000000e-01 1.477783584210617e-01 -1.052827138709543e-01
1.312500000000000e-01 1.518810060690650e-01 -1.052823387131154e-01
1.343750000000000e-01 1.560207347952229e-01 -1.052868222700498e-01
1.375000000000000e-01 1.601985552960564e-01 -1.052797489652176e-01
1.406250000000000e-01 1.644154875680252e-01 -1.052762082214917e-01
1.437500000000000e-01 1.686725611565558e-01 -1.052609952779353e-01
1.468750000000000e-01 1.729708154074000e-01 -1.052478917401064e-01
1.500000000000000e-01 1.773112997203869e-01 -1.052227967160139e-01
1.531250000000000e-01 1.816950738056289e-01 -1.051984526782066e-01
1.562500000000000e-01 1.861232079422458e-01 -1.051615977432233e-01
1.593750000000000e-01 1.905967832396682e-01 -1.051240219702881e-01
1.625000000000000e-01 1.951168919015860e-01 -1.050733909602320e-01
1.656250000000000e-01 1.996846374926046e-01 -1.050204536179786e-01
1.687500000000000e-01 2.043011352076760e-01 -1.049536998191319e-01
1.718750000000000e-01 2.089675121443681e-01 -1.048830777193699e-01
1.750000000000000e-01 2.136849075780412e-01 -1.047977099182289e-01
1.781250000000000e-01 2.184544732399964e-01 -1.047067550599982e-01
1.812500000000000e-01 2.232773735986666e-01 -1.046000827622472e-01
1.843750000000000e-01 2.281547861439151e-01 -1.044860162627548e-01
1.875000000000000e-01 2.330879016745160e-01 -1.043550250620460e-01
1.906250000000000e-01 2.380779245888810e-01 -1.042148180313227e-01
1.937500000000000e-01 2.431260731791094e-01 -1.040563837549626e-01
1.968750000000000e-01 2.482335799284277e-01 -1.038867383043569e-01
2.000000000000000e-01 2.534016918120952e-01 -1.036974843940331e-01
2.031250000000000e-01 2.586316706018478e-01 -1.034950073520373e-01
2.062500000000000e-01 2.639247931739538e-01 -1.032713400365357e-01
2.093750000000000e-01 2.692823518209576e-01 -1.030323745206108e-01
2.125000000000000e-01 2.747056545671873e-01 -1.027706400185264e-01
2.156250000000000e-01 2.801960254881028e-01 -1.024914322197359e-01
2.187500000000000e-01 2.857548050335636e-01 -1.021877519195082e-01
2.218750000000000e-01 2.913833503550930e-01 -1.018644781040689e-01
2.250000000000000e-01 2.970830356372213e-01 -1.015149869941677e-01
2.281250000000000e-01 3.028552524329863e-01 -1.011437071995858e-01
2.312500000000000e-01 3.087014100036755e-01 -1.007445026972718e-01
2.343750000000000e-01 3.146229356628902e-01 -1.003213976172531e-01
2.375000000000000e-01 3.206212751250189e-01 -9.986860492450278e-02
2.406250000000000e-01 3.266978928582008e-01 -9.938985123983386e-02
2.437500000000000e-01 3.328542724418705e-01 -9.887979838982472e-02
2.468750000000000e-01 3.390919169289667e-01 -9.834181258406637e-02
2.500000000000000e-01 3.454123492128958e-01 -9.777093805400679e-02
2.531250000000000e-01 3.518171123993401e-01 -9.717034597779918e-02
2.562500000000000e-01 3.583077701830001e-01 -9.653548325791844e-02
2.593750000000000e-01 3.648859072293631e-01 -9.586924576476197e-02
2.625000000000000e-01 3.715531295615936e-01 -9.516749913297316e-02
2.656250000000000e-01 3.783110649526354e-01 -9.443300859626869e-02
2.687500000000000e-01 3.851613633226258e-01 -9.366201535172367e-02
2.718750000000000e-01 3.921056971417164e-01 -9.285710148798373e-02
2.750000000000000e-01 3.991457618383991e-01 -9.201494290018934e-02
2.781250000000000e-01 4.062832762134377e-01 -9.113803959904994e-02
2.812500000000000e-01 4.135199828595055e-01 -9.022342933986317e-02
2.843750000000000e-01 4.208576485866312e-01 -8.927350158387962e-02
2.875000000000000e-01 4.282980648535585e-01 -8.828572258625597e-02
2.906250000000000e-01 4.358430482051222e-01 -8.726244038124069e-02
2.937500000000000e-01 4.434944407157500e-01 -8.620146959939876e-02
2.968750000000000e-01 4.512541104391968e-01 -8.510509083350672e-02
3.000000000000000e-01 4.591239518646220e-01 -8.397152039376360e-02
3.031250000000000e-01 4.671058863791195e-01 -8.280302944220456e-02
3.062500000000000e-01 4.752018627368176e-01 -8.159816354056158e-02
3.093750000000000e-01 4.834138575346580e-01 -8.035914107751105e-02
3.125000000000000e-01 4.917438756949728e-01 -7.908486151100215e-02
3.156250000000000e-01 5.001939509549778e-01 -7.777755439705362e-02
3.187500000000000e-01 5.087661463633005e-01 -7.643642618937316e-02
3.218750000000000e-01 5.174625547836644e-01 -7.506364954393788e-02
3.250000000000000e-01 5.262852994058529e-01 -7.365871752108212e-02
3.281250000000000e-01 5.352365342640750e-01 -7.222381699908335e-02
3.312500000000000e-01 5.443184447628656e-01 -7.075872425608147e-02
3.343750000000000e-01 5.535332482106405e-01 -6.926556557952934e-02
3.375000000000000e-01 5.628831943610435e-01 -6.774433103574927e-02
3.406250000000000e-01 5.723705659622137e-01 -6.619713597265894e-02
3.437500000000000e-01 5.819976793141081e-01 -6.462421417424984e-02
3.468750000000000e-01 5.917668848340161e-01 -6.302763590593907e-02
3.500000000000000e-01 6.016805676304035e-01 -6.140780230618449e-02
3.531250000000000e-01 6.117411480852264e-01 -5.976672383236743e-02
3.562500000000000e-01 6.219510824448572e-01 -5.810496992862839e-02
3.593750000000000e-01 6.323128634197650e-01 -5.642452430916914e-02
3.625000000000000e-01 6.428290207931012e-01 -5.472611118188409e-02
3.656250000000000e-01 6.535021220383342e-01 -5.301163152601679e-02
3.687500000000000e-01 6.643347729460869e-01 -5.128190534730774e-02
3.718750000000000e-01 6.753296182603294e-01 -4.953877784776081e-02
3.750000000000000e-01 6.864893423240808e-01 -4.778317728099787e-02
3.781250000000000e-01 6.978166697347804e-01 -4.601689654178531e-02
3.812500000000000e-01 7.093143660094854e-01 -4.424095212603953e-02
3.843750000000000e-01 7.209852382600603e-01 -4.245704688052324e-02
3.875000000000000e-01 7.328321358785219e-01 -4.066624119658893e-02
3.906250000000000e-01 7.448579512327029e-01 -3.887017411421144e-02
3.937500000000000e-01 7.570656203724140e-01 -3.706995158544827e-02
3.968750000000000e-01 7.694581237462648e-01 -3.526715889378490e-02
4.000000000000000e-01 7.820384869293291e-01 -3.346294863584093e-02
4.031250000000000e-01 7.948097813618253e-01 -3.165882593639480e-02
4.062500000000000e-01 8.077751250989945e-01 -2.985596263582690e-02
4.093750000000000e-01 8.209376835723596e-01 -2.805579128215007e-02
4.125000000000000e-01 8.343006703625532e-01 -2.625947987324176e-02
4.156250000000000e-01 8.478673479838968e-01 -2.446841570891303e-02
4.187500000000000e-01 8.616410286809313e-01 -2.268376033742165e-02
4.218750000000000e-01 8.756250752370857e-01 -2.090685876500024e-02
4.250000000000000e-01 8.898229017956865e-01 -1.913887177649967e-02
4.281250000000000e-01 9.042379746935050e-01 -1.738109028818220e-02
4.312500000000000e-01 9.188738133070491e-01 -1.563467658420205e-02
4.343750000000000e-01 9.337339909118028e-01 -1.390086665621548e-02
4.375000000000000e-01 9.488221355546261e-01 -1.218082179653313e-02
4.406250000000000e-01 9.641419309395265e-01 -1.047573570625091e-02
4.437500000000000e-01 9.796971173270190e-01 -8.786765241669625e-03
4.468750000000000e-01 9.954914924472941e-01 -7.115077653569135e-03
4.500000000000000e-01 1.011528912427417e+00 -5.461824399882656e-03
4.531250000000000e-01 1.027813292732786e+00 -3.828159307018363e-03
4.562500000000000e-01 1.044348609123070e+00 -2.215231163649696e-03
4.593750000000000e-01 1.061138898622882e+00 -6.241906753047286e-04
4.625000000000000e-01 1.078188260507393e+00 9.438100602431230e-04
4.656250000000000e-01 1.095500857303154e+00 2.487614021605227e-03
4.687500000000000e-01 1.113080915804360e+00 4.006057544457476e-03
4.718750000000000e-01 1.130932728104805e+00 5.497967558069964e-03
4.750000000000000e-01 1.149060652645771e+00 6.962159161108625e-03
4.781250000000000e-01 1.167469115280130e+00 8.397432941514927e-03
4.812500000000000e-01 1.186162610352890e+00 9.802572347686405e-03
4.843750000000000e-01 1.205145701798475e+00 1.117634102860830e-02
4.875000000000000e-01 1.224423024254985e+00 1.251748023295795e-02
4.906250000000000e-01 1.243999284195726e+00 1.382470629418703e-02
4.937500000000000e-01 1.263879261078271e+00 1.509670826289992e-02
4.968750000000000e-01 1.284067808511348e+00 1.633214574484948e-02
5.000000000000000e-01 1.304569855439823e+00 1.752964701531768e-02
5.031250000000000e-01 1.325390407348082e+00 1.868780748831765e-02
5.062500000000000e-01 1.346534547482100e+00 1.980518862935483e-02
5.093750000000000e-01 1.368007438090487e+00 2.088031741038005e-02
5.125000000000001e-01 1.389814321684837e+00 2.191168641592107e-02
5.156250000000000e-01 1.411960522319654e+00 2.289775471942733e-02
5.187500000000000e-01 1.434451446892208e+00 2.383694965830795e-02
5.218750000000000e-01 1.457292586462593e+00 2.472766964441692e-02
5.250000000000000e-01 1.480489517594354e+00 2.556828815315449e-02
5.281250000000001e-01 1.504047903715979e+00 2.635715903816998e-02
5.312500000000000e-01 1.527973496503592e+00 2.709262331886771e-02
5.343750000000000e-01 1.552272137285215e+00 2.777301758357225e-02
5.375000000000000e-01 1.576949758466886e+00 2.839668414123281e-02
5.406250000000000e-01 1.602012384981041e+00 2.896198303779154e-02
5.437500000000001e-01 1.627466135757470e+00 2.946730602876356e-02
5.468750000000000e-01 1.653317225217225e+00 2.991109256630392e-02
5.500000000000000e-01 1.679571964789851e+00 3.029184781641849e-02
5.531250000000000e-01 1.706236764454286e+00 3.060816266980455e-02
5.562500000000000e-01 1.733318134303830e+00 3.085873564838067e-02
5.593750000000001e-01 1.760822686135563e+00 3.104239653982833e-02
5.625000000000000e-01 1.788757135064574e+00 3.115813151621532e-02
5.656250000000000e-01 1.817128301163438e+00 3.120510941259784e-02
5.687500000000000e-01 1.845943111127301e+00 3.118270876071461e-02
5.718750000000000e-01 1.875208599965003e+00 3.109054509567967e-02
5.750000000000001e-01 1.904931912716643e+00 3.092849798455802e-02
5.781250000000000e-01 1.935120306198011e+00 3.069673716968204e-02
5.812500000000000e-01 1.965781150772311e+00 3.039574718118902e-02
5.843750000000000e-01 1.996921932149593e+00 3.002634975650237e-02
5.875000000000000e-01 2.028550253214365e+00 2.958972341216399e-02
5.906250000000001e-01 2.060673835881802e+00 2.908741954691175e-02
5.937500000000000e-01 2.093300522983012e+00 2.852137451358183e-02
5.968750000000000e-01 2.126438280179837e+00 2.789391717873873e-02
6.000000000000001e-01 2.160095197909630e+00 2.720777158833489e-02
6.031250000000000e-01 2.194279493360494e+00 2.646605446898509e-02
6.062500000000001e-01 2.228999512477486e+00 2.567226741033472e-02
6.093750000000000e-01 2.264263732000228e+00 2.483028368667999e-02
6.125000000000000e-01 2.300080761532477e+00 2.394432977809286e-02
6.156250000000001e-01 2.336459345644116e+00 2.301896173660134e-02
6.187500000000000e-01 2.373408366006099e+00 2.205903660720313e-02
6.218750000000001e-01 2.410936843558884e+00 2.106967915499525e-02
6.250000000000000e-01 2.449053940714840e+00 2.005624416971448e-02
6.281250000000000e-01 2.487768963595221e+00 1.902427462174300e-02
6.312500000000001e-01 2.527091364302215e+00 1.797945593631177e-02
6.343750000000000e-01 2.567030743226622e+00 1.692756664463806e-02
6.375000000000001e-01 2.607596851391758e+00 1.587442567306043e-02
6.406250000000000e-01 2.648799592834118e+00 1.482583655532776e-02
6.437500000000000e-01 2.690649027021411e+00 1.378752890965833e-02
6.468750000000001e-01 2.733155371308524e+00 1.276509761936122e-02
6.500000000000000e-01 2.776329003432049e+00 1.176394029822293e-02
6.531250000000001e-01 2.820180464043967e+00 1.078919380878525e-02
6.562500000000000e-01 2.864720459285089e+00 9.845670825924139e-03
6.593750000000000e-01 2.909959863398929e+00 8.937797685515600e-03
6.625000000000001e-01 2.955909721386590e+00 8.069555007185907e-03
6.656250000000000e-01 3.002581251703353e+00 7.244422803932858e-03
6.687500000000001e-01 3.049985848997626e+00 6.465331958709958e-03
6.718750000000000e-01 3.098135086892879e+00 5.734624027208419e-03
6.750000000000000e-01 3.147040720813310e+00 5.054021288711089e-03
6.781250000000001e-01 3.196714690853871e+00 4.424608792367403e-03
6.812500000000000e-01 3.247169124695383e+00 3.846829825415872e-03
6.843750000000001e-01 3.298416340565477e+00 3.320495768080499e-03
6.875000000000000e-01 3.350468850246008e+00 2.844810718043405e-03
6.906250000000000e-01 3.403339362127777e+00 2.418410601183244e-03
6.937500000000001e-01 3.457040784313211e+00 2.039415782063501e-03
6.968750000000000e-01 3.511586227767823e+00 1.705495501819683e-03
7.000000000000001e-01 3.566989009521205e+00 1.413941858132226e-03
7.031250000000000e-01 3.623262655918307e+00 1.161750552468438e-03
7.062500000000000e-01 3.680420905921852e+00 9.457053039621618e-04
7.093750000000001e-01 3.738477714466631e+00 7.624626929664867e-04
7.125000000000000e-01 3.797447255866536e+00 6.086342595281121e-04
7.156250000000001e-01 3.857343927275175e+00 4.808629347733100e-04
7.187500000000000e-01 3.918182352200844e+00 3.758913028102736e-04
7.218750000000000e-01 3.979977384076828e+00 2.906197408476772e-04
7.250000000000001e-01 4.042744109887770e+00 2.221531205928125e-04
7.281250000000000e-01 4.106497853853101e+00 1.678354250493272e-04
7.312500000000001e-01 4.171254181168399e+00 1.252722921845426e-04
7.343750000000000e-01 4.237028901805528e+00 9.234209557822981e-05
7.375000000000000e-01 4.303838074372613e+00 6.719667505899644e-05
7.406250000000001e-01 4.371698010034643e+00 4.825321103685855e-05
7.437500000000000e-01 4.440625276495786e+00 3.417898040743565e-05
7.468750000000001e-01 4.510636702044332e+00 2.387083757651281e-05
7.500000000000000e-01 4.581749379661216e+00 1.643124084502180e-05
7.531250000000000e-01 4.653980671193226e+00 1.114251111375145e-05
7.562500000000001e-01 4.727348211591802e+00 7.440792361984792e-06
7.593750000000000e-01 4.801869913218528e+00 4.890910913677014e-06
7.625000000000001e-01 4.877563970218381e+00 3.163032723368296e-06
7.656250000000000e-01 4.954448862961714e+00 2.011721798569143e-06
7.687500000000000e-01 5.032543362556198e+00 1.257730603979642e-06
7.718750000000001e-01 5.111866535429675e+00 7.726208226614360e-07
7.750000000000000e-01 5.192437747985146e+00 4.661294329345974e-07
7.781250000000001e-01 5.274276671329015e+00 2.760635994012598e-07
7.812500000000000e-01 5.357403286073669e+00 1.604259344564905e-07
7.843750000000000e-01 5.441837887215693e+00 9.143290932122980e-08
7.875000000000001e-01 5.527601089090773e+00 5.108488567519385e-08
7.906250000000000e-01 5.614713830406605e+00 2.796685259144912e-08
7.937500000000001e-01 5.703197379355005e+00 1.499531678290387e-08
7.968750000000000e-01 5.793073338804412e+00 7.870978559899844e-09
8.000000000000000e-01 5.884363651574169e+00 4.042628610324035e-09
8.031250000000001e-01 5.977090605791737e+00 2.030781267836624e-09
8.062500000000000e-01 6.071276840334257e+00 9.973102143306744e-10
8.093750000000001e-01 6.166945350355728e+00 4.785977060914640e-10
8.125000000000000e-01 6.264119492901173e+00 2.243322434184150e-10
8.156250000000000e-01 6.362822992609162e+00 1.026605193380678e-10
8.187500000000001e-01 6.463079947504072e+00 4.584780438960746e-11
8.218750000000000e-01 6.564914834879517e+00 1.997342989668914e-11
8.250000000000001e-01 6.668352517274371e+00 8.484471776030491e-12
8.281250000000000e-01 6.773418248542846e+00 3.512834463013302e-12
8.312500000000000e-01 6.880137680020114e+00 1.417026122243872e-12
8.343750000000001e-01 6.988536866784961e+00 5.566934290908087e-13
8.375000000000000e-01 7.098642274021019e+00 2.129156697071152e-13
8.406250000000001e-01 7.210480783478133e+00 7.924874052715382e-14
8.437500000000000e-01 7.324079700035414e+00 2.869559154375802e-14
8.468750000000000e-01 7.439466758367605e+00 1.010476145220637e-14
8.500000000000001e-01 7.556670129716381e+00 3.459237370142332e-15
8.531250000000000e-01 7.675718428768239e+00 1.150903587409838e-15
8.562500000000001e-01 7.796640720640633e+00 3.720217660580658e-16
8.593750000000000e-01 7.919466527978115e+00 1.167994895688145e-16
8.625000000000000e-01 8.044225838160141e+00 3.560697031651177e-17
8.656250000000001e-01 8.170949110622363e+00 1.053743490212263e-17
8.687500000000000e-01 8.299667284293170e+00 3.026432643174930e-18
8.718750000000001e-01 8.430411785147284e+00 8.433734370167955e-19
8.750000000000000e-01 8.563214533878281e+00 2.279840023294175e-19
8.781250000000000e-01 8.698107953691880e+00 5.977138484507229e-20
8.812500000000001e-01 8.835124978221932e+00 1.519504067441051e-20
8.843750000000000e-01 8.974299059571019e+00 3.744995302913362e-21
8.875000000000001e-01 9.115664176477637e+00 8.946824059877719e-22
8.906250000000000e-01 9.259254842611947e+00 2.071515053789401e-22
8.937500000000000e-01 9.405106115002161e+00 4.647807878025041e-23
8.968750000000001e-01 9.553253602593529e+00 1.010402119266127e-23
9.000000000000000e-01 9.703733474942130e+00 2.128027205093040e-24
9.031250000000001e-01 9.856582471045494e+00 4.341635586526596e-25
9.062500000000000e-01 1.001183790831228e+01 8.579948469641536e-26
9.093750000000000e-01 1.016953769167313e+01 1.642246113546513e-26
9.125000000000001e-01 1.032972032283505e+01 3.044292005267397e-27
9.156250000000000e-01 1.049242490968134e+01 5.465200072761597e-28
9.187500000000001e-01 1.065769117581972e+01 9.501222204563789e-29
9.218750000000000e-01 1.082555947028058e+01 1.599532518909660e-29
9.250000000000000e-01 1.099607077736805e+01 2.607580903857477e-30
9.281250000000001e-01 1.116926672666618e+01 4.116316503558881e-31
9.312500000000000e-01 1.134518960320255e+01 6.292237663621239e-32
9.343750000000001e-01 1.152388235777201e+01 9.313862418020529e-33
9.375000000000000e-01 1.170538861742293e+01 1.335025114984828e-33
9.406250000000000e-01 1.188975269610854e+01 1.853079168396677e-34
9.437500000000001e-01 1.207701960550600e+01 2.490902191167289e-35
9.468750000000000e-01 1.226723506600578e+01 3.242603387039451e-36
9.500000000000001e-01 1.246044551787411e+01 4.088129151153372e-37
9.531250000000000e-01 1.265669813259115e+01 4.991957170275350e-38
9.562500000000000e-01 1.285604082436773e+01 5.904143757195660e-39
9.593750000000001e-01 1.305852226184337e+01 6.764092379455812e-40
9.625000000000000e-01 1.326419187996850e+01 7.506846797955626e-41
9.656250000000001e-01 1.347309989207381e+01 8.071084421210005e-42
9.687500000000000e-01 1.368529730212962e+01 8.407469585237338e-43
9.718750000000000e-01 1.390083591719824e+01 8.485789939075273e-44
9.750000000000001e-01 1.411976836008246e+01 8.299441335570137e-45
9.781250000000000e-01 1.434214808217320e+01 7.866336952084770e-46
9.812500000000001e-01 1.456802937649935e+01 7.226069536285968e-47
9.843750000000000e-01 1.479746739098328e+01 6.433949103839038e-48
9.875000000000000e-01 1.503051814190487e+01 5.553158259639389e-49
9.906250000000001e-01 1.526723852757770e+01 4.646569958950820e-50
9.937500000000000e-01 1.550768634224049e+01 3.768500999235758e-51
9.968750000000001e-01 1.575192029016732e+01 3.134991699006927e-52
1.000000000000000e+00 1.600000000000000e+01 -6.697822890858844e-53
