0.000000000000000e+00 0.000000000000000e+00 5.201788545515568e-04
3.125000000000000e-03 3.369263549427258e-03 -1.861441548213786e-05
6.250000000000000e-03 6.739349689698711e-03 7.727997056839036e-05
9.375000000000001e-03 1.011108121249049e-02 -2.096019485088574e-05
1.250000000000000e-02 1.348528131119160e-02 3.054515309503287e-05
1.562500000000000e-02 1.686277378188298e-02 -2.006213872617743e-05
1.875000000000000e-02 2.024438322446370e-02 1.353230716311348e-05
2.187500000000000e-02 2.363093524397333e-02 -2.024431064897526e-05
2.500000000000000e-02 2.702325665215984e-02 4.957257383711886e-06
2.812500000000000e-02 3.042217566934200e-02 -2.066513636898649e-05
3.125000000000000e-02 3.382852212661575e-02 -4.012555738411940e-07
3.437500000000000e-02 3.724312766845378e-02 -2.083443574337348e-05
3.750000000000001e-02 4.066682595574785e-02 -3.742349736015547e-06
4.062500000000000e-02 4.410045286934348e-02 -2.079725074770855e-05
4.375000000000000e-02 4.754484671411652e-02 -6.327198284719196e-06
4.687500000000000e-02 5.100084842364160e-02 -2.094451286239633e-05
5.000000000000000e-02 5.446930176550237e-02 -8.213820335964296e-06
5.312500000000001e-02 5.795105354729364e-02 -2.086256201444608e-05
5.625000000000000e-02 6.144695382336569e-02 -9.737212906233117e-06
5.937500000000000e-02 6.495785610236132e-02 -2.092876876602467e-05
6.250000000000000e-02 6.848461755559625e-02 -1.095272371761773e-05
6.562500000000000e-02 7.202809922633362e-02 -2.106427199582031e-05
6.875000000000001e-02 7.558916624000402e-02 -1.195355563591812e-05
7.187500000000001e-02 7.916868801542200e-02 -2.112636199180897e-05
7.500000000000001e-02 8.276753847705080e-02 -1.274244115879437e-05
7.812500000000000e-02 8.638659626836727e-02 -2.117409175405593e-05
8.125000000000000e-02 9.002674496637868e-02 -1.345101657064379e-05
8.437500000000001e-02 9.368887329734420e-02 -2.123357869321611e-05
8.750000000000001e-02 9.737387535375355e-02 -1.414429751807239e-05
9.062500000000001e-02 1.010826508126157e-01 -2.129428726576280e-05
9.375000000000000e-02 1.048161051551108e-01 -1.469714120793590e-05
9.687500000000000e-02 1.085751498876601e-01 -2.139631535008125e-05
1.000000000000000e-01 1.123607027644654e-01 -1.510901036627563e-05
1.031250000000000e-01 1.161736880115753e-01 -2.146475600513166e-05
1.062500000000000e-01 1.200150365525305e-01 -1.550798299184447e-05
1.093750000000000e-01 1.238856862356450e-01 -2.156832242896696e-05
1.125000000000000e-01 1.277865820629775e-01 -1.596370431759066e-05
1.156250000000000e-01 1.317186764210495e-01 -2.160946490896874e-05
1.187500000000000e-01 1.356829293133661e-01 -1.635084410261129e-05
1.218750000000000e-01 1.396803085947971e-01 -2.170834640877212e-05
1.250000000000000e-01 1.437117902078738e-01 -1.671816649035951e-05
1.281250000000000e-01 1.477783584210617e-01 -2.177983500880107e-05
1.312500000000000e-01 1.518810060690650e-01 -1.706165843880354e-05
1.343750000000000e-01 1.560207347952229e-01 -2.189292044757409e-05
1.375000000000000e-01 1.601985552960564e-01 -1.740966612556133e-05
1.406250000000000e-01 1.644154875680252e-01 -2.196705082507241e-05
1.437500000000000e-01 1.686725611565558e-01 -1.772363296771656e-05
1.468750000000000e-01 1.729708154074000e-01 -2.202204823971330e-05
1.500000000000000e-01 1.773112997203869e-01 -1.806304173936173e-05
1.531250000000000e-01 1.816950738056289e-01 -2.210925339906482e-05
1.562500000000000e-01 1.861232079422458e-01 -1.836968077201206e-05
1.593750000000000e-01 1.905967832396682e-01 -2.229522783089658e-05
1.625000000000000e-01 1.951168919015860e-01 -1.866325448895901e-05
1.656250000000000e-01 1.996846374926046e-01 -2.237316686673152e-05
1.687500000000000e-01 2.043011352076760e-01 -1.894514283112803e-05
1.718750000000000e-01 2.089675121443681e-01 -2.249083352144747e-05
1.750000000000000e-01 2.136849075780412e-01 -1.922725946249107e-05
1.781250000000000e-01 2.184544732399964e-01 -2.261591862336722e-05
1.812500000000000e-01 2.232773735986666e-01 -1.951116202306190e-05
1.843750000000000e-01 2.281547861439151e-01 -2.269323933077998e-05
1.875000000000000e-01 2.330879016745160e-01 -1.978180631980415e-05
1.906250000000000e-01 2.380779245888810e-01 -2.280492356366143e-05
1.937500000000000e-01 2.431260731791094e-01 -2.004695841876815e-05
1.968750000000000e-01 2.482335799284277e-01 -2.295992623145163e-05
2.000000000000000e-01 2.534016918120952e-01 -2.031462930217709e-05
2.031250000000000e-01 2.586316706018478e-01 -2.313047544045144e-05
2.062500000000000e-01 2.639247931739538e-01 -2.057680721988695e-05
2.093750000000000e-01 2.692823518209576e-01 -2.327459957222147e-05
2.125000000000000e-01 2.747056545671873e-01 -2.082525021840968e-05
2.156250000000000e-01 2.801960254881028e-01 -2.344919374000627e-05
2.187500000000000e-01 2.857548050335636e-01 -2.107075993781252e-05
2.218750000000000e-01 2.913833503550930e-01 -2.360140659776250e-05
2.250000000000000e-01 2.970830356372213e-01 -2.133125875223913e-05
2.281250000000000e-01 3.028552524329863e-01 -2.378564928170017e-05
2.312500000000000e-01 3.087014100036755e-01 -2.161119022488405e-05
2.343750000000000e-01 3.146229356628902e-01 -2.395355010898376e-05
2.375000000000000e-01 3.206212751250189e-01 -2.186347358022690e-05
2.406250000000000e-01 3.266978928582008e-01 -2.412954436801483e-05
2.437500000000000e-01 3.328542724418705e-01 -2.208917629275781e-05
2.468750000000000e-01 3.390919169289667e-01 -2.430808462279047e-05
2.500000000000000e-01 3.454123492128958e-01 -2.234291479383043e-05
2.531250000000000e-01 3.518171123993401e-01 -2.451016995385994e-05
2.562500000000000e-01 3.583077701830001e-01 -2.258093710945268e-05
2.593750000000000e-01 3.648859072293631e-01 -2.467096024572170e-05
2.625000000000000e-01 3.715531295615936e-01 -2.284167918737127e-05
2.656250000000000e-01 3.783110649526354e-01 -2.484759018877157e-05
2.687500000000000e-01 3.851613633226258e-01 -2.307801914060566e-05
2.718750000000000e-01 3.921056971417164e-01 -2.500578916551230e-05
2.750000000000000e-01 3.991457618383991e-01 -2.332595315066739e-05
2.781250000000000e-01 4.062832762134377e-01 -2.517886619304081e-05
2.812500000000000e-01 4.135199828595055e-01 -2.355061190756901e-05
2.843750000000000e-01 4.208576485866312e-01 -2.534836521786390e-05
2.875000000000000e-01 4.282980648535585e-01 -2.376445401781368e-05
2.906250000000000e-01 4.358430482051222e-01 -2.549364027346577e-05
2.937500000000000e-01 4.434944407157500e-01 -2.397136944448391e-05
2.968750000000000e-01 4.512541104391968e-01 -2.562911203387057e-05
3.000000000000000e-01 4.591239518646220e-01 -2.417369593759105e-05
3.031250000000000e-01 4.671058863791195e-01 -2.575401331197393e-05
3.062500000000000e-01 4.752018627368176e-01 -2.434578536744487e-05
3.093750000000000e-01 4.834138575346580e-01 -2.588249621557457e-05
3.125000000000000e-01 4.917438756949728e-01 -2.448888501592643e-05
3.156250000000000e-01 5.001939509549778e-01 -2.596495746963758e-05
3.187500000000000e-01 5.087661463633005e-01 -2.461858900502912e-05
3.218750000000000e-01 5.174625547836644e-01 -2.603135323019367e-05
3.250000000000000e-01 5.262852994058529e-01 -2.472926882074737e-05
3.281250000000000e-01 5.352365342640750e-01 -2.607321415456073e-05
3.312500000000000e-01 5.443184447628656e-01 -2.479033461392025e-05
3.343750000000000e-01 5.535332482106405e-01 -2.607587517146941e-05
3.375000000000000e-01 5.628831943610435e-01 -2.482813710851509e-05
3.406250000000000e-01 5.723705659622137e-01 -2.605959037284365e-05
3.437500000000000e-01 5.819976793141081e-01 -2.483090607286939e-05
3.468750000000000e-01 5.917668848340161e-01 -2.600882120020416e-05
3.500000000000000e-01 6.016805676304035e-01 -2.477365560700571e-05
3.531250000000000e-01 6.117411480852264e-01 -2.588905444199165e-05
3.562500000000000e-01 6.219510824448572e-01 -2.468133466584018e-05
3.593750000000000e-01 6.323128634197650e-01 -2.571895877377169e-05
3.625000000000000e-01 6.428290207931012e-01 -2.450903844183843e-05
3.656250000000000e-01 6.535021220383342e-01 -2.549857603660046e-05
3.687500000000000e-01 6.643347729460869e-01 -2.429270018730062e-05
3.718750000000000e-01 6.753296182603294e-01 -2.521542547174343e-05
3.750000000000000e-01 6.864893423240808e-01 -2.402051177340330e-05
3.781250000000000e-01 6.978166697347804e-01 -2.486577244842448e-05
3.812500000000000e-01 7.093143660094854e-01 -2.366979884479711e-05
3.843750000000000e-01 7.209852382600603e-01 -2.443915703411951e-05
3.875000000000000e-01 7.328321358785219e-01 -2.322989982790920e-05
3.906250000000000e-01 7.448579512327029e-01 -2.392297355041455e-05
3.937500000000000e-01 7.570656203724140e-01 -2.271271624187613e-05
3.968750000000000e-01 7.694581237462648e-01 -2.332728217108498e-05
4.000000000000000e-01 7.820384869293291e-01 -2.211169377976605e-05
4.031250000000000e-01 7.948097813618253e-01 -2.266280460367804e-05
4.062500000000000e-01 8.077751250989945e-01 -2.141894997515716e-05
4.093750000000000e-01 8.209376835723596e-01 -2.189088184158223e-05
4.125000000000000e-01 8.343006703625532e-01 -2.062849810129901e-05
4.156250000000000e-01 8.478673479838968e-01 -2.101992303984127e-05
4.187500000000000e-01 8.616410286809313e-01 -1.973336171678218e-05
4.218750000000000e-01 8.756250752370857e-01 -2.006594969826101e-05
4.250000000000000e-01 8.898229017956865e-01 -1.875211738564461e-05
4.281250000000000e-01 9.042379746935050e-01 -1.899565681364602e-05
4.312500000000000e-01 9.188738133070491e-01 -1.766055174055640e-05
4.343750000000000e-01 9.337339909118028e-01 -1.785395588036518e-05
4.375000000000000e-01 9.488221355546261e-01 -1.649062281730838e-05
4.406250000000000e-01 9.641419309395265e-01 -1.660420400658063e-05
4.437500000000000e-01 9.796971173270190e-01 -1.521830584348977e-05
4.468750000000000e-01 9.954914924472941e-01 -1.526164617659181e-05
4.500000000000000e-01 1.011528912427417e+00 -1.387294354344880e-05
4.531250000000000e-01 1.027813292732786e+00 -1.384224403569812e-05
4.562500000000000e-01 1.044348609123070e+00 -1.245489481641077e-05
4.593750000000000e-01 1.061138898622882e+00 -1.236428404050408e-05
4.625000000000000e-01 1.078188260507393e+00 -1.096503543901658e-05
4.656250000000000e-01 1.095500857303154e+00 -1.083557270342696e-05
4.687500000000000e-01 1.113080915804360e+00 -9.414154487841695e-06
4.718750000000000e-01 1.130932728104805e+00 -9.268112496463801e-06
4.750000000000000e-01 1.149060652645771e+00 -7.839587421713169e-06
4.781250000000000e-01 1.167469115280130e+00 -7.679165672553068e-06
4.812500000000000e-01 1.186162610352890e+00 -6.269298663475209e-06
4.843750000000000e-01 1.205145701798475e+00 -6.076688012544308e-06
4.875000000000000e-01 1.224423024254985e+00 -4.712468150511895e-06
4.906250000000000e-01 1.243999284195726e+00 -4.487344706933187e-06
4.937500000000000e-01 1.263879261078271e+00 -3.189096596792360e-06
4.968750000000000e-01 1.284067808511348e+00 -2.962555553835061e-06
5.000000000000000e-01 1.304569855439823e+00 -1.713927780513234e-06
5.031250000000000e-01 1.325390407348082e+00 -1.527112237429047e-06
5.062500000000000e-01 1.346534547482100e+00 -3.005255794718977e-07
5.093750000000000e-01 1.368007438090487e+00 -1.928567734211942e-07
5.125000000000001e-01 1.389814321684837e+00 9.873293876144496e-07
5.156250000000000e-01 1.411960522319654e+00 1.035430352085893e-06
5.187500000000000e-01 1.434451446892208e+00 2.107090038107623e-06
5.218750000000000e-01 1.457292586462593e+00 2.157370297178689e-06
5.250000000000000e-01 1.480489517594354e+00 3.066908677744072e-06
5.281250000000001e-01 1.504047903715979e+00 3.092602075551374e-06
5.312500000000000e-01 1.527973496503592e+00 3.890234731342672e-06
5.343750000000000e-01 1.552272137285215e+00 3.791295948952606e-06
5.375000000000000e-01 1.576949758466886e+00 4.578850984412510e-06
5.406250000000000e-01 1.602012384981041e+00 4.306820042149192e-06
5.437500000000001e-01 1.627466135757470e+00 5.016413651581227e-06
5.468750000000000e-01 1.653317225217225e+00 4.701876650504956e-06
5.500000000000000e-01 1.679571964789851e+00 5.211416219176161e-06
5.531250000000000e-01 1.706236764454286e+00 4.928204483176036e-06
5.562500000000000e-01 1.733318134303830e+00 5.253719267636893e-06
5.593750000000001e-01 1.760822686135563e+00 4.900692783585500e-06
5.625000000000000e-01 1.788757135064574e+00 5.229934855605589e-06
5.656250000000000e-01 1.817128301163438e+00 4.659020824016821e-06
5.687500000000000e-01 1.845943111127301e+00 5.038127718129015e-06
5.718750000000000e-01 1.875208599965003e+00 4.402220900400914e-06
5.750000000000001e-01 1.904931912716643e+00 4.597455224553783e-06
5.781250000000000e-01 1.935120306198011e+00 4.136632174435906e-06
5.812500000000000e-01 1.965781150772311e+00 4.124107467436106e-06
5.843750000000000e-01 1.996921932149593e+00 3.663730286112818e-06
5.875000000000000e-01 2.028550253214365e+00 3.810777011856453e-06
5.906250000000001e-01 2.060673835881802e+00 3.094385641940652e-06
5.937500000000000e-01 2.093300522983012e+00 3.422980046206979e-06
5.968750000000000e-01 2.126438280179837e+00 2.807465801684464e-06
6.000000000000001e-01 2.160095197909630e+00 2.868590276035774e-06
6.031250000000000e-01 2.194279493360494e+00 2.645083193385587e-06
6.062500000000001e-01 2.228999512477486e+00 2.653849402614828e-06
6.093750000000000e-01 2.264263732000228e+00 2.263927928610046e-06
6.125000000000000e-01 2.300080761532477e+00 2.793731429184111e-06
6.156250000000001e-01 2.336459345644116e+00 2.220854996867255e-06
6.187500000000000e-01 2.373408366006099e+00 2.681133607435496e-06
6.218750000000001e-01 2.410936843558884e+00 2.766899531011485e-06
6.250000000000000e-01 2.449053940714840e+00 2.871262250781159e-06
6.281250000000000e-01 2.487768963595221e+00 3.017700255747785e-06
6.312500000000001e-01 2.527091364302215e+00 3.883146437556057e-06
6.343750000000000e-01 2.567030743226622e+00 3.534965540669192e-06
6.375000000000001e-01 2.607596851391758e+00 4.505100515580630e-06
6.406250000000000e-01 2.648799592834118e+00 5.111033952908048e-06
6.437500000000000e-01 2.690649027021411e+00 5.415318827798740e-06
6.468750000000001e-01 2.733155371308524e+00 6.090602736223938e-06
6.500000000000000e-01 2.776329003432049e+00 7.616163901633262e-06
6.531250000000001e-01 2.820180464043967e+00 7.538233433480709e-06
6.562500000000000e-01 2.864720459285089e+00 8.844725650594386e-06
6.593750000000000e-01 2.909959863398929e+00 1.041990292003229e-05
6.625000000000001e-01 2.955909721386590e+00 1.106114537198488e-05
6.656250000000000e-01 3.002581251703353e+00 1.180335472600661e-05
6.687500000000001e-01 3.049985848997626e+00 1.450165941260024e-05
6.718750000000000e-01 3.098135086892879e+00 1.523433874468424e-05
6.750000000000000e-01 3.147040720813310e+00 1.607348783839170e-05
6.781250000000001e-01 3.196714690853871e+00 1.881022957688826e-05
6.812500000000000e-01 3.247169124695383e+00 2.120224540651871e-05
6.843750000000001e-01 3.298416340565477e+00 2.123655795695738e-05
6.875000000000000e-01 3.350468850246008e+00 2.410914204181609e-05
6.906250000000000e-01 3.403339362127777e+00 2.796996220105960e-05
6.937500000000001e-01 3.457040784313211e+00 2.909840078380422e-05
6.968750000000000e-01 3.511586227767823e+00 3.002563322507782e-05
7.000000000000001e-01 3.566989009521205e+00 3.552291033951390e-05
7.031250000000000e-01 3.623262655918307e+00 3.940688973129584e-05
7.062500000000000e-01 3.680420905921852e+00 3.960638164690582e-05
7.093750000000001e-01 3.738477714466631e+00 4.262716891334538e-05
7.125000000000000e-01 3.797447255866536e+00 5.091285755740959e-05
7.156250000000001e-01 3.857343927275175e+00 5.483463834387102e-05
7.187500000000000e-01 3.918182352200844e+00 5.442394232729800e-05
7.218750000000000e-01 3.979977384076828e+00 5.975138482108878e-05
7.250000000000001e-01 4.042744109887770e+00 7.204786824571725e-05
7.281250000000000e-01 4.106497853853101e+00 7.779913827225278e-05
7.312500000000001e-01 4.171254181168399e+00 7.623067060692034e-05
7.343750000000000e-01 4.237028901805528e+00 8.212086593143445e-05
7.375000000000000e-01 4.303838074372613e+00 1.009553980373759e-04
7.406250000000001e-01 4.371698010034643e+00 1.147353680902539e-04
7.437500000000000e-01 4.440625276495786e+00 1.130180742025291e-04
7.468750000000001e-01 4.510636702044332e+00 1.124752613123081e-04
7.500000000000000e-01 4.581749379661216e+00 1.351690314277186e-04
7.531250000000000e-01 4.653980671193226e+00 1.704552733105891e-04
7.562500000000001e-01 4.727348211591802e+00 1.870189767950056e-04
7.593750000000000e-01 4.801869913218528e+00 1.764759423057832e-04
7.625000000000001e-01 4.877563970218381e+00 1.738974920983432e-04
7.656250000000000e-01 4.954448862961714e+00 2.165339630182125e-04
7.687500000000000e-01 5.032543362556198e+00 2.953338261425570e-04
7.718750000000001e-01 5.111866535429675e+00 3.536709808899764e-04
7.750000000000000e-01 5.192437747985146e+00 3.467394222055095e-04
7.781250000000001e-01 5.274276671329015e+00 2.952717909820042e-04
7.812500000000000e-01 5.357403286073669e+00 2.839621777612876e-04
7.843750000000000e-01 5.441837887215693e+00 3.947071442106452e-04
7.875000000000001e-01 5.527601089090773e+00 6.332903172391206e-04
7.906250000000000e-01 5.614713830406605e+00 8.972696884756441e-04
7.937500000000001e-01 5.703197379355005e+00 1.010723773557420e-03
7.968750000000000e-01 5.793073338804412e+00 7.949358160952486e-04
8.000000000000000e-01 5.884363651574169e+00 1.395206767291421e-04
8.031250000000001e-01 5.977090605791737e+00 -9.638770287057864e-04
8.062500000000000e-01 6.071276840334257e+00 -2.425366930032668e-03
8.093750000000001e-01 6.166945350355728e+00 -4.093529203575505e-03
8.125000000000000e-01 6.264119492901173e+00 -5.795881661869035e-03
8.156250000000000e-01 6.362822992609162e+00 -7.377632744343080e-03
8.187500000000001e-01 6.463079947504072e+00 -8.720304757821732e-03
8.218750000000000e-01 6.564914834879517e+00 -9.751452104761507e-03
8.250000000000001e-01 6.668352517274371e+00 -1.043854465346209e-02
8.281250000000000e-01 6.773418248542846e+00 -1.078225969500193e-02
8.312500000000000e-01 6.880137680020114e+00 -1.080413716998394e-02
8.343750000000001e-01 6.988536866784961e+00 -1.053911388252430e-02
8.375000000000000e-01 7.098642274021019e+00 -1.002692220555600e-02
8.406250000000001e-01 7.210480783478133e+00 -9.308141938818812e-03
8.437500000000000e-01 7.324079700035414e+00 -8.420219058278184e-03
8.468750000000000e-01 7.439466758367605e+00 -7.397015227022971e-03
8.500000000000001e-01 7.556670129716381e+00 -6.268561333071005e-03
8.531250000000000e-01 7.675718428768239e+00 -5.062098549769265e-03
8.562500000000001e-01 7.796640720640633e+00 -3.802122528643824e-03
8.593750000000000e-01 7.919466527978115e+00 -2.510498458648969e-03
8.625000000000000e-01 8.044225838160141e+00 -1.206927177641803e-03
8.656250000000001e-01 8.170949110622363e+00 8.895624736459754e-05
8.687500000000000e-01 8.299667284293170e+00 1.354274360507240e-03
8.718750000000001e-01 8.430411785147284e+00 2.559676834324327e-03
8.750000000000000e-01 8.563214533878281e+00 3.668100556740001e-03
8.781250000000000e-01 8.698107953691880e+00 4.636609850060066e-03
8.812500000000001e-01 8.835124978221932e+00 5.421165870339839e-03
8.843750000000000e-01 8.974299059571019e+00 5.983090144977720e-03
8.875000000000001e-01 9.115664176477637e+00 6.295626936145505e-03
8.906250000000000e-01 9.259254842611947e+00 6.349197475583200e-03
8.937500000000000e-01 9.405106115002161e+00 6.154340959781551e-03
8.968750000000001e-01 9.553253602593529e+00 5.741725808899053e-03
9.000000000000000e-01 9.703733474942130e+00 5.159033158170462e-03
9.031250000000001e-01 9.856582471045494e+00 4.465068662713699e-03
9.062500000000000e-01 1.001183790831228e+01 3.722105462987203e-03
9.093750000000000e-01 1.016953769167313e+01 2.987969153853207e-03
9.125000000000001e-01 1.032972032283505e+01 2.309483271435617e-03
9.156250000000000e-01 1.049242490968134e+01 1.718501962195625e-03
9.187500000000001e-01 1.065769117581972e+01 1.231003435747458e-03
9.218750000000000e-01 1.082555947028058e+01 8.488993408169966e-04
9.250000000000000e-01 1.099607077736805e+01 5.636242896321643e-04
9.281250000000001e-01 1.116926672666618e+01 3.603629418168507e-04
9.312500000000000e-01 1.134518960320255e+01 2.219290976503219e-04
9.343750000000001e-01 1.152388235777201e+01 1.316860999949046e-04
9.375000000000000e-01 1.170538861742293e+01 7.531145629830201e-05
9.406250000000000e-01 1.188975269610854e+01 4.152722582967542e-05
9.437500000000001e-01 1.207701960550600e+01 2.208607689626755e-05
9.468750000000000e-01 1.226723506600578e+01 1.133406296588014e-05
9.500000000000001e-01 1.246044551787411e+01 5.614405043753774e-06
9.531250000000000e-01 1.265669813259115e+01 2.685609238600018e-06
9.562500000000000e-01 1.285604082436773e+01 1.240999105880248e-06
9.593750000000001e-01 1.305852226184337e+01 5.541864630739330e-07
9.625000000000000e-01 1.326419187996850e+01 2.392540072499736e-07
9.656250000000001e-01 1.347309989207381e+01 9.989430274173631e-08
9.687500000000000e-01 1.368529730212962e+01 4.035112241833200e-08
9.718750000000000e-01 1.390083591719824e+01 1.577446941120331e-08
9.750000000000001e-01 1.411976836008246e+01 5.970139350460176e-09
9.781250000000000e-01 1.434214808217320e+01 2.188197600269586e-09
9.812500000000001e-01 1.456802937649935e+01 7.769585909731747e-10
9.843750000000000e-01 1.479746739098328e+01 2.673338440869310e-10
9.875000000000000e-01 1.503051814190487e+01 8.915753894110416e-11
9.906250000000001e-01 1.526723852757770e+01 2.884654900523214e-11
9.937500000000000e-01 1.550768634224049e+01 9.006212289294329e-12
9.968750000000001e-01 1.575192029016732e+01 2.883439389866923e-12
1.000000000000000e+00 1.600000000000000e+01 3.856251220002005e-13
