0.000000000000000e+00 0.000000000000000e+00 7.791432746012110e-04
3.125000000000000e-03 3.369263549427258e-03 7.612173039915785e-04
6.250000000000000e-03 6.739349689698711e-03 7.648435498660010e-04
9.375000000000001e-03 1.011108121249049e-02 7.620292415923916e-04
1.250000000000000e-02 1.348528131119160e-02 7.635138649819288e-04
1.562500000000000e-02 1.686277378188298e-02 7.617273572843320e-04
1.875000000000000e-02 2.024438322446370e-02 7.637387957230131e-04
2.187500000000000e-02 2.363093524397333e-02 7.619343003130371e-04
2.500000000000000e-02 2.702325665215984e-02 7.636152626575826e-04
2.812500000000000e-02 3.042217566934200e-02 7.624746938848909e-04
3.125000000000000e-02 3.382852212661575e-02 7.634701876551741e-04
3.437500000000000e-02 3.724312766845378e-02 7.625273574263209e-04
3.750000000000001e-02 4.066682595574785e-02 7.633670563269384e-04
4.062500000000000e-02 4.410045286934348e-02 7.628082025381018e-04
4.375000000000000e-02 4.754484671411652e-02 7.633924355582001e-04
4.687500000000000e-02 5.100084842364160e-02 7.628418669652496e-04
5.000000000000000e-02 5.446930176550237e-02 7.633729132229033e-04
5.312500000000001e-02 5.795105354729364e-02 7.629945439604531e-04
5.625000000000000e-02 6.144695382336569e-02 7.635513356817780e-04
5.937500000000000e-02 6.495785610236132e-02 7.632805857281758e-04
6.250000000000000e-02 6.848461755559625e-02 7.636467868514137e-04
6.562500000000000e-02 7.202809922633362e-02 7.635093075352591e-04
6.875000000000001e-02 7.558916624000402e-02 7.638985975767969e-04
7.187500000000001e-02 7.916868801542200e-02 7.639472205059844e-04
7.500000000000001e-02 8.276753847705080e-02 7.641256094419728e-04
7.812500000000000e-02 8.638659626836727e-02 7.641366567408238e-04
8.125000000000000e-02 9.002674496637868e-02 7.645189554895326e-04
8.437500000000001e-02 9.368887329734420e-02 7.643751770204408e-04
8.750000000000001e-02 9.737387535375355e-02 7.647752238382218e-04
9.062500000000001e-02 1.010826508126157e-01 7.647688397025107e-04
9.375000000000000e-02 1.048161051551108e-01 7.650658676486825e-04
9.687500000000000e-02 1.085751498876601e-01 7.650677039728507e-04
1.000000000000000e-01 1.123607027644654e-01 7.654311127932406e-04
1.031250000000000e-01 1.161736880115753e-01 7.654150955259210e-04
1.062500000000000e-01 1.200150365525305e-01 7.659253827917748e-04
1.093750000000000e-01 1.238856862356450e-01 7.659060337938521e-04
1.125000000000000e-01 1.277865820629775e-01 7.664459818400399e-04
1.156250000000000e-01 1.317186764210495e-01 7.663730367869858e-04
1.187500000000000e-01 1.356829293133661e-01 7.668898124796613e-04
1.218750000000000e-01 1.396803085947971e-01 7.669046617759143e-04
1.250000000000000e-01 1.437117902078738e-01 7.674366558002762e-04
1.281250000000000e-01 1.477783584210617e-01 7.674739309436252e-04
1.312500000000000e-01 1.518810060690650e-01 7.679973882846345e-04
1.343750000000000e-01 1.560207347952229e-01 7.680886186688045e-04
1.375000000000000e-01 1.601985552960564e-01 7.685840695519247e-04
1.406250000000000e-01 1.644154875680252e-01 7.687557801147666e-04
1.437500000000000e-01 1.686725611565558e-01 7.692427468481706e-04
1.468750000000000e-01 1.729708154074000e-01 7.695055685514435e-04
1.500000000000000e-01 1.773112997203869e-01 7.699641577013411e-04
1.531250000000000e-01 1.816950738056289e-01 7.702887974006603e-04
1.562500000000000e-01 1.861232079422458e-01 7.707567331828610e-04
1.593750000000000e-01 1.905967832396682e-01 7.711064870780177e-04
1.625000000000000e-01 1.951168919015860e-01 7.715863908496778e-04
1.656250000000000e-01 1.996846374926046e-01 7.719683202816398e-04
1.687500000000000e-01 2.043011352076760e-01 7.724654323996915e-04
1.718750000000000e-01 2.089675121443681e-01 7.728873124065418e-04
1.750000000000000e-01 2.136849075780412e-01 7.734763618564704e-04
1.781250000000000e-01 2.184544732399964e-01 7.739135136835180e-04
1.812500000000000e-01 2.232773735986666e-01 7.745213438518953e-04
1.843750000000000e-01 2.281547861439151e-01 7.749114607215004e-04
1.875000000000000e-01 2.330879016745160e-01 7.756942418228193e-04
1.906250000000000e-01 2.380779245888810e-01 7.760989713775485e-04
1.937500000000000e-01 2.431260731791094e-01 7.768728374892474e-04
1.968750000000000e-01 2.482335799284277e-01 7.773543629859745e-04
2.000000000000000e-01 2.534016918120952e-01 7.781865772815833e-04
2.031250000000000e-01 2.586316706018478e-01 7.787092540402544e-04
2.062500000000000e-01 2.639247931739538e-01 7.795515489755752e-04
2.093750000000000e-01 2.692823518209576e-01 7.801553813347031e-04
2.125000000000000e-01 2.747056545671873e-01 7.810004588465945e-04
2.156250000000000e-01 2.801960254881028e-01 7.817236197409018e-04
2.187500000000000e-01 2.857548050335636e-01 7.825860184277452e-04
2.218750000000000e-01 2.913833503550930e-01 7.834017617413399e-04
2.250000000000000e-01 2.970830356372213e-01 7.843018520684588e-04
2.281250000000000e-01 3.028552524329863e-01 7.852071453103370e-04
2.312500000000000e-01 3.087014100036755e-01 7.861329839555821e-04
2.343750000000000e-01 3.146229356628902e-01 7.870769216438351e-04
2.375000000000000e-01 3.206212751250189e-01 7.881153726996406e-04
2.406250000000000e-01 3.266978928582008e-01 7.890770090892408e-04
2.437500000000000e-01 3.328542724418705e-01 7.902574989719801e-04
2.468750000000000e-01 3.390919169289667e-01 7.912951397665011e-04
2.500000000000000e-01 3.454123492128958e-01 7.925796684374152e-04
2.531250000000000e-01 3.518171123993401e-01 7.936201969695530e-04
2.562500000000000e-01 3.583077701830001e-01 7.950053096723070e-04
2.593750000000000e-01 3.648859072293631e-01 7.961917622596480e-04
2.625000000000000e-01 3.715531295615936e-01 7.976249570854687e-04
2.656250000000000e-01 3.783110649526354e-01 7.989180338872575e-04
2.687500000000000e-01 3.851613633226258e-01 8.004193800046803e-04
2.718750000000000e-01 3.921056971417164e-01 8.018846737923704e-04
2.750000000000000e-01 3.991457618383991e-01 8.034543543420921e-04
2.781250000000000e-01 4.062832762134377e-01 8.050488942795820e-04
2.812500000000000e-01 4.135199828595055e-01 8.067137146481045e-04
2.843750000000000e-01 4.208576485866312e-01 8.084171034230227e-04
2.875000000000000e-01 4.282980648535585e-01 8.102374128108363e-04
2.906250000000000e-01 4.358430482051222e-01 8.120408697934020e-04
2.937500000000000e-01 4.434944407157500e-01 8.140472699362949e-04
2.968750000000000e-01 4.512541104391968e-01 8.159689327051771e-04
3.000000000000000e-01 4.591239518646220e-01 8.181285639526156e-04
3.031250000000000e-01 4.671058863791195e-01 8.201992259409091e-04
3.062500000000000e-01 4.752018627368176e-01 8.224951370958432e-04
3.093750000000000e-01 4.834138575346580e-01 8.247521985225099e-04
3.125000000000000e-01 4.917438756949728e-01 8.272154414083032e-04
3.156250000000000e-01 5.001939509549778e-01 8.296721569090375e-04
3.187500000000000e-01 5.087661463633005e-01 8.323132389996329e-04
3.218750000000000e-01 5.174625547836644e-01 8.349603484066257e-04
3.250000000000000e-01 5.262852994058529e-01 8.377953564388727e-04
3.281250000000000e-01 5.352365342640750e-01 8.406591689099111e-04
3.312500000000000e-01 5.443184447628656e-01 8.437202491012256e-04
3.343750000000000e-01 5.535332482106405e-01 8.468348115829428e-04
3.375000000000000e-01 5.628831943610435e-01 8.501090191163534e-04
3.406250000000000e-01 5.723705659622137e-01 8.534646924044639e-04
3.437500000000000e-01 5.819976793141081e-01 8.570076390016104e-04
3.468750000000000e-01 5.917668848340161e-01 8.606075017045962e-04
3.500000000000000e-01 6.016805676304035e-01 8.644881652416158e-04
3.531250000000000e-01 6.117411480852264e-01 8.683569277104700e-04
3.562500000000000e-01 6.219510824448572e-01 8.725189671395553e-04
3.593750000000000e-01 6.323128634197650e-01 8.767345384330706e-04
3.625000000000000e-01 6.428290207931012e-01 8.811944275945810e-04
3.656250000000000e-01 6.535021220383342e-01 8.858038180443183e-04
3.687500000000000e-01 6.643347729460869e-01 8.905964838594844e-04
3.718750000000000e-01 6.753296182603294e-01 8.955466359096998e-04
3.750000000000000e-01 6.864893423240808e-01 9.007774157023328e-04
3.781250000000000e-01 6.978166697347804e-01 9.061405967287364e-04
3.812500000000000e-01 7.093143660094854e-01 9.117680175803236e-04
3.843750000000000e-01 7.209852382600603e-01 9.175558106258131e-04
3.875000000000000e-01 7.328321358785219e-01 9.236863866215869e-04
3.906250000000000e-01 7.448579512327029e-01 9.299451253629449e-04
3.937500000000000e-01 7.570656203724140e-01 9.365537782019524e-04
3.968750000000000e-01 7.694581237462648e-01 9.433633059634205e-04
4.000000000000000e-01 7.820384869293291e-01 9.504952766616611e-04
4.031250000000000e-01 7.948097813618253e-01 9.578859112161718e-04
4.062500000000000e-01 8.077751250989945e-01 9.656049665675213e-04
4.093750000000000e-01 8.209376835723596e-01 9.736059739447494e-04
4.125000000000000e-01 8.343006703625532e-01 9.819850679395128e-04
4.156250000000000e-01 8.478673479838968e-01 9.906363043313030e-04
4.187500000000000e-01 8.616410286809313e-01 9.997303422043561e-04
4.218750000000000e-01 8.756250752370857e-01 1.009107832346093e-03
4.250000000000000e-01 8.898229017956865e-01 1.018950927848370e-03
4.281250000000000e-01 9.042379746935050e-01 1.029140914973671e-03
4.312500000000000e-01 9.188738133070491e-01 1.039787133300200e-03
4.343750000000000e-01 9.337339909118028e-01 1.050849683288837e-03
4.375000000000000e-01 9.488221355546261e-01 1.062391200060764e-03
4.406250000000000e-01 9.641419309395265e-01 1.074370966073077e-03
4.437500000000000e-01 9.796971173270190e-01 1.086902550849434e-03
4.468750000000000e-01 9.954914924472941e-01 1.099874348078693e-03
4.500000000000000e-01 1.011528912427417e+00 1.113457352603702e-03
4.531250000000000e-01 1.027813292732786e+00 1.127529392289141e-03
4.562500000000000e-01 1.044348609123070e+00 1.142219420107199e-03
4.593750000000000e-01 1.061138898622882e+00 1.157480144673568e-03
4.625000000000000e-01 1.078188260507393e+00 1.173372075953379e-03
4.656250000000000e-01 1.095500857303154e+00 1.189871919099240e-03
4.687500000000000e-01 1.113080915804360e+00 1.207070271778005e-03
4.718750000000000e-01 1.130932728104805e+00 1.224873728827053e-03
4.750000000000000e-01 1.149060652645771e+00 1.243429845991899e-03
4.781250000000000e-01 1.167469115280130e+00 1.262625741482602e-03
4.812500000000000e-01 1.186162610352890e+00 1.282558409644537e-03
4.843750000000000e-01 1.205145701798475e+00 1.303180001797210e-03
4.875000000000000e-01 1.224423024254985e+00 1.324519056226772e-03
4.906250000000000e-01 1.243999284195726e+00 1.346514845750424e-03
4.937500000000000e-01 1.263879261078271e+00 1.369227964516410e-03
4.968750000000000e-01 1.284067808511348e+00 1.392506346964124e-03
5.000000000000000e-01 1.304569855439823e+00 1.416409203805698e-03
5.031250000000000e-01 1.325390407348082e+00 1.440774121805492e-03
5.062500000000000e-01 1.346534547482100e+00 1.465541297950044e-03
5.093750000000000e-01 1.368007438090487e+00 1.490542276177334e-03
5.125000000000001e-01 1.389814321684837e+00 1.515641203358357e-03
5.156250000000000e-01 1.411960522319654e+00 1.540516560897381e-03
5.187500000000000e-01 1.434451446892208e+00 1.564974221302563e-03
5.218750000000000e-01 1.457292586462593e+00 1.588534667444677e-03
5.250000000000000e-01 1.480489517594354e+00 1.610766324892920e-03
5.281250000000001e-01 1.504047903715979e+00 1.631029838275628e-03
5.312500000000000e-01 1.527973496503592e+00 1.648597938348712e-03
5.343750000000000e-01 1.552272137285215e+00 1.662443568346366e-03
5.375000000000000e-01 1.576949758466886e+00 1.671476318921565e-03
5.406250000000000e-01 1.602012384981041e+00 1.674136889081113e-03
5.437500000000001e-01 1.627466135757470e+00 1.668660920528958e-03
5.468750000000000e-01 1.653317225217225e+00 1.652782858069125e-03
5.500000000000000e-01 1.679571964789851e+00 1.623793271644873e-03
5.531250000000000e-01 1.706236764454286e+00 1.578250327283810e-03
5.562500000000000e-01 1.733318134303830e+00 1.512160873534678e-03
5.593750000000001e-01 1.760822686135563e+00 1.420501681516113e-03
5.625000000000000e-01 1.788757135064574e+00 1.297341293933433e-03
5.656250000000000e-01 1.817128301163438e+00 1.135517875852589e-03
5.687500000000000e-01 1.845943111127301e+00 9.266868659311960e-04
5.718750000000000e-01 1.875208599965003e+00 6.609513884790312e-04
5.750000000000001e-01 1.904931912716643e+00 3.271494778771041e-04
5.781250000000000e-01 1.935120306198011e+00 -8.736705905109333e-05
5.812500000000000e-01 1.965781150772311e+00 -5.962409281514816e-04
5.843750000000000e-01 1.996921932149593e+00 -1.213692548655484e-03
5.875000000000000e-01 2.028550253214365e+00 -1.953244519307458e-03
5.906250000000001e-01 2.060673835881802e+00 -2.826649566106390e-03
5.937500000000000e-01 2.093300522983012e+00 -3.841924933570683e-03
5.968750000000000e-01 2.126438280179837e+00 -5.001794150268072e-03
6.000000000000001e-01 2.160095197909630e+00 -6.301976910851777e-03
6.031250000000000e-01 2.194279493360494e+00 -7.730584941653636e-03
6.062500000000001e-01 2.228999512477486e+00 -9.267830420978600e-03
6.093750000000000e-01 2.264263732000228e+00 -1.088703527999148e-02
6.125000000000000e-01 2.300080761532477e+00 -1.255624588063323e-02
6.156250000000001e-01 2.336459345644116e+00 -1.424045159085282e-02
6.187500000000000e-01 2.373408366006099e+00 -1.590381868843229e-02
6.218750000000001e-01 2.410936843558884e+00 -1.751179014744098e-02
6.250000000000000e-01 2.449053940714840e+00 -1.903286872156680e-02
6.281250000000000e-01 2.487768963595221e+00 -2.043983946782469e-02
6.312500000000001e-01 2.527091364302215e+00 -2.171040180174817e-02
6.343750000000000e-01 2.567030743226622e+00 -2.282745625794850e-02
6.375000000000001e-01 2.607596851391758e+00 -2.377896305043888e-02
6.406250000000000e-01 2.648799592834118e+00 -2.455768434543126e-02
6.437500000000000e-01 2.690649027021411e+00 -2.516052145553230e-02
6.468750000000001e-01 2.733155371308524e+00 -2.558799769353561e-02
6.500000000000000e-01 2.776329003432049e+00 -2.584354311633998e-02
6.531250000000001e-01 2.820180464043967e+00 -2.593301599254930e-02
6.562500000000000e-01 2.864720459285089e+00 -2.586401464985398e-02
6.593750000000000e-01 2.909959863398929e+00 -2.564543549300234e-02
6.625000000000001e-01 2.955909721386590e+00 -2.528694794463563e-02
6.656250000000000e-01 3.002581251703353e+00 -2.479873086788864e-02
6.687500000000001e-01 3.049985848997626e+00 -2.419111714305188e-02
6.718750000000000e-01 3.098135086892879e+00 -2.347441924890638e-02
6.750000000000000e-01 3.147040720813310e+00 -2.265867598898349e-02
6.781250000000001e-01 3.196714690853871e+00 -2.175357566505053e-02
6.812500000000000e-01 3.247169124695383e+00 -2.076834265795129e-02
6.843750000000001e-01 3.298416340565477e+00 -1.971175686037835e-02
6.875000000000000e-01 3.350468850246008e+00 -1.859208899053745e-02
6.906250000000000e-01 3.403339362127777e+00 -1.741714311986826e-02
6.937500000000001e-01 3.457040784313211e+00 -1.619422540029062e-02
6.968750000000000e-01 3.511586227767823e+00 -1.493021219299407e-02
7.000000000000001e-01 3.566989009521205e+00 -1.363156429663771e-02
7.031250000000000e-01 3.623262655918307e+00 -1.230442957542127e-02
7.062500000000000e-01 3.680420905921852e+00 -1.095465755487676e-02
7.093750000000001e-01 3.738477714466631e+00 -9.587920706420923e-03
7.125000000000000e-01 3.797447255866536e+00 -8.209720131725634e-03
7.156250000000001e-01 3.857343927275175e+00 -6.825509576584949e-03
7.187500000000000e-01 3.918182352200844e+00 -5.440720513671752e-03
7.218750000000000e-01 3.979977384076828e+00 -4.060879279057259e-03
7.250000000000001e-01 4.042744109887770e+00 -2.691665081910114e-03
7.281250000000000e-01 4.106497853853101e+00 -1.339019877846728e-03
7.312500000000001e-01 4.171254181168399e+00 -9.232963757416856e-06
7.343750000000000e-01 4.237028901805528e+00 1.290952438538838e-03
7.375000000000000e-01 4.303838074372613e+00 2.554242725294845e-03
7.406250000000001e-01 4.371698010034643e+00 3.772695054427128e-03
7.437500000000000e-01 4.440625276495786e+00 4.937631572865845e-03
7.468750000000001e-01 4.510636702044332e+00 6.039573399033234e-03
7.500000000000000e-01 4.581749379661216e+00 7.068215937642859e-03
7.531250000000000e-01 4.653980671193226e+00 8.012474578602210e-03
7.562500000000001e-01 4.727348211591802e+00 8.860640402157696e-03
7.593750000000000e-01 4.801869913218528e+00 9.600685825551399e-03
7.625000000000001e-01 4.877563970218381e+00 1.022074729820115e-02
7.656250000000000e-01 4.954448862961714e+00 1.070978347127523e-02
7.687500000000000e-01 5.032543362556198e+00 1.105836841980054e-02
7.718750000000001e-01 5.111866535429675e+00 1.125954101958584e-02
7.750000000000000e-01 5.192437747985146e+00 1.130960593036404e-02
7.781250000000001e-01 5.274276671329015e+00 1.120877782086191e-02
7.812500000000000e-01 5.357403286073669e+00 1.096158048334721e-02
7.843750000000000e-01 5.441837887215693e+00 1.057695038135761e-02
7.875000000000001e-01 5.527601089090773e+00 1.006803837842379e-02
7.906250000000000e-01 5.614713830406605e+00 9.451741186827445e-03
7.937500000000001e-01 5.703197379355005e+00 8.748016485113775e-03
7.968750000000000e-01 5.793073338804412e+00 7.979040725262879e-03
8.000000000000000e-01 5.884363651574169e+00 7.168261629991518e-03
8.031250000000001e-01 5.977090605791737e+00 6.339387713029475e-03
8.062500000000000e-01 6.071276840334257e+00 5.515353689381771e-03
8.093750000000001e-01 6.166945350355728e+00 4.717307318214107e-03
8.125000000000000e-01 6.264119492901173e+00 3.963677262356476e-03
8.156250000000000e-01 6.362822992609162e+00 3.269394910296035e-03
8.187500000000001e-01 6.463079947504072e+00 2.645346334830844e-03
8.218750000000000e-01 6.564914834879517e+00 2.098117176739482e-03
8.250000000000001e-01 6.668352517274371e+00 1.630062679759694e-03
8.281250000000000e-01 6.773418248542846e+00 1.239693094731075e-03
8.312500000000000e-01 6.880137680020114e+00 9.223211191966973e-04
8.343750000000001e-01 6.988536866784961e+00 6.708834960533252e-04
8.375000000000000e-01 7.098642274021019e+00 4.768311226824939e-04
8.406250000000001e-01 7.210480783478133e+00 3.309838701593738e-04
8.437500000000000e-01 7.324079700035414e+00 2.242654510026948e-04
8.468750000000000e-01 7.439466758367605e+00 1.482639547956974e-04
8.500000000000001e-01 7.556670129716381e+00 9.559737073845548e-05
8.531250000000000e-01 7.675718428768239e+00 6.009348988458501e-05
8.562500000000001e-01 7.796640720640633e+00 3.681524676239714e-05
8.593750000000000e-01 7.919466527978115e+00 2.197392212427727e-05
8.625000000000000e-01 8.044225838160141e+00 1.277439026404443e-05
8.656250000000001e-01 8.170949110622363e+00 7.231200671305296e-06
8.687500000000000e-01 8.299667284293170e+00 3.984871236582474e-06
8.718750000000001e-01 8.430411785147284e+00 2.137264717732429e-06
8.750000000000000e-01 8.563214533878281e+00 1.115472502684820e-06
8.781250000000000e-01 8.698107953691880e+00 5.664239731064413e-07
8.812500000000001e-01 8.835124978221932e+00 2.797956621060404e-07
8.843750000000000e-01 8.974299059571019e+00 1.344310108579938e-07
8.875000000000001e-01 9.115664176477637e+00 6.281556043044992e-08
8.906250000000000e-01 9.259254842611947e+00 2.854312605500233e-08
8.937500000000000e-01 9.405106115002161e+00 1.261148333156643e-08
8.968750000000001e-01 9.553253602593529e+00 5.417900925116832e-09
9.000000000000000e-01 9.703733474942130e+00 2.262933337984219e-09
9.031250000000001e-01 9.856582471045494e+00 9.189016751287006e-10
9.062500000000000e-01 1.001183790831228e+01 3.627508809381789e-10
9.093750000000000e-01 1.016953769167313e+01 1.392130803728952e-10
9.125000000000001e-01 1.032972032283505e+01 5.193711072175367e-11
9.156250000000000e-01 1.049242490968134e+01 1.883646761002438e-11
9.187500000000001e-01 1.065769117581972e+01 6.641195083030136e-12
9.218750000000000e-01 1.082555947028058e+01 2.276262713505717e-12
9.250000000000000e-01 1.099607077736805e+01 7.584640807564247e-13
9.281250000000001e-01 1.116926672666618e+01 2.456935993698446e-13
9.312500000000000e-01 1.134518960320255e+01 7.737682695815579e-14
9.343750000000001e-01 1.152388235777201e+01 2.369192986705774e-14
9.375000000000000e-01 1.170538861742293e+01 7.053075769790092e-15
9.406250000000000e-01 1.188975269610854e+01 2.041564703177086e-15
9.437500000000001e-01 1.207701960550600e+01 5.746107207795112e-16
9.468750000000000e-01 1.226723506600578e+01 1.572646818606188e-16
9.500000000000001e-01 1.246044551787411e+01 4.185600670994665e-17
9.531250000000000e-01 1.265669813259115e+01 1.083370170518291e-17
9.562500000000000e-01 1.285604082436773e+01 2.727174082233723e-18
9.593750000000001e-01 1.305852226184337e+01 6.677149475509909e-19
9.625000000000000e-01 1.326419187996850e+01 1.590148773556913e-19
9.656250000000001e-01 1.347309989207381e+01 3.683661779035694e-20
9.687500000000000e-01 1.368529730212962e+01 8.301271583173906e-21
9.718750000000000e-01 1.390083591719824e+01 1.819954408161466e-21
9.750000000000001e-01 1.411976836008246e+01 3.882004477745039e-22
9.781250000000000e-01 1.434214808217320e+01 8.056756746798171e-23
9.812500000000001e-01 1.456802937649935e+01 1.627056361261419e-23
9.843750000000000e-01 1.479746739098328e+01 3.197516969219559e-24
9.875000000000000e-01 1.503051814190487e+01 6.115332171688886e-25
9.906250000000001e-01 1.526723852757770e+01 1.138380102463732e-25
9.937500000000000e-01 1.550768634224049e+01 2.058565100689306e-26
9.968750000000001e-01 1.575192029016732e+01 3.873662759873256e-27
1.000000000000000e+00 1.600000000000000e+01 -5.717441103587384e-28
