0.000000000000000e+00 0.000000000000000e+00 8.687978837882441e-05
3.125000000000000e-03 3.369263549427258e-03 6.895381760622375e-05
6.250000000000000e-03 6.739349689698711e-03 7.331892728911612e-05
9.375000000000001e-03 1.011108121249049e-02 7.035834058725911e-05
1.250000000000000e-02 1.348528131119160e-02 7.165597313750746e-05
1.562500000000000e-02 1.686277378188298e-02 6.987086534310493e-05
1.875000000000000e-02 2.024438322446370e-02 7.086878228696057e-05
2.187500000000000e-02 2.363093524397333e-02 7.032357274927175e-05
2.500000000000000e-02 2.702325665215984e-02 7.062298270549886e-05
2.812500000000000e-02 3.042217566934200e-02 7.006272645574206e-05
3.125000000000000e-02 3.382852212661575e-02 7.041162764418128e-05
3.437500000000000e-02 3.724312766845378e-02 6.980419463695771e-05
3.750000000000001e-02 4.066682595574785e-02 7.020960849755985e-05
4.062500000000000e-02 4.410045286934348e-02 6.979219347751905e-05
4.375000000000000e-02 4.754484671411652e-02 6.997703507506476e-05
4.687500000000000e-02 5.100084842364160e-02 6.970482509518365e-05
5.000000000000000e-02 5.446930176550237e-02 6.997672178217100e-05
5.312500000000001e-02 5.795105354729364e-02 6.967477258802377e-05
5.625000000000000e-02 6.144695382336569e-02 7.007663907836325e-05
5.937500000000000e-02 6.495785610236132e-02 6.969381743123681e-05
6.250000000000000e-02 6.848461755559625e-02 6.999835817023323e-05
6.562500000000000e-02 7.202809922633362e-02 6.966951703886880e-05
6.875000000000001e-02 7.558916624000402e-02 6.997366267066300e-05
7.187500000000001e-02 7.916868801542200e-02 6.961702934421575e-05
7.500000000000001e-02 8.276753847705080e-02 6.987616842937526e-05
7.812500000000000e-02 8.638659626836727e-02 6.958794721976872e-05
8.125000000000000e-02 9.002674496637868e-02 6.983440982138020e-05
8.437500000000001e-02 9.368887329734420e-02 6.961897928842609e-05
8.750000000000001e-02 9.737387535375355e-02 6.987311290318002e-05
9.062500000000001e-02 1.010826508126157e-01 6.956599378480211e-05
9.375000000000000e-02 1.048161051551108e-01 6.989396707802395e-05
9.687500000000000e-02 1.085751498876601e-01 6.952891793588194e-05
1.000000000000000e-01 1.123607027644654e-01 6.978068905976473e-05
1.031250000000000e-01 1.161736880115753e-01 6.948098684506478e-05
1.062500000000000e-01 1.200150365525305e-01 6.969692072221295e-05
1.093750000000000e-01 1.238856862356450e-01 6.939623782443834e-05
1.125000000000000e-01 1.277865820629775e-01 6.966575556485578e-05
1.156250000000000e-01 1.317186764210495e-01 6.934547809189758e-05
1.187500000000000e-01 1.356829293133661e-01 6.962605574093311e-05
1.218750000000000e-01 1.396803085947971e-01 6.932652121543527e-05
1.250000000000000e-01 1.437117902078738e-01 6.953468655753508e-05
1.281250000000000e-01 1.477783584210617e-01 6.929048897953028e-05
1.312500000000000e-01 1.518810060690650e-01 6.953476943867097e-05
1.343750000000000e-01 1.560207347952229e-01 6.931413010058439e-05
1.375000000000000e-01 1.601985552960564e-01 6.946879268394926e-05
1.406250000000000e-01 1.644154875680252e-01 6.932731593352306e-05
1.437500000000000e-01 1.686725611565558e-01 6.941411769481579e-05
1.468750000000000e-01 1.729708154074000e-01 6.927301700317912e-05
1.500000000000000e-01 1.773112997203869e-01 6.939089319306949e-05
1.531250000000000e-01 1.816950738056289e-01 6.926371395613681e-05
1.562500000000000e-01 1.861232079422458e-01 6.932128752690290e-05
1.593750000000000e-01 1.905967832396682e-01 6.920252542956304e-05
1.625000000000000e-01 1.951168919015860e-01 6.921516170788206e-05
1.656250000000000e-01 1.996846374926046e-01 6.912276635554358e-05
1.687500000000000e-01 2.043011352076760e-01 6.917568220700944e-05
1.718750000000000e-01 2.089675121443681e-01 6.911050807469512e-05
1.750000000000000e-01 2.136849075780412e-01 6.911621190352989e-05
1.781250000000000e-01 2.184544732399964e-01 6.902417734755214e-05
1.812500000000000e-01 2.232773735986666e-01 6.906968461807089e-05
1.843750000000000e-01 2.281547861439151e-01 6.898512135056557e-05
1.875000000000000e-01 2.330879016745160e-01 6.901560392009198e-05
1.906250000000000e-01 2.380779245888810e-01 6.893829010947184e-05
1.937500000000000e-01 2.431260731791094e-01 6.901623884904313e-05
1.968750000000000e-01 2.482335799284277e-01 6.888249154609748e-05
2.000000000000000e-01 2.534016918120952e-01 6.898316190630236e-05
2.031250000000000e-01 2.586316706018478e-01 6.886340499952884e-05
2.062500000000000e-01 2.639247931739538e-01 6.892229466044557e-05
2.093750000000000e-01 2.692823518209576e-01 6.881235913626794e-05
2.125000000000000e-01 2.747056545671873e-01 6.888409866517538e-05
2.156250000000000e-01 2.801960254881028e-01 6.867661460889063e-05
2.187500000000000e-01 2.857548050335636e-01 6.883197655158937e-05
2.218750000000000e-01 2.913833503550930e-01 6.866199467499286e-05
2.250000000000000e-01 2.970830356372213e-01 6.880850667418393e-05
2.281250000000000e-01 3.028552524329863e-01 6.863675819772414e-05
2.312500000000000e-01 3.087014100036755e-01 6.874467652772127e-05
2.343750000000000e-01 3.146229356628902e-01 6.864477919922691e-05
2.375000000000000e-01 3.206212751250189e-01 6.874422331454026e-05
2.406250000000000e-01 3.266978928582008e-01 6.863825084373825e-05
2.437500000000000e-01 3.328542724418705e-01 6.873794712626449e-05
2.468750000000000e-01 3.390919169289667e-01 6.864550273823040e-05
2.500000000000000e-01 3.454123492128958e-01 6.868990870694416e-05
2.531250000000000e-01 3.518171123993401e-01 6.864737503574006e-05
2.562500000000000e-01 3.583077701830001e-01 6.865772004989184e-05
2.593750000000000e-01 3.648859072293631e-01 6.865865917821184e-05
2.625000000000000e-01 3.715531295615936e-01 6.866379670306744e-05
2.656250000000000e-01 3.783110649526354e-01 6.866993410426813e-05
2.687500000000000e-01 3.851613633226258e-01 6.870696584139788e-05
2.718750000000000e-01 3.921056971417164e-01 6.872677707997470e-05
2.750000000000000e-01 3.991457618383991e-01 6.876702074138038e-05
2.781250000000000e-01 4.062832762134377e-01 6.877380394063242e-05
2.812500000000000e-01 4.135199828595055e-01 6.885431580507022e-05
2.843750000000000e-01 4.208576485866312e-01 6.884180397193730e-05
2.875000000000000e-01 4.282980648535585e-01 6.894979407939642e-05
2.906250000000000e-01 4.358430482051222e-01 6.890152560473425e-05
2.937500000000000e-01 4.434944407157500e-01 6.907415056528177e-05
2.968750000000000e-01 4.512541104391968e-01 6.903270623029679e-05
3.000000000000000e-01 4.591239518646220e-01 6.922292719243971e-05
3.031250000000000e-01 4.671058863791195e-01 6.920762414157777e-05
3.062500000000000e-01 4.752018627368176e-01 6.941499103112730e-05
3.093750000000000e-01 4.834138575346580e-01 6.941177507160866e-05
3.125000000000000e-01 4.917438756949728e-01 6.962014827897078e-05
3.156250000000000e-01 5.001939509549778e-01 6.968160015124748e-05
3.187500000000000e-01 5.087661463633005e-01 6.985475676025427e-05
3.218750000000000e-01 5.174625547836644e-01 7.000340633881553e-05
3.250000000000000e-01 5.262852994058529e-01 7.016022161697678e-05
3.281250000000000e-01 5.352365342640750e-01 7.033775384738950e-05
3.312500000000000e-01 5.443184447628656e-01 7.051207999266302e-05
3.343750000000000e-01 5.535332482106405e-01 7.073097521498037e-05
3.375000000000000e-01 5.628831943610435e-01 7.094700040688211e-05
3.406250000000000e-01 5.723705659622137e-01 7.118662080926506e-05
3.437500000000000e-01 5.819976793141081e-01 7.148748736091042e-05
3.468750000000000e-01 5.917668848340161e-01 7.170954314762468e-05
3.500000000000000e-01 6.016805676304035e-01 7.206043172003583e-05
3.531250000000000e-01 6.117411480852264e-01 7.228762527223168e-05
3.562500000000000e-01 6.219510824448572e-01 7.272444927262430e-05
3.593750000000000e-01 6.323128634197650e-01 7.299661442668655e-05
3.625000000000000e-01 6.428290207931012e-01 7.346680122017136e-05
3.656250000000000e-01 6.535021220383342e-01 7.380945891724473e-05
3.687500000000000e-01 6.643347729460869e-01 7.429819552320285e-05
3.718750000000000e-01 6.753296182603294e-01 7.473585849827268e-05
3.750000000000000e-01 6.864893423240808e-01 7.522753966678067e-05
3.781250000000000e-01 6.978166697347804e-01 7.574485778867898e-05
3.812500000000000e-01 7.093143660094854e-01 7.628612271321041e-05
3.843750000000000e-01 7.209852382600603e-01 7.686841324436037e-05
3.875000000000000e-01 7.328321358785219e-01 7.749915087477731e-05
3.906250000000000e-01 7.448579512327029e-01 7.812443313176006e-05
3.937500000000000e-01 7.570656203724140e-01 7.884316940985697e-05
3.968750000000000e-01 7.694581237462648e-01 7.951151726576508e-05
4.000000000000000e-01 7.820384869293291e-01 8.030957536245314e-05
4.031250000000000e-01 7.948097813618253e-01 8.105262945618762e-05
4.062500000000000e-01 8.077751250989945e-01 8.193148636103863e-05
4.093750000000000e-01 8.209376835723596e-01 8.276868543031993e-05
4.125000000000000e-01 8.343006703625532e-01 8.371547091946502e-05
4.156250000000000e-01 8.478673479838968e-01 8.463266494203137e-05
4.187500000000000e-01 8.616410286809313e-01 8.565689190493209e-05
4.218750000000000e-01 8.756250752370857e-01 8.666108443922478e-05
4.250000000000000e-01 8.898229017956865e-01 8.778336595162034e-05
4.281250000000000e-01 9.042379746935050e-01 8.889671388732973e-05
4.312500000000000e-01 9.188738133070491e-01 9.008073525787718e-05
4.343750000000000e-01 9.337339909118028e-01 9.129713232279923e-05
4.375000000000000e-01 9.488221355546261e-01 9.255808961099503e-05
4.406250000000000e-01 9.641419309395265e-01 9.386359088094571e-05
4.437500000000000e-01 9.796971173270190e-01 9.526384485390361e-05
4.468750000000000e-01 9.954914924472941e-01 9.662521685778445e-05
4.500000000000000e-01 1.011528912427417e+00 9.813271790359501e-05
4.531250000000000e-01 1.027813292732786e+00 9.958329627273842e-05
4.562500000000000e-01 1.044348609123070e+00 1.011739930743841e-04
4.593750000000000e-01 1.061138898622882e+00 1.027677088693109e-04
4.625000000000000e-01 1.078188260507393e+00 1.044108373045444e-04
4.656250000000000e-01 1.095500857303154e+00 1.060834125642515e-04
4.687500000000000e-01 1.113080915804360e+00 1.078490833632948e-04
4.718750000000000e-01 1.130932728104805e+00 1.096265809542582e-04
4.750000000000000e-01 1.149060652645771e+00 1.114521843392388e-04
4.781250000000000e-01 1.167469115280130e+00 1.133095231281769e-04
4.812500000000000e-01 1.186162610352890e+00 1.152600872182441e-04
4.843750000000000e-01 1.205145701798475e+00 1.171775501135039e-04
4.875000000000000e-01 1.224423024254985e+00 1.192161341958944e-04
4.906250000000000e-01 1.243999284195726e+00 1.212262150581952e-04
4.937500000000000e-01 1.263879261078271e+00 1.233297080518321e-04
4.968750000000000e-01 1.284067808511348e+00 1.254421392176472e-04
5.000000000000000e-01 1.304569855439823e+00 1.276038274084131e-04
5.031250000000000e-01 1.325390407348082e+00 1.298050696200106e-04
5.062500000000000e-01 1.346534547482100e+00 1.320514926013117e-04
5.093750000000000e-01 1.368007438090487e+00 1.343096435217977e-04
5.125000000000001e-01 1.389814321684837e+00 1.366608632104400e-04
5.156250000000000e-01 1.411960522319654e+00 1.389831038160892e-04
5.187500000000000e-01 1.434451446892208e+00 1.414156382478776e-04
5.218750000000000e-01 1.457292586462593e+00 1.438423356822264e-04
5.250000000000000e-01 1.480489517594354e+00 1.463382764561108e-04
5.281250000000001e-01 1.504047903715979e+00 1.488781912361257e-04
5.312500000000000e-01 1.527973496503592e+00 1.514725382857720e-04
5.343750000000000e-01 1.552272137285215e+00 1.541065803011496e-04
5.375000000000000e-01 1.576949758466886e+00 1.568387156154865e-04
5.406250000000000e-01 1.602012384981041e+00 1.595872190187113e-04
5.437500000000001e-01 1.627466135757470e+00 1.624615803881412e-04
5.468750000000000e-01 1.653317225217225e+00 1.653753361855971e-04
5.500000000000000e-01 1.679571964789851e+00 1.684081313312942e-04
5.531250000000000e-01 1.706236764454286e+00 1.715231383471655e-04
5.562500000000000e-01 1.733318134303830e+00 1.747613939274473e-04
5.593750000000001e-01 1.760822686135563e+00 1.781102904094990e-04
5.625000000000000e-01 1.788757135064574e+00 1.816174200803197e-04
5.656250000000000e-01 1.817128301163438e+00 1.852406603704031e-04
5.687500000000000e-01 1.845943111127301e+00 1.890818856378232e-04
5.718750000000000e-01 1.875208599965003e+00 1.930620413471907e-04
5.750000000000001e-01 1.904931912716643e+00 1.972750265108520e-04
5.781250000000000e-01 1.935120306198011e+00 2.017146421007456e-04
5.812500000000000e-01 1.965781150772311e+00 2.063989948196461e-04
5.843750000000000e-01 1.996921932149593e+00 2.113409636867435e-04
5.875000000000000e-01 2.028550253214365e+00 2.166348409627646e-04
5.906250000000001e-01 2.060673835881802e+00 2.222056794154210e-04
5.937500000000000e-01 2.093300522983012e+00 2.281682737736828e-04
5.968750000000000e-01 2.126438280179837e+00 2.345274466664469e-04
6.000000000000001e-01 2.160095197909630e+00 2.413213804533581e-04
6.031250000000000e-01 2.194279493360494e+00 2.485683947393746e-04
6.062500000000001e-01 2.228999512477486e+00 2.563650209774619e-04
6.093750000000000e-01 2.264263732000228e+00 2.646960285634674e-04
6.125000000000000e-01 2.300080761532477e+00 2.736755275506298e-04
6.156250000000001e-01 2.336459345644116e+00 2.832958333276776e-04
6.187500000000000e-01 2.373408366006099e+00 2.936503077587427e-04
6.218750000000001e-01 2.410936843558884e+00 3.048256616029664e-04
6.250000000000000e-01 2.449053940714840e+00 3.169013649419930e-04
6.281250000000000e-01 2.487768963595221e+00 3.298431512840491e-04
6.312500000000001e-01 2.527091364302215e+00 3.438634184454796e-04
6.343750000000000e-01 2.567030743226622e+00 3.591017984238276e-04
6.375000000000001e-01 2.607596851391758e+00 3.755794506638514e-04
6.406250000000000e-01 2.648799592834118e+00 3.932747356252028e-04
6.437500000000000e-01 2.690649027021411e+00 4.125016220668837e-04
6.468750000000001e-01 2.733155371308524e+00 4.335394753078725e-04
6.500000000000000e-01 2.776329003432049e+00 4.564044929209793e-04
6.531250000000001e-01 2.820180464043967e+00 4.808597086178207e-04
6.562500000000000e-01 2.864720459285089e+00 5.071880888196870e-04
6.593750000000000e-01 2.909959863398929e+00 5.361002300807308e-04
6.625000000000001e-01 2.955909721386590e+00 5.678307838801098e-04
6.656250000000000e-01 3.002581251703353e+00 6.013941848110384e-04
6.687500000000001e-01 3.049985848997626e+00 6.359258172550611e-04
6.718750000000000e-01 3.098135086892879e+00 6.720838731557646e-04
6.750000000000000e-01 3.147040720813310e+00 7.112618724582598e-04
6.781250000000001e-01 3.196714690853871e+00 7.523741864041654e-04
6.812500000000000e-01 3.247169124695383e+00 7.903825441921701e-04
6.843750000000001e-01 3.298416340565477e+00 8.187010533599119e-04
6.875000000000000e-01 3.350468850246008e+00 8.337162394433611e-04
6.906250000000000e-01 3.403339362127777e+00 8.352961982145486e-04
6.937500000000001e-01 3.457040784313211e+00 8.201674137774808e-04
6.968750000000000e-01 3.511586227767823e+00 7.703319956779203e-04
7.000000000000001e-01 3.566989009521205e+00 6.448182439970118e-04
7.031250000000000e-01 3.623262655918307e+00 3.815500813485175e-04
7.062500000000000e-01 3.680420905921852e+00 -8.889298241372986e-05
7.093750000000001e-01 3.738477714466631e+00 -8.235427938169061e-04
7.125000000000000e-01 3.797447255866536e+00 -1.849032307346035e-03
7.156250000000001e-01 3.857343927275175e+00 -3.152531467416017e-03
7.187500000000000e-01 3.918182352200844e+00 -4.683187738590236e-03
7.218750000000000e-01 3.979977384076828e+00 -6.362392150186320e-03
7.250000000000001e-01 4.042744109887770e+00 -8.098013755241046e-03
7.281250000000000e-01 4.106497853853101e+00 -9.798284633383168e-03
7.312500000000001e-01 4.171254181168399e+00 -1.138228003218156e-02
7.343750000000000e-01 4.237028901805528e+00 -1.278608177088576e-02
7.375000000000000e-01 4.303838074372613e+00 -1.396492548076561e-02
7.406250000000001e-01 4.371698010034643e+00 -1.489250206384955e-02
7.437500000000000e-01 4.440625276495786e+00 -1.555837053021380e-02
7.468750000000001e-01 4.510636702044332e+00 -1.596468292114454e-02
7.500000000000000e-01 4.581749379661216e+00 -1.612269784435619e-02
7.531250000000000e-01 4.653980671193226e+00 -1.604975502385913e-02
7.562500000000001e-01 4.727348211591802e+00 -1.576668578970080e-02
7.593750000000000e-01 4.801869913218528e+00 -1.529590644309630e-02
7.625000000000001e-01 4.877563970218381e+00 -1.465995658417802e-02
7.656250000000000e-01 4.954448862961714e+00 -1.388058993748490e-02
7.687500000000000e-01 5.032543362556198e+00 -1.297818000265514e-02
7.718750000000001e-01 5.111866535429675e+00 -1.197148435831199e-02
7.750000000000000e-01 5.192437747985146e+00 -1.087757806560160e-02
7.781250000000001e-01 5.274276671329015e+00 -9.711985446449856e-03
7.812500000000000e-01 5.357403286073669e+00 -8.488828737320823e-03
7.843750000000000e-01 5.441837887215693e+00 -7.221093575525325e-03
7.875000000000001e-01 5.527601089090773e+00 -5.920854284583861e-03
7.906250000000000e-01 5.614713830406605e+00 -4.599610731697543e-03
7.937500000000001e-01 5.703197379355005e+00 -3.268586185828660e-03
7.968750000000000e-01 5.793073338804412e+00 -1.939069221289387e-03
8.000000000000000e-01 5.884363651574169e+00 -6.226968834390236e-04
8.031250000000001e-01 5.977090605791737e+00 6.682262218549615e-04
8.062500000000000e-01 6.071276840334257e+00 1.920343518486346e-03
8.093750000000001e-01 6.166945350355728e+00 3.118734756899384e-03
8.125000000000000e-01 6.264119492901173e+00 4.246374508168696e-03
8.156250000000000e-01 6.362822992609162e+00 5.283789076623392e-03
8.187500000000001e-01 6.463079947504072e+00 6.209238401459967e-03
8.218750000000000e-01 6.564914834879517e+00 6.999681933221220e-03
8.250000000000001e-01 6.668352517274371e+00 7.632577256666097e-03
8.281250000000000e-01 6.773418248542846e+00 8.088279634711643e-03
8.312500000000000e-01 6.880137680020114e+00 8.352593835687034e-03
8.343750000000001e-01 6.988536866784961e+00 8.418969608666501e-03
8.375000000000000e-01 7.098642274021019e+00 8.289940337588368e-03
8.406250000000001e-01 7.210480783478133e+00 7.977607440476252e-03
8.437500000000000e-01 7.324079700035414e+00 7.503168502407998e-03
8.468750000000000e-01 7.439466758367605e+00 6.895606398131207e-03
8.500000000000001e-01 7.556670129716381e+00 6.189697216477962e-03
8.531250000000000e-01 7.675718428768239e+00 5.423503496264757e-03
8.562500000000001e-01 7.796640720640633e+00 4.635546853778517e-03
8.593750000000000e-01 7.919466527978115e+00 3.861915641697130e-03
8.625000000000000e-01 8.044225838160141e+00 3.133629756357567e-03
8.656250000000001e-01 8.170949110622363e+00 2.474605481716867e-03
8.687500000000000e-01 8.299667284293170e+00 1.900500907629597e-03
8.718750000000001e-01 8.430411785147284e+00 1.418577007520257e-03
8.750000000000000e-01 8.563214533878281e+00 1.028519740203209e-03
8.781250000000000e-01 8.698107953691880e+00 7.239931831951492e-04
8.812500000000001e-01 8.835124978221932e+00 4.945844123681510e-04
8.843750000000000e-01 8.974299059571019e+00 3.277821441165871e-04
8.875000000000001e-01 9.115664176477637e+00 2.106948809410820e-04
8.906250000000000e-01 9.259254842611947e+00 1.313283032698192e-04
8.937500000000000e-01 9.405106115002161e+00 7.936588461512175e-05
8.968750000000001e-01 9.553253602593529e+00 4.649825782226601e-05
9.000000000000000e-01 9.703733474942130e+00 2.640831241173081e-05
9.031250000000001e-01 9.856582471045494e+00 1.453900922635832e-05
9.062500000000000e-01 1.001183790831228e+01 7.759275318629055e-06
9.093750000000000e-01 1.016953769167313e+01 4.014326341405531e-06
9.125000000000001e-01 1.032972032283505e+01 2.013407189950061e-06
9.156250000000000e-01 1.049242490968134e+01 9.790571985499366e-07
9.187500000000001e-01 1.065769117581972e+01 4.616136701795428e-07
9.218750000000000e-01 1.082555947028058e+01 2.110500719000193e-07
9.250000000000000e-01 1.099607077736805e+01 9.357831378251423e-08
9.281250000000001e-01 1.116926672666618e+01 4.024372069508455e-08
9.312500000000000e-01 1.134518960320255e+01 1.678833325548637e-08
9.343750000000001e-01 1.152388235777201e+01 6.794528666592604e-09
9.375000000000000e-01 1.170538861742293e+01 2.668154860944899e-09
9.406250000000000e-01 1.188975269610854e+01 1.016767752916576e-09
9.437500000000001e-01 1.207701960550600e+01 3.760552723926882e-10
9.468750000000000e-01 1.226723506600578e+01 1.350086743105066e-10
9.500000000000001e-01 1.246044551787411e+01 4.705579067676136e-11
9.531250000000000e-01 1.265669813259115e+01 1.592455996451031e-11
9.562500000000000e-01 1.285604082436773e+01 5.233428899194759e-12
9.593750000000001e-01 1.305852226184337e+01 1.670440970354949e-12
9.625000000000000e-01 1.326419187996850e+01 5.179203067283315e-13
9.656250000000001e-01 1.347309989207381e+01 1.560063931943343e-13
9.687500000000000e-01 1.368529730212962e+01 4.565933876930358e-14
9.718750000000000e-01 1.390083591719824e+01 1.298626007584685e-14
9.750000000000001e-01 1.411976836008246e+01 3.589753541291066e-15
9.781250000000000e-01 1.434214808217320e+01 9.645600745493350e-16
9.812500000000001e-01 1.456802937649935e+01 2.519621392310041e-16
9.843750000000000e-01 1.479746739098328e+01 6.399401788135847e-17
9.875000000000000e-01 1.503051814190487e+01 1.580492828849797e-17
9.906250000000001e-01 1.526723852757770e+01 3.796984470264551e-18
9.937500000000000e-01 1.550768634224049e+01 8.844407456263250e-19
9.968750000000001e-01 1.575192029016732e+01 2.137306409437574e-19
1.000000000000000e+00 1.600000000000000e+01 -4.986600040874218e-21
