0.000000000000000e+00 0.000000000000000e+00 6.123715124347874e-04
3.125000000000000e-03 3.369263549427258e-03 7.373786668212998e-05
6.250000000000000e-03 6.739349689698711e-03 1.692684375740508e-04
9.375000000000001e-03 1.011108121249049e-02 7.063275116757084e-05
1.250000000000000e-02 1.348528131119160e-02 1.225564685464870e-04
1.562500000000000e-02 1.686277378188298e-02 7.108035808667528e-05
1.875000000000000e-02 2.024438322446370e-02 1.054249082325630e-04
2.187500000000000e-02 2.363093524397333e-02 7.117465278395378e-05
2.500000000000000e-02 2.702325665215984e-02 9.689862552055002e-05
2.812500000000000e-02 3.042217566934200e-02 7.102272486656383e-05
3.125000000000000e-02 3.382852212661575e-02 9.167169171973556e-05
3.437500000000000e-02 3.724312766845378e-02 7.083744225535729e-05
3.750000000000001e-02 4.066682595574785e-02 8.805998544404270e-05
4.062500000000000e-02 4.410045286934348e-02 7.080784157990645e-05
4.375000000000000e-02 4.754484671411652e-02 8.551582486242383e-05
4.687500000000000e-02 5.100084842364160e-02 7.080246884893836e-05
5.000000000000000e-02 5.446930176550237e-02 8.361997218334422e-05
5.312500000000001e-02 5.795105354729364e-02 7.075841551705998e-05
5.625000000000000e-02 6.144695382336569e-02 8.224237723127838e-05
5.937500000000000e-02 6.495785610236132e-02 7.077512945117294e-05
6.250000000000000e-02 6.848461755559625e-02 8.105092893610742e-05
6.562500000000000e-02 7.202809922633362e-02 7.075186835462813e-05
6.875000000000001e-02 7.558916624000402e-02 8.007275596186430e-05
7.187500000000001e-02 7.916868801542200e-02 7.071544238720451e-05
7.500000000000001e-02 8.276753847705080e-02 7.919826779701172e-05
7.812500000000000e-02 8.638659626836727e-02 7.069143345764570e-05
8.125000000000000e-02 9.002674496637868e-02 7.852126717269266e-05
8.437500000000001e-02 9.368887329734420e-02 7.071519201541197e-05
8.750000000000001e-02 9.737387535375355e-02 7.793383379890855e-05
9.062500000000001e-02 1.010826508126157e-01 7.064903672709746e-05
9.375000000000000e-02 1.048161051551108e-01 7.745631884739880e-05
9.687500000000000e-02 1.085751498876601e-01 7.065874970570104e-05
1.000000000000000e-01 1.123607027644654e-01 7.690406887622140e-05
1.031250000000000e-01 1.161736880115753e-01 7.058654364274282e-05
1.062500000000000e-01 1.200150365525305e-01 7.645399451318260e-05
1.093750000000000e-01 1.238856862356450e-01 7.053957098318670e-05
1.125000000000000e-01 1.277865820629775e-01 7.607578891991038e-05
1.156250000000000e-01 1.317186764210495e-01 7.048533415494471e-05
1.187500000000000e-01 1.356829293133661e-01 7.573099925962147e-05
1.218750000000000e-01 1.396803085947971e-01 7.044881627753129e-05
1.250000000000000e-01 1.437117902078738e-01 7.536963844112895e-05
1.281250000000000e-01 1.477783584210617e-01 7.042530892482874e-05
1.312500000000000e-01 1.518810060690650e-01 7.511329891026592e-05
1.343750000000000e-01 1.560207347952229e-01 7.042541973896788e-05
1.375000000000000e-01 1.601985552960564e-01 7.481133656164924e-05
1.406250000000000e-01 1.644154875680252e-01 7.042940871987630e-05
1.437500000000000e-01 1.686725611565558e-01 7.455231722585904e-05
1.468750000000000e-01 1.729708154074000e-01 7.036200851599551e-05
1.500000000000000e-01 1.773112997203869e-01 7.432881319396011e-05
1.531250000000000e-01 1.816950738056289e-01 7.034652265052925e-05
1.562500000000000e-01 1.861232079422458e-01 7.408928143922806e-05
1.593750000000000e-01 1.905967832396682e-01 7.028799034498735e-05
1.625000000000000e-01 1.951168919015860e-01 7.383806177296225e-05
1.656250000000000e-01 1.996846374926046e-01 7.022371015894163e-05
1.687500000000000e-01 2.043011352076760e-01 7.363574337287630e-05
1.718750000000000e-01 2.089675121443681e-01 7.020339935435512e-05
1.750000000000000e-01 2.136849075780412e-01 7.343439910230725e-05
1.781250000000000e-01 2.184544732399964e-01 7.013269924240610e-05
1.812500000000000e-01 2.232773735986666e-01 7.324970637261341e-05
1.843750000000000e-01 2.281547861439151e-01 7.009680090560568e-05
1.875000000000000e-01 2.330879016745160e-01 7.307309159507879e-05
1.906250000000000e-01 2.380779245888810e-01 7.005400621285289e-05
1.937500000000000e-01 2.431260731791094e-01 7.293488848820050e-05
1.968750000000000e-01 2.482335799284277e-01 7.000491627817149e-05
2.000000000000000e-01 2.534016918120952e-01 7.278048532685479e-05
2.031250000000000e-01 2.586316706018478e-01 6.998674519128494e-05
2.062500000000000e-01 2.639247931739538e-01 7.261655988148004e-05
2.093750000000000e-01 2.692823518209576e-01 6.994478471291316e-05
2.125000000000000e-01 2.747056545671873e-01 7.247670530327893e-05
2.156250000000000e-01 2.801960254881028e-01 6.984193072757294e-05
2.187500000000000e-01 2.857548050335636e-01 7.233533001284388e-05
2.218750000000000e-01 2.913833503550930e-01 6.982899759620920e-05
2.250000000000000e-01 2.970830356372213e-01 7.222181418518693e-05
2.281250000000000e-01 3.028552524329863e-01 6.980273287077731e-05
2.312500000000000e-01 3.087014100036755e-01 7.208400805726004e-05
2.343750000000000e-01 3.146229356628902e-01 6.979992239888848e-05
2.375000000000000e-01 3.206212751250189e-01 7.199968270123724e-05
2.406250000000000e-01 3.266978928582008e-01 6.978650618846893e-05
2.437500000000000e-01 3.328542724418705e-01 7.191927141234025e-05
2.468750000000000e-01 3.390919169289667e-01 6.979007534046281e-05
2.500000000000000e-01 3.454123492128958e-01 7.181629086362853e-05
2.531250000000000e-01 3.518171123993401e-01 6.978944703024483e-05
2.562500000000000e-01 3.583077701830001e-01 7.173415631873609e-05
2.593750000000000e-01 3.648859072293631e-01 6.980483566997876e-05
2.625000000000000e-01 3.715531295615936e-01 7.168380678442103e-05
2.656250000000000e-01 3.783110649526354e-01 6.982918673157564e-05
2.687500000000000e-01 3.851613633226258e-01 7.165836609658139e-05
2.718750000000000e-01 3.921056971417164e-01 6.988235416972062e-05
2.750000000000000e-01 3.991457618383991e-01 7.165691640524468e-05
2.781250000000000e-01 4.062832762134377e-01 6.994289363038635e-05
2.812500000000000e-01 4.135199828595055e-01 7.167543010697858e-05
2.843750000000000e-01 4.208576485866312e-01 7.002625556456682e-05
2.875000000000000e-01 4.282980648535585e-01 7.171570867267077e-05
2.906250000000000e-01 4.358430482051222e-01 7.011370960160686e-05
2.937500000000000e-01 4.434944407157500e-01 7.178784350748402e-05
2.968750000000000e-01 4.512541104391968e-01 7.025440885820698e-05
3.000000000000000e-01 4.591239518646220e-01 7.188855561329899e-05
3.031250000000000e-01 4.671058863791195e-01 7.043144897338279e-05
3.062500000000000e-01 4.752018627368176e-01 7.203271537595793e-05
3.093750000000000e-01 4.834138575346580e-01 7.063706680850352e-05
3.125000000000000e-01 4.917438756949728e-01 7.220724469697202e-05
3.156250000000000e-01 5.001939509549778e-01 7.090000809352562e-05
3.187500000000000e-01 5.087661463633005e-01 7.242046553096157e-05
3.218750000000000e-01 5.174625547836644e-01 7.121573228437977e-05
3.250000000000000e-01 5.262852994058529e-01 7.269632370474084e-05
3.281250000000000e-01 5.352365342640750e-01 7.155682255519384e-05
3.312500000000000e-01 5.443184447628656e-01 7.302061845767064e-05
3.343750000000000e-01 5.535332482106405e-01 7.196160362519316e-05
3.375000000000000e-01 5.628831943610435e-01 7.341775550797657e-05
3.406250000000000e-01 5.723705659622137e-01 7.243554861505126e-05
3.437500000000000e-01 5.819976793141081e-01 7.390771968797430e-05
3.468750000000000e-01 5.917668848340161e-01 7.297541174569072e-05
3.500000000000000e-01 6.016805676304035e-01 7.444569385890693e-05
3.531250000000000e-01 6.117411480852264e-01 7.358304126026481e-05
3.562500000000000e-01 6.219510824448572e-01 7.507913354177663e-05
3.593750000000000e-01 6.323128634197650e-01 7.429794754627878e-05
3.625000000000000e-01 6.428290207931012e-01 7.579758650578485e-05
3.656250000000000e-01 6.535021220383342e-01 7.511118073743199e-05
3.687500000000000e-01 6.643347729460869e-01 7.661597199694610e-05
3.718750000000000e-01 6.753296182603294e-01 7.603420789036929e-05
3.750000000000000e-01 6.864893423240808e-01 7.753759474763286e-05
3.781250000000000e-01 6.978166697347804e-01 7.705318430721876e-05
3.812500000000000e-01 7.093143660094854e-01 7.858162678339205e-05
3.843750000000000e-01 7.209852382600603e-01 7.819212978559195e-05
3.875000000000000e-01 7.328321358785219e-01 7.976613970227715e-05
3.906250000000000e-01 7.448579512327029e-01 7.946559430470629e-05
3.937500000000000e-01 7.570656203724140e-01 8.108418107377717e-05
3.968750000000000e-01 7.694581237462648e-01 8.087436383434352e-05
4.000000000000000e-01 7.820384869293291e-01 8.253573631135808e-05
4.031250000000000e-01 7.948097813618253e-01 8.243255264157280e-05
4.062500000000000e-01 8.077751250989945e-01 8.414392665100331e-05
4.093750000000000e-01 8.209376835723596e-01 8.415720015344571e-05
4.125000000000000e-01 8.343006703625532e-01 8.591673888132420e-05
4.156250000000000e-01 8.478673479838968e-01 8.603744190353077e-05
4.187500000000000e-01 8.616410286809313e-01 8.785302212635741e-05
4.218750000000000e-01 8.756250752370857e-01 8.808394458050938e-05
4.250000000000000e-01 8.898229017956865e-01 8.997088549213430e-05
4.281250000000000e-01 9.042379746935050e-01 9.032513765847322e-05
4.312500000000000e-01 9.188738133070491e-01 9.226648225411478e-05
4.343750000000000e-01 9.337339909118028e-01 9.274138162043516e-05
4.375000000000000e-01 9.488221355546261e-01 9.474285890776228e-05
4.406250000000000e-01 9.641419309395265e-01 9.533555040569172e-05
4.437500000000000e-01 9.796971173270190e-01 9.742756270949632e-05
4.468750000000000e-01 9.954914924472941e-01 9.812551846648890e-05
4.500000000000000e-01 1.011528912427417e+00 1.002911646885490e-04
4.531250000000000e-01 1.027813292732786e+00 1.011051575121422e-04
4.562500000000000e-01 1.044348609123070e+00 1.033410690037081e-04
4.593750000000000e-01 1.061138898622882e+00 1.042915934952945e-04
4.625000000000000e-01 1.078188260507393e+00 1.065876815619967e-04
4.656250000000000e-01 1.095500857303154e+00 1.076382033570014e-04
4.687500000000000e-01 1.113080915804360e+00 1.100238213286668e-04
4.718750000000000e-01 1.130932728104805e+00 1.111971301092309e-04
4.750000000000000e-01 1.149060652645771e+00 1.136337829219248e-04
4.781250000000000e-01 1.167469115280130e+00 1.149155545261391e-04
4.812500000000000e-01 1.186162610352890e+00 1.174358163299641e-04
4.843750000000000e-01 1.205145701798475e+00 1.188133357815515e-04
4.875000000000000e-01 1.224423024254985e+00 1.214024943734619e-04
4.906250000000000e-01 1.243999284195726e+00 1.228828583647995e-04
4.937500000000000e-01 1.263879261078271e+00 1.255333572022078e-04
4.968750000000000e-01 1.284067808511348e+00 1.271197354482314e-04
5.000000000000000e-01 1.304569855439823e+00 1.298237491583282e-04
5.031250000000000e-01 1.325390407348082e+00 1.315128353558173e-04
5.062500000000000e-01 1.346534547482100e+00 1.342800142383634e-04
5.093750000000000e-01 1.368007438090487e+00 1.360568803089196e-04
5.125000000000001e-01 1.389814321684837e+00 1.388985615611056e-04
5.156250000000000e-01 1.411960522319654e+00 1.407663371414100e-04
5.187500000000000e-01 1.434451446892208e+00 1.436745528691774e-04
5.218750000000000e-01 1.457292586462593e+00 1.456535856396148e-04
5.250000000000000e-01 1.480489517594354e+00 1.486264841883655e-04
5.281250000000001e-01 1.504047903715979e+00 1.507215735378441e-04
5.312500000000000e-01 1.527973496503592e+00 1.537847870432934e-04
5.343750000000000e-01 1.552272137285215e+00 1.559957372734282e-04
5.375000000000000e-01 1.576949758466886e+00 1.591703737386501e-04
5.406250000000000e-01 1.602012384981041e+00 1.615259314012066e-04
5.437500000000001e-01 1.627466135757470e+00 1.648234755573312e-04
5.468750000000000e-01 1.653317225217225e+00 1.673555834506115e-04
5.500000000000000e-01 1.679571964789851e+00 1.708139612219308e-04
5.531250000000000e-01 1.706236764454286e+00 1.735473962229172e-04
5.562500000000000e-01 1.733318134303830e+00 1.772085440556088e-04
5.593750000000001e-01 1.760822686135563e+00 1.801962970186762e-04
5.625000000000000e-01 1.788757135064574e+00 1.841016845140951e-04
5.656250000000000e-01 1.817128301163438e+00 1.873943618631260e-04
5.687500000000000e-01 1.845943111127301e+00 1.916201536379161e-04
5.718750000000000e-01 1.875208599965003e+00 1.952758454588396e-04
5.750000000000001e-01 1.904931912716643e+00 1.998826518405140e-04
5.781250000000000e-01 1.935120306198011e+00 2.040014568310137e-04
5.812500000000000e-01 1.965781150772311e+00 2.090706423497199e-04
5.843750000000000e-01 1.996921932149593e+00 2.137232576317801e-04
5.875000000000000e-01 2.028550253214365e+00 2.193800421017253e-04
5.906250000000001e-01 2.060673835881802e+00 2.246821503550640e-04
5.937500000000000e-01 2.093300522983012e+00 2.310148200998705e-04
5.968750000000000e-01 2.126438280179837e+00 2.371052291315451e-04
6.000000000000001e-01 2.160095197909630e+00 2.442747749335618e-04
6.031250000000000e-01 2.194279493360494e+00 2.512806109957294e-04
6.062500000000001e-01 2.228999512477486e+00 2.594327197819945e-04
6.093750000000000e-01 2.264263732000228e+00 2.675533162294763e-04
6.125000000000000e-01 2.300080761532477e+00 2.768979259231319e-04
6.156250000000001e-01 2.336459345644116e+00 2.863094257653943e-04
6.187500000000000e-01 2.373408366006099e+00 2.970419204143125e-04
6.218750000000001e-01 2.410936843558884e+00 3.080450765308172e-04
6.250000000000000e-01 2.449053940714840e+00 3.204862143557409e-04
6.281250000000000e-01 2.487768963595221e+00 3.332856071564748e-04
6.312500000000001e-01 2.527091364302215e+00 3.476954047120783e-04
6.343750000000000e-01 2.567030743226622e+00 3.628127550221238e-04
6.375000000000001e-01 2.607596851391758e+00 3.796946863633802e-04
6.406250000000000e-01 2.648799592834118e+00 3.973089514523433e-04
6.437500000000000e-01 2.690649027021411e+00 4.169516905817338e-04
6.468750000000001e-01 2.733155371308524e+00 4.379683078940400e-04
6.500000000000000e-01 2.776329003432049e+00 4.612921027951449e-04
6.531250000000001e-01 2.820180464043967e+00 4.857352917343211e-04
6.562500000000000e-01 2.864720459285089e+00 5.125465830834490e-04
6.593750000000000e-01 2.909959863398929e+00 5.415807728560298e-04
6.625000000000001e-01 2.955909721386590e+00 5.738706902298377e-04
6.656250000000000e-01 3.002581251703353e+00 6.075318604118063e-04
6.687500000000001e-01 3.049985848997626e+00 6.426037358849902e-04
6.718750000000000e-01 3.098135086892879e+00 6.790168878445472e-04
6.750000000000000e-01 3.147040720813310e+00 7.189474102628354e-04
6.781250000000001e-01 3.196714690853871e+00 7.603983237808315e-04
6.812500000000000e-01 3.247169124695383e+00 7.989402999387710e-04
6.843750000000001e-01 3.298416340565477e+00 8.272518035534305e-04
6.875000000000000e-01 3.350468850246008e+00 8.426731370147762e-04
6.906250000000000e-01 3.403339362127777e+00 8.445617241542147e-04
6.937500000000001e-01 3.457040784313211e+00 8.300920475040541e-04
6.968750000000000e-01 3.511586227767823e+00 7.797549953081531e-04
7.000000000000001e-01 3.566989009521205e+00 6.521920612193152e-04
7.031250000000000e-01 3.623262655918307e+00 3.838853278365281e-04
7.062500000000000e-01 3.680420905921852e+00 -9.399043456925101e-05
7.093750000000001e-01 3.738477714466631e+00 -8.384308074670152e-04
7.125000000000000e-01 3.797447255866536e+00 -1.873905325373376e-03
7.156250000000001e-01 3.857343927275175e+00 -3.186853846209232e-03
7.187500000000000e-01 3.918182352200844e+00 -4.724151167271505e-03
7.218750000000000e-01 3.979977384076828e+00 -6.407496229294214e-03
7.250000000000001e-01 4.042744109887770e+00 -8.143506078548194e-03
7.281250000000000e-01 4.106497853853101e+00 -9.841869689187224e-03
7.312500000000001e-01 4.171254181168399e+00 -1.142115934670607e-02
7.343750000000000e-01 4.237028901805528e+00 -1.281931117247080e-02
7.375000000000000e-01 4.303838074372613e+00 -1.399129811490938e-02
7.406250000000001e-01 4.371698010034643e+00 -1.491237045706490e-02
7.437500000000000e-01 4.440625276495786e+00 -1.557167315708184e-02
7.468750000000001e-01 4.510636702044332e+00 -1.597238959736502e-02
7.500000000000000e-01 4.581749379661216e+00 -1.612526970540704e-02
7.531250000000000e-01 4.653980671193226e+00 -1.604831406674493e-02
7.562500000000001e-01 4.727348211591802e+00 -1.576185012137668e-02
7.593750000000000e-01 4.801869913218528e+00 -1.528865494367524e-02
7.625000000000001e-01 4.877563970218381e+00 -1.465079028844774e-02
7.656250000000000e-01 4.954448862961714e+00 -1.387019465986323e-02
7.687500000000000e-01 5.032543362556198e+00 -1.296689237269321e-02
7.718750000000001e-01 5.111866535429675e+00 -1.195977259706530e-02
7.750000000000000e-01 5.192437747985146e+00 -1.086570425713943e-02
7.781250000000001e-01 5.274276671329015e+00 -9.700281479367918e-03
7.812500000000000e-01 5.357403286073669e+00 -8.477492455682340e-03
7.843750000000000e-01 5.441837887215693e+00 -7.210321009903153e-03
7.875000000000001e-01 5.527601089090773e+00 -5.910747997095537e-03
7.906250000000000e-01 5.614713830406605e+00 -4.590244184737033e-03
7.937500000000001e-01 5.703197379355005e+00 -3.259980974566610e-03
7.968750000000000e-01 5.793073338804412e+00 -1.931227492038944e-03
8.000000000000000e-01 5.884363651574169e+00 -6.156024428331427e-04
8.031250000000001e-01 5.977090605791737e+00 6.745935252986137e-04
8.062500000000000e-01 6.071276840334257e+00 1.926004295359556e-03
8.093750000000001e-01 6.166945350355728e+00 3.123705354370829e-03
8.125000000000000e-01 6.264119492901173e+00 4.250666450257341e-03
8.156250000000000e-01 6.362822992609162e+00 5.287409927775353e-03
8.187500000000001e-01 6.463079947504072e+00 6.212194866008378e-03
8.218750000000000e-01 6.564914834879517e+00 7.001984139692902e-03
8.250000000000001e-01 6.668352517274371e+00 7.634243483491147e-03
8.281250000000000e-01 6.773418248542846e+00 8.089340329617398e-03
8.312500000000000e-01 6.880137680020114e+00 8.353094027009431e-03
8.343750000000001e-01 6.988536866784961e+00 8.418969190559724e-03
8.375000000000000e-01 7.098642274021019e+00 8.289512242942557e-03
8.406250000000001e-01 7.210480783478133e+00 7.976834139453153e-03
8.437500000000000e-01 7.324079700035414e+00 7.502137482055732e-03
8.468750000000000e-01 7.439466758367605e+00 6.894405280428360e-03
8.500000000000001e-01 7.556670129716381e+00 6.188409048045793e-03
8.531250000000000e-01 7.675718428768239e+00 5.422202598660397e-03
8.562500000000001e-01 7.796640720640633e+00 4.634295521660517e-03
8.593750000000000e-01 7.919466527978115e+00 3.860761915823126e-03
8.625000000000000e-01 8.044225838160141e+00 3.132606437179256e-03
8.656250000000001e-01 8.170949110622363e+00 2.473730446601938e-03
8.687500000000000e-01 8.299667284293170e+00 1.899778643189190e-03
8.718750000000001e-01 8.430411785147284e+00 1.418001099677651e-03
8.750000000000000e-01 8.563214533878281e+00 1.028075930198797e-03
8.781250000000000e-01 8.698107953691880e+00 7.236625417568951e-04
8.812500000000001e-01 8.835124978221932e+00 4.943462225575538e-04
8.843750000000000e-01 8.974299059571019e+00 3.276161988439093e-04
8.875000000000001e-01 9.115664176477637e+00 2.105830545792949e-04
8.906250000000000e-01 9.259254842611947e+00 1.312554044200998e-04
8.937500000000000e-01 9.405106115002161e+00 7.931990612286201e-05
8.968750000000001e-01 9.553253602593529e+00 4.647019644761805e-05
9.000000000000000e-01 9.703733474942130e+00 2.639173760196556e-05
9.031250000000001e-01 9.856582471045494e+00 1.452953287007447e-05
9.062500000000000e-01 1.001183790831228e+01 7.754030172526477e-06
9.093750000000000e-01 1.016953769167313e+01 4.011515286408901e-06
9.125000000000001e-01 1.032972032283505e+01 2.011948206260886e-06
9.156250000000000e-01 1.049242490968134e+01 9.783237393540700e-07
9.187500000000001e-01 1.065769117581972e+01 4.612564615411816e-07
9.218750000000000e-01 1.082555947028058e+01 2.108815077819225e-07
9.250000000000000e-01 1.099607077736805e+01 9.350122652304909e-08
9.281250000000001e-01 1.116926672666618e+01 4.020955017099377e-08
9.312500000000000e-01 1.134518960320255e+01 1.677364908415525e-08
9.343750000000001e-01 1.152388235777201e+01 6.788410053674337e-09
9.375000000000000e-01 1.170538861742293e+01 2.665682346728079e-09
9.406250000000000e-01 1.188975269610854e+01 1.015798621025305e-09
9.437500000000001e-01 1.207701960550600e+01 3.756867528355811e-10
9.468750000000000e-01 1.226723506600578e+01 1.348727033198718e-10
9.500000000000001e-01 1.246044551787411e+01 4.700710360534450e-11
9.531250000000000e-01 1.265669813259115e+01 1.590763860156013e-11
9.562500000000000e-01 1.285604082436773e+01 5.227719598499370e-12
9.593750000000001e-01 1.305852226184337e+01 1.668570603170550e-12
9.625000000000000e-01 1.326419187996850e+01 5.173252798704653e-13
9.656250000000001e-01 1.347309989207381e+01 1.558225361871926e-13
9.687500000000000e-01 1.368529730212962e+01 4.560415330320559e-14
9.718750000000000e-01 1.390083591719824e+01 1.297016711588531e-14
9.750000000000001e-01 1.411976836008246e+01 3.585193399087222e-15
9.781250000000000e-01 1.434214808217320e+01 9.633042892252500e-16
9.812500000000001e-01 1.456802937649935e+01 2.516260078662454e-16
9.843750000000000e-01 1.479746739098328e+01 6.390655579895114e-17
9.875000000000000e-01 1.503051814190487e+01 1.578280259627000e-17
9.906250000000001e-01 1.526723852757770e+01 3.791542866060942e-18
9.937500000000000e-01 1.550768634224049e+01 8.831481887411777e-19
9.968750000000001e-01 1.575192029016732e+01 2.134417823421327e-19
1.000000000000000e+00 1.600000000000000e+01 -4.835118762507356e-21
