0.000000000000000e+00 0.000000000000000e+00 5.077866197257595e-04
3.125000000000000e-03 3.369263549427258e-03 -3.102810647114141e-05
6.250000000000000e-03 6.739349689698711e-03 7.740668336475474e-05
9.375000000000001e-03 1.011108121249049e-02 -3.148363498625075e-05
1.250000000000000e-02 1.348528131119160e-02 3.106146189947048e-05
1.562500000000000e-02 1.686277378188298e-02 -3.075685403950818e-05
1.875000000000000e-02 2.024438322446370e-02 1.432355931132110e-05
2.187500000000000e-02 2.363093524397333e-02 -3.081748631888246e-05
2.500000000000000e-02 2.702325665215984e-02 5.638542921918980e-06
2.812500000000000e-02 3.042217566934200e-02 -3.053520222993313e-05
3.125000000000000e-02 3.382852212661575e-02 4.043302959443431e-07
3.437500000000000e-02 3.724312766845378e-02 -3.032306331613845e-05
3.750000000000001e-02 4.066682595574785e-02 -3.210564954326351e-06
4.062500000000000e-02 4.410045286934348e-02 -3.009071380145188e-05
4.375000000000000e-02 4.754484671411652e-02 -5.830975124292789e-06
4.687500000000000e-02 5.100084842364160e-02 -2.980348923959216e-05
5.000000000000000e-02 5.446930176550237e-02 -7.980077364994756e-06
5.312500000000001e-02 5.795105354729364e-02 -2.935514591930285e-05
5.625000000000000e-02 6.144695382336569e-02 -9.861814833094450e-06
5.937500000000000e-02 6.495785610236132e-02 -2.906507254405250e-05
6.250000000000000e-02 6.848461755559625e-02 -1.138230000619535e-05
6.562500000000000e-02 7.202809922633362e-02 -2.862747857314416e-05
6.875000000000001e-02 7.558916624000402e-02 -1.282667649720135e-05
7.187500000000001e-02 7.916868801542200e-02 -2.829299357445572e-05
7.500000000000001e-02 8.276753847705080e-02 -1.406888976059790e-05
7.812500000000000e-02 8.638659626836727e-02 -2.787390356816828e-05
8.125000000000000e-02 9.002674496637868e-02 -1.531335432299511e-05
8.437500000000001e-02 9.368887329734420e-02 -2.736306035296755e-05
8.750000000000001e-02 9.737387535375355e-02 -1.639118294852180e-05
9.062500000000001e-02 1.010826508126157e-01 -2.686582629494149e-05
9.375000000000000e-02 1.048161051551108e-01 -1.742696931999213e-05
9.687500000000000e-02 1.085751498876601e-01 -2.655262609084950e-05
1.000000000000000e-01 1.123607027644654e-01 -1.836385786455283e-05
1.031250000000000e-01 1.161736880115753e-01 -2.615942618376567e-05
1.062500000000000e-01 1.200150365525305e-01 -1.923408259551497e-05
1.093750000000000e-01 1.238856862356450e-01 -2.584100928946250e-05
1.125000000000000e-01 1.277865820629775e-01 -2.006930516414110e-05
1.156250000000000e-01 1.317186764210495e-01 -2.557281527969475e-05
1.187500000000000e-01 1.356829293133661e-01 -2.080401366501378e-05
1.218750000000000e-01 1.396803085947971e-01 -2.530271954580259e-05
1.250000000000000e-01 1.437117902078738e-01 -2.154999261775332e-05
1.281250000000000e-01 1.477783584210617e-01 -2.517308387903789e-05
1.312500000000000e-01 1.518810060690650e-01 -2.216383350166413e-05
1.343750000000000e-01 1.560207347952229e-01 -2.503400569469122e-05
1.375000000000000e-01 1.601985552960564e-01 -2.273603235857438e-05
1.406250000000000e-01 1.644154875680252e-01 -2.494580602408295e-05
1.437500000000000e-01 1.686725611565558e-01 -2.320226021884656e-05
1.468750000000000e-01 1.729708154074000e-01 -2.499398599461746e-05
1.500000000000000e-01 1.773112997203869e-01 -2.362133067137919e-05
1.531250000000000e-01 1.816950738056289e-01 -2.505505391437990e-05
1.562500000000000e-01 1.861232079422458e-01 -2.391838474853743e-05
1.593750000000000e-01 1.905967832396682e-01 -2.513756101296379e-05
1.625000000000000e-01 1.951168919015860e-01 -2.419918086571545e-05
1.656250000000000e-01 1.996846374926046e-01 -2.531855789741231e-05
1.687500000000000e-01 2.043011352076760e-01 -2.440438052143090e-05
1.718750000000000e-01 2.089675121443681e-01 -2.555182437429605e-05
1.750000000000000e-01 2.136849075780412e-01 -2.455933758800123e-05
1.781250000000000e-01 2.184544732399964e-01 -2.586979576356598e-05
1.812500000000000e-01 2.232773735986666e-01 -2.464106666895907e-05
1.843750000000000e-01 2.281547861439151e-01 -2.620339603857433e-05
1.875000000000000e-01 2.330879016745160e-01 -2.470668744044484e-05
1.906250000000000e-01 2.380779245888810e-01 -2.660191327325262e-05
1.937500000000000e-01 2.431260731791094e-01 -2.467154787288494e-05
1.968750000000000e-01 2.482335799284277e-01 -2.700069828129715e-05
2.000000000000000e-01 2.534016918120952e-01 -2.467563966381490e-05
2.031250000000000e-01 2.586316706018478e-01 -2.743894116828524e-05
2.062500000000000e-01 2.639247931739538e-01 -2.470013162480752e-05
2.093750000000000e-01 2.692823518209576e-01 -2.785485220073157e-05
2.125000000000000e-01 2.747056545671873e-01 -2.472166168974627e-05
2.156250000000000e-01 2.801960254881028e-01 -2.823749088238932e-05
2.187500000000000e-01 2.857548050335636e-01 -2.478049133418624e-05
2.218750000000000e-01 2.913833503550930e-01 -2.859129338356584e-05
2.250000000000000e-01 2.970830356372213e-01 -2.490056777818565e-05
2.281250000000000e-01 3.028552524329863e-01 -2.889443151229225e-05
2.312500000000000e-01 3.087014100036755e-01 -2.510859130483658e-05
2.343750000000000e-01 3.146229356628902e-01 -2.914069827344543e-05
2.375000000000000e-01 3.206212751250189e-01 -2.533378144691547e-05
2.406250000000000e-01 3.266978928582008e-01 -2.932102977320769e-05
2.437500000000000e-01 3.328542724418705e-01 -2.564577254436635e-05
2.468750000000000e-01 3.390919169289667e-01 -2.945348628209473e-05
2.500000000000000e-01 3.454123492128958e-01 -2.599477589496426e-05
2.531250000000000e-01 3.518171123993401e-01 -2.948875805179980e-05
2.562500000000000e-01 3.583077701830001e-01 -2.643015026543049e-05
2.593750000000000e-01 3.648859072293631e-01 -2.949403833508478e-05
2.625000000000000e-01 3.715531295615936e-01 -2.689844262781965e-05
2.656250000000000e-01 3.783110649526354e-01 -2.944770451210400e-05
2.687500000000000e-01 3.851613633226258e-01 -2.739918985172035e-05
2.718750000000000e-01 3.921056971417164e-01 -2.936767503274717e-05
2.750000000000000e-01 3.991457618383991e-01 -2.789903465382203e-05
2.781250000000000e-01 4.062832762134377e-01 -2.932080961829024e-05
2.812500000000000e-01 4.135199828595055e-01 -2.837007926761431e-05
2.843750000000000e-01 4.208576485866312e-01 -2.930721283132772e-05
2.875000000000000e-01 4.282980648535585e-01 -2.878908577030722e-05
2.906250000000000e-01 4.358430482051222e-01 -2.934996692977299e-05
2.937500000000000e-01 4.434944407157500e-01 -2.912514329654986e-05
2.968750000000000e-01 4.512541104391968e-01 -2.946552643530855e-05
3.000000000000000e-01 4.591239518646220e-01 -2.935916853460058e-05
3.031250000000000e-01 4.671058863791195e-01 -2.966384267194783e-05
3.062500000000000e-01 4.752018627368176e-01 -2.949625936139140e-05
3.093750000000000e-01 4.834138575346580e-01 -2.992863029414878e-05
3.125000000000000e-01 4.917438756949728e-01 -2.952718901778090e-05
3.156250000000000e-01 5.001939509549778e-01 -3.021568538523903e-05
3.187500000000000e-01 5.087661463633005e-01 -2.946809205810521e-05
3.218750000000000e-01 5.174625547836644e-01 -3.055493646130688e-05
3.250000000000000e-01 5.262852994058529e-01 -2.933458900609977e-05
3.281250000000000e-01 5.352365342640750e-01 -3.089068950691036e-05
3.312500000000000e-01 5.443184447628656e-01 -2.918888939783151e-05
3.343750000000000e-01 5.535332482106405e-01 -3.115482718967204e-05
3.375000000000000e-01 5.628831943610435e-01 -2.905103887609342e-05
3.406250000000000e-01 5.723705659622137e-01 -3.131438401698461e-05
3.437500000000000e-01 5.819976793141081e-01 -2.897830310214162e-05
3.468750000000000e-01 5.917668848340161e-01 -3.135159453543611e-05
3.500000000000000e-01 6.016805676304035e-01 -2.899135654223020e-05
3.531250000000000e-01 6.117411480852264e-01 -3.122450247105695e-05
3.562500000000000e-01 6.219510824448572e-01 -2.904554547323066e-05
3.593750000000000e-01 6.323128634197650e-01 -3.093622043774307e-05
3.625000000000000e-01 6.428290207931012e-01 -2.915339441526753e-05
3.656250000000000e-01 6.535021220383342e-01 -3.050790712977323e-05
3.687500000000000e-01 6.643347729460869e-01 -2.925922527703167e-05
3.718750000000000e-01 6.753296182603294e-01 -3.000111849758853e-05
3.750000000000000e-01 6.864893423240808e-01 -2.929324995302869e-05
3.781250000000000e-01 6.978166697347804e-01 -2.946448866333254e-05
3.812500000000000e-01 7.093143660094854e-01 -2.918423185285178e-05
3.843750000000000e-01 7.209852382600603e-01 -2.895714949805236e-05
3.875000000000000e-01 7.328321358785219e-01 -2.888864991819794e-05
3.906250000000000e-01 7.448579512327029e-01 -2.853068734155588e-05
3.937500000000000e-01 7.570656203724140e-01 -2.835059830443914e-05
3.968750000000000e-01 7.694581237462648e-01 -2.817281836929724e-05
4.000000000000000e-01 7.820384869293291e-01 -2.758473735386614e-05
4.031250000000000e-01 7.948097813618253e-01 -2.783871519682371e-05
4.062500000000000e-01 8.077751250989945e-01 -2.666310695497183e-05
4.093750000000000e-01 8.209376835723596e-01 -2.744716901824391e-05
4.125000000000000e-01 8.343006703625532e-01 -2.565149276209362e-05
4.156250000000000e-01 8.478673479838968e-01 -2.692003399046989e-05
4.187500000000000e-01 8.616410286809313e-01 -2.467009434779194e-05
4.218750000000000e-01 8.756250752370857e-01 -2.613363050396567e-05
4.250000000000000e-01 8.898229017956865e-01 -2.379168205568537e-05
4.281250000000000e-01 9.042379746935050e-01 -2.504893596063376e-05
4.312500000000000e-01 9.188738133070491e-01 -2.302271149562404e-05
4.343750000000000e-01 9.337339909118028e-01 -2.369810190437523e-05
4.375000000000000e-01 9.488221355546261e-01 -2.229870781263029e-05
4.406250000000000e-01 9.641419309395265e-01 -2.219521614954064e-05
4.437500000000000e-01 9.796971173270190e-01 -2.149661609485738e-05
4.468750000000000e-01 9.954914924472941e-01 -2.068657848868680e-05
4.500000000000000e-01 1.011528912427417e+00 -2.045134232934783e-05
4.531250000000000e-01 1.027813292732786e+00 -1.933662336342948e-05
4.562500000000000e-01 1.044348609123070e+00 -1.905583565967378e-05
4.593750000000000e-01 1.061138898622882e+00 -1.821958492087787e-05
4.625000000000000e-01 1.078188260507393e+00 -1.735938076016377e-05
4.656250000000000e-01 1.095500857303154e+00 -1.725925562530090e-05
4.687500000000000e-01 1.113080915804360e+00 -1.552391653008710e-05
4.718750000000000e-01 1.130932728104805e+00 -1.625198565707088e-05
4.750000000000000e-01 1.149060652645771e+00 -1.380964350620041e-05
4.781250000000000e-01 1.167469115280130e+00 -1.494715310226528e-05
4.812500000000000e-01 1.186162610352890e+00 -1.246359688238002e-05
4.843750000000000e-01 1.205145701798475e+00 -1.327755380581671e-05
4.875000000000000e-01 1.224423024254985e+00 -1.150424590398563e-05
4.906250000000000e-01 1.243999284195726e+00 -1.136283132405282e-05
4.937500000000000e-01 1.263879261078271e+00 -1.071131270197911e-05
4.968750000000000e-01 1.284067808511348e+00 -9.596393434827546e-06
5.000000000000000e-01 1.304569855439823e+00 -9.723154976826346e-06
5.031250000000000e-01 1.325390407348082e+00 -8.334196995114903e-06
5.062500000000000e-01 1.346534547482100e+00 -8.320029190397043e-06
5.093750000000000e-01 1.368007438090487e+00 -7.688017805373717e-06
5.125000000000001e-01 1.389814321684837e+00 -6.670478101429303e-06
5.156250000000000e-01 1.411960522319654e+00 -7.355068905927457e-06
5.187500000000000e-01 1.434451446892208e+00 -5.276583950254953e-06
5.218750000000000e-01 1.457292586462593e+00 -6.816276566667541e-06
5.250000000000000e-01 1.480489517594354e+00 -4.628206996541582e-06
5.281250000000001e-01 1.504047903715979e+00 -5.796891221901850e-06
5.312500000000000e-01 1.527973496503592e+00 -4.774460819367125e-06
5.343750000000000e-01 1.552272137285215e+00 -4.614419536072874e-06
5.375000000000000e-01 1.576949758466886e+00 -5.165228445637875e-06
5.406250000000000e-01 1.602012384981041e+00 -3.998705049416122e-06
5.437500000000001e-01 1.627466135757470e+00 -5.080425615759342e-06
5.468750000000000e-01 1.653317225217225e+00 -4.457366257411205e-06
5.500000000000000e-01 1.679571964789851e+00 -4.428096949452310e-06
5.531250000000000e-01 1.706236764454286e+00 -5.622937261014298e-06
5.562500000000000e-01 1.733318134303830e+00 -4.012469057091294e-06
5.593750000000001e-01 1.760822686135563e+00 -6.416333562310674e-06
5.625000000000000e-01 1.788757135064574e+00 -4.783318213997308e-06
5.656250000000000e-01 1.817128301163438e+00 -6.307606143483275e-06
5.687500000000000e-01 1.845943111127301e+00 -6.576785492090749e-06
5.718750000000000e-01 1.875208599965003e+00 -6.102080147268148e-06
5.750000000000001e-01 1.904931912716643e+00 -8.066138334529734e-06
5.781250000000000e-01 1.935120306198011e+00 -7.129129431097679e-06
5.812500000000000e-01 1.965781150772311e+00 -8.283848002536367e-06
5.843750000000000e-01 1.996921932149593e+00 -9.416895648178216e-06
5.875000000000000e-01 2.028550253214365e+00 -8.175333604715506e-06
5.906250000000001e-01 2.060673835881802e+00 -1.118516508768985e-05
5.937500000000000e-01 2.093300522983012e+00 -9.528659258014591e-06
5.968750000000000e-01 2.126438280179837e+00 -1.124821559987279e-05
6.000000000000001e-01 2.160095197909630e+00 -1.218473155014961e-05
6.031250000000000e-01 2.194279493360494e+00 -1.108763705958376e-05
6.062500000000001e-01 2.228999512477486e+00 -1.368286541793824e-05
6.093750000000000e-01 2.264263732000228e+00 -1.292135379284760e-05
6.125000000000000e-01 2.300080761532477e+00 -1.307885920375952e-05
6.156250000000001e-01 2.336459345644116e+00 -1.562495203246696e-05
6.187500000000000e-01 2.373408366006099e+00 -1.313346489373438e-05
6.218750000000001e-01 2.410936843558884e+00 -1.596097328287050e-05
6.250000000000000e-01 2.449053940714840e+00 -1.572587089382253e-05
6.281250000000000e-01 2.487768963595221e+00 -1.460295037377227e-05
6.312500000000001e-01 2.527091364302215e+00 -1.758378565517932e-05
6.343750000000000e-01 2.567030743226622e+00 -1.576507457095288e-05
6.375000000000001e-01 2.607596851391758e+00 -1.599880001645829e-05
6.406250000000000e-01 2.648799592834118e+00 -1.866692005542686e-05
6.437500000000000e-01 2.690649027021411e+00 -1.523480560559185e-05
6.468750000000001e-01 2.733155371308524e+00 -1.791360827770211e-05
6.500000000000000e-01 2.776329003432049e+00 -1.825693558144479e-05
6.531250000000001e-01 2.820180464043967e+00 -1.546631584306360e-05
6.562500000000000e-01 2.864720459285089e+00 -1.888496156612269e-05
6.593750000000000e-01 2.909959863398929e+00 -1.776764583211125e-05
6.625000000000001e-01 2.955909721386590e+00 -1.537753536260895e-05
6.656250000000000e-01 3.002581251703353e+00 -1.979228554266880e-05
6.687500000000001e-01 3.049985848997626e+00 -1.654364898134007e-05
6.718750000000000e-01 3.098135086892879e+00 -1.574235201311824e-05
6.750000000000000e-01 3.147040720813310e+00 -1.976923767581598e-05
6.781250000000001e-01 3.196714690853871e+00 -1.572017647736337e-05
6.812500000000000e-01 3.247169124695383e+00 -1.542157922983433e-05
6.843750000000001e-01 3.298416340565477e+00 -1.992178849091710e-05
6.875000000000000e-01 3.350468850246008e+00 -1.448129025034304e-05
6.906250000000000e-01 3.403339362127777e+00 -1.511485623483430e-05
6.937500000000001e-01 3.457040784313211e+00 -1.955245428757918e-05
6.968750000000000e-01 3.511586227767823e+00 -1.375811941590604e-05
7.000000000000001e-01 3.566989009521205e+00 -1.377963146358122e-05
7.031250000000000e-01 3.623262655918307e+00 -1.956628232166062e-05
7.062500000000000e-01 3.680420905921852e+00 -1.291403417852547e-05
7.093750000000001e-01 3.738477714466631e+00 -1.201108285370571e-05
7.125000000000000e-01 3.797447255866536e+00 -1.899380410885247e-05
7.156250000000001e-01 3.857343927275175e+00 -1.311975084746879e-05
7.187500000000000e-01 3.918182352200844e+00 -8.950540081066431e-06
7.218750000000000e-01 3.979977384076828e+00 -1.792837897037139e-05
7.250000000000001e-01 4.042744109887770e+00 -1.415562130711438e-05
7.281250000000000e-01 4.106497853853101e+00 -5.832914376108992e-06
7.312500000000001e-01 4.171254181168399e+00 -1.429076648393048e-05
7.343750000000000e-01 4.237028901805528e+00 -1.672311128596445e-05
7.375000000000000e-01 4.303838074372613e+00 -3.827968316438308e-06
7.406250000000001e-01 4.371698010034643e+00 -7.343441066072172e-06
7.437500000000000e-01 4.440625276495786e+00 -1.790254502259046e-05
7.468750000000001e-01 4.510636702044332e+00 -6.766726441510656e-06
7.500000000000000e-01 4.581749379661216e+00 2.205429711343006e-06
7.531250000000000e-01 4.653980671193226e+00 -1.247792156335671e-05
7.562500000000001e-01 4.727348211591802e+00 -1.429997029183209e-05
7.593750000000000e-01 4.801869913218528e+00 5.408581294096952e-06
7.625000000000001e-01 4.877563970218381e+00 4.400502026992513e-06
7.656250000000000e-01 4.954448862961714e+00 -1.541694187758575e-05
7.687500000000000e-01 5.032543362556198e+00 -6.595676261509729e-06
7.718750000000001e-01 5.111866535429675e+00 1.796925017297718e-05
7.750000000000000e-01 5.192437747985146e+00 8.701409922964547e-06
7.781250000000001e-01 5.274276671329015e+00 -1.573859428659592e-05
7.812500000000000e-01 5.357403286073669e+00 -2.946600168274834e-08
7.843750000000000e-01 5.441837887215693e+00 3.355663744850909e-05
7.875000000000001e-01 5.527601089090773e+00 2.336287046776276e-05
7.906250000000000e-01 5.614713830406605e+00 -1.293614707546571e-05
7.937500000000001e-01 5.703197379355005e+00 -2.249734848789257e-06
7.968750000000000e-01 5.793073338804412e+00 5.003419958370251e-05
8.000000000000000e-01 5.884363651574169e+00 6.154550762417142e-05
8.031250000000001e-01 5.977090605791737e+00 1.005695542873754e-05
8.062500000000000e-01 6.071276840334257e+00 -1.888448298016805e-05
8.093750000000001e-01 6.166945350355728e+00 3.765797092704251e-05
8.125000000000000e-01 6.264119492901173e+00 1.169056282369855e-04
8.156250000000000e-01 6.362822992609162e+00 1.098394085320860e-04
8.187500000000001e-01 6.463079947504072e+00 1.813471490928951e-05
8.218750000000000e-01 6.564914834879517e+00 -3.407882327407015e-05
8.250000000000001e-01 6.668352517274371e+00 5.118088429208477e-05
8.281250000000000e-01 6.773418248542846e+00 2.164951976190862e-04
8.312500000000000e-01 6.880137680020114e+00 2.981476519069082e-04
8.343750000000001e-01 6.988536866784961e+00 1.947109776447840e-04
8.375000000000000e-01 7.098642274021019e+00 -1.617772993985197e-05
8.406250000000001e-01 7.210480783478133e+00 -1.282353945253189e-04
8.437500000000000e-01 7.324079700035414e+00 3.156214434721752e-05
8.468750000000000e-01 7.439466758367605e+00 4.607722434491794e-04
8.500000000000001e-01 7.556670129716381e+00 9.639685824952049e-04
8.531250000000000e-01 7.675718428768239e+00 1.250877221310410e-03
8.562500000000001e-01 7.796640720640633e+00 1.077178048283246e-03
8.593750000000000e-01 7.919466527978115e+00 3.413660228059625e-04
8.625000000000000e-01 8.044225838160141e+00 -8.938255374951587e-04
8.656250000000001e-01 8.170949110622363e+00 -2.447029612922092e-03
8.687500000000000e-01 8.299667284293170e+00 -4.087385968714516e-03
8.718750000000001e-01 8.430411785147284e+00 -5.601144229715451e-03
8.750000000000000e-01 8.563214533878281e+00 -6.830053317253790e-03
8.781250000000000e-01 8.698107953691880e+00 -7.686260151059722e-03
8.812500000000001e-01 8.835124978221932e+00 -8.142062671711513e-03
8.843750000000000e-01 8.974299059571019e+00 -8.213112970401988e-03
8.875000000000001e-01 9.115664176477637e+00 -7.939288544080918e-03
8.906250000000000e-01 9.259254842611947e+00 -7.373654983668929e-03
8.937500000000000e-01 9.405106115002161e+00 -6.573814190124207e-03
8.968750000000001e-01 9.553253602593529e+00 -5.595771730869334e-03
9.000000000000000e-01 9.703733474942130e+00 -4.487252024555975e-03
9.031250000000001e-01 9.856582471045494e+00 -3.284930182948147e-03
9.062500000000000e-01 1.001183790831228e+01 -2.016956705951741e-03
9.093750000000000e-01 1.016953769167313e+01 -7.109453229018131e-04
9.125000000000001e-01 1.032972032283505e+01 5.968634929747072e-04
9.156250000000000e-01 1.049242490968134e+01 1.855573574999848e-03
9.187500000000001e-01 1.065769117581972e+01 2.999925755023548e-03
9.218750000000000e-01 1.082555947028058e+01 3.957420296213426e-03
9.250000000000000e-01 1.099607077736805e+01 4.660701431561055e-03
9.281250000000001e-01 1.116926672666618e+01 5.061901162828967e-03
9.312500000000000e-01 1.134518960320255e+01 5.144697656101045e-03
9.343750000000001e-01 1.152388235777201e+01 4.930042156182002e-03
9.375000000000000e-01 1.170538861742293e+01 4.473276853579800e-03
9.406250000000000e-01 1.188975269610854e+01 3.853242654168177e-03
9.437500000000001e-01 1.207701960550600e+01 3.156731942947744e-03
9.468750000000000e-01 1.226723506600578e+01 2.462982139220771e-03
9.500000000000001e-01 1.246044551787411e+01 1.832326294775118e-03
9.531250000000000e-01 1.265669813259115e+01 1.301121460324903e-03
9.562500000000000e-01 1.285604082436773e+01 8.827430836147327e-04
9.593750000000001e-01 1.305852226184337e+01 5.727479052120446e-04
9.625000000000000e-01 1.326419187996850e+01 3.557167101461688e-04
9.656250000000001e-01 1.347309989207381e+01 2.116626314671328e-04
9.687500000000000e-01 1.368529730212962e+01 1.207700356286274e-04
9.718750000000000e-01 1.390083591719824e+01 6.613215290815608e-05
9.750000000000001e-01 1.411976836008246e+01 3.478197808227096e-05
9.781250000000000e-01 1.434214808217320e+01 1.758411988095299e-05
9.812500000000001e-01 1.456802937649935e+01 8.551229462899150e-06
9.843750000000000e-01 1.479746739098328e+01 4.003200923259146e-06
9.875000000000000e-01 1.503051814190487e+01 1.804803942655647e-06
9.906250000000001e-01 1.526723852757770e+01 7.852882286967772e-07
9.937500000000000e-01 1.550768634224049e+01 3.272172705232363e-07
9.968750000000001e-01 1.575192029016732e+01 1.369496664067933e-07
1.000000000000000e+00 1.600000000000000e+01 4.088744363834628e-08
