0.000000000000000e+00 0.000000000000000e+00 3.633866996189398e-03
3.125000000000000e-03 3.369263549427258e-03 3.100464830106823e-03
6.250000000000000e-03 6.739349689698711e-03 3.198278232556749e-03
9.375000000000001e-03 1.011108121249049e-02 3.101399110683873e-03
1.250000000000000e-02 1.348528131119160e-02 3.151825584243945e-03
1.562500000000000e-02 1.686277378188298e-02 3.101609479008313e-03
1.875000000000000e-02 2.024438322446370e-02 3.135787273679057e-03
2.187500000000000e-02 2.363093524397333e-02 3.102168270743103e-03
2.500000000000000e-02 2.702325665215984e-02 3.127783698880225e-03
2.812500000000000e-02 3.042217566934200e-02 3.102723851073797e-03
3.125000000000000e-02 3.382852212661575e-02 3.123266493044492e-03
3.437500000000000e-02 3.724312766845378e-02 3.103094004832571e-03
3.750000000000001e-02 4.066682595574785e-02 3.120495856126758e-03
4.062500000000000e-02 4.410045286934348e-02 3.103726878055228e-03
4.375000000000000e-02 4.754484671411652e-02 3.119060458114669e-03
4.687500000000000e-02 5.100084842364160e-02 3.104851964642828e-03
5.000000000000000e-02 5.446930176550237e-02 3.118209982381667e-03
5.312500000000001e-02 5.795105354729364e-02 3.105945911912587e-03
5.625000000000000e-02 6.144695382336569e-02 3.118028034631506e-03
5.937500000000000e-02 6.495785610236132e-02 3.107234284545039e-03
6.250000000000000e-02 6.848461755559625e-02 3.118140322132769e-03
6.562500000000000e-02 7.202809922633362e-02 3.108635863586545e-03
6.875000000000001e-02 7.558916624000402e-02 3.118584567016964e-03
7.187500000000001e-02 7.916868801542200e-02 3.110260371953610e-03
7.500000000000001e-02 8.276753847705080e-02 3.119413428017821e-03
7.812500000000000e-02 8.638659626836727e-02 3.111984681199209e-03
8.125000000000000e-02 9.002674496637868e-02 3.120583851661011e-03
8.437500000000001e-02 9.368887329734420e-02 3.113966200067496e-03
8.750000000000001e-02 9.737387535375355e-02 3.122016194694393e-03
9.062500000000001e-02 1.010826508126157e-01 3.116104796265378e-03
9.375000000000000e-02 1.048161051551108e-01 3.123650595246868e-03
9.687500000000000e-02 1.085751498876601e-01 3.118246844612423e-03
1.000000000000000e-01 1.123607027644654e-01 3.125629161025006e-03
1.031250000000000e-01 1.161736880115753e-01 3.120751562308492e-03
1.062500000000000e-01 1.200150365525305e-01 3.127769759166643e-03
1.093750000000000e-01 1.238856862356450e-01 3.123406201752655e-03
1.125000000000000e-01 1.277865820629775e-01 3.130287090753058e-03
1.156250000000000e-01 1.317186764210495e-01 3.126322015709179e-03
1.187500000000000e-01 1.356829293133661e-01 3.132954000690678e-03
1.218750000000000e-01 1.396803085947971e-01 3.129400902350840e-03
1.250000000000000e-01 1.437117902078738e-01 3.135858230430039e-03
1.281250000000000e-01 1.477783584210617e-01 3.132765035587140e-03
1.312500000000000e-01 1.518810060690650e-01 3.139035672630569e-03
1.343750000000000e-01 1.560207347952229e-01 3.136351675685149e-03
1.375000000000000e-01 1.601985552960564e-01 3.142519509878654e-03
1.406250000000000e-01 1.644154875680252e-01 3.140203272762158e-03
1.437500000000000e-01 1.686725611565558e-01 3.146257419115179e-03
1.468750000000000e-01 1.729708154074000e-01 3.144313057289509e-03
1.500000000000000e-01 1.773112997203869e-01 3.150288669582307e-03
1.531250000000000e-01 1.816950738056289e-01 3.148671028620164e-03
1.562500000000000e-01 1.861232079422458e-01 3.154626516895488e-03
1.593750000000000e-01 1.905967832396682e-01 3.153349803925175e-03
1.625000000000000e-01 1.951168919015860e-01 3.159287866255567e-03
1.656250000000000e-01 1.996846374926046e-01 3.158311283292233e-03
1.687500000000000e-01 2.043011352076760e-01 3.164272677731849e-03
1.718750000000000e-01 2.089675121443681e-01 3.163608931298260e-03
1.750000000000000e-01 2.136849075780412e-01 3.169567168745372e-03
1.781250000000000e-01 2.184544732399964e-01 3.169263199138467e-03
1.812500000000000e-01 2.232773735986666e-01 3.175229346165805e-03
1.843750000000000e-01 2.281547861439151e-01 3.175185685198085e-03
1.875000000000000e-01 2.330879016745160e-01 3.181232291093457e-03
1.906250000000000e-01 2.380779245888810e-01 3.181550219634132e-03
1.937500000000000e-01 2.431260731791094e-01 3.187657449431536e-03
1.968750000000000e-01 2.482335799284277e-01 3.188251981685039e-03
2.000000000000000e-01 2.534016918120952e-01 3.194426452413152e-03
2.031250000000000e-01 2.586316706018478e-01 3.195349455066351e-03
2.062500000000000e-01 2.639247931739538e-01 3.201610822039580e-03
2.093750000000000e-01 2.692823518209576e-01 3.202859034772935e-03
2.125000000000000e-01 2.747056545671873e-01 3.209214598733866e-03
2.156250000000000e-01 2.801960254881028e-01 3.210794535371284e-03
2.187500000000000e-01 2.857548050335636e-01 3.217237728234662e-03
2.218750000000000e-01 2.913833503550930e-01 3.219127190245153e-03
2.250000000000000e-01 2.970830356372213e-01 3.225696266523458e-03
2.281250000000000e-01 3.028552524329863e-01 3.227875365155887e-03
2.312500000000000e-01 3.087014100036755e-01 3.234621899336192e-03
2.343750000000000e-01 3.146229356628902e-01 3.237086166163093e-03
2.375000000000000e-01 3.206212751250189e-01 3.243981522253280e-03
2.406250000000000e-01 3.266978928582008e-01 3.246743638508711e-03
2.437500000000000e-01 3.328542724418705e-01 3.253756285090744e-03
2.468750000000000e-01 3.390919169289667e-01 3.256847055231106e-03
2.500000000000000e-01 3.454123492128958e-01 3.263979522790784e-03
2.531250000000000e-01 3.518171123993401e-01 3.267391407436599e-03
2.562500000000000e-01 3.583077701830001e-01 3.274631617120407e-03
2.593750000000000e-01 3.648859072293631e-01 3.278308738815366e-03
2.625000000000000e-01 3.715531295615936e-01 3.285699376771486e-03
2.656250000000000e-01 3.783110649526354e-01 3.289613735902813e-03
2.687500000000000e-01 3.851613633226258e-01 3.297155191761735e-03
2.718750000000000e-01 3.921056971417164e-01 3.301294617868217e-03
2.750000000000000e-01 3.991457618383991e-01 3.308899963143521e-03
2.781250000000000e-01 4.062832762134377e-01 3.313251653777878e-03
2.812500000000000e-01 4.135199828595055e-01 3.320925366495948e-03
2.843750000000000e-01 4.208576485866312e-01 3.325444492395328e-03
2.875000000000000e-01 4.282980648535585e-01 3.333132607442636e-03
2.906250000000000e-01 4.358430482051222e-01 3.337748761604271e-03
2.937500000000000e-01 4.434944407157500e-01 3.345396438885396e-03
2.968750000000000e-01 4.512541104391968e-01 3.350088455717439e-03
3.000000000000000e-01 4.591239518646220e-01 3.357589081829590e-03
3.031250000000000e-01 4.671058863791195e-01 3.362208027548860e-03
3.062500000000000e-01 4.752018627368176e-01 3.369549795209232e-03
3.093750000000000e-01 4.834138575346580e-01 3.373992345983301e-03
3.125000000000000e-01 4.917438756949728e-01 3.380993122627642e-03
3.156250000000000e-01 5.001939509549778e-01 3.385133864909318e-03
3.187500000000000e-01 5.087661463633005e-01 3.391654725834043e-03
3.218750000000000e-01 5.174625547836644e-01 3.395318510278503e-03
3.250000000000000e-01 5.262852994058529e-01 3.401143819250759e-03
3.281250000000000e-01 5.352365342640750e-01 3.404115181687690e-03
3.312500000000000e-01 5.443184447628656e-01 3.409004547659531e-03
3.343750000000000e-01 5.535332482106405e-01 3.410986801713649e-03
3.375000000000000e-01 5.628831943610435e-01 3.414646559569682e-03
3.406250000000000e-01 5.723705659622137e-01 3.415278083146822e-03
3.437500000000000e-01 5.819976793141081e-01 3.417322347670787e-03
3.468750000000000e-01 5.917668848340161e-01 3.416171594966722e-03
3.500000000000000e-01 6.016805676304035e-01 3.416100358218171e-03
3.531250000000000e-01 6.117411480852264e-01 3.412635742742344e-03
3.562500000000000e-01 6.219510824448572e-01 3.409829467263273e-03
3.593750000000000e-01 6.323128634197650e-01 3.403369468225891e-03
3.625000000000000e-01 6.428290207931012e-01 3.397077632948739e-03
3.656250000000000e-01 6.535021220383342e-01 3.386755379248688e-03
3.687500000000000e-01 6.643347729460869e-01 3.376046304931651e-03
3.718750000000000e-01 6.753296182603294e-01 3.360793683674766e-03
3.750000000000000e-01 6.864893423240808e-01 3.344482702789083e-03
3.781250000000000e-01 6.978166697347804e-01 3.322991618578997e-03
3.812500000000000e-01 7.093143660094854e-01 3.299589320079848e-03
3.843750000000000e-01 7.209852382600603e-01 3.270223848049887e-03
3.875000000000000e-01 7.328321358785219e-01 3.237896059935231e-03
3.906250000000000e-01 7.448579512327029e-01 3.198594000305230e-03
3.937500000000000e-01 7.570656203724140e-01 3.155075738133960e-03
3.968750000000000e-01 7.694581237462648e-01 3.103276393307652e-03
4.000000000000000e-01 7.820384869293291e-01 3.045732190660831e-03
4.031250000000000e-01 7.948097813618253e-01 2.978284691936805e-03
4.062500000000000e-01 8.077751250989945e-01 2.903178565536830e-03
4.093750000000000e-01 8.209376835723596e-01 2.816176770538377e-03
4.125000000000000e-01 8.343006703625532e-01 2.719158985878429e-03
4.156250000000000e-01 8.478673479838968e-01 2.607753076507050e-03
4.187500000000000e-01 8.616410286809313e-01 2.483484302998894e-03
4.218750000000000e-01 8.756250752370857e-01 2.341728063525334e-03
4.250000000000000e-01 8.898229017956865e-01 2.183643545161213e-03
4.281250000000000e-01 9.042379746935050e-01 2.004312920206005e-03
4.312500000000000e-01 9.188738133070491e-01 1.804431364442265e-03
4.343750000000000e-01 9.337339909118028e-01 1.578779767097615e-03
4.375000000000000e-01 9.488221355546261e-01 1.327550456865634e-03
4.406250000000000e-01 9.641419309395265e-01 1.045130286908302e-03
4.437500000000000e-01 9.796971173270190e-01 7.312556720323484e-04
4.468750000000000e-01 9.954914924472941e-01 3.798673696500444e-04
4.500000000000000e-01 1.011528912427417e+00 -9.756300352273698e-06
4.531250000000000e-01 1.027813292732786e+00 -4.440365455378413e-04
4.562500000000000e-01 1.044348609123070e+00 -9.241002692751955e-04
4.593750000000000e-01 1.061138898622882e+00 -1.456641614414448e-03
4.625000000000000e-01 1.078188260507393e+00 -2.042942487538457e-03
4.656250000000000e-01 1.095500857303154e+00 -2.689795835939460e-03
4.687500000000000e-01 1.113080915804360e+00 -3.398317522648724e-03
4.718750000000000e-01 1.130932728104805e+00 -4.174971488792042e-03
4.750000000000000e-01 1.149060652645771e+00 -5.020254524747234e-03
4.781250000000000e-01 1.167469115280130e+00 -5.939767048133725e-03
4.812500000000000e-01 1.186162610352890e+00 -6.932667719236416e-03
4.843750000000000e-01 1.205145701798475e+00 -8.003043266276185e-03
4.875000000000000e-01 1.224423024254985e+00 -9.147958734649578e-03
4.906250000000000e-01 1.243999284195726e+00 -1.036917537562656e-02
4.937500000000000e-01 1.263879261078271e+00 -1.166094263560947e-02
4.968750000000000e-01 1.284067808511348e+00 -1.302207525860876e-02
5.000000000000000e-01 1.304569855439823e+00 -1.444343071668522e-02
5.031250000000000e-01 1.325390407348082e+00 -1.592055316735400e-02
5.062500000000000e-01 1.346534547482100e+00 -1.744087277853552e-02
5.093750000000000e-01 1.368007438090487e+00 -1.899676977222994e-02
5.125000000000001e-01 1.389814321684837e+00 -2.057272583329476e-02
5.156250000000000e-01 1.411960522319654e+00 -2.215872786264431e-02
5.187500000000000e-01 1.434451446892208e+00 -2.373736154441636e-02
5.218750000000000e-01 1.457292586462593e+00 -2.529738203068675e-02
5.250000000000000e-01 1.480489517594354e+00 -2.682097773274055e-02
5.281250000000001e-01 1.504047903715979e+00 -2.829711157743485e-02
5.312500000000000e-01 1.527973496503592e+00 -2.970904633293514e-02
5.343750000000000e-01 1.552272137285215e+00 -3.104726304513980e-02
5.375000000000000e-01 1.576949758466886e+00 -3.229738991238103e-02
5.406250000000000e-01 1.602012384981041e+00 -3.345231979762364e-02
5.437500000000001e-01 1.627466135757470e+00 -3.450078152953030e-02
5.468750000000000e-01 1.653317225217225e+00 -3.543854872884262e-02
5.500000000000000e-01 1.679571964789851e+00 -3.625774390318920e-02
5.531250000000000e-01 1.706236764454286e+00 -3.695698135757686e-02
5.562500000000000e-01 1.733318134303830e+00 -3.753161746818703e-02
5.593750000000001e-01 1.760822686135563e+00 -3.798283444632123e-02
5.625000000000000e-01 1.788757135064574e+00 -3.830881984804235e-02
5.656250000000000e-01 1.817128301163438e+00 -3.851279955265009e-02
5.687500000000000e-01 1.845943111127301e+00 -3.859523703652695e-02
5.718750000000000e-01 1.875208599965003e+00 -3.856088960431352e-02
5.750000000000001e-01 1.904931912716643e+00 -3.841192874108119e-02
5.781250000000000e-01 1.935120306198011e+00 -3.815408320366561e-02
5.812500000000000e-01 1.965781150772311e+00 -3.779068835991255e-02
5.843750000000000e-01 1.996921932149593e+00 -3.732801458295525e-02
5.875000000000000e-01 2.028550253214365e+00 -3.677012333761412e-02
5.906250000000001e-01 2.060673835881802e+00 -3.612343458247479e-02
5.937500000000000e-01 2.093300522983012e+00 -3.539236133875074e-02
5.968750000000000e-01 2.126438280179837e+00 -3.458321862350160e-02
6.000000000000001e-01 2.160095197909630e+00 -3.370052963168921e-02
6.031250000000000e-01 2.194279493360494e+00 -3.275031093736532e-02
6.062500000000001e-01 2.228999512477486e+00 -3.173700063799378e-02
6.093750000000000e-01 2.264263732000228e+00 -3.066620588621798e-02
6.125000000000000e-01 2.300080761532477e+00 -2.954218049020553e-02
6.156250000000001e-01 2.336459345644116e+00 -2.837007941622521e-02
6.187500000000000e-01 2.373408366006099e+00 -2.715391737161353e-02
6.218750000000001e-01 2.410936843558884e+00 -2.589837962089633e-02
6.250000000000000e-01 2.449053940714840e+00 -2.460722020208134e-02
6.281250000000000e-01 2.487768963595221e+00 -2.328469033659364e-02
6.312500000000001e-01 2.527091364302215e+00 -2.193430155109609e-02
6.343750000000000e-01 2.567030743226622e+00 -2.055991856955237e-02
6.375000000000001e-01 2.607596851391758e+00 -1.916484769409283e-02
6.406250000000000e-01 2.648799592834118e+00 -1.775263415922037e-02
6.437500000000000e-01 2.690649027021411e+00 -1.632643102261637e-02
6.468750000000001e-01 2.733155371308524e+00 -1.488955396046845e-02
6.500000000000000e-01 2.776329003432049e+00 -1.344506291318988e-02
6.531250000000001e-01 2.820180464043967e+00 -1.199613527704068e-02
6.562500000000000e-01 2.864720459285089e+00 -1.054581104072754e-02
6.593750000000000e-01 2.909959863398929e+00 -9.097231562236501e-03
6.625000000000001e-01 2.955909721386590e+00 -7.653511818547403e-03
6.656250000000000e-01 3.002581251703353e+00 -6.217882144554080e-03
6.687500000000001e-01 3.049985848997626e+00 -4.793646877966483e-03
6.718750000000000e-01 3.098135086892879e+00 -3.384266635790836e-03
6.750000000000000e-01 3.147040720813310e+00 -1.993365423189554e-03
6.781250000000001e-01 3.196714690853871e+00 -6.247853087212965e-04
6.812500000000000e-01 3.247169124695383e+00 7.173836539595954e-04
6.843750000000001e-01 3.298416340565477e+00 2.028758267676565e-03
6.875000000000000e-01 3.350468850246008e+00 3.304624485764725e-03
6.906250000000000e-01 3.403339362127777e+00 4.539897757811663e-03
6.937500000000001e-01 3.457040784313211e+00 5.729089388315469e-03
6.968750000000000e-01 3.511586227767823e+00 6.866279964306089e-03
7.000000000000001e-01 3.566989009521205e+00 7.945105892012565e-03
7.031250000000000e-01 3.623262655918307e+00 8.958764980918694e-03
7.062500000000000e-01 3.680420905921852e+00 9.900049364559231e-03
7.093750000000001e-01 3.738477714466631e+00 1.076141522956520e-02
7.125000000000000e-01 3.797447255866536e+00 1.153509963683225e-02
7.156250000000001e-01 3.857343927275175e+00 1.221329379418285e-02
7.187500000000000e-01 3.918182352200844e+00 1.278837886318808e-02
7.218750000000000e-01 3.979977384076828e+00 1.325322420688525e-02
7.250000000000001e-01 4.042744109887770e+00 1.360153922964207e-02
7.281250000000000e-01 4.106497853853101e+00 1.382825987198803e-02
7.312500000000001e-01 4.171254181168399e+00 1.392994147407522e-02
7.343750000000000e-01 4.237028901805528e+00 1.390512345781343e-02
7.375000000000000e-01 4.303838074372613e+00 1.375462997979212e-02
7.406250000000001e-01 4.371698010034643e+00 1.348177511993968e-02
7.437500000000000e-01 4.440625276495786e+00 1.309245059185225e-02
7.468750000000001e-01 4.510636702044332e+00 1.259508640799758e-02
7.500000000000000e-01 4.581749379661216e+00 1.200048772796814e-02
7.531250000000000e-01 4.653980671193226e+00 1.132156166716032e-02
7.562500000000001e-01 4.727348211591802e+00 1.057295436288737e-02
7.593750000000000e-01 4.801869913218528e+00 9.770620571341091e-03
7.625000000000001e-01 4.877563970218381e+00 8.931346341086183e-03
7.656250000000000e-01 4.954448862961714e+00 8.072241756524089e-03
7.687500000000000e-01 5.032543362556198e+00 7.210217656747667e-03
7.718750000000001e-01 5.111866535429675e+00 6.361459524287947e-03
7.750000000000000e-01 5.192437747985146e+00 5.540914239538858e-03
7.781250000000001e-01 5.274276671329015e+00 4.761810496315163e-03
7.812500000000000e-01 5.357403286073669e+00 4.035239432752280e-03
7.843750000000000e-01 5.441837887215693e+00 3.369825797793098e-03
7.875000000000001e-01 5.527601089090773e+00 2.771519289612476e-03
7.906250000000000e-01 5.614713830406605e+00 2.243529186890107e-03
7.937500000000001e-01 5.703197379355005e+00 1.786413278552571e-03
7.968750000000000e-01 5.793073338804412e+00 1.398316235915238e-03
8.000000000000000e-01 5.884363651574169e+00 1.075335931323672e-03
8.031250000000001e-01 5.977090605791737e+00 8.119820450006366e-04
8.062500000000000e-01 6.071276840334257e+00 6.016822977238003e-04
8.093750000000001e-01 6.166945350355728e+00 4.372892744709416e-04
8.125000000000000e-01 6.264119492901173e+00 3.115450794878290e-04
8.156250000000000e-01 6.362822992609162e+00 2.174706933130142e-04
8.187500000000001e-01 6.463079947504072e+00 1.486597272806820e-04
8.218750000000000e-01 6.564914834879517e+00 9.946983838292605e-05
8.250000000000001e-01 6.668352517274371e+00 6.511717422031853e-05
8.281250000000000e-01 6.773418248542846e+00 4.168830081758609e-05
8.312500000000000e-01 6.880137680020114e+00 2.608938130655539e-05
8.343750000000001e-01 6.988536866784961e+00 1.595396918593260e-05
8.375000000000000e-01 7.098642274021019e+00 9.529313342977939e-06
8.406250000000001e-01 7.210480783478133e+00 5.557544492283054e-06
8.437500000000000e-01 7.324079700035414e+00 3.163599083131279e-06
8.468750000000000e-01 7.439466758367605e+00 1.757170079629662e-06
8.500000000000001e-01 7.556670129716381e+00 9.520170253820243e-07
8.531250000000000e-01 7.675718428768239e+00 5.029754163812527e-07
8.562500000000001e-01 7.796640720640633e+00 2.590599376139075e-07
8.593750000000000e-01 7.919466527978115e+00 1.300448434220406e-07
8.625000000000000e-01 8.044225838160141e+00 6.360931955686015e-08
8.656250000000001e-01 8.170949110622363e+00 3.030998195058774e-08
8.687500000000000e-01 8.299667284293170e+00 1.406687122783955e-08
8.718750000000001e-01 8.430411785147284e+00 6.357298840056917e-09
8.750000000000000e-01 8.563214533878281e+00 2.797267119723397e-09
8.781250000000000e-01 8.698107953691880e+00 1.198148541913251e-09
8.812500000000001e-01 8.835124978221932e+00 4.995029384488902e-10
8.843750000000000e-01 8.974299059571019e+00 2.026549080466446e-10
8.875000000000001e-01 9.115664176477637e+00 8.000450819910148e-11
8.906250000000000e-01 9.259254842611947e+00 3.072995164716195e-11
8.937500000000000e-01 9.405106115002161e+00 1.148302264279908e-11
8.968750000000001e-01 9.553253602593529e+00 4.174063984233757e-12
9.000000000000000e-01 9.703733474942130e+00 1.475831073246784e-12
9.031250000000001e-01 9.856582471045494e+00 5.075271487367352e-13
9.062500000000000e-01 1.001183790831228e+01 1.697467440395650e-13
9.093750000000000e-01 1.016953769167313e+01 5.521301529903805e-14
9.125000000000001e-01 1.032972032283505e+01 1.746470370757053e-14
9.156250000000000e-01 1.049242490968134e+01 5.372124043705394e-15
9.187500000000001e-01 1.065769117581972e+01 1.606883569245070e-15
9.218750000000000e-01 1.082555947028058e+01 4.673775900161180e-16
9.250000000000000e-01 1.099607077736805e+01 1.321876303612940e-16
9.281250000000001e-01 1.116926672666618e+01 3.635383452129030e-17
9.312500000000000e-01 1.134518960320255e+01 9.721776247599416e-18
9.343750000000001e-01 1.152388235777201e+01 2.528010350642241e-18
9.375000000000000e-01 1.170538861742293e+01 6.392252684244792e-19
9.406250000000000e-01 1.188975269610854e+01 1.571726411663127e-19
9.437500000000001e-01 1.207701960550600e+01 3.757992217445371e-20
9.468750000000000e-01 1.226723506600578e+01 8.737767132088121e-21
9.500000000000001e-01 1.246044551787411e+01 1.975705166233729e-21
9.531250000000000e-01 1.265669813259115e+01 4.344440384435727e-22
9.562500000000000e-01 1.285604082436773e+01 9.290733000896756e-23
9.593750000000001e-01 1.305852226184337e+01 1.932352145293631e-23
9.625000000000000e-01 1.326419187996850e+01 3.908946148128614e-24
9.656250000000001e-01 1.347309989207381e+01 7.691097702778188e-25
9.687500000000000e-01 1.368529730212962e+01 1.471944257481085e-25
9.718750000000000e-01 1.390083591719824e+01 2.740242122647286e-26
9.750000000000001e-01 1.411976836008246e+01 4.962518035098910e-27
9.781250000000000e-01 1.434214808217320e+01 8.742843817611918e-28
9.812500000000001e-01 1.456802937649935e+01 1.498523099323984e-28
9.843750000000000e-01 1.479746739098328e+01 2.498950244673874e-29
9.875000000000000e-01 1.503051814190487e+01 4.054701039010925e-30
9.906250000000001e-01 1.526723852757770e+01 6.401895309731163e-31
9.937500000000000e-01 1.550768634224049e+01 9.822449954567238e-32
9.968750000000001e-01 1.575192029016732e+01 1.568309692575943e-32
1.000000000000000e+00 1.600000000000000e+01 -3.216590772974589e-33
