0.000000000000000e+00 0.000000000000000e+00 -1.367751772091469e-02
3.125000000000000e-03 3.369263549427258e-03 -1.368961056077256e-02
6.250000000000000e-03 6.739349689698711e-03 -1.369074751472019e-02
9.375000000000001e-03 1.011108121249049e-02 -1.370030065123223e-02
1.250000000000000e-02 1.348528131119160e-02 -1.370768784997471e-02
1.562500000000000e-02 1.686277378188298e-02 -1.372142997029120e-02
1.875000000000000e-02 2.024438322446370e-02 -1.373689623958360e-02
2.187500000000000e-02 2.363093524397333e-02 -1.375683503550976e-02
2.500000000000000e-02 2.702325665215984e-02 -1.377767253289197e-02
2.812500000000000e-02 3.042217566934200e-02 -1.380346395643511e-02
3.125000000000000e-02 3.382852212661575e-02 -1.383121967508637e-02
3.437500000000000e-02 3.724312766845378e-02 -1.386273677037971e-02
3.750000000000001e-02 4.066682595574785e-02 -1.389649522782056e-02
4.062500000000000e-02 4.410045286934348e-02 -1.393436608506437e-02
4.375000000000000e-02 4.754484671411652e-02 -1.397430451519516e-02
4.687500000000000e-02 5.100084842364160e-02 -1.401814868754201e-02
5.000000000000000e-02 5.446930176550237e-02 -1.406454732188633e-02
5.312500000000001e-02 5.795105354729364e-02 -1.411460403726594e-02
5.625000000000000e-02 6.144695382336569e-02 -1.416726457428172e-02
5.937500000000000e-02 6.495785610236132e-02 -1.422371362407535e-02
6.250000000000000e-02 6.848461755559625e-02 -1.428274407982764e-02
6.562500000000000e-02 7.202809922633362e-02 -1.434552567846354e-02
6.875000000000001e-02 7.558916624000402e-02 -1.441114661200373e-02
7.187500000000001e-02 7.916868801542200e-02 -1.448037200587175e-02
7.500000000000001e-02 8.276753847705080e-02 -1.455251127086799e-02
7.812500000000000e-02 8.638659626836727e-02 -1.462838709127668e-02
8.125000000000000e-02 9.002674496637868e-02 -1.470713400732956e-02
8.437500000000001e-02 9.368887329734420e-02 -1.478960508010207e-02
8.750000000000001e-02 9.737387535375355e-02 -1.487516541842295e-02
9.062500000000001e-02 1.010826508126157e-01 -1.496435348206802e-02
9.375000000000000e-02 1.048161051551108e-01 -1.505666243648106e-02
9.687500000000000e-02 1.085751498876601e-01 -1.515272274581153e-02
1.000000000000000e-01 1.123607027644654e-01 -1.525187341056532e-02
1.031250000000000e-01 1.161736880115753e-01 -1.535474706363298e-02
1.062500000000000e-01 1.200150365525305e-01 -1.546088025623845e-02
1.093750000000000e-01 1.238856862356450e-01 -1.557066374811794e-02
1.125000000000000e-01 1.277865820629775e-01 -1.568368888288185e-02
1.156250000000000e-01 1.317186764210495e-01 -1.580045626313080e-02
1.187500000000000e-01 1.356829293133661e-01 -1.592043139584677e-02
1.218750000000000e-01 1.396803085947971e-01 -1.604407312216817e-02
1.250000000000000e-01 1.437117902078738e-01 -1.617102846424370e-02
1.281250000000000e-01 1.477783584210617e-01 -1.630157618163586e-02
1.312500000000000e-01 1.518810060690650e-01 -1.643534232641890e-02
1.343750000000000e-01 1.560207347952229e-01 -1.657272613403035e-02
1.375000000000000e-01 1.601985552960564e-01 -1.671327436265522e-02
1.406250000000000e-01 1.644154875680252e-01 -1.685728132392272e-02
1.437500000000000e-01 1.686725611565558e-01 -1.700445152228097e-02
1.468750000000000e-01 1.729708154074000e-01 -1.715497715573139e-02
1.500000000000000e-01 1.773112997203869e-01 -1.730846438628634e-02
1.531250000000000e-01 1.816950738056289e-01 -1.746520378941788e-02
1.562500000000000e-01 1.861232079422458e-01 -1.762479884368129e-02
1.593750000000000e-01 1.905967832396682e-01 -1.778737442802953e-02
1.625000000000000e-01 1.951168919015860e-01 -1.795262142019160e-02
1.656250000000000e-01 1.996846374926046e-01 -1.812066476843985e-02
1.687500000000000e-01 2.043011352076760e-01 -1.829105706999530e-02
1.718750000000000e-01 2.089675121443681e-01 -1.846392874052297e-02
1.750000000000000e-01 2.136849075780412e-01 -1.863891109981486e-02
1.781250000000000e-01 2.184544732399964e-01 -1.881597467248680e-02
1.812500000000000e-01 2.232773735986666e-01 -1.899470190952099e-02
1.843750000000000e-01 2.281547861439151e-01 -1.917513043112800e-02
1.875000000000000e-01 2.330879016745160e-01 -1.935676970929017e-02
1.906250000000000e-01 2.380779245888810e-01 -1.953952123629778e-02
1.937500000000000e-01 2.431260731791094e-01 -1.972295250613897e-02
1.968750000000000e-01 2.482335799284277e-01 -1.990692753098609e-02
2.000000000000000e-01 2.534016918120952e-01 -2.009086856042427e-02
2.031250000000000e-01 2.586316706018478e-01 -2.027461283776626e-02
2.062500000000000e-01 2.639247931739538e-01 -2.045762757376767e-02
2.093750000000000e-01 2.692823518209576e-01 -2.063960594113374e-02
2.125000000000000e-01 2.747056545671873e-01 -2.081990570493845e-02
2.156250000000000e-01 2.801960254881028e-01 -2.099824601920602e-02
2.187500000000000e-01 2.857548050335636e-01 -2.117395055785269e-02
2.218750000000000e-01 2.913833503550930e-01 -2.134656681906700e-02
2.250000000000000e-01 2.970830356372213e-01 -2.151536910076715e-02
2.281250000000000e-01 3.028552524329863e-01 -2.167991479679048e-02
2.312500000000000e-01 3.087014100036755e-01 -2.183937872785801e-02
2.343750000000000e-01 3.146229356628902e-01 -2.199317022977022e-02
2.375000000000000e-01 3.206212751250189e-01 -2.214045051072603e-02
2.406250000000000e-01 3.266978928582008e-01 -2.228060369453186e-02
2.437500000000000e-01 3.328542724418705e-01 -2.241266400076049e-02
2.468750000000000e-01 3.390919169289667e-01 -2.253590000002184e-02
2.500000000000000e-01 3.454123492128958e-01 -2.264934640537367e-02
2.531250000000000e-01 3.518171123993401e-01 -2.275222890736831e-02
2.562500000000000e-01 3.583077701830001e-01 -2.284345800478341e-02
2.593750000000000e-01 3.648859072293631e-01 -2.292216855955616e-02
2.625000000000000e-01 3.715531295615936e-01 -2.298728046418865e-02
2.656250000000000e-01 3.783110649526354e-01 -2.303789794977947e-02
2.687500000000000e-01 3.851613633226258e-01 -2.307284255072886e-02
2.718750000000000e-01 3.921056971417164e-01 -2.309114543103870e-02
2.750000000000000e-01 3.991457618383991e-01 -2.309164874234864e-02
2.781250000000000e-01 4.062832762134377e-01 -2.307339514963546e-02
2.812500000000000e-01 4.135199828595055e-01 -2.303518003714121e-02
2.843750000000000e-01 4.208576485866312e-01 -2.297599126486755e-02
2.875000000000000e-01 4.282980648535585e-01 -2.289465414859349e-02
2.906250000000000e-01 4.358430482051222e-01 -2.279022898988943e-02
2.937500000000000e-01 4.434944407157500e-01 -2.266157618062583e-02
2.968750000000000e-01 4.512541104391968e-01 -2.250773653553702e-02
3.000000000000000e-01 4.591239518646220e-01 -2.232760553044677e-02
3.031250000000000e-01 4.671058863791195e-01 -2.212034575877943e-02
3.062500000000000e-01 4.752018627368176e-01 -2.188498091962018e-02
3.093750000000000e-01 4.834138575346580e-01 -2.162073328738298e-02
3.125000000000000e-01 4.917438756949728e-01 -2.132669106859212e-02
3.156250000000000e-01 5.001939509549778e-01 -2.100220195866167e-02
3.187500000000000e-01 5.087661463633005e-01 -2.064652559725316e-02
3.218750000000000e-01 5.174625547836644e-01 -2.025918396057615e-02
3.250000000000000e-01 5.262852994058529e-01 -1.983959521792816e-02
3.281250000000000e-01 5.352365342640750e-01 -1.938740269952615e-02
3.312500000000000e-01 5.443184447628656e-01 -1.890217483771203e-02
3.343750000000000e-01 5.535332482106405e-01 -1.838377295592295e-02
3.375000000000000e-01 5.628831943610435e-01 -1.783199573213818e-02
3.406250000000000e-01 5.723705659622137e-01 -1.724690547883465e-02
3.437500000000000e-01 5.819976793141081e-01 -1.662849795978147e-02
3.468750000000000e-01 5.917668848340161e-01 -1.597700362109164e-02
3.500000000000000e-01 6.016805676304035e-01 -1.529259891204253e-02
3.531250000000000e-01 6.117411480852264e-01 -1.457574552830578e-02
3.562500000000000e-01 6.219510824448572e-01 -1.382684753862016e-02
3.593750000000000e-01 6.323128634197650e-01 -1.304658315861977e-02
3.625000000000000e-01 6.428290207931012e-01 -1.223557484732155e-02
3.656250000000000e-01 6.535021220383342e-01 -1.139466323347146e-02
3.687500000000000e-01 6.643347729460869e-01 -1.052464185741830e-02
3.718750000000000e-01 6.753296182603294e-01 -9.626525683414702e-03
3.750000000000000e-01 6.864893423240808e-01 -8.701263840992093e-03
3.781250000000000e-01 6.978166697347804e-01 -7.750063590659063e-03
3.812500000000000e-01 7.093143660094854e-01 -6.774038471523768e-03
3.843750000000000e-01 7.209852382600603e-01 -5.774555239866031e-03
3.875000000000000e-01 7.328321358785219e-01 -4.752891731974600e-03
3.906250000000000e-01 7.448579512327029e-01 -3.710524573325839e-03
3.937500000000000e-01 7.570656203724140e-01 -2.648879184477107e-03
3.968750000000000e-01 7.694581237462648e-01 -1.569513616479792e-03
4.000000000000000e-01 7.820384869293291e-01 -4.739762320679479e-04
4.031250000000000e-01 7.948097813618253e-01 6.361022776883035e-04
4.062500000000000e-01 8.077751250989945e-01 1.759075179601271e-03
4.093750000000000e-01 8.209376835723596e-01 2.893243655720224e-03
4.125000000000000e-01 8.343006703625532e-01 4.036883716033541e-03
4.156250000000000e-01 8.478673479838968e-01 5.188235996555687e-03
4.187500000000000e-01 8.616410286809313e-01 6.345516375643820e-03
4.218750000000000e-01 8.756250752370857e-01 7.506915089454926e-03
4.250000000000000e-01 8.898229017956865e-01 8.670601551266961e-03
4.281250000000000e-01 9.042379746935050e-01 9.834725972987146e-03
4.312500000000000e-01 9.188738133070491e-01 1.099742218385719e-02
4.343750000000000e-01 9.337339909118028e-01 1.215680953907309e-02
4.375000000000000e-01 9.488221355546261e-01 1.331099490321138e-02
4.406250000000000e-01 9.641419309395265e-01 1.445807428570916e-02
4.437500000000000e-01 9.796971173270190e-01 1.559613433503820e-02
4.468750000000000e-01 9.954914924472941e-01 1.672325363267136e-02
4.500000000000000e-01 1.011528912427417e+00 1.783750384249604e-02
4.531250000000000e-01 1.027813292732786e+00 1.893695072924987e-02
4.562500000000000e-01 1.044348609123070e+00 2.001965508035700e-02
4.593750000000000e-01 1.061138898622882e+00 2.108367356230973e-02
4.625000000000000e-01 1.078188260507393e+00 2.212705954891770e-02
4.656250000000000e-01 1.095500857303154e+00 2.314786396181693e-02
4.687500000000000e-01 1.113080915804360e+00 2.414413616820688e-02
4.718750000000000e-01 1.130932728104805e+00 2.511392498509093e-02
4.750000000000000e-01 1.149060652645771e+00 2.605527984390981e-02
4.781250000000000e-01 1.167469115280130e+00 2.696625217414554e-02
4.812500000000000e-01 1.186162610352890e+00 2.784489706912436e-02
4.843750000000000e-01 1.205145701798475e+00 2.868927530166351e-02
4.875000000000000e-01 1.224423024254985e+00 2.949745576133343e-02
4.906250000000000e-01 1.243999284195726e+00 3.026751838861503e-02
4.937500000000000e-01 1.263879261078271e+00 3.099755768386687e-02
4.968750000000000e-01 1.284067808511348e+00 3.168568687054200e-02
5.000000000000000e-01 1.304569855439823e+00 3.233004279203294e-02
5.031250000000000e-01 1.325390407348082e+00 3.292879161962882e-02
5.062500000000000e-01 1.346534547482100e+00 3.348013544485192e-02
5.093750000000000e-01 1.368007438090487e+00 3.398231982248562e-02
5.125000000000001e-01 1.389814321684837e+00 3.443364232060544e-02
5.156250000000000e-01 1.411960522319654e+00 3.483246212040136e-02
5.187500000000000e-01 1.434451446892208e+00 3.517721069135406e-02
5.218750000000000e-01 1.457292586462593e+00 3.546640354613678e-02
5.250000000000000e-01 1.480489517594354e+00 3.569865305450847e-02
5.281250000000001e-01 1.504047903715979e+00 3.587268226659926e-02
5.312500000000000e-01 1.527973496503592e+00 3.598733966364999e-02
5.343750000000000e-01 1.552272137285215e+00 3.604161471924931e-02
5.375000000000000e-01 1.576949758466886e+00 3.603465411722387e-02
5.406250000000000e-01 1.602012384981041e+00 3.596577843477434e-02
5.437500000000001e-01 1.627466135757470e+00 3.583449906268374e-02
5.468750000000000e-01 1.653317225217225e+00 3.564053510000053e-02
5.500000000000000e-01 1.679571964789851e+00 3.538382993030369e-02
5.531250000000000e-01 1.706236764454286e+00 3.506456716225310e-02
5.562500000000000e-01 1.733318134303830e+00 3.468318560017752e-02
5.593750000000001e-01 1.760822686135563e+00 3.424039290243568e-02
5.625000000000000e-01 1.788757135064574e+00 3.373717758710618e-02
5.656250000000000e-01 1.817128301163438e+00 3.317481905679159e-02
5.687500000000000e-01 1.845943111127301e+00 3.255489533675405e-02
5.718750000000000e-01 1.875208599965003e+00 3.187928825247102e-02
5.750000000000001e-01 1.904931912716643e+00 3.115018581257762e-02
5.781250000000000e-01 1.935120306198011e+00 3.037008160891905e-02
5.812500000000000e-01 1.965781150772311e+00 2.954177109458803e-02
5.843750000000000e-01 1.996921932149593e+00 2.866834465057150e-02
5.875000000000000e-01 2.028550253214365e+00 2.775317739911249e-02
5.906250000000001e-01 2.060673835881802e+00 2.679991576447659e-02
5.937500000000000e-01 2.093300522983012e+00 2.581246081738242e-02
5.968750000000000e-01 2.126438280179837e+00 2.479494846653731e-02
6.000000000000001e-01 2.160095197909630e+00 2.375172657909071e-02
6.031250000000000e-01 2.194279493360494e+00 2.268732912208060e-02
6.062500000000001e-01 2.228999512477486e+00 2.160644742096003e-02
6.093750000000000e-01 2.264263732000228e+00 2.051389863207959e-02
6.125000000000000e-01 2.300080761532477e+00 1.941459152759369e-02
6.156250000000001e-01 2.336459345644116e+00 1.831348969843951e-02
6.187500000000000e-01 2.373408366006099e+00 1.721557229899784e-02
6.218750000000001e-01 2.410936843558884e+00 1.612579249090694e-02
6.250000000000000e-01 2.449053940714840e+00 1.504903379779164e-02
6.281250000000000e-01 2.487768963595221e+00 1.399006466063212e-02
6.312500000000001e-01 2.527091364302215e+00 1.295349158649789e-02
6.343750000000000e-01 2.567030743226622e+00 1.194371141024032e-02
6.375000000000001e-01 2.607596851391758e+00 1.096486333523821e-02
6.406250000000000e-01 2.648799592834118e+00 1.002078157786410e-02
6.437500000000000e-01 2.690649027021411e+00 9.114949600034434e-03
6.468750000000001e-01 2.733155371308524e+00 8.250457061090012e-03
6.500000000000000e-01 2.776329003432049e+00 7.429960738292179e-03
6.531250000000001e-01 2.820180464043967e+00 6.655650737501138e-03
6.562500000000000e-01 2.864720459285089e+00 5.929223326128023e-03
6.593750000000000e-01 2.909959863398929e+00 5.251861656005418e-03
6.625000000000001e-01 2.955909721386590e+00 4.624225495912780e-03
6.656250000000000e-01 3.002581251703353e+00 4.046450860065135e-03
6.687500000000001e-01 3.049985848997626e+00 3.518160105361552e-03
6.718750000000000e-01 3.098135086892879e+00 3.038482689892619e-03
6.750000000000000e-01 3.147040720813310e+00 2.606086358673273e-03
6.781250000000001e-01 3.196714690853871e+00 2.219218076121176e-03
6.812500000000000e-01 3.247169124695383e+00 1.875753588279897e-03
6.843750000000001e-01 3.298416340565477e+00 1.573254101799503e-03
6.875000000000000e-01 3.350468850246008e+00 1.309028239742843e-03
6.906250000000000e-01 3.403339362127777e+00 1.080197200117757e-03
6.937500000000001e-01 3.457040784313211e+00 8.837609184518283e-04
6.968750000000000e-01 3.511586227767823e+00 7.166630292154521e-04
7.000000000000001e-01 3.566989009521205e+00 5.758525320568994e-04
7.031250000000000e-01 3.623262655918307e+00 4.583402886122761e-04
7.062500000000000e-01 3.680420905921852e+00 3.612487874608244e-04
7.093750000000001e-01 3.738477714466631e+00 2.818539959539406e-04
7.125000000000000e-01 3.797447255866536e+00 2.176185414782540e-04
7.156250000000001e-01 3.857343927275175e+00 1.662159027231275e-04
7.187500000000000e-01 3.918182352200844e+00 1.255457156432238e-04
7.218750000000000e-01 3.979977384076828e+00 9.374068350309342e-05
7.250000000000001e-01 4.042744109887770e+00 6.916590447612439e-05
7.281250000000000e-01 4.106497853853101e+00 5.041167830248925e-05
7.312500000000001e-01 4.171254181168399e+00 3.628101665709499e-05
7.343750000000000e-01 4.237028901805528e+00 2.577315818639363e-05
7.375000000000000e-01 4.303838074372613e+00 1.806438323211215e-05
7.406250000000001e-01 4.371698010034643e+00 1.248734530290077e-05
7.437500000000000e-01 4.440625276495786e+00 8.510000898080282e-06
7.468750000000001e-01 4.510636702044332e+00 5.715043474564876e-06
7.500000000000000e-01 4.581749379661216e+00 3.780549181358314e-06
7.531250000000000e-01 4.653980671193226e+00 2.462338646441205e-06
7.562500000000001e-01 4.727348211591802e+00 1.578365529192323e-06
7.593750000000000e-01 4.801869913218528e+00 9.952704270210365e-07
7.625000000000001e-01 4.877563970218381e+00 6.170959125449975e-07
7.656250000000000e-01 4.954448862961714e+00 3.760489496490710e-07
7.687500000000000e-01 5.032543362556198e+00 2.251211130535537e-07
7.718750000000001e-01 5.111866535429675e+00 1.323324401804135e-07
7.750000000000000e-01 5.192437747985146e+00 7.634684478622047e-08
7.781250000000001e-01 5.274276671329015e+00 4.321012560002381e-08
7.812500000000000e-01 5.357403286073669e+00 2.397968094623267e-08
7.843750000000000e-01 5.441837887215693e+00 1.304240035887802e-08
7.875000000000001e-01 5.527601089090773e+00 6.948963657944884e-09
7.906250000000000e-01 5.614713830406605e+00 3.625122286585621e-09
7.937500000000001e-01 5.703197379355005e+00 1.850789365378019e-09
7.968750000000000e-01 5.793073338804412e+00 9.243040030531934e-10
8.000000000000000e-01 5.884363651574169e+00 4.513240394093462e-10
8.031250000000001e-01 5.977090605791737e+00 2.153629555831864e-10
8.062500000000000e-01 6.071276840334257e+00 1.003821981550027e-10
8.093750000000001e-01 6.166945350355728e+00 4.568159999516420e-11
8.125000000000000e-01 6.264119492901173e+00 2.028721288438215e-11
8.156250000000000e-01 6.362822992609162e+00 8.788194861292306e-12
8.187500000000001e-01 6.463079947504072e+00 3.711721913592448e-12
8.218750000000000e-01 6.564914834879517e+00 1.527758653670528e-12
8.250000000000001e-01 6.668352517274371e+00 6.125562121045504e-13
8.281250000000000e-01 6.773418248542846e+00 2.391447561495668e-13
8.312500000000000e-01 6.880137680020114e+00 9.086888613673060e-14
8.343750000000001e-01 6.988536866784961e+00 3.359145972872633e-14
8.375000000000000e-01 7.098642274021019e+00 1.207608839012964e-14
8.406250000000001e-01 7.210480783478133e+00 4.220234963993997e-15
8.437500000000000e-01 7.324079700035414e+00 1.433158475328442e-15
8.468750000000000e-01 7.439466758367605e+00 4.727577870560244e-16
8.500000000000001e-01 7.556670129716381e+00 1.514311833888420e-16
8.531250000000000e-01 7.675718428768239e+00 4.708419956399363e-17
8.562500000000001e-01 7.796640720640633e+00 1.420611960077897e-17
8.593750000000000e-01 7.919466527978115e+00 4.157952523491107e-18
8.625000000000000e-01 8.044225838160141e+00 1.180204198155578e-18
8.656250000000001e-01 8.170949110622363e+00 3.247765597340476e-19
8.687500000000000e-01 8.299667284293170e+00 8.662536301282164e-20
8.718750000000001e-01 8.430411785147284e+00 2.238865693951221e-20
8.750000000000000e-01 8.563214533878281e+00 5.605703412963019e-21
8.781250000000000e-01 8.698107953691880e+00 1.359423101048670e-21
8.812500000000001e-01 8.835124978221932e+00 3.192359790040661e-22
8.843750000000000e-01 8.974299059571019e+00 7.258029182036203e-23
8.875000000000001e-01 9.115664176477637e+00 1.597346406327296e-23
8.906250000000000e-01 9.259254842611947e+00 3.402386053987533e-24
8.937500000000000e-01 9.405106115002161e+00 7.013089143903053e-25
8.968750000000001e-01 9.553253602593529e+00 1.398685804655851e-25
9.000000000000000e-01 9.703733474942130e+00 2.698771896995805e-26
9.031250000000001e-01 9.856582471045494e+00 5.037369802526370e-27
9.062500000000000e-01 1.001183790831228e+01 9.094853073027831e-28
9.093750000000000e-01 1.016953769167313e+01 1.588218439711141e-28
9.125000000000001e-01 1.032972032283505e+01 2.682388786926539e-29
9.156250000000000e-01 1.049242490968134e+01 4.381370393277429e-30
9.187500000000001e-01 1.065769117581972e+01 6.920861006921089e-31
9.218750000000000e-01 1.082555947028058e+01 1.057213006642998e-31
9.250000000000000e-01 1.099607077736805e+01 1.561752810608218e-32
9.281250000000001e-01 1.116926672666618e+01 2.231050670218076e-33
9.312500000000000e-01 1.134518960320255e+01 3.082182060468350e-34
9.343750000000001e-01 1.152388235777201e+01 4.117821125539616e-35
9.375000000000000e-01 1.170538861742293e+01 5.320465482891701e-36
9.406250000000000e-01 1.188975269610854e+01 6.648461538332124e-37
9.437500000000001e-01 1.207701960550600e+01 8.035299048674249e-38
9.468750000000000e-01 1.226723506600578e+01 9.393243839824046e-39
9.500000000000001e-01 1.246044551787411e+01 1.062155872107612e-39
9.531250000000000e-01 1.265669813259115e+01 1.161848143097493e-40
9.562500000000000e-01 1.285604082436773e+01 1.229506962791720e-41
9.593750000000001e-01 1.305852226184337e+01 1.258831748422317e-42
9.625000000000000e-01 1.326419187996850e+01 1.247085775139745e-43
9.656250000000001e-01 1.347309989207381e+01 1.195517408502717e-44
9.687500000000000e-01 1.368529730212962e+01 1.109142557393060e-45
9.718750000000000e-01 1.390083591719824e+01 9.959406073809090e-47
9.750000000000001e-01 1.411976836008246e+01 8.656422563992762e-48
9.781250000000000e-01 1.434214808217320e+01 7.283635105455167e-49
9.812500000000001e-01 1.456802937649935e+01 5.933483365208648e-50
9.843750000000000e-01 1.479746739098328e+01 4.680274795133077e-51
9.875000000000000e-01 1.503051814190487e+01 3.575051801592092e-52
9.906250000000001e-01 1.526723852757770e+01 2.644803802571295e-53
9.937500000000000e-01 1.550768634224049e+01 1.894793765242335e-54
9.968750000000001e-01 1.575192029016732e+01 1.385030795268004e-55
1.000000000000000e+00 1.600000000000000e+01 -3.053221588462401e-56
